GE-Phase_stroke_start_ms,GE-Phase_stroke_end_ms,GE-Phase_stroke_duration,Tier,Value,Begin_ms,End_ms,Duration,Overlap_time,Overlap_ratio,Diff_start,Diff_end
5497,5597,100,GE-Phrase,201,5298,6216,918,100,1.0,199,-619
5497,5597,100,NTB,eles tinham essa turma,5486,6644,1158,100,1.0,11,-1047
6762,7229,467,GE-Phrase,202,6216,7612,1396,467,1.0,546,-383
6762,7229,467,NTB,então era a turma do bairro,6644,7782,1138,467,1.0,118,-553
8445,8879,434,GE-Phrase,203,7612,9471,1859,434,1.0,833,-592
8445,8879,434,NTB,e aí tinha gente,8039,9626,1587,434,1.0,406,-747
9938,11306,1368,GE-Phrase,204,9471,12020,2549,1368,1.0,467,-714
9938,11306,1368,NTB,que era da,9626,10619,993,681,0.498,312,687
9938,11306,1368,NTB,Selênio,10619,11522,903,687,0.502,-681,-216
15034,15468,434,GE-Phrase,205,13467,16449,2982,434,1.0,1567,-981
15034,15468,434,NTB,e atravessando a Amazonas,14475,17254,2779,434,1.0,559,-1786
17115,17983,868,GE-Phrase,206,16449,17983,1534,868,1.0,666,0
17115,17983,868,NTB,e atravessando a Amazonas,14475,17254,2779,139,0.16,2640,729
17115,17983,868,NTB,do outro lado,17254,18257,1003,729,0.84,-139,-274
18550,19317,767,GE-Phrase,207,17983,19317,1334,767,1.0,567,0
18550,19317,767,NTB,como se fosse a &pr [/2],18257,18986,729,436,0.568,293,331
18550,19317,767,NTB,a continuação da Selênio,18986,21358,2372,331,0.432,-436,-2041
19817,20417,600,GE-Phrase,208,19317,20687,1370,600,1.0,500,-270
19817,20417,600,NTB,a continuação da Selênio,18986,21358,2372,600,1.0,831,-941
23638,24372,734,GE-Phrase,209,23217,24642,1425,734,1.0,421,-270
23638,24372,734,NTB,eu acho,23217,24876,1659,734,1.0,421,-504
25190,25844,654,GE-Phrase,210,24642,25844,1202,654,1.0,548,0
25190,25844,654,NTB,e aí ali,24876,26224,1348,654,1.0,314,-380
25844,26986,1142,GE-Phrase,211,25844,28868,3024,1142,1.0,0,-1882
25844,26986,1142,NTB,e aí ali,24876,26224,1348,380,0.333,968,762
25844,26986,1142,NTB,era [/1],26224,26615,391,391,0.342,-380,371
25844,26986,1142,NTB,tinha muita gente que era da Japão,26615,29137,2522,371,0.325,-771,-2151
29246,29529,283,GE-Phrase,212,28868,30163,1295,283,1.0,378,-634
29246,29529,283,NTB,e que <descia> pra [/1],29137,32623,3486,283,1.0,109,-3094
34333,35024,691,GE-Phrase,213,33633,35467,1834,691,1.0,700,-443
34333,35024,691,NTB,era povo da região assim,34199,35962,1763,691,1.0,134,-938
35633,36100,467,GE-Phrase,214,35467,36402,935,467,1.0,166,-302
35633,36100,467,NTB,era povo da região assim,34199,35962,1763,329,0.704,1434,138
35633,36100,467,NTB,mas &m [/1],35962,36289,327,138,0.296,-329,-189
41211,41745,534,GE-Phrase,215,40911,42170,1259,534,1.0,300,-425
41211,41745,534,NTB,então &e [/1],40668,41332,664,121,0.227,543,413
41211,41745,534,NTB,sempre era uma turma muito grande assim,41332,42909,1577,413,0.773,-121,-1164
46903,47304,401,GE-Phrase,216,46604,47703,1099,401,1.0,299,-399
46903,47304,401,NTB,aí minha mãe conheceu meu pai lá,46583,48256,1673,401,1.0,320,-952
54274,54908,634,GE-Phrase,217,53807,55335,1528,634,1.0,467,-427
54274,54908,634,NTB,nem tinham interesse um pelo outro,53575,55454,1879,634,1.0,699,-546
60507,60941,434,GE-Phrase,218,59974,60941,967,434,1.0,533,0
60507,60941,434,NTB,minha mãe gostava de outro menino,59567,60769,1202,262,0.604,940,172
60507,60941,434,NTB,então assim,60769,61119,350,172,0.396,-262,-178
61141,61538,397,GE-Phrase,219,60941,62246,1305,397,1.0,200,-708
61141,61538,397,NTB,é &ou [/1],61119,61878,759,397,1.0,22,-340
64222,64522,300,GE-Phrase,220,63655,64929,1274,300,1.0,567,-407
64222,64522,300,NTB,eles eram só amigos e,62775,65247,2472,300,1.0,1447,-725
65362,66609,1247,GE-Phrase,221,64929,67032,2103,1247,1.0,433,-423
65362,66609,1247,NTB,contemporâneos assim,65247,66284,1037,922,0.739,115,325
65362,66609,1247,NTB,nũ,66284,67570,1286,325,0.261,-922,-961
72750,73497,747,GE-Phrase,222,72217,74052,1835,747,1.0,533,-555
72750,73497,747,NTB,reencontrou meu pai,71939,72978,1039,228,0.305,811,519
72750,73497,747,NTB,nũ sei [/2],72978,73497,519,519,0.695,-228,0
77928,78329,401,GE-Phrase,223,76839,78607,1768,401,1.0,1089,-278
77928,78329,401,NTB,quando ela já era adulta,76970,79218,2248,401,1.0,958,-889
88703,89371,668,GE-Phrase,224,88270,90113,1843,668,1.0,433,-742
88703,89371,668,NTB,eu nũ sei a ordem,88568,89410,842,668,1.0,135,-39
90446,91281,835,GE-Phrase,225,90113,92132,2019,835,1.0,333,-851
90446,91281,835,NTB,sei se ela já tinha,90328,91366,1038,835,1.0,118,-85
92266,93453,1187,GE-Phrase,226,92132,94618,2486,1187,1.0,134,-1165
92266,93453,1187,NTB,ido pra Vitória,91366,92825,1459,559,0.471,900,628
92266,93453,1187,NTB,ou nũ tinha,92825,94401,1576,628,0.529,-559,-948
95085,96453,1368,GE-Phrase,227,94618,96453,1835,1368,1.0,467,0
95085,96453,1368,NTB,se eles foram juntos,94401,95942,1541,857,0.626,684,511
95085,96453,1368,NTB,se eles foram separados,95942,96835,893,511,0.374,-857,-382
96719,97046,327,GE-Phrase,228,96453,97547,1094,327,1.0,266,-501
96719,97046,327,NTB,se eles foram separados,95942,96835,893,116,0.355,777,211
96719,97046,327,NTB,nũ sei direito,96835,97540,705,211,0.645,-116,-494
100226,100434,208,GE-Phrase,229,99759,100667,908,208,1.0,467,-233
100226,100434,208,NTB,alguma coisa assim,100303,101138,835,131,0.63,-77,-704
105966,106513,547,GE-Phrase,230,105600,106722,1122,547,1.0,366,-209
105966,106513,547,NTB,aí eles foram,105821,106851,1030,547,1.0,145,-338
109397,110395,998,GE-Phrase,232,108708,110395,1687,998,1.0,689,0
109397,110395,998,NTB,do casamento do meu pai com a [/2],109300,111080,1780,998,1.0,97,-685
110561,111156,595,GE-Phrase,233,110395,111156,761,595,1.0,166,0
110561,111156,595,NTB,do casamento do meu pai com a [/2],109300,111080,1780,519,0.872,1261,76
110561,111156,595,NTB,do anterior,111080,111933,853,76,0.128,-519,-777
111611,111929,318,GE-Phrase,234,111156,111929,773,318,1.0,455,0
111611,111929,318,NTB,do anterior,111080,111933,853,318,1.0,531,-4
112681,113499,818,GE-Phrase,236,112681,114133,1452,818,1.0,0,-634
112681,113499,818,NTB,com a minha mãe,111933,112746,813,65,0.079,748,753
112681,113499,818,NTB,nũ teve [/2],112746,114643,1897,753,0.921,-65,-1144
114766,115598,832,GE-Phrase,237,114133,116060,1927,832,1.0,633,-462
114766,115598,832,NTB,nũ foi direta,114643,116238,1595,832,1.0,123,-640
116060,116561,501,GE-Phrase,238,116060,116561,501,501,1.0,0,0
116060,116561,501,NTB,nũ foi direta,114643,116238,1595,178,0.355,1417,323
116060,116561,501,NTB,assim,116238,116571,333,323,0.645,-178,-10
116827,117311,484,GE-Phrase,239,116561,117311,750,484,1.0,266,0
116827,117311,484,NTB,nũ foi que ele,116571,117341,770,484,1.0,256,-30
117311,118074,763,GE-Phrase,240,117311,118321,1010,763,1.0,0,-247
117311,118074,763,NTB,nũ foi que ele,116571,117341,770,30,0.039,740,733
117311,118074,763,NTB,conheceu minha mãe,117341,118182,841,733,0.961,-30,-108
118751,119133,382,GE-Phrase,241,118321,119455,1134,382,1.0,430,-322
118751,119133,382,NTB,e quis separar,118182,118917,735,166,0.435,569,216
118751,119133,382,NTB,nem nada disso,118917,119457,540,216,0.565,-166,-324
120222,120587,365,GE-Phrase,242,119455,120587,1132,365,1.0,767,0
120222,120587,365,NTB,tipo eles &d[/1],119457,120726,1269,365,1.0,765,-139
121087,121688,601,GE-Phrase,243,120587,121688,1101,601,1.0,500,0
121087,121688,601,NTB,ele separou,120726,122483,1757,601,1.0,361,-795
122321,122525,204,GE-Phrase,244,121688,123689,2001,204,1.0,633,-1164
122321,122525,204,NTB,ele separou,120726,122483,1757,162,0.794,1595,42
122321,122525,204,NTB,e aí veio pra cá,122483,123738,1255,42,0.206,-162,-1213
124156,124823,667,GE-Phrase,245,123689,125019,1330,667,1.0,467,-196
124156,124823,667,NTB,e reencontrou minha mãe,123738,124858,1120,667,1.0,418,-35
126854,127187,333,GE-Phrase,246,126588,127438,850,333,1.0,266,-251
126854,127187,333,NTB,nũ sei qual foi a diferença,126614,127898,1284,333,1.0,240,-711
14903,15374,471,GE-Phrase,201,14551,15962,1411,471,1.0,352,-588
14903,15374,471,NTB,crítica até hoje,14522,15590,1068,471,1.0,381,-216
19801,20304,503,GE-Phrase,202,19225,21244,2019,503,1.0,576,-940
19801,20304,503,NTB,a questão da procedência,19206,20615,1409,503,1.0,595,-311
21244,22444,1200,GE-Phrase,203,21244,23590,2346,1200,1.0,0,-1146
21244,22444,1200,NTB,e isso,21560,22015,455,455,0.379,-316,429
21244,22444,1200,NTB,não só na cultura  grega,22015,23045,1030,429,0.357,-771,-601
23590,24657,1067,GE-Phrase,204,23590,25583,1993,1067,1.0,0,-926
23590,24657,1067,NTB,como a gente sabe que na cultura hebraica,23045,24645,1600,1055,0.989,545,12
23590,24657,1067,NTB,foi também,24645,25227,582,12,0.011,-1055,-570
26149,26650,501,GE-Phrase,205,25583,27102,1519,501,1.0,566,-452
26149,26650,501,NTB,a questão da procedência,25227,26200,973,51,0.102,922,450
26149,26650,501,NTB,né,26200,26302,102,102,0.204,-51,348
26149,26650,501,NTB,judaico-cristã,26302,27144,842,348,0.695,-153,-494
27102,27573,471,GE-Phrase,206,27102,28175,1073,471,1.0,0,-602
27102,27573,471,NTB,judaico-cristã,26302,27144,842,42,0.089,800,429
27102,27573,471,NTB,por muito tempo,27144,28520,1376,429,0.911,-42,-947
29662,30211,549,GE-Phrase,207,28909,30211,1302,549,1.0,753,0
29662,30211,549,NTB,é tipo isso,29239,29821,582,159,0.29,423,390
29662,30211,549,NTB,me diga com quem andas,29821,31127,1306,390,0.71,-159,-916
30535,31227,692,GE-Phrase,208,30211,31227,1016,692,1.0,324,0
30535,31227,692,NTB,me diga com quem andas,29821,31127,1306,592,0.855,714,100
30535,31227,692,NTB, dir-te-ei as manhas que tens,31127,32422,1295,100,0.145,-592,-1195
31227,31563,336,GE-Phrase,209,31227,32180,953,336,1.0,0,-617
31227,31563,336,NTB, dir-te-ei as manhas que tens,31127,32422,1295,336,1.0,100,-859
34420,35220,800,GE-Phrase,210,33386,35977,2591,800,1.0,1034,-757
34420,35220,800,NTB,qual é a sua linhagem,34139,35470,1331,800,1.0,281,-250
35977,36656,679,GE-Phrase,211,35977,36656,679,679,1.0,0,0
35977,36656,679,NTB,e outra,35923,36395,472,418,0.616,54,261
35977,36656,679,NTB,porque,36395,36691,296,261,0.384,-418,-35
37311,37748,437,GE-Phrase,212,36656,38111,1455,437,1.0,655,-363
37311,37748,437,NTB,diferente do que a gente pensa,36691,37919,1228,437,1.0,620,-171
38578,39165,587,GE-Phrase,213,38111,40273,2162,587,1.0,467,-1108
38578,39165,587,NTB,cê não tinha documento igual cê tem agora,37919,40341,2422,587,1.0,659,-1176
40749,41072,323,GE-Phrase,214,40273,41072,799,323,1.0,476,0
40749,41072,323,NTB,em que cê tem,40341,41383,1042,323,1.0,408,-311
41478,41994,516,GE-Phrase,215,41072,41994,922,516,1.0,406,0
41478,41994,516,NTB,a sua família garantida por documento,41383,43541,2158,516,1.0,95,-1547
42181,43134,953,GE-Phrase,216,41994,43251,1257,953,1.0,187,-117
42181,43134,953,NTB,a sua família garantida por documento,41383,43541,2158,953,1.0,798,-407
43910,44383,473,GE-Phrase,217,43251,44383,1132,473,1.0,659,0
43910,44383,473,NTB,porque você é filho de nũ sei o que,43541,44810,1269,473,1.0,369,-427
44772,47057,2285,GE-Phrase,218,44383,47057,2674,2285,1.0,389,0
44772,47057,2285,NTB,porque você é filho de nũ sei o que,43541,44810,1269,38,0.017,1231,2247
44772,47057,2285,NTB,seu erregê vem,44810,45700,890,890,0.389,-38,1357
44772,47057,2285,NTB,escrito isso,45700,46309,609,609,0.267,-928,748
44772,47057,2285,NTB,cê tem certidão de nascimento,46309,47266,957,748,0.327,-1537,-209
47057,47597,540,GE-Phrase,219,47057,48898,1841,540,1.0,0,-1301
47057,47597,540,NTB,cê tem certidão de nascimento,46309,47266,957,209,0.387,748,331
47057,47597,540,NTB,nũ tinha isso,47266,47986,720,331,0.613,-209,-389
49364,51790,2426,GE-Phrase,220,48898,51790,2892,2426,1.0,466,0
49364,51790,2426,NTB,então como que você se identifica,48470,50460,1990,1096,0.452,894,1330
49364,51790,2426,NTB,né,50460,50682,222,222,0.092,-1096,1108
49364,51790,2426,NTB,cê se identifica falando da sua linhagem,50682,53234,2552,1108,0.457,-1318,-1444
52195,52715,520,GE-Phrase,221,51790,54858,3068,520,1.0,405,-2143
52195,52715,520,NTB,cê se identifica falando da sua linhagem,50682,53234,2552,520,1.0,1513,-519
54858,56163,1305,GE-Phrase,222,54858,56457,1599,1305,1.0,0,-294
54858,56163,1305,NTB,além de você se identificar meio que falando da sua linhagem,54779,57526,2747,1305,1.0,79,-1363
59862,60458,596,GE-Phrase,223,58999,60458,1459,596,1.0,863,0
59862,60458,596,NTB,também identifica,58812,60426,1614,564,0.946,1050,32
59862,60458,596,NTB,se os seus eram boas pessoas,60426,62199,1773,32,0.054,-564,-1741
60458,61351,893,GE-Phrase,224,60458,61917,1459,893,1.0,0,-566
60458,61351,893,NTB,se os seus eram boas pessoas,60426,62199,1773,893,1.0,32,-848
62688,63532,844,GE-Phrase,225,62325,63532,1207,844,1.0,363,0
62688,63532,844,NTB,porque isso vai mudar totalmente a impressão que vão ter de você,62199,65120,2921,844,1.0,489,-1588
63532,64608,1076,GE-Phrase,226,63532,65097,1565,1076,1.0,0,-489
63532,64608,1076,NTB,porque isso vai mudar totalmente a impressão que vão ter de você,62199,65120,2921,1076,1.0,1333,-512
65513,65945,432,GE-Phrase,227,65097,66460,1363,432,1.0,416,-515
65513,65945,432,NTB,aquela coisa mesmo de interior,65446,66585,1139,432,1.0,67,-640
69674,70150,476,GE-Phrase,228,69194,71142,1948,476,1.0,480,-992
69674,70150,476,NTB,ah não o',69277,69701,424,27,0.057,397,449
69674,70150,476,NTB,filha do fulano,69701,70723,1022,449,0.943,-27,-573
72169,73817,1648,GE-Phrase,229,71142,73817,2675,1648,1.0,1027,0
72169,73817,1648,NTB,porque tipo <ela com certeza é ruim>,71559,72826,1267,657,0.399,610,991
72169,73817,1648,NTB,<porque o pai é ruim>,72826,73776,950,950,0.576,-657,41
74276,74781,505,GE-Phrase,230,73817,75411,1594,505,1.0,459,-630
74276,74781,505,NTB,&he qual que é a sua família,74202,75455,1253,505,1.0,74,-674
90723,91096,373,GE-Phrase,231,90374,91461,1087,373,1.0,349,-365
90723,91096,373,NTB,nũ tô falando um nome específico não,90513,91807,1294,373,1.0,210,-711
91820,92300,480,GE-Phrase,232,91461,93385,1924,480,1.0,359,-1085
91820,92300,480,NTB,tô &f [/1],91807,92060,253,240,0.5,13,240
91820,92300,480,NTB,dando <um exemplo>,92060,92852,792,240,0.5,-240,-552
137959,138132,173,GE-Phrase,233,137568,138392,824,173,1.0,391,-260
137959,138132,173,NTB,e continua reproduzindo,137618,138505,887,173,1.0,341,-373
138392,138993,601,GE-Phrase,234,138392,139746,1354,601,1.0,0,-753
138392,138993,601,NTB,e continua reproduzindo,137618,138505,887,113,0.188,774,488
138392,138993,601,NTB,que é mais burro ainda,138505,139374,869,488,0.812,-113,-381
142010,143130,1120,GE-Phrase,235,141650,143730,2080,1120,1.0,360,-600
142010,143130,1120,NTB,queimando floresta,141963,142950,987,940,0.839,47,180
142010,143130,1120,NTB,matando índio,142950,143993,1043,180,0.161,-940,-863
44631,45605,974,GE-Phrase,201,43285,46196,2911,974,1.0,1346,-591
44631,45605,974,NTB,o que é esperado deles,44405,45843,1438,974,1.0,226,-238
47482,50132,2650,GE-Phrase,202,46196,50278,4082,2650,1.0,1286,-146
47482,50132,2650,NTB,se eles vão produzir um statement of purpose,46185,48237,2052,755,0.285,1297,1895
47482,50132,2650,NTB,que é o [/1],48237,48982,745,745,0.281,-755,1150
47482,50132,2650,NTB,a escrita dele,48982,50259,1277,1150,0.434,-1500,-127
50744,51271,527,GE-Phrase,203,50278,51271,993,527,1.0,466,0
50744,51271,527,NTB,o que que é esperado,50259,51271,1012,527,1.0,485,0
51271,52394,1123,GE-Phrase,204,51271,53518,2247,1123,1.0,0,-1124
51271,52394,1123,NTB,quais são as fases disso,51271,52642,1371,1123,1.0,0,-248
54284,54753,469,GE-Phrase,205,53518,55040,1522,469,1.0,766,-287
54284,54753,469,NTB,qual tipos de línguas,53942,54947,1005,469,1.0,342,-194
55792,58003,2211,GE-Phrase,206,55040,58003,2963,2211,1.0,752,0
55792,58003,2211,NTB,vamos ler aqui o',54947,55821,874,29,0.013,845,2182
55792,58003,2211,NTB,vamos ver essas frases,55821,56890,1069,1069,0.483,-29,1113
55792,58003,2211,NTB,que que cês acharam dessas frases,56890,58110,1220,1113,0.503,-1098,-107
58322,59925,1603,GE-Phrase,207,58003,59925,1922,1603,1.0,319,0
58322,59925,1603,NTB,vamo tentar,58110,59074,964,752,0.469,212,851
58322,59925,1603,NTB,discutir elas,59074,59981,907,851,0.531,-752,-56
59925,61026,1101,GE-Phrase,208,59925,61026,1101,1101,1.0,0,0
59925,61026,1101,NTB,discutir elas,59074,59981,907,56,0.051,851,1045
59925,61026,1101,NTB,como são as construções,59981,61771,1790,1045,0.949,-56,-745
61425,62083,658,GE-Phrase,209,61026,62083,1057,658,1.0,399,0
61425,62083,658,NTB,como são as construções,59981,61771,1790,346,0.526,1444,312
61425,62083,658,NTB,tentar ver se eles tão conseguindo pegar o sentido,61771,63790,2019,312,0.474,-346,-1707
62698,63623,925,GE-Phrase,210,62083,63623,1540,925,1.0,615,0
62698,63623,925,NTB,tentar ver se eles tão conseguindo pegar o sentido,61771,63790,2019,925,1.0,927,-167
64705,65766,1061,GE-Phrase,211,63623,66401,2778,1061,1.0,1082,-635
64705,65766,1061,NTB,<então>,64155,64831,676,126,0.119,550,935
64705,65766,1061,NTB,é um passo a passo,64831,66124,1293,935,0.881,-126,-358
66401,67067,666,GE-Phrase,212,66401,68193,1792,666,1.0,0,-1126
66401,67067,666,NTB,tipo,66498,66888,390,390,0.586,-97,179
66401,67067,666,NTB,porque não é uma coisa direta assim,66888,68043,1155,179,0.269,-487,-976
68193,69230,1037,GE-Phrase,213,68193,69655,1462,1037,1.0,0,-425
68193,69230,1037,NTB,&va [/1],68043,68208,165,15,0.014,150,1022
68193,69230,1037,NTB,escreva assim,68208,69184,976,976,0.941,-15,46
68193,69230,1037,NTB,nũ é assim,69184,69893,709,46,0.044,-991,-663
69955,70863,908,GE-Phrase,214,69655,70863,1208,908,1.0,300,0
69955,70863,908,NTB,tendeu,69893,70203,310,248,0.273,62,660
69955,70863,908,NTB,é uma coisa que cê vai,70203,71406,1203,660,0.727,-248,-543
71163,72000,837,GE-Phrase,215,70863,72000,1137,837,1.0,300,0
71163,72000,837,NTB,é uma coisa que cê vai,70203,71406,1203,243,0.29,960,594
71163,72000,837,NTB,construindo,71406,71934,528,528,0.631,-243,66
71163,72000,837,NTB,cê vai entendendo,71934,73731,1797,66,0.079,-771,-1731
72000,73157,1157,GE-Phrase,216,72000,73608,1608,1157,1.0,0,-451
72000,73157,1157,NTB,cê vai entendendo,71934,73731,1797,1157,1.0,66,-574
74399,76198,1799,GE-Phrase,217,73608,76500,2892,1799,1.0,791,-302
74399,76198,1799,NTB,coisas que não soam tão bem,73731,75149,1418,750,0.417,668,1049
74399,76198,1799,NTB,coisas que nũ soam tão &um [/1],75149,76387,1238,1049,0.583,-750,-189
76500,76849,349,GE-Phrase,218,76500,76849,349,349,1.0,0,0
76500,76849,349,NTB,&a [/1],76387,76633,246,133,0.381,113,216
76500,76849,349,NTB,tendeu,76633,76873,240,216,0.619,-133,-24
80988,82104,1116,GE-Phrase,219,79726,83210,3484,1116,1.0,1262,-1106
80988,82104,1116,NTB,a ideia é tipo você quebrar isso em [/1],80088,82648,2560,1116,1.0,900,-544
84794,85160,366,GE-Phrase,220,84115,87494,3379,366,1.0,679,-2334
84794,85160,366,NTB,compreensão,84712,85912,1200,366,1.0,82,-752
87494,88651,1157,GE-Phrase,221,87494,88651,1157,1157,1.0,0,0
87494,88651,1157,NTB,&he,86937,87743,806,249,0.215,557,908
87494,88651,1157,NTB,discussão,87743,88708,965,908,0.785,-249,-57
88651,89435,784,GE-Phrase,222,88651,89435,784,784,1.0,0,0
88651,89435,784,NTB,discussão,87743,88708,965,57,0.073,908,727
88651,89435,784,NTB,e reprodução,88708,89733,1025,727,0.927,-57,-298
89435,90262,827,GE-Phrase,223,89435,91263,1828,827,1.0,0,-1001
89435,90262,827,NTB,e reprodução,88708,89733,1025,298,0.36,727,529
89435,90262,827,NTB,basicamente,89733,90527,794,529,0.64,-298,-265
94886,96186,1300,GE-Phrase,224,94242,96652,2410,1300,1.0,644,-466
94886,96186,1300,NTB,a gente geralmente faz,94457,95603,1146,717,0.552,429,583
94886,96186,1300,NTB,dois drafts,95603,96958,1355,583,0.448,-717,-772
100023,101601,1578,GE-Phrase,225,99263,101601,2338,1578,1.0,760,0
100023,101601,1578,NTB,a gente [/2],99310,100379,1069,356,0.226,713,1222
100023,101601,1578,NTB,&he,100379,100723,344,344,0.218,-356,878
100023,101601,1578,NTB,eu faço &geral [/1],100723,101430,707,707,0.448,-700,171
100023,101601,1578,NTB,&he,101430,101775,345,171,0.108,-1407,-174
101601,102234,633,GE-Phrase,226,101601,103369,1768,633,1.0,0,-1135
101601,102234,633,NTB,&he,101430,101775,345,174,0.275,171,459
101601,102234,633,NTB,aí acho que a Elisa faz assim também,101775,103364,1589,459,0.725,-174,-1130
103369,103770,401,GE-Phrase,227,103369,104184,815,401,1.0,0,-414
103369,103770,401,NTB,duas aulas,103364,104271,907,401,1.0,5,-501
104584,104918,334,GE-Phrase,228,104184,105764,1580,334,1.0,400,-846
104584,104918,334,NTB,uma aula,104500,105269,769,334,1.0,84,-351
105764,107960,2196,GE-Phrase,229,105764,107960,2196,2196,1.0,0,0
105764,107960,2196,NTB,a gente discute,105269,106867,1598,1103,0.502,495,1093
105764,107960,2196,NTB,o que é um statement of purpose,106867,108194,1327,1093,0.498,-1103,-234
107960,110406,2446,GE-Phrase,230,107960,110406,2446,2446,1.0,0,0
107960,110406,2446,NTB,o que é um statement of purpose,106867,108194,1327,234,0.096,1093,2212
107960,110406,2446,NTB,vê,108194,108671,477,477,0.195,-234,1735
107960,110406,2446,NTB,tipo,108671,109369,698,698,0.285,-711,1037
107960,110406,2446,NTB,exemplos,109369,110382,1013,1013,0.414,-1409,24
107960,110406,2446,NTB,pra que que é [/4],110382,111370,988,24,0.01,-2422,-964
110406,111344,938,GE-Phrase,231,110406,111344,938,938,1.0,0,0
110406,111344,938,NTB,pra que que é [/4],110382,111370,988,938,1.0,24,-26
111344,112091,747,GE-Phrase,232,111344,112091,747,747,1.0,0,0
111344,112091,747,NTB,pra que que é [/4],110382,111370,988,26,0.035,962,721
111344,112091,747,NTB,pra que que aquilo é usado,111370,113448,2078,721,0.965,-26,-1357
112091,112627,536,GE-Phrase,233,112091,112627,536,536,1.0,0,0
112091,112627,536,NTB,pra que que aquilo é usado,111370,113448,2078,536,1.0,721,-821
113297,113705,408,GE-Phrase,234,112627,113705,1078,408,1.0,670,0
113297,113705,408,NTB,pra que que aquilo é usado,111370,113448,2078,151,0.37,1927,257
113297,113705,408,NTB,e vê um exemplo de um texto de statement of purpose,113448,115859,2411,257,0.63,-151,-2154
114029,114639,610,GE-Phrase,235,113705,116309,2604,610,1.0,324,-1670
114029,114639,610,NTB,e vê um exemplo de um texto de statement of purpose,113448,115859,2411,610,1.0,581,-1220
116693,117316,623,GE-Phrase,236,116309,117316,1007,623,1.0,384,0
116693,117316,623,NTB,<discute a partir> daquele,116340,117593,1253,623,1.0,353,-277
117916,118895,979,GE-Phrase,237,117316,119130,1814,979,1.0,600,-235
117916,118895,979,NTB,segunda aula também,117974,119138,1164,921,0.941,-58,-243
119432,119946,514,GE-Phrase,238,119130,119946,816,514,1.0,302,0
119432,119946,514,NTB,vê um texto,119138,119876,738,444,0.864,294,70
119432,119946,514,NTB,e disseca ele,119876,120820,944,70,0.136,-444,-874
120181,120781,600,GE-Phrase,239,119946,121040,1094,600,1.0,235,-259
120181,120781,600,NTB,e disseca ele,119876,120820,944,600,1.0,305,-39
121354,121878,524,GE-Phrase,240,121040,121878,838,524,1.0,314,0
121354,121878,524,NTB,tipo,121144,121940,796,524,1.0,210,-62
122442,125705,3263,GE-Phrase,241,121878,125705,3827,3263,1.0,564,0
122442,125705,3263,NTB,vê as &par [/1],121940,122922,982,480,0.147,502,2783
122442,125705,3263,NTB,os parágrafos,122922,123827,905,905,0.277,-480,1878
122442,125705,3263,NTB,como eles são,123827,124510,683,683,0.209,-1385,1195
122442,125705,3263,NTB,estruturados,124510,125198,688,688,0.211,-2068,507
122442,125705,3263,NTB,e tal,125198,125513,315,315,0.097,-2756,192
122442,125705,3263,NTB,aí fala,125513,125980,467,192,0.059,-3071,-275
126365,127379,1014,GE-Phrase,242,125705,127850,2145,1014,1.0,660,-471
126365,127379,1014,NTB,agora você vai fazer o statement of purpose,125980,127823,1843,1014,1.0,385,-444
128237,128749,512,GE-Phrase,243,127850,129473,1623,512,1.0,387,-724
128237,128749,512,NTB,faz o first draft +,128259,129412,1153,490,0.957,-22,-663
130308,131437,1129,GE-Phrase,244,129473,132311,2838,1129,1.0,835,-874
130308,131437,1129,NTB,cê vê primeiro a estrutura,130180,132230,2050,1129,1.0,128,-793
133011,134284,1273,GE-Phrase,245,132311,134865,2554,1273,1.0,700,-581
133011,134284,1273,NTB,do mais abrangente pro menos abrangente,132837,134624,1787,1273,1.0,174,-340
135806,137083,1277,GE-Phrase,246,134865,137083,2218,1277,1.0,941,0
135806,137083,1277,NTB,primeiro cês viram a estrutura,135857,137069,1212,1212,0.949,-51,14
135806,137083,1277,NTB,então tentem reproduzir a estrutura,137069,138608,1539,14,0.011,-1263,-1525
137516,138318,802,GE-Phrase,247,137083,138775,1692,802,1.0,433,-457
137516,138318,802,NTB,então tentem reproduzir a estrutura,137069,138608,1539,802,1.0,447,-290
138775,139626,851,GE-Phrase,248,138775,139626,851,851,1.0,0,0
138775,139626,851,NTB,agora,139010,139630,620,616,0.724,-235,-4
139626,140595,969,GE-Phrase,249,139626,140827,1201,969,1.0,0,-232
139626,140595,969,NTB,agora,139010,139630,620,4,0.004,616,965
139626,140595,969,NTB,cês vão me mandar,139630,140668,1038,965,0.996,-4,-73
141843,142545,702,GE-Phrase,250,140827,143453,2626,702,1.0,1016,-908
141843,142545,702,NTB,olhar,141300,142049,749,206,0.293,543,496
141843,142545,702,NTB,pra dentro do seu texto,142049,143133,1084,496,0.707,-206,-588
144186,144811,625,GE-Phrase,251,143453,144811,1358,625,1.0,733,0
144186,144811,625,NTB,pra ver,143133,144211,1078,25,0.04,1053,600
144186,144811,625,NTB,o que que a gente melhorar,144211,145463,1252,600,0.96,-25,-652
144811,145384,573,GE-Phrase,252,144811,145384,573,573,1.0,0,0
144811,145384,573,NTB,o que que a gente melhorar,144211,145463,1252,573,1.0,600,-79
145702,149873,4171,GE-Phrase,253,145384,150461,5077,4171,1.0,318,-588
145702,149873,4171,NTB,nessas frases,145463,146445,982,743,0.178,239,3428
145702,149873,4171,NTB,né,146445,146643,198,198,0.047,-743,3230
145702,149873,4171,NTB,no,146643,147356,713,713,0.171,-941,2517
145702,149873,4171,NTB,o que que tá muito informal,147356,148829,1473,1473,0.353,-1654,1044
145702,149873,4171,NTB,o que que tá muito português,148829,150179,1350,1044,0.25,-3127,-306
151007,152765,1758,GE-Phrase,254,150461,153224,2763,1758,1.0,546,-459
151007,152765,1758,NTB,e tal,150179,151170,991,163,0.093,828,1595
151007,152765,1758,NTB,e aí,151170,151697,527,527,0.3,-163,1068
151007,152765,1758,NTB,e' manda de volta,151697,152875,1178,1068,0.608,-690,-110
153224,154190,966,GE-Phrase,255,153224,154757,1533,966,1.0,0,-567
153224,154190,966,NTB,né,152875,153346,471,122,0.126,349,844
153224,154190,966,NTB,e eles tentam mandar,153346,154881,1535,844,0.874,-122,-691
157557,157877,320,GE-Phrase,256,156947,158316,1369,320,1.0,610,-439
157557,157877,320,NTB,seria melhor até que se tivesse mais um draft,156262,158049,1787,320,1.0,1295,-172
158758,159358,600,GE-Phrase,257,158316,159967,1651,600,1.0,442,-609
600,1160,560,GE-Phrase,201,0,2350,2350,560,1.0,600,-1190
600,1160,560,NTB,olha [/1],366,784,418,184,0.329,234,376
600,1160,560,NTB,olha que sorte que eu tive,784,1953,1169,376,0.671,-184,-793
10681,11709,1028,GE-Phrase,204,10681,11709,1028,1028,1.0,0,0
10681,11709,1028,NTB,&he,10148,10765,617,84,0.082,533,944
10681,11709,1028,NTB,isso é coisa boa,10765,11888,1123,944,0.918,-84,-179
11709,12745,1036,GE-Phrase,205,11709,12745,1036,1036,1.0,0,0
11709,12745,1036,NTB,isso é coisa boa,10765,11888,1123,179,0.173,944,857
11709,12745,1036,NTB,ela foi promovida,11888,12998,1110,857,0.827,-179,-253
12745,14308,1563,GE-Phrase,206,12745,15828,3083,1563,1.0,0,-1520
12745,14308,1563,NTB,ela foi promovida,11888,12998,1110,253,0.162,857,1310
12745,14308,1563,NTB,e aí ela começou a [/1],12998,14587,1589,1310,0.838,-253,-279
16148,17061,913,GE-Phrase,207,15828,17061,1233,913,1.0,320,0
16148,17061,913,NTB,começou a ganhar mais,15964,17041,1077,893,0.978,184,20
16148,17061,913,NTB,e ela começou a ganhar mais que meu pai também,17041,19014,1973,20,0.022,-893,-1953
17061,18579,1518,GE-Phrase,208,17061,19196,2135,1518,1.0,0,-617
17061,18579,1518,NTB,e ela começou a ganhar mais que meu pai também,17041,19014,1973,1518,1.0,20,-435
23133,23986,853,GE-Phrase,209,23133,25933,2800,853,1.0,0,-1947
23133,23986,853,NTB,já o tempo que eu tô fora de casa,22557,25674,3117,853,1.0,576,-1688
26485,27493,1008,GE-Phrase,210,25933,27493,1560,1008,1.0,552,0
26485,27493,1008,NTB,também por causa disso,26022,27563,1541,1008,1.0,463,-70
27493,28197,704,GE-Phrase,211,27493,29702,2209,704,1.0,0,-1505
27493,28197,704,NTB,também por causa disso,26022,27563,1541,70,0.099,1471,634
27493,28197,704,NTB,de o salário dele não ser mais a [/1],27563,29529,1966,634,0.901,-70,-1332
31886,32366,480,GE-Phrase,212,31566,32366,800,480,1.0,320,0
31886,32366,480,NTB,nũ entendi muito bem quando eles me [/1],31755,33285,1530,480,1.0,131,-919
32790,33932,1142,GE-Phrase,213,32366,34665,2299,1142,1.0,424,-733
32790,33932,1142,NTB,nũ entendi muito bem quando eles me [/1],31755,33285,1530,495,0.433,1035,647
32790,33932,1142,NTB,me explicaram,33285,34491,1206,647,0.567,-495,-559
34665,35145,480,GE-Phrase,214,34665,35637,972,480,1.0,0,-492
34665,35145,480,NTB,mas algo assim,34491,35254,763,480,1.0,174,-109
36814,37938,1124,GE-Phrase,215,35637,38692,3055,1124,1.0,1177,-754
36814,37938,1124,NTB,isso fez com que eu não fosse mais dependente do meu pai,36443,38901,2458,1124,1.0,371,-963
39460,40198,738,GE-Phrase,216,38692,40783,2091,738,1.0,768,-585
39460,40198,738,NTB,nesse [/1],38901,39682,781,222,0.301,559,516
39460,40198,738,NTB,no ano passado,39682,40532,850,516,0.699,-222,-334
41183,41503,320,GE-Phrase,217,40783,41811,1028,320,1.0,400,-308
41183,41503,320,NTB,aí minha mãe me ligou,41039,42329,1290,320,1.0,144,-826
42630,43055,425,GE-Phrase,218,41811,44649,2838,425,1.0,819,-1594
42630,43055,425,NTB,e falou olha,42329,42953,624,323,0.76,301,102
42630,43055,425,NTB,&he &s [/1],42953,44028,1075,102,0.24,-323,-973
45632,46266,634,GE-Phrase,219,44649,47269,2620,634,1.0,983,-1003
45632,46266,634,NTB,cê não tem mais dependência do seu pai agora,45402,47445,2043,634,1.0,230,-1179
48014,49804,1790,GE-Phrase,220,47269,49804,2535,1790,1.0,745,0
48014,49804,1790,NTB,no plano de saúde,47981,49490,1509,1476,0.825,33,314
48014,49804,1790,NTB,que,49490,50217,727,314,0.175,-1476,-413
50351,51136,785,GE-Phrase,221,49804,51662,1858,785,1.0,547,-526
50351,51136,785,NTB,o trabalho dele oferece,50217,51572,1355,785,1.0,134,-436
52379,53217,838,GE-Phrase,222,51662,55065,3403,838,1.0,717,-1848
52379,53217,838,NTB,a gente vai ter que procurar outro plano de saúde,52345,54476,2131,838,1.0,34,-1259
61609,62322,713,GE-Phrase,223,61143,62322,1179,713,1.0,466,0
61609,62322,713,NTB,quer que eu faça aqui,60966,61939,973,330,0.463,643,383
61609,62322,713,NTB,pra quando,61939,62628,689,383,0.537,-330,-306
62322,63055,733,GE-Phrase,224,62322,63789,1467,733,1.0,0,-734
62322,63055,733,NTB,pra quando,61939,62628,689,306,0.417,383,427
62322,63055,733,NTB,cê tiver alguma coisa,62628,63778,1150,427,0.583,-306,-723
63789,64277,488,GE-Phrase,225,63789,64734,945,488,1.0,0,-457
63789,64277,488,NTB,você vem pra cá,63778,65033,1255,488,1.0,11,-756
65047,65779,732,GE-Phrase,226,64734,66622,1888,732,1.0,313,-843
65047,65779,732,NTB,ou [/1],65033,65263,230,216,0.295,14,516
65047,65779,732,NTB,ou quer fazer aí,65263,66249,986,516,0.705,-216,-470
66622,66991,369,GE-Phrase,227,66622,70088,3466,369,1.0,0,-3097
66622,66991,369,NTB,aí eu,66249,66641,392,19,0.051,373,350
66622,66991,369,NTB,pensei,66641,67102,461,350,0.949,-19,-111
72665,74619,1954,GE-Phrase,228,72112,75445,3333,1954,1.0,553,-826
72665,74619,1954,NTB,tipo,72569,73163,594,498,0.255,96,1456
72665,74619,1954,NTB,foi passando,73163,73975,812,812,0.416,-498,644
72665,74619,1954,NTB,Carnaval,73975,74796,821,644,0.33,-1310,-177
76355,76666,311,GE-Phrase,229,75445,76666,1221,311,1.0,910,0
76355,76666,311,NTB,tinha Carnaval,75817,76679,862,311,1.0,538,-13
76746,77538,792,GE-Phrase,230,76666,77782,1116,792,1.0,80,-244
76746,77538,792,NTB,aí nũ dá pra ver isso no Carnaval,76679,78053,1374,792,1.0,67,-515
77782,78471,689,GE-Phrase,231,77782,80361,2579,689,1.0,0,-1890
77782,78471,689,NTB,aí nũ dá pra ver isso no Carnaval,76679,78053,1374,271,0.393,1103,418
77782,78471,689,NTB,nũ dá pra ver isso,78053,79895,1842,418,0.607,-271,-1424
85578,86171,593,GE-Phrase,232,85578,87969,2391,593,1.0,0,-1798
85578,86171,593,NTB,aí tum,85234,85979,745,401,0.676,344,192
85578,86171,593,NTB,hérnia,85979,86506,527,192,0.324,-401,-335
91368,91784,416,GE-Phrase,233,91106,92493,1387,416,1.0,262,-709
91368,91784,416,NTB,e aí,91250,92348,1098,416,1.0,118,-564
97699,99143,1444,GE-Phrase,234,97206,100372,3166,1444,1.0,493,-1229
97699,99143,1444,NTB,caraca ele nũ tem plano agora,97535,99953,2418,1444,1.0,164,-810
104141,105648,1507,GE-Phrase,235,102686,107303,4617,1507,1.0,1455,-1655
104141,105648,1507,NTB,&he,103589,104361,772,220,0.146,552,1287
104141,105648,1507,NTB,apesar disso,104361,105278,917,917,0.608,-220,370
104141,105648,1507,NTB,foi muito bom tipo,105278,106627,1349,370,0.246,-1137,-979
108397,109081,684,GE-Phrase,236,107303,109081,1778,684,1.0,1094,0
108397,109081,684,NTB,aí eu voltei lá pra [/1],108188,109699,1511,684,1.0,209,-618
109081,109991,910,GE-Phrase,237,109081,109991,910,910,1.0,0,0
109081,109991,910,NTB,aí eu voltei lá pra [/1],108188,109699,1511,618,0.679,893,292
109081,109991,910,NTB,pra minha cidade,109699,110335,636,292,0.321,-618,-344
110491,111061,570,GE-Phrase,238,109991,111631,1640,570,1.0,500,-570
110491,111061,570,NTB,e aí eu comecei a passar nos médicos do SUS,110335,113134,2799,570,1.0,156,-2073
112044,112727,683,GE-Phrase,239,111631,113339,1708,683,1.0,413,-612
112044,112727,683,NTB,e aí eu comecei a passar nos médicos do SUS,110335,113134,2799,683,1.0,1709,-407
113339,114490,1151,GE-Phrase,240,113339,116596,3257,1151,1.0,0,-2106
113339,114490,1151,NTB,e cara,113614,114223,609,609,0.529,-275,267
113339,114490,1151,NTB,eu fui,114223,115156,933,267,0.232,-884,-666
116596,117920,1324,GE-Phrase,241,116596,118636,2040,1324,1.0,0,-716
116596,117920,1324,NTB,que eu fiz [/4],116531,117077,546,481,0.363,65,843
116596,117920,1324,NTB,que eu fiz,117077,118337,1260,843,0.637,-481,-417
122293,122865,572,GE-Phrase,242,121769,123750,1981,572,1.0,524,-885
122293,122865,572,NTB,e aí eu fui em vários médicos pra,121573,124169,2596,572,1.0,720,-1304
129073,131306,2233,GE-Phrase,243,128206,131306,3100,2233,1.0,867,0
129073,131306,2233,NTB,e aí todos me falavam que eu tinha que fazer a cirurgia,127207,130079,2872,1006,0.451,1866,1227
129073,131306,2233,NTB,que meu caso era sério,130079,131307,1228,1227,0.549,-1006,-1
786,1695,909,GE-Phrase,201,258,1695,1437,909,1.0,528,0
786,1695,909,NTB,e aí tem o projeto detalhado,0,1635,1635,849,0.934,786,60
786,1695,909,NTB,que é onde você faz os cálculos mais de engenharia,1635,3936,2301,60,0.066,-849,-2241
2557,4292,1735,GE-Phrase,202,1695,5261,3566,1735,1.0,862,-969
2557,4292,1735,NTB,que é onde você faz os cálculos mais de engenharia,1635,3936,2301,1379,0.795,922,356
2557,4292,1735,NTB,mesmo,3936,4993,1057,356,0.205,-1379,-701
6655,7722,1067,GE-Phrase,203,5261,8664,3403,1067,1.0,1394,-942
6655,7722,1067,NTB,que tipo,6027,6750,723,95,0.089,628,972
6655,7722,1067,NTB,estrutural,6750,7466,716,716,0.671,-95,256
6655,7722,1067,NTB,cê vê uma coisa aerodinâmica mais,7466,9883,2417,256,0.24,-811,-2161
9704,10705,1001,GE-Phrase,204,8664,11402,2738,1001,1.0,1040,-697
9704,10705,1001,NTB,cê vê uma coisa aerodinâmica mais,7466,9883,2417,179,0.179,2238,822
9704,10705,1001,NTB,detalhada,9883,10694,811,811,0.81,-179,11
9704,10705,1001,NTB,e tal,10694,11246,552,11,0.011,-990,-541
15773,16407,634,GE-Phrase,205,14806,22678,7872,634,1.0,967,-6271
15773,16407,634,NTB,só que aí normalmente a gente tem que estender ao máximo o anteprojeto,14726,18122,3396,634,1.0,1047,-1715
23045,23578,533,GE-Phrase,206,22678,24234,1556,533,1.0,367,-656
23045,23578,533,NTB,consegue uma coisa melhor,22614,24066,1452,533,1.0,431,-488
24500,25034,534,GE-Phrase,207,24234,26587,2353,534,1.0,266,-1553
24500,25034,534,NTB,no anteprojeto,24066,25382,1316,534,1.0,434,-348
27221,28154,933,GE-Phrase,208,26587,29024,2437,933,1.0,634,-870
27221,28154,933,NTB,benefício no final das contas é muito maior,26587,28404,1817,933,1.0,634,-250
29318,30251,933,GE-Phrase,209,29024,30453,1429,933,1.0,294,-202
29318,30251,933,NTB,porque mudar as coisas depois do anteprojeto é muito mais difícil,29130,31483,2353,933,1.0,188,-1232
30453,30987,534,GE-Phrase,210,30453,32756,2303,534,1.0,0,-1769
30453,30987,534,NTB,porque mudar as coisas depois do anteprojeto é muito mais difícil,29130,31483,2353,534,1.0,1323,-496
33792,34358,566,GE-Phrase,211,33507,35358,1851,566,1.0,285,-1000
33792,34358,566,NTB,o custo é,33648,34712,1064,566,1.0,144,-354
35995,36728,733,GE-Phrase,212,35358,37130,1772,733,1.0,637,-402
35995,36728,733,NTB,<falando isso em &g> [/2],35901,36747,846,733,1.0,94,-19
39239,40340,1101,GE-Phrase,213,38622,41036,2414,1101,1.0,617,-696
39239,40340,1101,NTB,pro aerodesign o custo é humano hhh,38657,40016,1359,777,0.706,582,324
39239,40340,1101,NTB,assim,40016,40391,375,324,0.294,-777,-51
50413,50747,334,GE-Phrase,214,49516,51760,2244,334,1.0,897,-1013
50413,50747,334,NTB,se você tem um avião lá,49741,51380,1639,334,1.0,672,-633
52966,53582,616,GE-Phrase,215,52378,53582,1204,616,1.0,588,0
52966,53582,616,NTB,eu defini a geometria,51768,53249,1481,283,0.459,1198,333
52966,53582,616,NTB,aí eu comecei &a [/1],53249,54343,1094,333,0.541,-283,-761
53972,54796,824,GE-Phrase,216,53582,55190,1608,824,1.0,390,-394
53972,54796,824,NTB,aí eu comecei &a [/1],53249,54343,1094,371,0.45,723,453
53972,54796,824,NTB,cálculo estrutural,54343,55214,871,453,0.55,-371,-418
55414,55754,340,GE-Phrase,217,55190,55949,759,340,1.0,224,-195
55414,55754,340,NTB,e o cálculo estrutural já depende geometria,55214,57143,1929,340,1.0,200,-1389
56479,57312,833,GE-Phrase,218,55949,57977,2028,833,1.0,530,-665
56479,57312,833,NTB,e o cálculo estrutural já depende geometria,55214,57143,1929,664,0.797,1265,169
56479,57312,833,NTB,depende de tudo,57143,57849,706,169,0.203,-664,-537
58621,59021,400,GE-Phrase,219,57977,59440,1463,400,1.0,644,-419
58621,59021,400,NTB,aí vem o cara lá do anteprojeto,58201,59518,1317,400,1.0,420,-497
59608,59973,365,GE-Phrase,220,59440,59973,533,365,1.0,168,0
59608,59973,365,NTB,não,59518,59868,350,260,0.712,90,105
59608,59973,365,NTB,vamo ter que aumentar,59868,61292,1424,105,0.288,-260,-1319
61305,62453,1148,GE-Phrase,221,59973,62901,2928,1148,1.0,1332,-448
61305,62453,1148,NTB,trinta centímetros da asa,61292,62612,1320,1148,1.0,13,-159
64568,66234,1666,GE-Phrase,222,62901,66856,3955,1666,1.0,1667,-622
64568,66234,1666,NTB,seu filha da puta,64567,65627,1060,1059,0.636,1,607
67355,68586,1231,GE-Phrase,223,66856,69432,2576,1231,1.0,499,-846
67355,68586,1231,NTB,hhh eu já calculei essa droga [/1],66447,68239,1792,884,0.718,908,347
67355,68586,1231,NTB,desgraça entendeu,68239,69144,905,347,0.282,-884,-558
69432,70051,619,GE-Phrase,224,69432,70574,1142,619,1.0,0,-523
69432,70051,619,NTB,eu nũ vou fazer isso de novo,69144,70181,1037,619,1.0,288,-130
71689,72289,600,GE-Phrase,225,70574,72859,2285,600,1.0,1115,-570
71689,72289,600,NTB,esse é o problema da coisa entendeu,71434,72924,1490,600,1.0,255,-635
76709,77480,771,GE-Phrase,226,75818,77480,1662,771,1.0,891,0
76709,77480,771,NTB,e aí a gente tenta estender,75973,77016,1043,307,0.398,736,464
76709,77480,771,NTB,sem fazer o projeto [/1],77016,78670,1654,464,0.602,-307,-1190
77480,78353,873,GE-Phrase,227,77480,78739,1259,873,1.0,0,-386
77480,78353,873,NTB,sem fazer o projeto [/1],77016,78670,1654,873,1.0,464,-317
78739,79601,862,GE-Phrase,228,78739,80038,1299,862,1.0,0,-437
78739,79601,862,NTB,projeto,78670,80109,1439,862,1.0,69,-508
80371,80702,331,GE-Phrase,229,80038,81632,1594,331,1.0,333,-930
80371,80702,331,NTB,detalhado,80109,80651,542,280,0.846,262,51
80371,80702,331,NTB,né /,80651,81026,375,51,0.154,-280,-324
82053,82703,650,GE-Phrase,230,81632,82920,1288,650,1.0,421,-217
82053,82703,650,NTB,o mais tempo possível,81779,83284,1505,650,1.0,274,-581
84210,84544,334,GE-Phrase,231,82920,84544,1624,334,1.0,1290,0
84210,84544,334,NTB,pra tentar tirar o melhor avião possível &d [/1],83284,85329,2045,334,1.0,926,-785
84544,85300,756,GE-Phrase,232,84544,85300,756,756,1.0,0,0
84544,85300,756,NTB,pra tentar tirar o melhor avião possível &d [/1],83284,85329,2045,756,1.0,1260,-29
85900,86352,452,GE-Phrase,233,85300,86352,1052,452,1.0,600,0
85900,86352,452,NTB,que roda umas otimizações lá,85824,88041,2217,452,1.0,76,-1689
86779,87587,808,GE-Phrase,234,86352,87587,1235,808,1.0,427,0
86779,87587,808,NTB,que roda umas otimizações lá,85824,88041,2217,808,1.0,955,-454
88111,88480,369,GE-Phrase,235,87587,88868,1281,369,1.0,524,-388
88111,88480,369,NTB,umas viagem,88041,89282,1241,369,1.0,70,-802
92027,92778,751,GE-Phrase,236,91524,93287,1763,751,1.0,503,-509
92027,92778,751,NTB,por isso que demora tanto,91550,92684,1134,657,0.875,477,94
92027,92778,751,NTB,e aí,92684,93078,394,94,0.125,-657,-300
94521,95832,1311,GE-Phrase,237,93287,97522,4235,1311,1.0,1234,-1690
94521,95832,1311,NTB,tipo daí tem um mês pra fazer o projeto detalhado inteiro,94142,97359,3217,1311,1.0,379,-1527
97522,98230,708,GE-Phrase,238,97522,99461,1939,708,1.0,0,-1231
97522,98230,708,NTB,construir um avião oficial,97359,98828,1469,708,1.0,163,-598
100037,101131,1094,GE-Phrase,239,99461,102171,2710,1094,1.0,576,-1040
100037,101131,1094,NTB,o [/1],99868,100294,426,257,0.235,169,837
100037,101131,1094,NTB,realmente o avião que a gente vai voar,100294,101506,1212,837,0.765,-257,-375
102490,102813,323,GE-Phrase,240,102171,104002,1831,323,1.0,319,-1189
102490,102813,323,NTB,fazer ensaio nele,102256,103393,1137,323,1.0,234,-580
112566,113292,726,GE-Phrase,241,111522,113521,1999,726,1.0,1044,-229
112566,113292,726,NTB,que é aquelas coisa que fica mexendo e,112081,113696,1615,726,1.0,485,-404
113978,114582,604,GE-Phrase,242,113521,115411,1890,604,1.0,457,-829
113978,114582,604,NTB,que tem várias corzinhas,113696,114860,1164,604,1.0,282,-278
2772,9088,6316,GE-Phrase,201,2608,9088,6480,6316,1.0,164,0
2772,9088,6316,NTB,essa agência Status,2600,4370,1770,1598,0.253,172,4718
2772,9088,6316,NTB,aonde a gente ia,4370,5588,1218,1218,0.193,-1598,3500
2772,9088,6316,NTB,quando a gente era criança,5588,7444,1856,1856,0.294,-2816,1644
2772,9088,6316,NTB,virou,7444,9404,1960,1644,0.26,-4672,-316
9568,10128,560,GE-Phrase,202,9088,10347,1259,560,1.0,480,-219
9568,10128,560,NTB,a Status,9404,10345,941,560,1.0,164,-217
10667,11194,527,GE-Phrase,203,10347,12187,1840,527,1.0,320,-993
10667,11194,527,NTB,Status foi por muito tempo,10345,12203,1858,527,1.0,322,-1009
12827,13507,680,GE-Phrase,204,12187,14987,2800,680,1.0,640,-1480
12827,13507,680,NTB,tipo um centro ali na [/1],12592,13870,1278,680,1.0,235,-363
17277,18017,740,GE-Phrase,205,16652,18017,1365,740,1.0,625,0
17277,18017,740,NTB,quando você veio pra cá,16715,18080,1365,740,1.0,562,-63
18497,20037,1540,GE-Phrase,206,18017,22757,4740,1540,1.0,480,-2720
18497,20037,1540,NTB,eles já tinham fechado ali tudo na praça da Savassi né //,18080,20601,2521,1540,1.0,417,-564
31993,32742,749,GE-Phrase,207,30475,33515,3040,749,1.0,1518,-773
31993,32742,749,NTB,a agência Status assim,31904,33622,1718,749,1.0,89,-880
34142,35491,1349,GE-Phrase,208,33515,35835,2320,1349,1.0,627,-344
34142,35491,1349,NTB,ela foi parte,33622,35306,1684,1164,0.863,520,185
34142,35491,1349,NTB,sabe,35306,35953,647,185,0.137,-1164,-462
35835,37108,1273,GE-Phrase,209,35835,38235,2400,1273,1.0,0,-1127
35835,37108,1273,NTB,sabe,35306,35953,647,118,0.093,529,1155
35835,37108,1273,NTB,da vida de [/1],35953,36583,630,630,0.495,-118,525
35835,37108,1273,NTB,de &m [/2],36583,36783,200,200,0.157,-748,325
35835,37108,1273,NTB,de muita gente,36783,37971,1188,325,0.255,-948,-863
38615,39488,873,GE-Phrase,210,38235,40635,2400,873,1.0,380,-1147
38615,39488,873,NTB,virou Café Status,38286,40078,1792,873,1.0,329,-590
41029,42087,1058,GE-Phrase,211,40635,42555,1920,1058,1.0,394,-468
41029,42087,1058,NTB,eu comecei a dar aula pro Gustavo,40934,43434,2500,1058,1.0,95,-1347
43681,44506,825,GE-Phrase,212,42555,45475,2920,825,1.0,1126,-969
43681,44506,825,NTB,nessa escola de inglês +,43434,44780,1346,825,1.0,247,-274
46947,47595,648,GE-Phrase,213,46515,47595,1080,648,1.0,432,0
46947,47595,648,NTB,esse Gustavo,46572,47773,1201,648,1.0,375,-178
48675,49209,534,GE-Phrase,214,47595,50235,2640,534,1.0,1080,-1026
48675,49209,534,NTB,esse meu [/1],48556,49370,814,534,1.0,119,-161
55119,55997,878,GE-Phrase,215,54565,55997,1432,878,1.0,554,0
55119,55997,878,NTB,tipo cê dá aula por fora,54643,56227,1584,878,1.0,476,-230
56247,56756,509,GE-Phrase,216,55997,57367,1370,509,1.0,250,-611
56247,56756,509,NTB,eu falei dou,56227,57050,823,509,1.0,20,-294
58061,58501,440,GE-Phrase,217,57367,58501,1134,440,1.0,694,0
58061,58501,440,NTB,eu gostaria de ter aula [/5],57832,58837,1005,440,1.0,229,-336
58821,59087,266,GE-Phrase,218,58501,59087,586,266,1.0,320,0
58821,59087,266,NTB,eu gostaria de ter aula [/5],57832,58837,1005,16,0.06,989,250
58821,59087,266,NTB,gostei de ter aula com você e tudo,58837,60272,1435,250,0.94,-16,-1185
59247,59407,160,GE-Phrase,219,59087,59727,640,160,1.0,160,-320
59247,59407,160,NTB,gostei de ter aula com você e tudo,58837,60272,1435,160,1.0,410,-865
60397,60927,530,GE-Phrase,220,59727,60927,1200,530,1.0,670,0
60397,60927,530,NTB,gostaria de ter aula com você,60272,61330,1058,530,1.0,125,-403
61831,63287,1456,GE-Phrase,221,60927,63287,2360,1456,1.0,904,0
61831,63287,1456,NTB,cê pode me dar aula na Status,61499,63128,1629,1297,0.891,332,159
61831,63287,1456,NTB,aí eu falei,63128,63798,670,159,0.109,-1297,-511
63767,64327,560,GE-Phrase,222,63287,64327,1040,560,1.0,480,0
63767,64327,560,NTB,aí eu falei,63128,63798,670,31,0.055,639,529
63767,64327,560,NTB,posso,63798,64320,522,522,0.932,-31,7
63767,64327,560,NTB,tipo é super tranquilo,64320,65270,950,7,0.013,-553,-943
64607,64927,320,GE-Phrase,223,64327,65287,960,320,1.0,280,-360
64607,64927,320,NTB,tipo é super tranquilo,64320,65270,950,320,1.0,287,-343
65527,66007,480,GE-Phrase,224,65287,66967,1680,480,1.0,240,-960
65527,66007,480,NTB,era mais perto inclusive do que a [/1],65270,66759,1489,480,1.0,257,-752
74950,75616,666,GE-Phrase,225,74390,76279,1889,666,1.0,560,-663
74950,75616,666,NTB,a Status que eu ia,74495,76336,1841,666,1.0,455,-720
76512,76980,468,GE-Phrase,226,76279,77639,1360,468,1.0,233,-659
76512,76980,468,NTB,que era só um corredorzinho,76336,77920,1584,468,1.0,176,-940
77999,78319,320,GE-Phrase,227,77639,79279,1640,320,1.0,360,-960
77999,78319,320,NTB,que depois virou,77920,79367,1447,320,1.0,79,-1048
79501,79868,367,GE-Phrase,228,79279,80954,1675,367,1.0,222,-1086
79501,79868,367,NTB,né,79367,79692,325,191,0.52,134,176
79501,79868,367,NTB,um negócio enorme,79692,81357,1665,176,0.48,-191,-1489
81451,81891,440,GE-Phrase,229,80954,82638,1684,440,1.0,497,-747
81451,81891,440,NTB,era um [/1],81357,82056,699,440,1.0,94,-165
98286,98526,240,GE-Phrase,230,97846,98708,862,240,1.0,440,-182
98286,98526,240,NTB,do aluno,98199,98848,649,240,1.0,87,-322
98708,99217,509,GE-Phrase,231,98708,100412,1704,509,1.0,0,-1195
98708,99217,509,NTB,do aluno,98199,98848,649,140,0.275,509,369
98708,99217,509,NTB,da interação que cê tem com aluno,98848,100935,2087,369,0.725,-140,-1718
116319,116792,473,GE-Phrase,232,115758,117322,1564,473,1.0,561,-530
116319,116792,473,NTB,ainda vou né,116021,117131,1110,473,1.0,298,-339
131479,132039,560,GE-Phrase,233,130801,133593,2792,560,1.0,678,-1554
131479,132039,560,NTB,que eu pudesse aprender,131417,132728,1311,560,1.0,62,-689
134473,136803,2330,GE-Phrase,234,133993,136803,2810,2330,1.0,480,0
134473,136803,2330,NTB,eu pedia pro meu aluno falar do trabalho dele,134099,137105,3006,2330,1.0,374,-302
136963,137483,520,GE-Phrase,235,136803,138001,1198,520,1.0,160,-518
136963,137483,520,NTB,eu pedia pro meu aluno falar do trabalho dele,134099,137105,3006,142,0.273,2864,378
136963,137483,520,NTB,em inglês obviamente,137105,138339,1234,378,0.727,-142,-856
138475,139096,621,GE-Phrase,236,138001,139371,1370,621,1.0,474,-275
138475,139096,621,NTB,a gente tinha livro e tudo,138339,139647,1308,621,1.0,136,-551
140340,143181,2841,GE-Phrase,237,139371,143181,3810,2841,1.0,969,0
140340,143181,2841,NTB,mas eu sempre levava,139647,141245,1598,905,0.319,693,1936
140340,143181,2841,NTB,pro trabalho,141245,142082,837,837,0.295,-905,1099
140340,143181,2841,NTB,do aluno,142082,143110,1028,1028,0.362,-1742,71
143181,143901,720,GE-Phrase,238,143181,145083,1902,720,1.0,0,-1182
143181,143901,720,NTB,que isso ia ajudá-lo,143309,144587,1278,592,0.822,-128,-686
147434,148267,833,GE-Phrase,239,147434,149980,2546,833,1.0,0,-1713
147434,148267,833,NTB,ela é a mais arisca,147432,148736,1304,833,1.0,2,-469
149980,150503,523,GE-Phrase,240,149980,151218,1238,523,1.0,0,-715
149980,150503,523,NTB,ela é a Harpinha,150117,150998,881,386,0.738,-137,-495
151218,151583,365,GE-Phrase,241,151218,154074,2856,365,1.0,0,-2491
151218,151583,365,NTB,é a primeira,151274,151974,700,309,0.847,-56,-391
3473,4043,570,GE-Phrase,201,2987,4043,1056,570,1.0,486,0
3473,4043,570,NTB,&he,3009,3480,471,7,0.012,464,563
3473,4043,570,NTB,te contar desde o ano novo né,3480,4837,1357,563,0.988,-7,-794
4966,6126,1160,GE-Phrase,202,4043,6740,2697,1160,1.0,923,-614
4966,6126,1160,NTB,que,4837,5391,554,425,0.366,129,735
4966,6126,1160,NTB,foi uma sequência de coisas,5391,7021,1630,735,0.634,-425,-895
8514,9547,1033,GE-Phrase,203,7703,9547,1844,1033,1.0,811,0
8514,9547,1033,NTB,a gente tava conversando normal,7441,8980,1539,466,0.451,1073,567
8514,9547,1033,NTB,depois daquele rolê,8980,9906,926,567,0.549,-466,-359
9547,10299,752,GE-Phrase,204,9547,12780,3233,752,1.0,0,-2481
9547,10299,752,NTB,depois daquele rolê,8980,9906,926,359,0.477,567,393
9547,10299,752,NTB,cheguei a comentar com você que eu tinha perguntado pra ele,9906,12460,2554,393,0.523,-359,-2161
12780,13179,399,GE-Phrase,205,12780,13614,834,399,1.0,0,-435
12780,13179,399,NTB,que que a gente &t [/1],12460,13587,1127,399,1.0,320,-408
15197,15933,736,GE-Phrase,206,14778,16398,1620,736,1.0,419,-465
15197,15933,736,NTB,ele parou de falar comigo no Ano-Novo,15089,16711,1622,736,1.0,108,-778
16398,16860,462,GE-Phrase,207,16398,17231,833,462,1.0,0,-371
16398,16860,462,NTB,ele parou de falar comigo no Ano-Novo,15089,16711,1622,313,0.677,1309,149
16398,16860,462,NTB,tipo assim,16711,17488,777,149,0.323,-313,-628
17381,18116,735,GE-Phrase,208,17231,18613,1382,735,1.0,150,-497
17381,18116,735,NTB,tipo assim,16711,17488,777,107,0.146,670,628
17381,18116,735,NTB,eu tinha mandado uma mensagem pra ele antes de virar o ano,17488,20356,2868,628,0.854,-107,-2240
18879,19412,533,GE-Phrase,209,18613,20081,1468,533,1.0,266,-669
18879,19412,533,NTB,eu tinha mandado uma mensagem pra ele antes de virar o ano,17488,20356,2868,533,1.0,1391,-944
22933,23366,433,GE-Phrase,210,22182,24153,1971,433,1.0,751,-787
22933,23366,433,NTB,nũ mandou nem um feliz Ano-Novo,22619,24045,1426,433,1.0,314,-679
24534,24856,322,GE-Phrase,211,24153,25283,1130,322,1.0,381,-427
25283,25826,543,GE-Phrase,212,25283,26449,1166,543,1.0,0,-623
25283,25826,543,NTB,nũ mandou nada,24920,25579,659,296,0.545,363,247
25283,25826,543,NTB,eu,25579,25972,393,247,0.455,-296,-146
26682,27124,442,GE-Phrase,213,26449,27441,992,442,1.0,233,-317
26682,27124,442,NTB,<aí eu deixei>,26971,27666,695,153,0.346,-289,-542
31495,31925,430,GE-Phrase,214,31036,31925,889,430,1.0,459,0
31495,31925,430,NTB,aí ele parou,31141,32268,1127,430,1.0,354,-343
33731,34268,537,GE-Phrase,215,33357,34268,911,537,1.0,374,0
33731,34268,537,NTB,porque eu fui eu [/1],33723,34774,1051,537,1.0,8,-506
34566,35333,767,GE-Phrase,216,34268,35727,1459,767,1.0,298,-394
34566,35333,767,NTB,porque eu fui eu [/1],33723,34774,1051,208,0.271,843,559
34566,35333,767,NTB,a última a perguntar qualquer coisa +,34774,36251,1477,559,0.729,-208,-918
44550,45037,487,GE-Phrase,217,44209,45219,1010,487,1.0,341,-182
44550,45037,487,NTB,e aí eu [/3],44212,44802,590,252,0.517,338,235
44550,45037,487,NTB,eu fiquei encucada e mandei,44802,45982,1180,235,0.483,-252,-945
45613,46633,1020,GE-Phrase,218,45219,47221,2002,1020,1.0,394,-588
45613,46633,1020,NTB,eu fiquei encucada e mandei,44802,45982,1180,369,0.362,811,651
45613,46633,1020,NTB,tipo,45982,46213,231,231,0.226,-369,420
45613,46633,1020,NTB,mensagem seis dias depois,46213,47453,1240,420,0.412,-600,-820
49529,49973,444,GE-Phrase,219,49185,50170,985,444,1.0,344,-197
49529,49973,444,NTB,aí continuou conversando,49322,50730,1408,444,1.0,207,-757
50260,50783,523,GE-Phrase,220,50170,51020,850,523,1.0,90,-237
50260,50783,523,NTB,aí continuou conversando,49322,50730,1408,470,0.899,938,53
50260,50783,523,NTB,ele parou de novo,50730,51581,851,53,0.101,-470,-798
51373,52022,649,GE-Phrase,221,51020,53094,2074,649,1.0,353,-1072
51373,52022,649,NTB,ele parou de novo,50730,51581,851,208,0.32,643,441
51373,52022,649,NTB,e daí nessa vez eu desisti mesmo,51581,53120,1539,441,0.68,-208,-1098
53850,55066,1216,GE-Phrase,222,53094,56433,3339,1216,1.0,756,-1367
53850,55066,1216,NTB,nũ vou mais,53672,54845,1173,995,0.818,178,221
53850,55066,1216,NTB,tipo já entendi que ele não quer,54845,56444,1599,221,0.182,-995,-1378
56631,57097,466,GE-Phrase,223,56433,58070,1637,466,1.0,198,-973
56631,57097,466,NTB,aí deixei,56947,57846,899,150,0.322,-316,-749
58849,59433,584,GE-Phrase,224,58070,60019,1949,584,1.0,779,-586
58849,59433,584,NTB,ele ficou tipo,57846,58947,1101,98,0.168,1003,486
58849,59433,584,NTB,mais de um mês sem falar comigo aí encontrei com ele na academia,58947,61986,3039,486,0.832,-98,-2553
60642,61088,446,GE-Phrase,225,60019,61392,1373,446,1.0,623,-304
60642,61088,446,NTB,mais de um mês sem falar comigo aí encontrei com ele na academia,58947,61986,3039,446,1.0,1695,-898
61691,62699,1008,GE-Phrase,226,61392,64369,2977,1008,1.0,299,-1670
61691,62699,1008,NTB,mais de um mês sem falar comigo aí encontrei com ele na academia,58947,61986,3039,295,0.293,2744,713
61691,62699,1008,NTB,antes da,61986,62382,396,396,0.393,-295,317
61691,62699,1008,NTB,pandemia acontecer ,62382,63218,836,317,0.314,-691,-519
64693,65356,663,GE-Phrase,227,64369,65566,1197,663,1.0,324,-210
64693,65356,663,NTB,aí e' [/1],64347,64980,633,287,0.433,346,376
64693,65356,663,NTB,eu tava fazendo exercício e' tava do meu lado só que eu não me aguentei,64980,67373,2393,376,0.567,-287,-2017
66200,66669,469,GE-Phrase,228,65566,66900,1334,469,1.0,634,-231
66200,66669,469,NTB,eu tava fazendo exercício e' tava do meu lado só que eu não me aguentei,64980,67373,2393,469,1.0,1220,-704
66900,67670,770,GE-Phrase,229,66900,68445,1545,770,1.0,0,-775
66900,67670,770,NTB,eu tava fazendo exercício e' tava do meu lado só que eu não me aguentei,64980,67373,2393,473,0.614,1920,297
66900,67670,770,NTB,eu tive que falar alguma coisa,67373,68605,1232,297,0.386,-473,-935
71207,71542,335,GE-Phrase,230,70945,72104,1159,335,1.0,262,-562
71207,71542,335,NTB,aí eu [/1],70498,71332,834,125,0.373,709,210
71207,71542,335,NTB,ele respondeu que e' tava bem ,71332,72534,1202,210,0.627,-125,-992
75999,77003,1004,GE-Phrase,231,75468,77678,2210,1004,1.0,531,-675
75999,77003,1004,NTB,hhh tipo,75344,76477,1133,478,0.476,655,526
75999,77003,1004,NTB,bem bem chata mesmo,76477,78459,1982,526,0.524,-478,-1456
80593,81366,773,GE-Phrase,232,79771,82089,2318,773,1.0,822,-723
80593,81366,773,NTB,quem que foi o último a mandar mensagem,78990,80704,1714,111,0.144,1603,662
80593,81366,773,NTB,como se isso importasse,80704,82470,1766,662,0.856,-111,-1104
82489,83144,655,GE-Phrase,233,82089,84065,1976,655,1.0,400,-921
82489,83144,655,NTB,né,82470,83029,559,540,0.824,19,115
87966,88805,839,GE-Phrase,234,87258,90062,2804,839,1.0,708,-1257
87966,88805,839,NTB,aí tipo assim,87273,88300,1027,334,0.398,693,505
87966,88805,839,NTB,a gente conversou mais um negócio lá,88300,89980,1680,505,0.602,-334,-1175
90626,91369,743,GE-Phrase,235,90062,91831,1769,743,1.0,564,-462
90626,91369,743,NTB,aí eu fui &em [/1],89980,91265,1285,639,0.86,646,104
90626,91369,743,NTB,saí,91265,91967,702,104,0.14,-639,-598
92504,93217,713,GE-Phrase,236,91831,93333,1502,713,1.0,673,-116
92504,93217,713,NTB,fui pegar minhas coisas e fui embora,91967,92990,1023,486,0.682,537,227
92504,93217,713,NTB,a hora que eu tava indo embora,92990,93892,902,227,0.318,-486,-675
93706,94140,434,GE-Phrase,237,93333,94899,1566,434,1.0,373,-759
93706,94140,434,NTB,a hora que eu tava indo embora,92990,93892,902,186,0.429,716,248
93706,94140,434,NTB,eu vi ele mexendo no celular,93892,95283,1391,248,0.571,-186,-1143
96556,97599,1043,GE-Phrase,238,94899,98304,3405,1043,1.0,1657,-705
96556,97599,1043,NTB,aí no que ele tava mexendo no celular eu peguei o meu ele tinha mandado mensagem,95744,98213,2469,1043,1.0,812,-614
101064,101966,902,GE-Phrase,239,98304,102783,4479,902,1.0,2760,-817
101064,101966,902,NTB,a [/1],100505,101297,792,233,0.258,559,669
101064,101966,902,NTB,você foi a última a mandar mensagem,101297,102970,1673,669,0.742,-233,-1004
103036,103303,267,GE-Phrase,240,102783,103625,842,267,1.0,253,-322
103036,103303,267,NTB,eu acho que eu abri e esqueci de responder,102970,105348,2378,267,1.0,66,-2045
105638,105992,354,GE-Phrase,241,105023,105992,969,354,1.0,615,0
105638,105992,354,NTB,aí ele falou bem assim,105348,106469,1121,354,1.0,290,-477
106195,106491,296,GE-Phrase,242,105992,107233,1241,296,1.0,203,-742
106195,106491,296,NTB,aí ele falou bem assim,105348,106469,1121,274,0.926,847,22
106195,106491,296,NTB,,106469,107716,1247,22,0.074,-274,-1225
107466,110658,3192,GE-Phrase,243,107233,113333,6100,3192,1.0,233,-2675
107466,110658,3192,NTB,,106469,107716,1247,250,0.078,997,2942
107466,110658,3192,NTB,vou responder uns stories pra [/1],107716,109747,2031,2031,0.636,-250,911
107466,110658,3192,NTB,pra tentar consertar,109747,110999,1252,911,0.285,-2281,-341
117153,117595,442,GE-Phrase,244,116617,117595,978,442,1.0,536,0
117153,117595,442,NTB,eu respirei,117149,117889,740,442,1.0,4,-294
117926,119980,2054,GE-Phrase,245,117595,120666,3071,2054,1.0,331,-686
117926,119980,2054,NTB,porque eu [/1],117889,118314,425,388,0.189,37,1666
117926,119980,2054,NTB,eu não ia ser,118314,119479,1165,1165,0.567,-388,501
117926,119980,2054,NTB,uma pessoa agradável se eu respondesse,119479,120780,1301,501,0.244,-1553,-800
121480,121831,351,GE-Phrase,246,120666,122158,1492,351,1.0,814,-327
121480,121831,351,NTB,aí eu fiquei uns [/1],121286,121779,493,299,0.852,194,52
121480,121831,351,NTB,uns dias sem responder aí <respondi>,121779,123425,1646,52,0.148,-299,-1594
122302,122668,366,GE-Phrase,247,122158,123368,1210,366,1.0,144,-700
122302,122668,366,NTB,uns dias sem responder aí <respondi>,121779,123425,1646,366,1.0,523,-757
123632,124086,454,GE-Phrase,248,123368,124547,1179,454,1.0,264,-461
126026,126462,436,GE-Phrase,249,124547,127723,3176,436,1.0,1479,-1261
126026,126462,436,NTB,mas aí foi,126391,127419,1028,71,0.163,-365,-957
128017,128638,621,GE-Phrase,250,127723,129004,1281,621,1.0,294,-366
128017,128638,621,NTB,a gente continuou &con [/1],127419,128068,649,51,0.082,598,570
128017,128638,621,NTB,a [/1],128068,128240,172,172,0.277,-51,398
128017,128638,621,NTB,conversando ele parou de novo e eu não vou chamar de novo,128240,131160,2920,398,0.641,-223,-2522
129237,129866,629,GE-Phrase,251,129004,130404,1400,629,1.0,233,-538
129237,129866,629,NTB,conversando ele parou de novo e eu não vou chamar de novo,128240,131160,2920,629,1.0,997,-1294
131184,132799,1615,GE-Phrase,252,130404,133766,3362,1615,1.0,780,-967
131184,132799,1615,NTB,porque nũ,131438,132588,1150,1150,0.712,-254,211
131184,132799,1615,NTB,<sei>,132588,133588,1000,211,0.131,-1404,-789
134275,134866,591,GE-Phrase,253,133766,135577,1811,591,1.0,509,-711
134275,134866,591,NTB,nũ sei que que o menino quer,134158,135560,1402,591,1.0,117,-694
137917,138451,534,GE-Phrase,254,137516,139540,2024,534,1.0,401,-1089
137917,138451,534,NTB,eu tava [/2],137501,138040,539,123,0.23,416,411
137917,138451,534,NTB,eu voltei a fazer terapia,138040,139167,1127,411,0.77,-123,-716
140821,142191,1370,GE-Phrase,255,139540,142191,2651,1370,1.0,1281,0
140821,142191,1370,NTB,aí eu tava [/1],140189,141100,911,279,0.204,632,1091
140821,142191,1370,NTB,tinha terminado de fazer minha sessão eu catei o celular e ele,141100,144181,3081,1091,0.796,-279,-1990
143063,144529,1466,GE-Phrase,256,142191,146166,3975,1466,1.0,872,-1637
143063,144529,1466,NTB,tinha terminado de fazer minha sessão eu catei o celular e ele,141100,144181,3081,1118,0.763,1963,348
143063,144529,1466,NTB,tamo nessa de não se falar de novo,144181,146283,2102,348,0.237,-1118,-1754
152749,153501,752,GE-Phrase,257,152032,153501,1469,752,1.0,717,0
152749,153501,752,NTB,eu tive que esperar uma semana pa poder contar isso pra ela e eu fiquei muito angustiada porque eu falei vei,152816,157395,4579,685,0.911,-67,-3894
153501,154819,1318,GE-Phrase,258,153501,155679,2178,1318,1.0,0,-860
153501,154819,1318,NTB,eu tive que esperar uma semana pa poder contar isso pra ela e eu fiquei muito angustiada porque eu falei vei,152816,157395,4579,1318,1.0,685,-2576
22200,23600,1400,GE-Phrase,201,21741,26246,4505,1400,1.0,459,-2646
22200,23600,1400,NTB,tive té algumas experiências como professora,22016,25145,3129,1400,1.0,184,-1545
26818,29753,2935,GE-Phrase,202,26246,31776,5530,2935,1.0,572,-2023
26818,29753,2935,NTB,nos estágios,26393,27348,955,530,0.181,425,2405
26818,29753,2935,NTB,né,27348,27483,135,135,0.046,-530,2270
26818,29753,2935,NTB,da própria faculdade,27483,28596,1113,1113,0.379,-665,1157
26818,29753,2935,NTB,mas como também,28596,29656,1060,1060,0.361,-1778,97
26818,29753,2935,NTB,&he,29656,30748,1092,97,0.033,-2838,-995
32291,32731,440,GE-Phrase,203,31776,33450,1674,440,1.0,515,-719
32291,32731,440,NTB,no Espaço Cênico também,32095,33536,1441,440,1.0,196,-805
33641,34081,440,GE-Phrase,204,33450,34467,1017,440,1.0,191,-386
33641,34081,440,NTB,que eu tive a oportunidade de dar [/1],33536,35220,1684,440,1.0,105,-1139
41773,42216,443,GE-Phrase,205,40919,42682,1763,443,1.0,854,-466
41773,42216,443,NTB,posso talvez eventualmente no futuro abrir uma escola de teatro e aí eu [/1],41551,47132,5581,443,1.0,222,-4916
43876,44676,800,GE-Phrase,206,42682,45633,2951,800,1.0,1194,-957
43876,44676,800,NTB,posso talvez eventualmente no futuro abrir uma escola de teatro e aí eu [/1],41551,47132,5581,800,1.0,2325,-2456
46548,49633,3085,GE-Phrase,207,45633,50262,4629,3085,1.0,915,-629
46548,49633,3085,NTB,posso talvez eventualmente no futuro abrir uma escola de teatro e aí eu [/1],41551,47132,5581,584,0.189,4997,2501
46548,49633,3085,NTB,eu queira trabalhar com pessoas interessadas em teatro,47132,50463,3331,2501,0.811,-584,-830
52696,53456,760,GE-Phrase,208,50262,54168,3906,760,1.0,2434,-712
52696,53456,760,NTB,exatamente,52785,53868,1083,671,0.883,-89,-412
54168,55768,1600,GE-Phrase,209,54168,56339,2171,1600,1.0,0,-571
54168,55768,1600,NTB,né,53868,54217,349,49,0.031,300,1551
54168,55768,1600,NTB,trabalhar com pessoas que queiram ter,54217,56382,2165,1551,0.969,-49,-614
56339,58435,2096,GE-Phrase,210,56339,59062,2723,2096,1.0,0,-627
56339,58435,2096,NTB,trabalhar com pessoas que queiram ter,54217,56382,2165,43,0.021,2122,2053
56339,58435,2096,NTB,dar aulas para pessoas que querem,56382,58608,2226,2053,0.979,-43,-173
60180,63144,2964,GE-Phrase,211,59062,63144,4082,2964,1.0,1118,0
60180,63144,2964,NTB,querem viver,59924,61006,1082,826,0.279,256,2138
60180,63144,2964,NTB,de teatro ou querem estar no meio,61006,63269,2263,2138,0.721,-826,-125
63144,63674,530,GE-Phrase,212,63144,63674,530,530,1.0,0,0
63144,63674,530,NTB,de teatro ou querem estar no meio,61006,63269,2263,125,0.236,2138,405
63144,63674,530,NTB,enfim,63269,63803,534,405,0.764,-125,-129
63674,64625,951,GE-Phrase,213,63674,65469,1795,951,1.0,0,-844
63674,64625,951,NTB,enfim,63269,63803,534,129,0.136,405,822
63674,64625,951,NTB,qual o rumo delas vai tomar,63803,65422,1619,822,0.864,-129,-797
65727,66647,920,GE-Phrase,214,65469,68076,2607,920,1.0,258,-1429
65727,66647,920,NTB,isso já não é,65422,66840,1418,920,1.0,305,-193
69881,71172,1291,GE-Phrase,215,69547,71964,2417,1291,1.0,334,-792
69881,71172,1291,NTB,é diferente do que você ter que seguir um plano pedagógico,69723,74144,4421,1291,1.0,158,-2972
72585,73344,759,GE-Phrase,216,71964,74244,2280,759,1.0,621,-900
72585,73344,759,NTB,é diferente do que você ter que seguir um plano pedagógico,69723,74144,4421,759,1.0,2862,-800
75204,76804,1600,GE-Phrase,217,74244,77654,3410,1600,1.0,960,-850
75204,76804,1600,NTB,do que você ter que ir num lugar onde os pais forçam seus filhos a estarem,74144,80749,6605,1600,1.0,1060,-3945
77991,80271,2280,GE-Phrase,218,77654,80791,3137,2280,1.0,337,-520
77991,80271,2280,NTB,do que você ter que ir num lugar onde os pais forçam seus filhos a estarem,74144,80749,6605,2280,1.0,3847,-478
81431,83136,1705,GE-Phrase,219,80791,83136,2345,1705,1.0,640,0
81431,83136,1705,NTB,porque,80749,81757,1008,326,0.191,682,1379
81431,83136,1705,NTB,a nova onda agora são crianças serem blogueiras,81757,85973,4216,1379,0.809,-326,-2837
83136,84139,1003,GE-Phrase,220,83136,84139,1003,1003,1.0,0,0
83136,84139,1003,NTB,a nova onda agora são crianças serem blogueiras,81757,85973,4216,1003,1.0,1379,-1834
84939,88042,3103,GE-Phrase,221,84139,91180,7041,3103,1.0,800,-3138
84939,88042,3103,NTB,a nova onda agora são crianças serem blogueiras,81757,85973,4216,1034,0.333,3182,2069
84939,88042,3103,NTB,são crianças sendo sabe,85973,87710,1737,1737,0.56,-1034,332
97221,98036,815,GE-Phrase,222,96160,99128,2968,815,1.0,1061,-1092
97221,98036,815,NTB,tinha criança que cê via nitidamente que não queria tá lá,96084,99169,3085,815,1.0,1137,-1133
101935,103091,1156,GE-Phrase,223,101257,103759,2502,1156,1.0,678,-668
101935,103091,1156,NTB,cê via nitidamente que a criança não queria tá,101045,103554,2509,1156,1.0,890,-463
105018,106316,1298,GE-Phrase,224,103759,109504,5745,1298,1.0,1259,-3188
105018,106316,1298,NTB,não porque &quer [/1],103850,105095,1245,77,0.059,1168,1221
105018,106316,1298,NTB,a aula de teatro,105095,106208,1113,1113,0.857,-77,108
105018,106316,1298,NTB,sabe,106208,106704,496,108,0.083,-1190,-388
111054,111811,757,GE-Phrase,225,109504,112551,3047,757,1.0,1550,-740
111054,111811,757,NTB,não quer,110952,112065,1113,757,1.0,102,-254
113880,116577,2697,GE-Phrase,226,112551,117231,4680,2697,1.0,1329,-654
113880,116577,2697,NTB,porque sabe que a intenção dela estar lá não é [/2],112478,115595,3117,1715,0.636,1402,982
113880,116577,2697,NTB,não é real,115595,116602,1007,982,0.364,-1715,-25
117856,118997,1141,GE-Phrase,227,117231,119677,2446,1141,1.0,625,-680
117856,118997,1141,NTB,é pra suprir desejos,117602,119981,2379,1141,1.0,254,-984
120757,122037,1280,GE-Phrase,228,119677,124094,4417,1280,1.0,1080,-2057
120757,122037,1280,NTB,reprimido dos pais que não tiveram,120319,123379,3060,1280,1.0,438,-1342
1415,1838,423,GE-Phrase,201,775,3090,2315,423,1.0,640,-1252
1415,1838,423,NTB,essas pessoas ainda não [/1],837,2050,1213,423,1.0,578,-212
3689,4649,960,GE-Phrase,202,3090,5147,2057,960,1.0,599,-498
3689,4649,960,NTB,eu tô falando de um lugar que,3382,5062,1680,960,1.0,307,-413
5793,6814,1021,GE-Phrase,203,5147,7548,2401,1021,1.0,646,-734
5793,6814,1021,NTB,,5062,5907,845,114,0.112,731,907
5793,6814,1021,NTB,por exemplo,5907,6341,434,434,0.425,-114,473
5793,6814,1021,NTB,dentro da teó,6341,6928,587,473,0.463,-548,-114
8353,8753,400,GE-Phrase,204,7548,9104,1556,400,1.0,805,-351
8353,8753,400,NTB,relato de experiência,7884,8935,1051,400,1.0,469,-182
10503,10898,395,GE-Phrase,205,9104,11228,2124,395,1.0,1399,-330
10503,10898,395,NTB,que inclusive tô produzindo um,9631,12030,2399,395,1.0,872,-1132
11616,12216,600,GE-Phrase,206,11228,13092,1864,600,1.0,388,-876
11616,12216,600,NTB,que inclusive tô produzindo um,9631,12030,2399,414,0.69,1985,186
11616,12216,600,NTB,p' cê ver a dubiedade da coisa,12030,13506,1476,186,0.31,-414,-1290
13708,14576,868,GE-Phrase,207,13092,14908,1816,868,1.0,616,-332
13708,14576,868,NTB,e não é que relato de experiência seja menos ciência,13506,16418,2912,868,1.0,202,-1842
15081,15761,680,GE-Phrase,208,14908,16388,1480,680,1.0,173,-627
15081,15761,680,NTB,e não é que relato de experiência seja menos ciência,13506,16418,2912,680,1.0,1575,-657
17273,18214,941,GE-Phrase,209,16388,18214,1826,941,1.0,885,0
17273,18214,941,NTB,mas é mais difícil de replicar,16418,18201,1783,928,0.986,855,13
18881,20041,1160,GE-Phrase,210,18214,21954,3740,1160,1.0,667,-1913
18881,20041,1160,NTB,que é o que se,18727,19439,712,558,0.481,154,602
18881,20041,1160,NTB,procura dentro da ciência de uma dada forma,19439,21320,1881,602,0.519,-558,-1279
22725,23109,384,GE-Phrase,211,21954,23414,1460,384,1.0,771,-305
22725,23109,384,NTB,então se eu fizer isso aqui c' esse sujeito aqui,21953,23636,1683,384,1.0,772,-527
23890,25250,1360,GE-Phrase,212,23414,26572,3158,1360,1.0,476,-1322
23890,25250,1360,NTB,eu posso fazer lá na China,23636,25187,1551,1297,0.954,254,63
23890,25250,1360,NTB,se eu reproduzir meu método,25187,26370,1183,63,0.046,-1297,-1120
27305,28425,1120,GE-Phrase,213,26572,28865,2293,1120,1.0,733,-440
27305,28425,1120,NTB,dentro da cultura,27200,28048,848,743,0.663,105,377
27305,28425,1120,NTB,e adequando e et cetera,28048,29067,1019,377,0.337,-743,-642
29147,29347,200,GE-Phrase,214,28865,30267,1402,200,1.0,282,-920
29147,29347,200,NTB,e vai dar bom,29067,29721,654,200,1.0,80,-374
31027,32067,1040,GE-Phrase,215,30267,32498,2231,1040,1.0,760,-431
31027,32067,1040,NTB,então falta um pouco desse metodismo assim,30583,32769,2186,1040,1.0,444,-702
32498,33005,507,GE-Phrase,216,32498,33698,1200,507,1.0,0,-693
32498,33005,507,NTB,então falta um pouco desse metodismo assim,30583,32769,2186,271,0.535,1915,236
32498,33005,507,NTB,talvez [/1],32769,33965,1196,236,0.465,-271,-960
33892,35750,1858,GE-Phrase,217,33698,35750,2052,1858,1.0,194,0
33892,35750,1858,NTB,talvez [/1],32769,33965,1196,73,0.039,1123,1785
33892,35750,1858,NTB,que talvez enfim,33965,34582,617,617,0.332,-73,1168
33892,35750,1858,NTB,seja da especificidade,34582,35920,1338,1168,0.629,-690,-170
36123,37119,996,GE-Phrase,218,35750,37119,1369,996,1.0,373,0
36123,37119,996,NTB,né,35920,36331,411,208,0.209,203,788
36123,37119,996,NTB,de cada campo dentro da área,36331,37360,1029,788,0.791,-208,-241
37119,37515,396,GE-Phrase,219,37119,38166,1047,396,1.0,0,-651
37119,37515,396,NTB,de cada campo dentro da área,36331,37360,1029,241,0.609,788,155
37119,37515,396,NTB,eu não sei,37360,38258,898,155,0.391,-241,-743
39080,41856,2776,GE-Phrase,220,38166,41856,3690,2776,1.0,914,0
39080,41856,2776,NTB,mas veio pra ela,38701,39703,1002,623,0.224,379,2153
39080,41856,2776,NTB,enquanto uma questão,39703,40576,873,873,0.314,-623,1280
39080,41856,2776,NTB,e que tinha que ser trabalhada,40576,41972,1396,1280,0.461,-1496,-116
41856,42668,812,GE-Phrase,221,41856,43989,2133,812,1.0,0,-1321
41856,42668,812,NTB,e que tinha que ser trabalhada,40576,41972,1396,116,0.143,1280,696
41856,42668,812,NTB,e nũ sei o quê,41972,42354,382,382,0.47,-116,314
41856,42668,812,NTB,e eu realmente acho que,42354,43456,1102,314,0.387,-498,-788
45035,46490,1455,GE-Phrase,222,43989,47684,3695,1455,1.0,1046,-1194
45035,46490,1455,NTB,nossa iniciação docência ela é muito,43456,45850,2394,815,0.56,1579,640
45035,46490,1455,NTB,,45850,46653,803,640,0.44,-815,-163
51557,52801,1244,GE-Phrase,223,51145,53707,2562,1244,1.0,412,-906
51557,52801,1244,NTB,e essa carreira acadêmica,51048,52497,1449,940,0.756,509,304
51557,52801,1244,NTB,vai por esse viés,52497,53402,905,304,0.244,-940,-601
56362,57457,1095,GE-Phrase,224,53707,59015,5308,1095,1.0,2655,-1558
56362,57457,1095,NTB,e aí ela tinha essa ideia de fazer esse clube,55679,57555,1876,1095,1.0,683,-98
60245,60773,528,GE-Phrase,225,59015,60773,1758,528,1.0,1230,0
60245,60773,528,NTB,e aí sempre ficava na ideia da imaginação,59821,61678,1857,528,1.0,424,-905
60773,61487,714,GE-Phrase,226,60773,61487,714,714,1.0,0,0
60773,61487,714,NTB,e aí sempre ficava na ideia da imaginação,59821,61678,1857,714,1.0,952,-191
61487,62271,784,GE-Phrase,227,61487,62271,784,784,1.0,0,0
61487,62271,784,NTB,e aí sempre ficava na ideia da imaginação,59821,61678,1857,191,0.244,1666,593
61487,62271,784,NTB,chegou a quarentena,61678,62426,748,593,0.756,-191,-155
62271,63151,880,GE-Phrase,228,62271,63151,880,880,1.0,0,0
62271,63151,880,NTB,chegou a quarentena,61678,62426,748,155,0.176,593,725
62271,63151,880,NTB,ela falou,62426,62814,388,388,0.441,-155,337
62271,63151,880,NTB,ótimo,62814,63449,635,337,0.383,-543,-298
64021,64941,920,GE-Phrase,229,63151,64941,1790,920,1.0,870,0
64021,64941,920,NTB,agora tenho tempo,63449,64387,938,366,0.398,572,554
64021,64941,920,NTB,disponível pra isso,64387,65316,929,554,0.602,-366,-375
65429,66067,638,GE-Phrase,230,64941,66067,1126,638,1.0,488,0
65429,66067,638,NTB,cê anima entrar nessa,65316,66257,941,638,1.0,113,-190
66358,67075,717,GE-Phrase,231,66067,67075,1008,717,1.0,291,0
66358,67075,717,NTB,eu falei,66257,66429,172,71,0.099,101,646
66358,67075,717,NTB,vão bora,66429,66980,551,551,0.768,-71,95
67722,69124,1402,GE-Phrase,232,67075,69124,2049,1402,1.0,647,0
67722,69124,1402,NTB,entrando como coadjuvante,67548,69028,1480,1306,0.932,174,96
67722,69124,1402,NTB,né,69028,69285,257,96,0.068,-1306,-161
69404,70078,674,GE-Phrase,233,69124,70078,954,674,1.0,280,0
69404,70078,674,NTB,o projeto é dela,69285,70269,984,674,1.0,119,-191
70626,71415,789,GE-Phrase,234,70078,71694,1616,789,1.0,548,-279
70626,71415,789,NTB,e aí eu sou esse bonequinho aqui que,70269,72901,2632,789,1.0,357,-1486
71694,72912,1218,GE-Phrase,235,71694,73762,2068,1218,1.0,0,-850
71694,72912,1218,NTB,e aí eu sou esse bonequinho aqui que,70269,72901,2632,1207,0.991,1425,11
71694,72912,1218,NTB,vão bora,72901,73414,513,11,0.009,-1207,-502
74303,75009,706,GE-Phrase,236,73762,75009,1247,706,1.0,541,0
74303,75009,706,NTB,não é que eu não tenha idéia,73865,74742,877,439,0.622,438,267
74303,75009,706,NTB,mas assim,74742,75653,911,267,0.378,-439,-644
75009,75819,810,GE-Phrase,237,75009,75819,810,810,1.0,0,0
75009,75819,810,NTB,mas assim,74742,75653,911,644,0.795,267,166
75009,75819,810,NTB,o negócio é dela,75653,76513,860,166,0.205,-644,-694
75819,76484,665,GE-Phrase,238,75819,77216,1397,665,1.0,0,-732
75819,76484,665,NTB,o negócio é dela,75653,76513,860,665,1.0,166,-29
78759,81294,2535,GE-Phrase,239,78317,81294,2977,2535,1.0,442,0
78759,81294,2535,NTB,e aí comprei,78503,78989,486,230,0.091,256,2305
78759,81294,2535,NTB,tava fazendo a arte tudo os negócio,78989,80561,1572,1572,0.62,-230,733
78759,81294,2535,NTB,toda semana a gente se reunia pelo menos duas vezes por semana,80561,83244,2683,733,0.289,-1802,-1950
81849,82796,947,GE-Phrase,240,81294,83492,2198,947,1.0,555,-696
81849,82796,947,NTB,toda semana a gente se reunia pelo menos duas vezes por semana,80561,83244,2683,947,1.0,1288,-448
84721,87460,2739,GE-Phrase,241,83492,88086,4594,2739,1.0,1229,-626
84721,87460,2739,NTB,e mandando e-mail pra convidada,83244,85110,1866,389,0.142,1477,2350
84721,87460,2739,NTB,e aquela coisinha gostosa assim de movimentação,85110,87543,2433,2350,0.858,-389,-83
88086,90150,2064,GE-Phrase,242,88086,90150,2064,2064,1.0,0,0
88086,90150,2064,NTB,e aí no que isso tava acontecendo,89047,89913,866,866,0.42,-961,237
88086,90150,2064,NTB,eu tive a ideia de escrever um artigo,89913,91343,1430,237,0.115,-1827,-1193
90527,91106,579,GE-Phrase,243,90150,91779,1629,579,1.0,377,-673
90527,91106,579,NTB,eu tive a ideia de escrever um artigo,89913,91343,1430,579,1.0,614,-237
92219,92767,548,GE-Phrase,244,91779,92767,988,548,1.0,440,0
92219,92767,548,NTB,Nossa,92140,92888,748,548,1.0,79,-121
93320,94054,734,GE-Phrase,245,92767,94054,1287,734,1.0,553,0
93320,94054,734,NTB,e é minha amiga lá de São Carlos,92888,94180,1292,734,1.0,432,-126
94677,95892,1215,GE-Phrase,246,94054,96105,2051,1215,1.0,623,-213
94677,95892,1215,NTB,que a gente retomou contato na quarentena assim,94623,96254,1631,1215,1.0,54,-362
96105,97004,899,GE-Phrase,247,96105,97925,1820,899,1.0,0,-921
96105,97004,899,NTB,que a gente retomou contato na quarentena assim,94623,96254,1631,149,0.166,1482,750
96105,97004,899,NTB,de uma forma mais [/1],96254,97376,1122,750,0.834,-149,-372
101856,102665,809,GE-Phrase,248,99999,102665,2666,809,1.0,1857,0
101856,102665,809,NTB,vamo fazer esse artigo acontecer,100915,102900,1985,809,1.0,941,-235
103225,105016,1791,GE-Phrase,249,102665,105016,2351,1791,1.0,560,0
103225,105016,1791,NTB,e ela falou,102900,103344,444,119,0.066,325,1672
103225,105016,1791,NTB,Nossa,103344,103679,335,335,0.187,-119,1337
103225,105016,1791,NTB,vou falar com a minha orientadora,103679,104757,1078,1078,0.602,-454,259
103225,105016,1791,NTB,e aí falou pra orientadora dela,104757,106130,1373,259,0.145,-1532,-1114
105016,106042,1026,GE-Phrase,250,105016,106042,1026,1026,1.0,0,0
105016,106042,1026,NTB,e aí falou pra orientadora dela,104757,106130,1373,1026,1.0,259,-88
106466,107751,1285,GE-Phrase,251,106042,107751,1709,1285,1.0,424,0
106466,107751,1285,NTB,e aí a gente falou,106130,106712,582,246,0.191,336,1039
106466,107751,1285,NTB,Nossa,106712,107141,429,429,0.334,-246,610
106466,107751,1285,NTB,é agora,107141,107721,580,580,0.451,-675,30
106466,107751,1285,NTB,esse artigo,107721,108332,611,30,0.023,-1255,-581
107751,108288,537,GE-Phrase,252,107751,108288,537,537,1.0,0,0
107751,108288,537,NTB,esse artigo,107721,108332,611,537,1.0,30,-44
108288,108743,455,GE-Phrase,253,108288,109302,1014,455,1.0,0,-559
108288,108743,455,NTB,esse artigo,107721,108332,611,44,0.097,567,411
108288,108743,455,NTB,enfim,108332,108795,463,411,0.903,-44,-52
109847,110838,991,GE-Phrase,254,109302,110838,1536,991,1.0,545,0
109847,110838,991,NTB,começamo já a fazer uma pasta no drive,109324,111392,2068,991,1.0,523,-554
111271,112665,1394,GE-Phrase,255,110838,112804,1966,1394,1.0,433,-139
111271,112665,1394,NTB,começamo já a fazer uma pasta no drive,109324,111392,2068,121,0.087,1947,1273
111271,112665,1394,NTB,e discutir ,111392,112120,728,728,0.522,-121,545
111271,112665,1394,NTB,,112120,112547,427,427,0.306,-849,118
111271,112665,1394,NTB,enfim,112547,112850,303,118,0.085,-1276,-185
113158,113509,351,GE-Phrase,256,112804,115094,2290,351,1.0,354,-1585
113158,113509,351,NTB,aí é uma reunião por semana,112850,114072,1222,351,1.0,308,-563
115734,116783,1049,GE-Phrase,257,115094,116783,1689,1049,1.0,640,0
115734,116783,1049,NTB,e aí,115690,116850,1160,1049,1.0,44,-67
117353,118033,680,GE-Phrase,258,116783,118584,1801,680,1.0,570,-551
117353,118033,680,NTB,eu já tinha passado no pemegê,116850,118470,1620,680,1.0,503,-437
119278,120248,970,GE-Phrase,259,118584,120891,2307,970,1.0,694,-643
119278,120248,970,NTB,no programa de monitoria da faculdade,118470,120327,1857,970,1.0,808,-79
121408,122859,1451,GE-Phrase,260,120891,123162,2271,1451,1.0,517,-303
121408,122859,1451,NTB,só que como as parada tavam meio incerta assim,120955,123333,2378,1451,1.0,453,-474
123543,125275,1732,GE-Phrase,261,123162,126484,3322,1732,1.0,381,-1209
123543,125275,1732,NTB,porque &n [/1],123333,123678,345,135,0.078,210,1597
123543,125275,1732,NTB,né,123678,123884,206,206,0.119,-135,1391
123543,125275,1732,NTB,ia parar tudo,123884,124797,913,913,0.527,-341,478
123543,125275,1732,NTB,então vou monitorar quem,124797,126007,1210,478,0.276,-1254,-732
131270,132202,932,GE-Phrase,262,128821,132202,3381,932,1.0,2449,0
131270,132202,932,NTB,nũ sabia o que que ia acontecer,130503,131502,999,232,0.249,767,700
131270,132202,932,NTB,nũ tinha recebido nenhuma bolsa ainda né,131502,132715,1213,700,0.751,-232,-513
132712,133300,588,GE-Phrase,263,132202,134077,1875,588,1.0,510,-777
132712,133300,588,NTB,nũ tinha recebido nenhuma bolsa ainda né,131502,132715,1213,3,0.005,1210,585
132712,133300,588,NTB,tinha acabado de acontecer o processo,132715,134762,2047,585,0.995,-3,-1462
134927,135782,855,GE-Phrase,264,134077,135782,1705,855,1.0,850,0
134927,135782,855,NTB,e a mulher foi lá e falou olha & [/1],134762,136371,1609,855,1.0,165,-589
136557,137175,618,GE-Phrase,265,135782,138288,2506,618,1.0,775,-1113
136557,137175,618,NTB,a minha tutora,136371,137155,784,598,0.968,186,20
136557,137175,618,NTB,né,137155,137394,239,20,0.032,-598,-219
139895,141167,1272,GE-Phrase,266,138288,141167,2879,1272,1.0,1607,0
139895,141167,1272,NTB,cancelar as bolsas,139845,141078,1233,1183,0.93,50,89
139895,141167,1272,NTB,e a gente volta quando retomar a aula,141078,143026,1948,89,0.07,-1183,-1859
141167,142045,878,GE-Phrase,267,141167,142467,1300,878,1.0,0,-422
141167,142045,878,NTB,e a gente volta quando retomar a aula,141078,143026,1948,878,1.0,89,-981
143704,144762,1058,GE-Phrase,268,142467,145380,2913,1058,1.0,1237,-618
143704,144762,1058,NTB,mas tem como a gente fazer alguns trabalhos aqui nos bastidores,143026,145482,2456,1058,1.0,678,-720
145380,146062,682,GE-Phrase,269,145380,147413,2033,682,1.0,0,-1351
145380,146062,682,NTB,mas tem como a gente fazer alguns trabalhos aqui nos bastidores,143026,145482,2456,102,0.15,2354,580
145380,146062,682,NTB,que eu acho que seria interessante da gente desenvolver,145482,147406,1924,580,0.85,-102,-1344
147967,148742,775,GE-Phrase,270,147413,149490,2077,775,1.0,554,-748
147967,148742,775,NTB,então optei por continuar com a bolsa,147685,149343,1658,775,1.0,282,-601
150125,151219,1094,GE-Phrase,271,149490,151803,2313,1094,1.0,635,-584
150125,151219,1094,NTB,se cês concordarem,149343,150432,1089,307,0.281,782,787
150125,151219,1094,NTB,,150432,150838,406,406,0.371,-307,381
150125,151219,1094,NTB,e a gente continua trabalhando,150838,152126,1288,381,0.348,-713,-907
152269,152957,688,GE-Phrase,272,151803,152957,1154,688,1.0,466,0
152269,152957,688,NTB,falei ótimo,152126,152802,676,533,0.775,143,155
153754,154804,1050,GE-Phrase,273,152957,155850,2893,1050,1.0,797,-1046
153754,154804,1050,NTB,né,153731,154046,315,292,0.278,23,758
153754,154804,1050,NTB,melhor que isso impossível assim,154046,155515,1469,758,0.722,-292,-711
156577,158207,1630,GE-Phrase,274,155850,158207,2357,1630,1.0,727,0
156577,158207,1630,NTB,e aí começou a vim demanda,156081,157470,1389,893,0.548,496,737
156577,158207,1630,NTB,do grupo,157470,158208,738,737,0.452,-893,-1
12418,13226,808,GE-Phrase,201,10096,15895,5799,808,1.0,2322,-2669
12418,13226,808,NTB,a promotoria seria no,11020,12768,1748,350,0.433,1398,458
12418,13226,808,NTB,criminal,12768,13241,473,458,0.567,-350,-15
16645,17651,1006,GE-Phrase,202,15895,18456,2561,1006,1.0,750,-805
16645,17651,1006,NTB,que aí é um representante do Ministério Público que vai,14429,17388,2959,743,0.739,2216,263
16645,17651,1006,NTB,apresentar a denúncia,17388,18572,1184,263,0.261,-743,-921
18456,19037,581,GE-Phrase,203,18456,20099,1643,581,1.0,0,-1062
18456,19037,581,NTB,apresentar a denúncia,17388,18572,1184,116,0.2,1068,465
18456,19037,581,NTB,eu ficava na área cível,18788,20001,1213,249,0.429,-332,-964
21238,24524,3286,GE-Phrase,204,20099,25335,5236,3286,1.0,1139,-811
21238,24524,3286,NTB,que só tem,20541,21472,931,234,0.071,697,3052
21238,24524,3286,NTB,briga de vizinho,21472,22441,969,969,0.295,-234,2083
21238,24524,3286,NTB,briga de família,22441,23454,1013,1013,0.308,-1203,1070
21238,24524,3286,NTB,,23454,24029,575,575,0.175,-2216,495
21238,24524,3286,NTB,&dev [/1],24029,24452,423,423,0.129,-2791,72
21238,24524,3286,NTB,gente devendo dinheiro,24452,25541,1089,72,0.022,-3214,-1017
25972,26716,744,GE-Phrase,205,25335,28020,2685,744,1.0,637,-1304
25972,26716,744,NTB,ótimo,26592,27475,883,124,0.167,-620,-759
36785,37576,791,GE-Phrase,206,35999,40113,4114,791,1.0,786,-2537
36785,37576,791,NTB,de tudo o que você pode imaginar,37442,38741,1299,134,0.169,-657,-1165
41560,42418,858,GE-Phrase,207,40113,42418,2305,858,1.0,1447,0
41560,42418,858,NTB,não,41834,42165,331,331,0.386,-274,253
42418,43624,1206,GE-Phrase,208,42418,44412,1994,1206,1.0,0,-788
42418,43624,1206,NTB,a pior de que eu já vi,42631,43912,1281,993,0.823,-213,-288
46121,46251,130,GE-Phrase,209,44412,46251,1839,130,1.0,1709,0
46251,47867,1616,GE-Phrase,210,46251,51709,5458,1616,1.0,0,-3842
46251,47867,1616,NTB,hhh ele disse que caiu num esquema de pirâmide,46954,48939,1985,913,0.565,-703,-1072
63328,64370,1042,GE-Phrase,211,62257,65386,3129,1042,1.0,1071,-1016
63328,64370,1042,NTB,ela começou o processo pra tentar recuperar a casa,62558,65598,3040,1042,1.0,770,-1228
81436,82836,1400,GE-Phrase,212,80290,82836,2546,1400,1.0,1146,0
81436,82836,1400,NTB,isso eu ainda não trabalhava lá,81434,82665,1231,1229,0.878,2,171
81436,82836,1400,NTB,,82665,83403,738,171,0.122,-1229,-567
82836,84829,1993,GE-Phrase,213,82836,85414,2578,1993,1.0,0,-585
82836,84829,1993,NTB,,82665,83403,738,567,0.284,171,1426
82836,84829,1993,NTB,era no Lafayete,83403,84702,1299,1299,0.652,-567,127
82836,84829,1993,NTB,lá no Barro Preto,84702,85592,890,127,0.064,-1866,-763
85414,86507,1093,GE-Phrase,214,85414,86507,1093,1093,1.0,0,0
85414,86507,1093,NTB,lá no Barro Preto,84702,85592,890,178,0.163,712,915
85414,86507,1093,NTB,aí ele saiu correndo,85886,86831,945,621,0.568,-472,-324
87662,88250,588,GE-Phrase,215,86507,88778,2271,588,1.0,1155,-528
87662,88250,588,NTB,acho que álcool,87433,88465,1032,588,1.0,229,-215
89329,90131,802,GE-Phrase,216,88778,90860,2082,802,1.0,551,-729
89329,90131,802,NTB,jogou no próprio corpo e ficou ameaçando colocar fogo,88465,90551,2086,802,1.0,864,-420
91989,93966,1977,GE-Phrase,217,90860,95040,4180,1977,1.0,1129,-1074
91989,93966,1977,NTB,os seguranças tiveram que,91208,92554,1346,565,0.286,781,1412
91989,93966,1977,NTB,,92554,93922,1368,1368,0.692,-565,44
91989,93966,1977,NTB,é,93922,94195,273,44,0.022,-1933,-229
95874,96212,338,GE-Phrase,218,95040,96841,1801,338,1.0,834,-629
95874,96212,338,NTB,e aí na segunda audiência eu já tava lá,95393,96886,1493,338,1.0,481,-674
98451,99474,1023,GE-Phrase,219,96841,99474,2633,1023,1.0,1610,0
98451,99474,1023,NTB,e aí na segunda audiência eu já tava lá,98109,99805,1696,1023,1.0,342,-331
100224,100638,414,GE-Phrase,220,99474,101052,1578,414,1.0,750,-414
100224,100638,414,NTB,e aí meu chefe avisou que ele ia chegar,99805,100971,1166,414,1.0,419,-333
101341,102117,776,GE-Phrase,221,101052,102768,1716,776,1.0,289,-651
101341,102117,776,NTB,um monte de coisa,100971,101511,540,170,0.219,370,606
101341,102117,776,NTB,a audiência teve que ser de porta aberta,101511,102830,1319,606,0.781,-170,-713
103257,103943,686,GE-Phrase,222,102768,103943,1175,686,1.0,489,0
103257,103943,686,NTB,um monte de gente esperando,102830,103637,807,380,0.554,427,306
103257,103943,686,NTB,,103637,104102,465,306,0.446,-380,-159
103943,104750,807,GE-Phrase,223,103943,105912,1969,807,1.0,0,-1162
103943,104750,807,NTB,,103637,104102,465,159,0.197,306,648
103943,104750,807,NTB,porque,104102,104669,567,567,0.703,-159,81
103943,104750,807,NTB,,104669,105209,540,81,0.1,-726,-459
109435,110415,980,GE-Phrase,224,108166,110415,2249,980,1.0,1269,0
109435,110415,980,NTB,então hhh a gente já foi avisado uns dois dias antes,107909,110809,2900,980,1.0,1526,-394
110739,111504,765,GE-Phrase,225,110415,111999,1584,765,1.0,324,-495
110739,111504,765,NTB,então hhh a gente já foi avisado uns dois dias antes,107909,110809,2900,70,0.092,2830,695
110739,111504,765,NTB,que a audiência dele ia acontecer,110809,111985,1176,695,0.908,-70,-481
111999,112384,385,GE-Phrase,226,111999,113239,1240,385,1.0,0,-855
111999,112384,385,NTB,,111985,112539,554,385,1.0,14,-155
126183,127695,1512,GE-Phrase,227,125225,128489,3264,1512,1.0,958,-794
126183,127695,1512,NTB,herança tem um [/1],125755,126601,846,418,0.276,428,1094
126183,127695,1512,NTB,,126601,127463,862,862,0.57,-418,232
126183,127695,1512,NTB,coisa própria,127463,128133,670,232,0.153,-1280,-438
128634,128800,166,GE-Phrase,228,128489,129290,801,166,1.0,145,-490
128634,128800,166,NTB,eu falo a gente nũ mexe porque eu ainda não consegui desapegar,128133,130841,2708,166,1.0,501,-2041
129782,130588,806,GE-Phrase,229,129290,131192,1902,806,1.0,492,-604
129782,130588,806,NTB,eu falo a gente nũ mexe porque eu ainda não consegui desapegar,128133,130841,2708,806,1.0,1649,-253
131192,132802,1610,GE-Phrase,230,131192,135194,4002,1610,1.0,0,-2392
131192,132802,1610,NTB,tá,131221,131445,224,224,0.139,-29,1357
131192,132802,1610,NTB,já tem mais de seis meses que eu não trabalho lá,131445,133263,1818,1357,0.843,-253,-461
143636,144245,609,GE-Phrase,231,143032,144677,1645,609,1.0,604,-432
143636,144245,609,NTB,os filhos começam a brigar,142771,144859,2088,609,1.0,865,-614
145434,146175,741,GE-Phrase,232,144677,147741,3064,741,1.0,757,-1566
145434,146175,741,NTB,e aí eles falam,144859,145652,793,218,0.294,575,523
145434,146175,741,NTB,,145652,146076,424,424,0.572,-218,99
145434,146175,741,NTB,sai do meu terreno,146076,146937,861,99,0.134,-642,-762
