InfoStructure_PAR_start_ms,InfoStructure_PAR_end_ms,InfoStructure_PAR_duration,Buffer_ms,Tier,Value,Begin_ms,End_ms,Duration,Overlap_time,Overlap_ratio,Diff_start,Diff_end
7782,8039,257,0,GE-Phrase,203,7612,9471,1859,257,1.0,170,-1432
7782,8039,257,0,NTB,assim,7782,8039,257,257,1.0,0,0
12059,14017,1958,0,GE-Phrase,205,13467,16449,2982,550,0.281,-1408,-2432
12059,14017,1958,0,NTB,a rua do poste,12059,14017,1958,1958,1.0,0,0
23217,24876,1659,0,GE-Phrase,209,23217,24642,1425,1425,0.859,0,234
23217,24876,1659,0,GE-Phrase,210,24642,25844,1202,234,0.141,-1425,-968
23217,24876,1659,0,NTB,eu acho,23217,24876,1659,1659,1.0,0,0
52845,53049,204,0,NTB,assim,52845,53049,204,204,1.0,0,0
73497,74483,986,0,GE-Phrase,222,72217,74052,1835,555,0.563,1280,431
73497,74483,986,0,NTB,nũ sei por quê,73497,74483,986,986,1.0,0,0
74483,76614,2131,0,NTB,nũ sei aonde,74483,76614,2131,2131,1.0,0,0
79218,79472,254,0,NTB,sei lá,79218,79472,254,254,1.0,0,0
82970,83529,559,0,NTB,nũ sei,82970,83529,559,559,1.0,0,0
89410,90328,918,0,GE-Phrase,224,88270,90113,1843,703,0.766,1140,215
89410,90328,918,0,GE-Phrase,225,90113,92132,2019,215,0.234,-703,-1804
89410,90328,918,0,NTB,na verdade,89410,90328,918,918,1.0,0,0
111080,111933,853,0,GE-Phrase,233,110395,111156,761,76,0.089,685,777
111080,111933,853,0,GE-Phrase,234,111156,111929,773,773,0.906,-76,4
111080,111933,853,0,GE-Phrase,235,111929,112681,752,4,0.005,-849,-748
111080,111933,853,0,NTB,do anterior,111080,111933,853,853,1.0,0,0
138505,140133,1628,0,NTB,pouco mais,138505,140133,1628,1628,1.0,0,0
7782,8039,257,0,GE-Phrase,203,7612,9471,1859,257,1.0,170,-1432
7782,8039,257,0,NTB,assim,7782,8039,257,257,1.0,0,0
12059,14017,1958,0,GE-Phrase,205,13467,16449,2982,550,0.281,-1408,-2432
12059,14017,1958,0,NTB,a rua do poste,12059,14017,1958,1958,1.0,0,0
23217,24876,1659,0,GE-Phrase,209,23217,24642,1425,1425,0.859,0,234
23217,24876,1659,0,GE-Phrase,210,24642,25844,1202,234,0.141,-1425,-968
23217,24876,1659,0,NTB,eu acho,23217,24876,1659,1659,1.0,0,0
52845,53049,204,0,NTB,assim,52845,53049,204,204,1.0,0,0
73497,74483,986,0,GE-Phrase,222,72217,74052,1835,555,0.563,1280,431
73497,74483,986,0,NTB,nũ sei por quê,73497,74483,986,986,1.0,0,0
74483,76614,2131,0,NTB,nũ sei aonde,74483,76614,2131,2131,1.0,0,0
79218,79472,254,0,NTB,sei lá,79218,79472,254,254,1.0,0,0
82970,83529,559,0,NTB,nũ sei,82970,83529,559,559,1.0,0,0
89410,90328,918,0,GE-Phrase,224,88270,90113,1843,703,0.766,1140,215
89410,90328,918,0,GE-Phrase,225,90113,92132,2019,215,0.234,-703,-1804
89410,90328,918,0,NTB,na verdade,89410,90328,918,918,1.0,0,0
111080,111933,853,0,GE-Phrase,233,110395,111156,761,76,0.089,685,777
111080,111933,853,0,GE-Phrase,234,111156,111929,773,773,0.906,-76,4
111080,111933,853,0,GE-Phrase,235,111929,112681,752,4,0.005,-849,-748
111080,111933,853,0,NTB,do anterior,111080,111933,853,853,1.0,0,0
138505,140133,1628,0,NTB,pouco mais,138505,140133,1628,1628,1.0,0,0
7782,8039,257,0,GE-Phrase,203,7612,9471,1859,257,1.0,170,-1432
7782,8039,257,0,NTB,assim,7782,8039,257,257,1.0,0,0
12059,14017,1958,0,GE-Phrase,205,13467,16449,2982,550,0.281,-1408,-2432
12059,14017,1958,0,NTB,a rua do poste,12059,14017,1958,1958,1.0,0,0
23217,24876,1659,0,GE-Phrase,209,23217,24642,1425,1425,0.859,0,234
23217,24876,1659,0,GE-Phrase,210,24642,25844,1202,234,0.141,-1425,-968
23217,24876,1659,0,NTB,eu acho,23217,24876,1659,1659,1.0,0,0
52845,53049,204,0,NTB,assim,52845,53049,204,204,1.0,0,0
73497,74483,986,0,GE-Phrase,222,72217,74052,1835,555,0.563,1280,431
73497,74483,986,0,NTB,nũ sei por quê,73497,74483,986,986,1.0,0,0
74483,76614,2131,0,NTB,nũ sei aonde,74483,76614,2131,2131,1.0,0,0
79218,79472,254,0,NTB,sei lá,79218,79472,254,254,1.0,0,0
82970,83529,559,0,NTB,nũ sei,82970,83529,559,559,1.0,0,0
89410,90328,918,0,GE-Phrase,224,88270,90113,1843,703,0.766,1140,215
89410,90328,918,0,GE-Phrase,225,90113,92132,2019,215,0.234,-703,-1804
89410,90328,918,0,NTB,na verdade,89410,90328,918,918,1.0,0,0
111080,111933,853,0,GE-Phrase,233,110395,111156,761,76,0.089,685,777
111080,111933,853,0,GE-Phrase,234,111156,111929,773,773,0.906,-76,4
111080,111933,853,0,GE-Phrase,235,111929,112681,752,4,0.005,-849,-748
111080,111933,853,0,NTB,do anterior,111080,111933,853,853,1.0,0,0
138505,140133,1628,0,NTB,pouco mais,138505,140133,1628,1628,1.0,0,0
7782,8039,257,0,GE-Phrase,203,7612,9471,1859,257,1.0,170,-1432
7782,8039,257,0,NTB,assim,7782,8039,257,257,1.0,0,0
12059,14017,1958,0,GE-Phrase,205,13467,16449,2982,550,0.281,-1408,-2432
12059,14017,1958,0,NTB,a rua do poste,12059,14017,1958,1958,1.0,0,0
23217,24876,1659,0,GE-Phrase,209,23217,24642,1425,1425,0.859,0,234
23217,24876,1659,0,GE-Phrase,210,24642,25844,1202,234,0.141,-1425,-968
23217,24876,1659,0,NTB,eu acho,23217,24876,1659,1659,1.0,0,0
52845,53049,204,0,NTB,assim,52845,53049,204,204,1.0,0,0
73497,74483,986,0,GE-Phrase,222,72217,74052,1835,555,0.563,1280,431
73497,74483,986,0,NTB,nũ sei por quê,73497,74483,986,986,1.0,0,0
74483,76614,2131,0,NTB,nũ sei aonde,74483,76614,2131,2131,1.0,0,0
79218,79472,254,0,NTB,sei lá,79218,79472,254,254,1.0,0,0
82970,83529,559,0,NTB,nũ sei,82970,83529,559,559,1.0,0,0
89410,90328,918,0,GE-Phrase,224,88270,90113,1843,703,0.766,1140,215
89410,90328,918,0,GE-Phrase,225,90113,92132,2019,215,0.234,-703,-1804
89410,90328,918,0,NTB,na verdade,89410,90328,918,918,1.0,0,0
111080,111933,853,0,GE-Phrase,233,110395,111156,761,76,0.089,685,777
111080,111933,853,0,GE-Phrase,234,111156,111929,773,773,0.906,-76,4
111080,111933,853,0,GE-Phrase,235,111929,112681,752,4,0.005,-849,-748
111080,111933,853,0,NTB,do anterior,111080,111933,853,853,1.0,0,0
138505,140133,1628,0,NTB,pouco mais,138505,140133,1628,1628,1.0,0,0
7782,8039,257,0,GE-Phrase,203,7612,9471,1859,257,1.0,170,-1432
7782,8039,257,0,NTB,assim,7782,8039,257,257,1.0,0,0
12059,14017,1958,0,GE-Phrase,205,13467,16449,2982,550,0.281,-1408,-2432
12059,14017,1958,0,NTB,a rua do poste,12059,14017,1958,1958,1.0,0,0
23217,24876,1659,0,GE-Phrase,209,23217,24642,1425,1425,0.859,0,234
23217,24876,1659,0,GE-Phrase,210,24642,25844,1202,234,0.141,-1425,-968
23217,24876,1659,0,NTB,eu acho,23217,24876,1659,1659,1.0,0,0
52845,53049,204,0,NTB,assim,52845,53049,204,204,1.0,0,0
73497,74483,986,0,GE-Phrase,222,72217,74052,1835,555,0.563,1280,431
73497,74483,986,0,NTB,nũ sei por quê,73497,74483,986,986,1.0,0,0
74483,76614,2131,0,NTB,nũ sei aonde,74483,76614,2131,2131,1.0,0,0
79218,79472,254,0,NTB,sei lá,79218,79472,254,254,1.0,0,0
82970,83529,559,0,NTB,nũ sei,82970,83529,559,559,1.0,0,0
89410,90328,918,0,GE-Phrase,224,88270,90113,1843,703,0.766,1140,215
89410,90328,918,0,GE-Phrase,225,90113,92132,2019,215,0.234,-703,-1804
89410,90328,918,0,NTB,na verdade,89410,90328,918,918,1.0,0,0
111080,111933,853,0,GE-Phrase,233,110395,111156,761,76,0.089,685,777
111080,111933,853,0,GE-Phrase,234,111156,111929,773,773,0.906,-76,4
111080,111933,853,0,GE-Phrase,235,111929,112681,752,4,0.005,-849,-748
111080,111933,853,0,NTB,do anterior,111080,111933,853,853,1.0,0,0
138505,140133,1628,0,NTB,pouco mais,138505,140133,1628,1628,1.0,0,0
7782,8039,257,0,GE-Phrase,203,7612,9471,1859,257,1.0,170,-1432
7782,8039,257,0,NTB,assim,7782,8039,257,257,1.0,0,0
12059,14017,1958,0,GE-Phrase,205,13467,16449,2982,550,0.281,-1408,-2432
12059,14017,1958,0,NTB,a rua do poste,12059,14017,1958,1958,1.0,0,0
23217,24876,1659,0,GE-Phrase,209,23217,24642,1425,1425,0.859,0,234
23217,24876,1659,0,GE-Phrase,210,24642,25844,1202,234,0.141,-1425,-968
23217,24876,1659,0,NTB,eu acho,23217,24876,1659,1659,1.0,0,0
52845,53049,204,0,NTB,assim,52845,53049,204,204,1.0,0,0
73497,74483,986,0,GE-Phrase,222,72217,74052,1835,555,0.563,1280,431
73497,74483,986,0,NTB,nũ sei por quê,73497,74483,986,986,1.0,0,0
74483,76614,2131,0,NTB,nũ sei aonde,74483,76614,2131,2131,1.0,0,0
79218,79472,254,0,NTB,sei lá,79218,79472,254,254,1.0,0,0
82970,83529,559,0,NTB,nũ sei,82970,83529,559,559,1.0,0,0
89410,90328,918,0,GE-Phrase,224,88270,90113,1843,703,0.766,1140,215
89410,90328,918,0,GE-Phrase,225,90113,92132,2019,215,0.234,-703,-1804
89410,90328,918,0,NTB,na verdade,89410,90328,918,918,1.0,0,0
111080,111933,853,0,GE-Phrase,233,110395,111156,761,76,0.089,685,777
111080,111933,853,0,GE-Phrase,234,111156,111929,773,773,0.906,-76,4
111080,111933,853,0,GE-Phrase,235,111929,112681,752,4,0.005,-849,-748
111080,111933,853,0,NTB,do anterior,111080,111933,853,853,1.0,0,0
138505,140133,1628,0,NTB,pouco mais,138505,140133,1628,1628,1.0,0,0
7782,8039,257,0,GE-Phrase,203,7612,9471,1859,257,1.0,170,-1432
7782,8039,257,0,NTB,assim,7782,8039,257,257,1.0,0,0
12059,14017,1958,0,GE-Phrase,205,13467,16449,2982,550,0.281,-1408,-2432
12059,14017,1958,0,NTB,a rua do poste,12059,14017,1958,1958,1.0,0,0
23217,24876,1659,0,GE-Phrase,209,23217,24642,1425,1425,0.859,0,234
23217,24876,1659,0,GE-Phrase,210,24642,25844,1202,234,0.141,-1425,-968
23217,24876,1659,0,NTB,eu acho,23217,24876,1659,1659,1.0,0,0
52845,53049,204,0,NTB,assim,52845,53049,204,204,1.0,0,0
73497,74483,986,0,GE-Phrase,222,72217,74052,1835,555,0.563,1280,431
73497,74483,986,0,NTB,nũ sei por quê,73497,74483,986,986,1.0,0,0
74483,76614,2131,0,NTB,nũ sei aonde,74483,76614,2131,2131,1.0,0,0
79218,79472,254,0,NTB,sei lá,79218,79472,254,254,1.0,0,0
82970,83529,559,0,NTB,nũ sei,82970,83529,559,559,1.0,0,0
89410,90328,918,0,GE-Phrase,224,88270,90113,1843,703,0.766,1140,215
89410,90328,918,0,GE-Phrase,225,90113,92132,2019,215,0.234,-703,-1804
89410,90328,918,0,NTB,na verdade,89410,90328,918,918,1.0,0,0
111080,111933,853,0,GE-Phrase,233,110395,111156,761,76,0.089,685,777
111080,111933,853,0,GE-Phrase,234,111156,111929,773,773,0.906,-76,4
111080,111933,853,0,GE-Phrase,235,111929,112681,752,4,0.005,-849,-748
111080,111933,853,0,NTB,do anterior,111080,111933,853,853,1.0,0,0
138505,140133,1628,0,NTB,pouco mais,138505,140133,1628,1628,1.0,0,0
7782,8039,257,0,GE-Phrase,203,7612,9471,1859,257,1.0,170,-1432
7782,8039,257,0,NTB,assim,7782,8039,257,257,1.0,0,0
12059,14017,1958,0,GE-Phrase,205,13467,16449,2982,550,0.281,-1408,-2432
12059,14017,1958,0,NTB,a rua do poste,12059,14017,1958,1958,1.0,0,0
23217,24876,1659,0,GE-Phrase,209,23217,24642,1425,1425,0.859,0,234
23217,24876,1659,0,GE-Phrase,210,24642,25844,1202,234,0.141,-1425,-968
23217,24876,1659,0,NTB,eu acho,23217,24876,1659,1659,1.0,0,0
52845,53049,204,0,NTB,assim,52845,53049,204,204,1.0,0,0
73497,74483,986,0,GE-Phrase,222,72217,74052,1835,555,0.563,1280,431
73497,74483,986,0,NTB,nũ sei por quê,73497,74483,986,986,1.0,0,0
74483,76614,2131,0,NTB,nũ sei aonde,74483,76614,2131,2131,1.0,0,0
79218,79472,254,0,NTB,sei lá,79218,79472,254,254,1.0,0,0
82970,83529,559,0,NTB,nũ sei,82970,83529,559,559,1.0,0,0
89410,90328,918,0,GE-Phrase,224,88270,90113,1843,703,0.766,1140,215
89410,90328,918,0,GE-Phrase,225,90113,92132,2019,215,0.234,-703,-1804
89410,90328,918,0,NTB,na verdade,89410,90328,918,918,1.0,0,0
111080,111933,853,0,GE-Phrase,233,110395,111156,761,76,0.089,685,777
111080,111933,853,0,GE-Phrase,234,111156,111929,773,773,0.906,-76,4
111080,111933,853,0,GE-Phrase,235,111929,112681,752,4,0.005,-849,-748
111080,111933,853,0,NTB,do anterior,111080,111933,853,853,1.0,0,0
138505,140133,1628,0,NTB,pouco mais,138505,140133,1628,1628,1.0,0,0
7782,8039,257,0,GE-Phrase,203,7612,9471,1859,257,1.0,170,-1432
7782,8039,257,0,NTB,assim,7782,8039,257,257,1.0,0,0
12059,14017,1958,0,GE-Phrase,205,13467,16449,2982,550,0.281,-1408,-2432
12059,14017,1958,0,NTB,a rua do poste,12059,14017,1958,1958,1.0,0,0
23217,24876,1659,0,GE-Phrase,209,23217,24642,1425,1425,0.859,0,234
23217,24876,1659,0,GE-Phrase,210,24642,25844,1202,234,0.141,-1425,-968
23217,24876,1659,0,NTB,eu acho,23217,24876,1659,1659,1.0,0,0
52845,53049,204,0,NTB,assim,52845,53049,204,204,1.0,0,0
73497,74483,986,0,GE-Phrase,222,72217,74052,1835,555,0.563,1280,431
73497,74483,986,0,NTB,nũ sei por quê,73497,74483,986,986,1.0,0,0
74483,76614,2131,0,NTB,nũ sei aonde,74483,76614,2131,2131,1.0,0,0
79218,79472,254,0,NTB,sei lá,79218,79472,254,254,1.0,0,0
82970,83529,559,0,NTB,nũ sei,82970,83529,559,559,1.0,0,0
89410,90328,918,0,GE-Phrase,224,88270,90113,1843,703,0.766,1140,215
89410,90328,918,0,GE-Phrase,225,90113,92132,2019,215,0.234,-703,-1804
89410,90328,918,0,NTB,na verdade,89410,90328,918,918,1.0,0,0
111080,111933,853,0,GE-Phrase,233,110395,111156,761,76,0.089,685,777
111080,111933,853,0,GE-Phrase,234,111156,111929,773,773,0.906,-76,4
111080,111933,853,0,GE-Phrase,235,111929,112681,752,4,0.005,-849,-748
111080,111933,853,0,NTB,do anterior,111080,111933,853,853,1.0,0,0
138505,140133,1628,0,NTB,pouco mais,138505,140133,1628,1628,1.0,0,0
7782,8039,257,0,GE-Phrase,203,7612,9471,1859,257,1.0,170,-1432
7782,8039,257,0,NTB,assim,7782,8039,257,257,1.0,0,0
12059,14017,1958,0,GE-Phrase,205,13467,16449,2982,550,0.281,-1408,-2432
12059,14017,1958,0,NTB,a rua do poste,12059,14017,1958,1958,1.0,0,0
23217,24876,1659,0,GE-Phrase,209,23217,24642,1425,1425,0.859,0,234
23217,24876,1659,0,GE-Phrase,210,24642,25844,1202,234,0.141,-1425,-968
23217,24876,1659,0,NTB,eu acho,23217,24876,1659,1659,1.0,0,0
52845,53049,204,0,NTB,assim,52845,53049,204,204,1.0,0,0
73497,74483,986,0,GE-Phrase,222,72217,74052,1835,555,0.563,1280,431
73497,74483,986,0,NTB,nũ sei por quê,73497,74483,986,986,1.0,0,0
74483,76614,2131,0,NTB,nũ sei aonde,74483,76614,2131,2131,1.0,0,0
79218,79472,254,0,NTB,sei lá,79218,79472,254,254,1.0,0,0
82970,83529,559,0,NTB,nũ sei,82970,83529,559,559,1.0,0,0
89410,90328,918,0,GE-Phrase,224,88270,90113,1843,703,0.766,1140,215
89410,90328,918,0,GE-Phrase,225,90113,92132,2019,215,0.234,-703,-1804
89410,90328,918,0,NTB,na verdade,89410,90328,918,918,1.0,0,0
111080,111933,853,0,GE-Phrase,233,110395,111156,761,76,0.089,685,777
111080,111933,853,0,GE-Phrase,234,111156,111929,773,773,0.906,-76,4
111080,111933,853,0,GE-Phrase,235,111929,112681,752,4,0.005,-849,-748
111080,111933,853,0,NTB,do anterior,111080,111933,853,853,1.0,0,0
138505,140133,1628,0,NTB,pouco mais,138505,140133,1628,1628,1.0,0,0
7782,8039,257,0,GE-Phrase,203,7612,9471,1859,257,1.0,170,-1432
7782,8039,257,0,NTB,assim,7782,8039,257,257,1.0,0,0
12059,14017,1958,0,GE-Phrase,205,13467,16449,2982,550,0.281,-1408,-2432
12059,14017,1958,0,NTB,a rua do poste,12059,14017,1958,1958,1.0,0,0
23217,24876,1659,0,GE-Phrase,209,23217,24642,1425,1425,0.859,0,234
23217,24876,1659,0,GE-Phrase,210,24642,25844,1202,234,0.141,-1425,-968
23217,24876,1659,0,NTB,eu acho,23217,24876,1659,1659,1.0,0,0
52845,53049,204,0,NTB,assim,52845,53049,204,204,1.0,0,0
73497,74483,986,0,GE-Phrase,222,72217,74052,1835,555,0.563,1280,431
73497,74483,986,0,NTB,nũ sei por quê,73497,74483,986,986,1.0,0,0
74483,76614,2131,0,NTB,nũ sei aonde,74483,76614,2131,2131,1.0,0,0
79218,79472,254,0,NTB,sei lá,79218,79472,254,254,1.0,0,0
82970,83529,559,0,NTB,nũ sei,82970,83529,559,559,1.0,0,0
89410,90328,918,0,GE-Phrase,224,88270,90113,1843,703,0.766,1140,215
89410,90328,918,0,GE-Phrase,225,90113,92132,2019,215,0.234,-703,-1804
89410,90328,918,0,NTB,na verdade,89410,90328,918,918,1.0,0,0
111080,111933,853,0,GE-Phrase,233,110395,111156,761,76,0.089,685,777
111080,111933,853,0,GE-Phrase,234,111156,111929,773,773,0.906,-76,4
111080,111933,853,0,GE-Phrase,235,111929,112681,752,4,0.005,-849,-748
111080,111933,853,0,NTB,do anterior,111080,111933,853,853,1.0,0,0
138505,140133,1628,0,NTB,pouco mais,138505,140133,1628,1628,1.0,0,0
7782,8039,257,0,GE-Phrase,203,7612,9471,1859,257,1.0,170,-1432
7782,8039,257,0,NTB,assim,7782,8039,257,257,1.0,0,0
12059,14017,1958,0,GE-Phrase,205,13467,16449,2982,550,0.281,-1408,-2432
12059,14017,1958,0,NTB,a rua do poste,12059,14017,1958,1958,1.0,0,0
23217,24876,1659,0,GE-Phrase,209,23217,24642,1425,1425,0.859,0,234
23217,24876,1659,0,GE-Phrase,210,24642,25844,1202,234,0.141,-1425,-968
23217,24876,1659,0,NTB,eu acho,23217,24876,1659,1659,1.0,0,0
52845,53049,204,0,NTB,assim,52845,53049,204,204,1.0,0,0
73497,74483,986,0,GE-Phrase,222,72217,74052,1835,555,0.563,1280,431
73497,74483,986,0,NTB,nũ sei por quê,73497,74483,986,986,1.0,0,0
74483,76614,2131,0,NTB,nũ sei aonde,74483,76614,2131,2131,1.0,0,0
79218,79472,254,0,NTB,sei lá,79218,79472,254,254,1.0,0,0
82970,83529,559,0,NTB,nũ sei,82970,83529,559,559,1.0,0,0
89410,90328,918,0,GE-Phrase,224,88270,90113,1843,703,0.766,1140,215
89410,90328,918,0,GE-Phrase,225,90113,92132,2019,215,0.234,-703,-1804
89410,90328,918,0,NTB,na verdade,89410,90328,918,918,1.0,0,0
111080,111933,853,0,GE-Phrase,233,110395,111156,761,76,0.089,685,777
111080,111933,853,0,GE-Phrase,234,111156,111929,773,773,0.906,-76,4
111080,111933,853,0,GE-Phrase,235,111929,112681,752,4,0.005,-849,-748
111080,111933,853,0,NTB,do anterior,111080,111933,853,853,1.0,0,0
138505,140133,1628,0,NTB,pouco mais,138505,140133,1628,1628,1.0,0,0
7782,8039,257,0,GE-Phrase,203,7612,9471,1859,257,1.0,170,-1432
7782,8039,257,0,NTB,assim,7782,8039,257,257,1.0,0,0
12059,14017,1958,0,GE-Phrase,205,13467,16449,2982,550,0.281,-1408,-2432
12059,14017,1958,0,NTB,a rua do poste,12059,14017,1958,1958,1.0,0,0
23217,24876,1659,0,GE-Phrase,209,23217,24642,1425,1425,0.859,0,234
23217,24876,1659,0,GE-Phrase,210,24642,25844,1202,234,0.141,-1425,-968
23217,24876,1659,0,NTB,eu acho,23217,24876,1659,1659,1.0,0,0
52845,53049,204,0,NTB,assim,52845,53049,204,204,1.0,0,0
73497,74483,986,0,GE-Phrase,222,72217,74052,1835,555,0.563,1280,431
73497,74483,986,0,NTB,nũ sei por quê,73497,74483,986,986,1.0,0,0
74483,76614,2131,0,NTB,nũ sei aonde,74483,76614,2131,2131,1.0,0,0
79218,79472,254,0,NTB,sei lá,79218,79472,254,254,1.0,0,0
82970,83529,559,0,NTB,nũ sei,82970,83529,559,559,1.0,0,0
89410,90328,918,0,GE-Phrase,224,88270,90113,1843,703,0.766,1140,215
89410,90328,918,0,GE-Phrase,225,90113,92132,2019,215,0.234,-703,-1804
89410,90328,918,0,NTB,na verdade,89410,90328,918,918,1.0,0,0
111080,111933,853,0,GE-Phrase,233,110395,111156,761,76,0.089,685,777
111080,111933,853,0,GE-Phrase,234,111156,111929,773,773,0.906,-76,4
111080,111933,853,0,GE-Phrase,235,111929,112681,752,4,0.005,-849,-748
111080,111933,853,0,NTB,do anterior,111080,111933,853,853,1.0,0,0
138505,140133,1628,0,NTB,pouco mais,138505,140133,1628,1628,1.0,0,0
7782,8039,257,0,GE-Phrase,203,7612,9471,1859,257,1.0,170,-1432
7782,8039,257,0,NTB,assim,7782,8039,257,257,1.0,0,0
12059,14017,1958,0,GE-Phrase,205,13467,16449,2982,550,0.281,-1408,-2432
12059,14017,1958,0,NTB,a rua do poste,12059,14017,1958,1958,1.0,0,0
23217,24876,1659,0,GE-Phrase,209,23217,24642,1425,1425,0.859,0,234
23217,24876,1659,0,GE-Phrase,210,24642,25844,1202,234,0.141,-1425,-968
23217,24876,1659,0,NTB,eu acho,23217,24876,1659,1659,1.0,0,0
52845,53049,204,0,NTB,assim,52845,53049,204,204,1.0,0,0
73497,74483,986,0,GE-Phrase,222,72217,74052,1835,555,0.563,1280,431
73497,74483,986,0,NTB,nũ sei por quê,73497,74483,986,986,1.0,0,0
74483,76614,2131,0,NTB,nũ sei aonde,74483,76614,2131,2131,1.0,0,0
79218,79472,254,0,NTB,sei lá,79218,79472,254,254,1.0,0,0
82970,83529,559,0,NTB,nũ sei,82970,83529,559,559,1.0,0,0
89410,90328,918,0,GE-Phrase,224,88270,90113,1843,703,0.766,1140,215
89410,90328,918,0,GE-Phrase,225,90113,92132,2019,215,0.234,-703,-1804
89410,90328,918,0,NTB,na verdade,89410,90328,918,918,1.0,0,0
111080,111933,853,0,GE-Phrase,233,110395,111156,761,76,0.089,685,777
111080,111933,853,0,GE-Phrase,234,111156,111929,773,773,0.906,-76,4
111080,111933,853,0,GE-Phrase,235,111929,112681,752,4,0.005,-849,-748
111080,111933,853,0,NTB,do anterior,111080,111933,853,853,1.0,0,0
138505,140133,1628,0,NTB,pouco mais,138505,140133,1628,1628,1.0,0,0
7782,8039,257,0,GE-Phrase,203,7612,9471,1859,257,1.0,170,-1432
7782,8039,257,0,NTB,assim,7782,8039,257,257,1.0,0,0
12059,14017,1958,0,GE-Phrase,205,13467,16449,2982,550,0.281,-1408,-2432
12059,14017,1958,0,NTB,a rua do poste,12059,14017,1958,1958,1.0,0,0
23217,24876,1659,0,GE-Phrase,209,23217,24642,1425,1425,0.859,0,234
23217,24876,1659,0,GE-Phrase,210,24642,25844,1202,234,0.141,-1425,-968
23217,24876,1659,0,NTB,eu acho,23217,24876,1659,1659,1.0,0,0
52845,53049,204,0,NTB,assim,52845,53049,204,204,1.0,0,0
73497,74483,986,0,GE-Phrase,222,72217,74052,1835,555,0.563,1280,431
73497,74483,986,0,NTB,nũ sei por quê,73497,74483,986,986,1.0,0,0
74483,76614,2131,0,NTB,nũ sei aonde,74483,76614,2131,2131,1.0,0,0
79218,79472,254,0,NTB,sei lá,79218,79472,254,254,1.0,0,0
82970,83529,559,0,NTB,nũ sei,82970,83529,559,559,1.0,0,0
89410,90328,918,0,GE-Phrase,224,88270,90113,1843,703,0.766,1140,215
89410,90328,918,0,GE-Phrase,225,90113,92132,2019,215,0.234,-703,-1804
89410,90328,918,0,NTB,na verdade,89410,90328,918,918,1.0,0,0
111080,111933,853,0,GE-Phrase,233,110395,111156,761,76,0.089,685,777
111080,111933,853,0,GE-Phrase,234,111156,111929,773,773,0.906,-76,4
111080,111933,853,0,GE-Phrase,235,111929,112681,752,4,0.005,-849,-748
111080,111933,853,0,NTB,do anterior,111080,111933,853,853,1.0,0,0
138505,140133,1628,0,NTB,pouco mais,138505,140133,1628,1628,1.0,0,0
7782,8039,257,0,GE-Phrase,203,7612,9471,1859,257,1.0,170,-1432
7782,8039,257,0,NTB,assim,7782,8039,257,257,1.0,0,0
12059,14017,1958,0,GE-Phrase,205,13467,16449,2982,550,0.281,-1408,-2432
12059,14017,1958,0,NTB,a rua do poste,12059,14017,1958,1958,1.0,0,0
23217,24876,1659,0,GE-Phrase,209,23217,24642,1425,1425,0.859,0,234
23217,24876,1659,0,GE-Phrase,210,24642,25844,1202,234,0.141,-1425,-968
23217,24876,1659,0,NTB,eu acho,23217,24876,1659,1659,1.0,0,0
52845,53049,204,0,NTB,assim,52845,53049,204,204,1.0,0,0
73497,74483,986,0,GE-Phrase,222,72217,74052,1835,555,0.563,1280,431
73497,74483,986,0,NTB,nũ sei por quê,73497,74483,986,986,1.0,0,0
74483,76614,2131,0,NTB,nũ sei aonde,74483,76614,2131,2131,1.0,0,0
79218,79472,254,0,NTB,sei lá,79218,79472,254,254,1.0,0,0
82970,83529,559,0,NTB,nũ sei,82970,83529,559,559,1.0,0,0
89410,90328,918,0,GE-Phrase,224,88270,90113,1843,703,0.766,1140,215
89410,90328,918,0,GE-Phrase,225,90113,92132,2019,215,0.234,-703,-1804
89410,90328,918,0,NTB,na verdade,89410,90328,918,918,1.0,0,0
111080,111933,853,0,GE-Phrase,233,110395,111156,761,76,0.089,685,777
111080,111933,853,0,GE-Phrase,234,111156,111929,773,773,0.906,-76,4
111080,111933,853,0,GE-Phrase,235,111929,112681,752,4,0.005,-849,-748
111080,111933,853,0,NTB,do anterior,111080,111933,853,853,1.0,0,0
138505,140133,1628,0,NTB,pouco mais,138505,140133,1628,1628,1.0,0,0
7782,8039,257,0,GE-Phrase,203,7612,9471,1859,257,1.0,170,-1432
7782,8039,257,0,NTB,assim,7782,8039,257,257,1.0,0,0
12059,14017,1958,0,GE-Phrase,205,13467,16449,2982,550,0.281,-1408,-2432
12059,14017,1958,0,NTB,a rua do poste,12059,14017,1958,1958,1.0,0,0
23217,24876,1659,0,GE-Phrase,209,23217,24642,1425,1425,0.859,0,234
23217,24876,1659,0,GE-Phrase,210,24642,25844,1202,234,0.141,-1425,-968
23217,24876,1659,0,NTB,eu acho,23217,24876,1659,1659,1.0,0,0
52845,53049,204,0,NTB,assim,52845,53049,204,204,1.0,0,0
73497,74483,986,0,GE-Phrase,222,72217,74052,1835,555,0.563,1280,431
73497,74483,986,0,NTB,nũ sei por quê,73497,74483,986,986,1.0,0,0
74483,76614,2131,0,NTB,nũ sei aonde,74483,76614,2131,2131,1.0,0,0
79218,79472,254,0,NTB,sei lá,79218,79472,254,254,1.0,0,0
82970,83529,559,0,NTB,nũ sei,82970,83529,559,559,1.0,0,0
89410,90328,918,0,GE-Phrase,224,88270,90113,1843,703,0.766,1140,215
89410,90328,918,0,GE-Phrase,225,90113,92132,2019,215,0.234,-703,-1804
89410,90328,918,0,NTB,na verdade,89410,90328,918,918,1.0,0,0
111080,111933,853,0,GE-Phrase,233,110395,111156,761,76,0.089,685,777
111080,111933,853,0,GE-Phrase,234,111156,111929,773,773,0.906,-76,4
111080,111933,853,0,GE-Phrase,235,111929,112681,752,4,0.005,-849,-748
111080,111933,853,0,NTB,do anterior,111080,111933,853,853,1.0,0,0
138505,140133,1628,0,NTB,pouco mais,138505,140133,1628,1628,1.0,0,0
7782,8039,257,0,GE-Phrase,203,7612,9471,1859,257,1.0,170,-1432
7782,8039,257,0,NTB,assim,7782,8039,257,257,1.0,0,0
12059,14017,1958,0,GE-Phrase,205,13467,16449,2982,550,0.281,-1408,-2432
12059,14017,1958,0,NTB,a rua do poste,12059,14017,1958,1958,1.0,0,0
23217,24876,1659,0,GE-Phrase,209,23217,24642,1425,1425,0.859,0,234
23217,24876,1659,0,GE-Phrase,210,24642,25844,1202,234,0.141,-1425,-968
23217,24876,1659,0,NTB,eu acho,23217,24876,1659,1659,1.0,0,0
52845,53049,204,0,NTB,assim,52845,53049,204,204,1.0,0,0
73497,74483,986,0,GE-Phrase,222,72217,74052,1835,555,0.563,1280,431
73497,74483,986,0,NTB,nũ sei por quê,73497,74483,986,986,1.0,0,0
74483,76614,2131,0,NTB,nũ sei aonde,74483,76614,2131,2131,1.0,0,0
79218,79472,254,0,NTB,sei lá,79218,79472,254,254,1.0,0,0
82970,83529,559,0,NTB,nũ sei,82970,83529,559,559,1.0,0,0
89410,90328,918,0,GE-Phrase,224,88270,90113,1843,703,0.766,1140,215
89410,90328,918,0,GE-Phrase,225,90113,92132,2019,215,0.234,-703,-1804
89410,90328,918,0,NTB,na verdade,89410,90328,918,918,1.0,0,0
111080,111933,853,0,GE-Phrase,233,110395,111156,761,76,0.089,685,777
111080,111933,853,0,GE-Phrase,234,111156,111929,773,773,0.906,-76,4
111080,111933,853,0,GE-Phrase,235,111929,112681,752,4,0.005,-849,-748
111080,111933,853,0,NTB,do anterior,111080,111933,853,853,1.0,0,0
138505,140133,1628,0,NTB,pouco mais,138505,140133,1628,1628,1.0,0,0
7782,8039,257,0,GE-Phrase,203,7612,9471,1859,257,1.0,170,-1432
7782,8039,257,0,NTB,assim,7782,8039,257,257,1.0,0,0
12059,14017,1958,0,GE-Phrase,205,13467,16449,2982,550,0.281,-1408,-2432
12059,14017,1958,0,NTB,a rua do poste,12059,14017,1958,1958,1.0,0,0
23217,24876,1659,0,GE-Phrase,209,23217,24642,1425,1425,0.859,0,234
23217,24876,1659,0,GE-Phrase,210,24642,25844,1202,234,0.141,-1425,-968
23217,24876,1659,0,NTB,eu acho,23217,24876,1659,1659,1.0,0,0
52845,53049,204,0,NTB,assim,52845,53049,204,204,1.0,0,0
73497,74483,986,0,GE-Phrase,222,72217,74052,1835,555,0.563,1280,431
73497,74483,986,0,NTB,nũ sei por quê,73497,74483,986,986,1.0,0,0
74483,76614,2131,0,NTB,nũ sei aonde,74483,76614,2131,2131,1.0,0,0
79218,79472,254,0,NTB,sei lá,79218,79472,254,254,1.0,0,0
82970,83529,559,0,NTB,nũ sei,82970,83529,559,559,1.0,0,0
89410,90328,918,0,GE-Phrase,224,88270,90113,1843,703,0.766,1140,215
89410,90328,918,0,GE-Phrase,225,90113,92132,2019,215,0.234,-703,-1804
89410,90328,918,0,NTB,na verdade,89410,90328,918,918,1.0,0,0
111080,111933,853,0,GE-Phrase,233,110395,111156,761,76,0.089,685,777
111080,111933,853,0,GE-Phrase,234,111156,111929,773,773,0.906,-76,4
111080,111933,853,0,GE-Phrase,235,111929,112681,752,4,0.005,-849,-748
111080,111933,853,0,NTB,do anterior,111080,111933,853,853,1.0,0,0
138505,140133,1628,0,NTB,pouco mais,138505,140133,1628,1628,1.0,0,0
7782,8039,257,0,GE-Phrase,203,7612,9471,1859,257,1.0,170,-1432
7782,8039,257,0,NTB,assim,7782,8039,257,257,1.0,0,0
12059,14017,1958,0,GE-Phrase,205,13467,16449,2982,550,0.281,-1408,-2432
12059,14017,1958,0,NTB,a rua do poste,12059,14017,1958,1958,1.0,0,0
23217,24876,1659,0,GE-Phrase,209,23217,24642,1425,1425,0.859,0,234
23217,24876,1659,0,GE-Phrase,210,24642,25844,1202,234,0.141,-1425,-968
23217,24876,1659,0,NTB,eu acho,23217,24876,1659,1659,1.0,0,0
52845,53049,204,0,NTB,assim,52845,53049,204,204,1.0,0,0
73497,74483,986,0,GE-Phrase,222,72217,74052,1835,555,0.563,1280,431
73497,74483,986,0,NTB,nũ sei por quê,73497,74483,986,986,1.0,0,0
74483,76614,2131,0,NTB,nũ sei aonde,74483,76614,2131,2131,1.0,0,0
79218,79472,254,0,NTB,sei lá,79218,79472,254,254,1.0,0,0
82970,83529,559,0,NTB,nũ sei,82970,83529,559,559,1.0,0,0
89410,90328,918,0,GE-Phrase,224,88270,90113,1843,703,0.766,1140,215
89410,90328,918,0,GE-Phrase,225,90113,92132,2019,215,0.234,-703,-1804
89410,90328,918,0,NTB,na verdade,89410,90328,918,918,1.0,0,0
111080,111933,853,0,GE-Phrase,233,110395,111156,761,76,0.089,685,777
111080,111933,853,0,GE-Phrase,234,111156,111929,773,773,0.906,-76,4
111080,111933,853,0,GE-Phrase,235,111929,112681,752,4,0.005,-849,-748
111080,111933,853,0,NTB,do anterior,111080,111933,853,853,1.0,0,0
138505,140133,1628,0,NTB,pouco mais,138505,140133,1628,1628,1.0,0,0
7782,8039,257,0,GE-Phrase,203,7612,9471,1859,257,1.0,170,-1432
7782,8039,257,0,NTB,assim,7782,8039,257,257,1.0,0,0
12059,14017,1958,0,GE-Phrase,205,13467,16449,2982,550,0.281,-1408,-2432
12059,14017,1958,0,NTB,a rua do poste,12059,14017,1958,1958,1.0,0,0
23217,24876,1659,0,GE-Phrase,209,23217,24642,1425,1425,0.859,0,234
23217,24876,1659,0,GE-Phrase,210,24642,25844,1202,234,0.141,-1425,-968
23217,24876,1659,0,NTB,eu acho,23217,24876,1659,1659,1.0,0,0
52845,53049,204,0,NTB,assim,52845,53049,204,204,1.0,0,0
73497,74483,986,0,GE-Phrase,222,72217,74052,1835,555,0.563,1280,431
73497,74483,986,0,NTB,nũ sei por quê,73497,74483,986,986,1.0,0,0
74483,76614,2131,0,NTB,nũ sei aonde,74483,76614,2131,2131,1.0,0,0
79218,79472,254,0,NTB,sei lá,79218,79472,254,254,1.0,0,0
82970,83529,559,0,NTB,nũ sei,82970,83529,559,559,1.0,0,0
89410,90328,918,0,GE-Phrase,224,88270,90113,1843,703,0.766,1140,215
89410,90328,918,0,GE-Phrase,225,90113,92132,2019,215,0.234,-703,-1804
89410,90328,918,0,NTB,na verdade,89410,90328,918,918,1.0,0,0
111080,111933,853,0,GE-Phrase,233,110395,111156,761,76,0.089,685,777
111080,111933,853,0,GE-Phrase,234,111156,111929,773,773,0.906,-76,4
111080,111933,853,0,GE-Phrase,235,111929,112681,752,4,0.005,-849,-748
111080,111933,853,0,NTB,do anterior,111080,111933,853,853,1.0,0,0
138505,140133,1628,0,NTB,pouco mais,138505,140133,1628,1628,1.0,0,0
7782,8039,257,0,GE-Phrase,203,7612,9471,1859,257,1.0,170,-1432
7782,8039,257,0,NTB,assim,7782,8039,257,257,1.0,0,0
12059,14017,1958,0,GE-Phrase,205,13467,16449,2982,550,0.281,-1408,-2432
12059,14017,1958,0,NTB,a rua do poste,12059,14017,1958,1958,1.0,0,0
23217,24876,1659,0,GE-Phrase,209,23217,24642,1425,1425,0.859,0,234
23217,24876,1659,0,GE-Phrase,210,24642,25844,1202,234,0.141,-1425,-968
23217,24876,1659,0,NTB,eu acho,23217,24876,1659,1659,1.0,0,0
52845,53049,204,0,NTB,assim,52845,53049,204,204,1.0,0,0
73497,74483,986,0,GE-Phrase,222,72217,74052,1835,555,0.563,1280,431
73497,74483,986,0,NTB,nũ sei por quê,73497,74483,986,986,1.0,0,0
74483,76614,2131,0,NTB,nũ sei aonde,74483,76614,2131,2131,1.0,0,0
79218,79472,254,0,NTB,sei lá,79218,79472,254,254,1.0,0,0
82970,83529,559,0,NTB,nũ sei,82970,83529,559,559,1.0,0,0
89410,90328,918,0,GE-Phrase,224,88270,90113,1843,703,0.766,1140,215
89410,90328,918,0,GE-Phrase,225,90113,92132,2019,215,0.234,-703,-1804
89410,90328,918,0,NTB,na verdade,89410,90328,918,918,1.0,0,0
111080,111933,853,0,GE-Phrase,233,110395,111156,761,76,0.089,685,777
111080,111933,853,0,GE-Phrase,234,111156,111929,773,773,0.906,-76,4
111080,111933,853,0,GE-Phrase,235,111929,112681,752,4,0.005,-849,-748
111080,111933,853,0,NTB,do anterior,111080,111933,853,853,1.0,0,0
138505,140133,1628,0,NTB,pouco mais,138505,140133,1628,1628,1.0,0,0
7782,8039,257,0,GE-Phrase,203,7612,9471,1859,257,1.0,170,-1432
7782,8039,257,0,NTB,assim,7782,8039,257,257,1.0,0,0
12059,14017,1958,0,GE-Phrase,205,13467,16449,2982,550,0.281,-1408,-2432
12059,14017,1958,0,NTB,a rua do poste,12059,14017,1958,1958,1.0,0,0
23217,24876,1659,0,GE-Phrase,209,23217,24642,1425,1425,0.859,0,234
23217,24876,1659,0,GE-Phrase,210,24642,25844,1202,234,0.141,-1425,-968
23217,24876,1659,0,NTB,eu acho,23217,24876,1659,1659,1.0,0,0
52845,53049,204,0,NTB,assim,52845,53049,204,204,1.0,0,0
73497,74483,986,0,GE-Phrase,222,72217,74052,1835,555,0.563,1280,431
73497,74483,986,0,NTB,nũ sei por quê,73497,74483,986,986,1.0,0,0
74483,76614,2131,0,NTB,nũ sei aonde,74483,76614,2131,2131,1.0,0,0
79218,79472,254,0,NTB,sei lá,79218,79472,254,254,1.0,0,0
82970,83529,559,0,NTB,nũ sei,82970,83529,559,559,1.0,0,0
89410,90328,918,0,GE-Phrase,224,88270,90113,1843,703,0.766,1140,215
89410,90328,918,0,GE-Phrase,225,90113,92132,2019,215,0.234,-703,-1804
89410,90328,918,0,NTB,na verdade,89410,90328,918,918,1.0,0,0
111080,111933,853,0,GE-Phrase,233,110395,111156,761,76,0.089,685,777
111080,111933,853,0,GE-Phrase,234,111156,111929,773,773,0.906,-76,4
111080,111933,853,0,GE-Phrase,235,111929,112681,752,4,0.005,-849,-748
111080,111933,853,0,NTB,do anterior,111080,111933,853,853,1.0,0,0
138505,140133,1628,0,NTB,pouco mais,138505,140133,1628,1628,1.0,0,0
7782,8039,257,0,GE-Phrase,203,7612,9471,1859,257,1.0,170,-1432
7782,8039,257,0,NTB,assim,7782,8039,257,257,1.0,0,0
12059,14017,1958,0,GE-Phrase,205,13467,16449,2982,550,0.281,-1408,-2432
12059,14017,1958,0,NTB,a rua do poste,12059,14017,1958,1958,1.0,0,0
23217,24876,1659,0,GE-Phrase,209,23217,24642,1425,1425,0.859,0,234
23217,24876,1659,0,GE-Phrase,210,24642,25844,1202,234,0.141,-1425,-968
23217,24876,1659,0,NTB,eu acho,23217,24876,1659,1659,1.0,0,0
52845,53049,204,0,NTB,assim,52845,53049,204,204,1.0,0,0
73497,74483,986,0,GE-Phrase,222,72217,74052,1835,555,0.563,1280,431
73497,74483,986,0,NTB,nũ sei por quê,73497,74483,986,986,1.0,0,0
74483,76614,2131,0,NTB,nũ sei aonde,74483,76614,2131,2131,1.0,0,0
79218,79472,254,0,NTB,sei lá,79218,79472,254,254,1.0,0,0
82970,83529,559,0,NTB,nũ sei,82970,83529,559,559,1.0,0,0
89410,90328,918,0,GE-Phrase,224,88270,90113,1843,703,0.766,1140,215
89410,90328,918,0,GE-Phrase,225,90113,92132,2019,215,0.234,-703,-1804
89410,90328,918,0,NTB,na verdade,89410,90328,918,918,1.0,0,0
111080,111933,853,0,GE-Phrase,233,110395,111156,761,76,0.089,685,777
111080,111933,853,0,GE-Phrase,234,111156,111929,773,773,0.906,-76,4
111080,111933,853,0,GE-Phrase,235,111929,112681,752,4,0.005,-849,-748
111080,111933,853,0,NTB,do anterior,111080,111933,853,853,1.0,0,0
138505,140133,1628,0,NTB,pouco mais,138505,140133,1628,1628,1.0,0,0
7782,8039,257,0,GE-Phrase,203,7612,9471,1859,257,1.0,170,-1432
7782,8039,257,0,NTB,assim,7782,8039,257,257,1.0,0,0
12059,14017,1958,0,GE-Phrase,205,13467,16449,2982,550,0.281,-1408,-2432
12059,14017,1958,0,NTB,a rua do poste,12059,14017,1958,1958,1.0,0,0
23217,24876,1659,0,GE-Phrase,209,23217,24642,1425,1425,0.859,0,234
23217,24876,1659,0,GE-Phrase,210,24642,25844,1202,234,0.141,-1425,-968
23217,24876,1659,0,NTB,eu acho,23217,24876,1659,1659,1.0,0,0
52845,53049,204,0,NTB,assim,52845,53049,204,204,1.0,0,0
73497,74483,986,0,GE-Phrase,222,72217,74052,1835,555,0.563,1280,431
73497,74483,986,0,NTB,nũ sei por quê,73497,74483,986,986,1.0,0,0
74483,76614,2131,0,NTB,nũ sei aonde,74483,76614,2131,2131,1.0,0,0
79218,79472,254,0,NTB,sei lá,79218,79472,254,254,1.0,0,0
82970,83529,559,0,NTB,nũ sei,82970,83529,559,559,1.0,0,0
89410,90328,918,0,GE-Phrase,224,88270,90113,1843,703,0.766,1140,215
89410,90328,918,0,GE-Phrase,225,90113,92132,2019,215,0.234,-703,-1804
89410,90328,918,0,NTB,na verdade,89410,90328,918,918,1.0,0,0
111080,111933,853,0,GE-Phrase,233,110395,111156,761,76,0.089,685,777
111080,111933,853,0,GE-Phrase,234,111156,111929,773,773,0.906,-76,4
111080,111933,853,0,GE-Phrase,235,111929,112681,752,4,0.005,-849,-748
111080,111933,853,0,NTB,do anterior,111080,111933,853,853,1.0,0,0
138505,140133,1628,0,NTB,pouco mais,138505,140133,1628,1628,1.0,0,0
7782,8039,257,0,GE-Phrase,203,7612,9471,1859,257,1.0,170,-1432
7782,8039,257,0,NTB,assim,7782,8039,257,257,1.0,0,0
12059,14017,1958,0,GE-Phrase,205,13467,16449,2982,550,0.281,-1408,-2432
12059,14017,1958,0,NTB,a rua do poste,12059,14017,1958,1958,1.0,0,0
23217,24876,1659,0,GE-Phrase,209,23217,24642,1425,1425,0.859,0,234
23217,24876,1659,0,GE-Phrase,210,24642,25844,1202,234,0.141,-1425,-968
23217,24876,1659,0,NTB,eu acho,23217,24876,1659,1659,1.0,0,0
52845,53049,204,0,NTB,assim,52845,53049,204,204,1.0,0,0
73497,74483,986,0,GE-Phrase,222,72217,74052,1835,555,0.563,1280,431
73497,74483,986,0,NTB,nũ sei por quê,73497,74483,986,986,1.0,0,0
74483,76614,2131,0,NTB,nũ sei aonde,74483,76614,2131,2131,1.0,0,0
79218,79472,254,0,NTB,sei lá,79218,79472,254,254,1.0,0,0
82970,83529,559,0,NTB,nũ sei,82970,83529,559,559,1.0,0,0
89410,90328,918,0,GE-Phrase,224,88270,90113,1843,703,0.766,1140,215
89410,90328,918,0,GE-Phrase,225,90113,92132,2019,215,0.234,-703,-1804
89410,90328,918,0,NTB,na verdade,89410,90328,918,918,1.0,0,0
111080,111933,853,0,GE-Phrase,233,110395,111156,761,76,0.089,685,777
111080,111933,853,0,GE-Phrase,234,111156,111929,773,773,0.906,-76,4
111080,111933,853,0,GE-Phrase,235,111929,112681,752,4,0.005,-849,-748
111080,111933,853,0,NTB,do anterior,111080,111933,853,853,1.0,0,0
138505,140133,1628,0,NTB,pouco mais,138505,140133,1628,1628,1.0,0,0
7782,8039,257,0,GE-Phrase,203,7612,9471,1859,257,1.0,170,-1432
7782,8039,257,0,NTB,assim,7782,8039,257,257,1.0,0,0
12059,14017,1958,0,GE-Phrase,205,13467,16449,2982,550,0.281,-1408,-2432
12059,14017,1958,0,NTB,a rua do poste,12059,14017,1958,1958,1.0,0,0
23217,24876,1659,0,GE-Phrase,209,23217,24642,1425,1425,0.859,0,234
23217,24876,1659,0,GE-Phrase,210,24642,25844,1202,234,0.141,-1425,-968
23217,24876,1659,0,NTB,eu acho,23217,24876,1659,1659,1.0,0,0
52845,53049,204,0,NTB,assim,52845,53049,204,204,1.0,0,0
73497,74483,986,0,GE-Phrase,222,72217,74052,1835,555,0.563,1280,431
73497,74483,986,0,NTB,nũ sei por quê,73497,74483,986,986,1.0,0,0
74483,76614,2131,0,NTB,nũ sei aonde,74483,76614,2131,2131,1.0,0,0
79218,79472,254,0,NTB,sei lá,79218,79472,254,254,1.0,0,0
82970,83529,559,0,NTB,nũ sei,82970,83529,559,559,1.0,0,0
89410,90328,918,0,GE-Phrase,224,88270,90113,1843,703,0.766,1140,215
89410,90328,918,0,GE-Phrase,225,90113,92132,2019,215,0.234,-703,-1804
89410,90328,918,0,NTB,na verdade,89410,90328,918,918,1.0,0,0
111080,111933,853,0,GE-Phrase,233,110395,111156,761,76,0.089,685,777
111080,111933,853,0,GE-Phrase,234,111156,111929,773,773,0.906,-76,4
111080,111933,853,0,GE-Phrase,235,111929,112681,752,4,0.005,-849,-748
111080,111933,853,0,NTB,do anterior,111080,111933,853,853,1.0,0,0
138505,140133,1628,0,NTB,pouco mais,138505,140133,1628,1628,1.0,0,0
7782,8039,257,0,GE-Phrase,203,7612,9471,1859,257,1.0,170,-1432
7782,8039,257,0,NTB,assim,7782,8039,257,257,1.0,0,0
12059,14017,1958,0,GE-Phrase,205,13467,16449,2982,550,0.281,-1408,-2432
12059,14017,1958,0,NTB,a rua do poste,12059,14017,1958,1958,1.0,0,0
23217,24876,1659,0,GE-Phrase,209,23217,24642,1425,1425,0.859,0,234
23217,24876,1659,0,GE-Phrase,210,24642,25844,1202,234,0.141,-1425,-968
23217,24876,1659,0,NTB,eu acho,23217,24876,1659,1659,1.0,0,0
52845,53049,204,0,NTB,assim,52845,53049,204,204,1.0,0,0
73497,74483,986,0,GE-Phrase,222,72217,74052,1835,555,0.563,1280,431
73497,74483,986,0,NTB,nũ sei por quê,73497,74483,986,986,1.0,0,0
74483,76614,2131,0,NTB,nũ sei aonde,74483,76614,2131,2131,1.0,0,0
79218,79472,254,0,NTB,sei lá,79218,79472,254,254,1.0,0,0
82970,83529,559,0,NTB,nũ sei,82970,83529,559,559,1.0,0,0
89410,90328,918,0,GE-Phrase,224,88270,90113,1843,703,0.766,1140,215
89410,90328,918,0,GE-Phrase,225,90113,92132,2019,215,0.234,-703,-1804
89410,90328,918,0,NTB,na verdade,89410,90328,918,918,1.0,0,0
111080,111933,853,0,GE-Phrase,233,110395,111156,761,76,0.089,685,777
111080,111933,853,0,GE-Phrase,234,111156,111929,773,773,0.906,-76,4
111080,111933,853,0,GE-Phrase,235,111929,112681,752,4,0.005,-849,-748
111080,111933,853,0,NTB,do anterior,111080,111933,853,853,1.0,0,0
138505,140133,1628,0,NTB,pouco mais,138505,140133,1628,1628,1.0,0,0
7782,8039,257,0,GE-Phrase,203,7612,9471,1859,257,1.0,170,-1432
7782,8039,257,0,NTB,assim,7782,8039,257,257,1.0,0,0
12059,14017,1958,0,GE-Phrase,205,13467,16449,2982,550,0.281,-1408,-2432
12059,14017,1958,0,NTB,a rua do poste,12059,14017,1958,1958,1.0,0,0
23217,24876,1659,0,GE-Phrase,209,23217,24642,1425,1425,0.859,0,234
23217,24876,1659,0,GE-Phrase,210,24642,25844,1202,234,0.141,-1425,-968
23217,24876,1659,0,NTB,eu acho,23217,24876,1659,1659,1.0,0,0
52845,53049,204,0,NTB,assim,52845,53049,204,204,1.0,0,0
73497,74483,986,0,GE-Phrase,222,72217,74052,1835,555,0.563,1280,431
73497,74483,986,0,NTB,nũ sei por quê,73497,74483,986,986,1.0,0,0
74483,76614,2131,0,NTB,nũ sei aonde,74483,76614,2131,2131,1.0,0,0
79218,79472,254,0,NTB,sei lá,79218,79472,254,254,1.0,0,0
82970,83529,559,0,NTB,nũ sei,82970,83529,559,559,1.0,0,0
89410,90328,918,0,GE-Phrase,224,88270,90113,1843,703,0.766,1140,215
89410,90328,918,0,GE-Phrase,225,90113,92132,2019,215,0.234,-703,-1804
89410,90328,918,0,NTB,na verdade,89410,90328,918,918,1.0,0,0
111080,111933,853,0,GE-Phrase,233,110395,111156,761,76,0.089,685,777
111080,111933,853,0,GE-Phrase,234,111156,111929,773,773,0.906,-76,4
111080,111933,853,0,GE-Phrase,235,111929,112681,752,4,0.005,-849,-748
111080,111933,853,0,NTB,do anterior,111080,111933,853,853,1.0,0,0
138505,140133,1628,0,NTB,pouco mais,138505,140133,1628,1628,1.0,0,0
7782,8039,257,0,GE-Phrase,203,7612,9471,1859,257,1.0,170,-1432
7782,8039,257,0,NTB,assim,7782,8039,257,257,1.0,0,0
12059,14017,1958,0,GE-Phrase,205,13467,16449,2982,550,0.281,-1408,-2432
12059,14017,1958,0,NTB,a rua do poste,12059,14017,1958,1958,1.0,0,0
23217,24876,1659,0,GE-Phrase,209,23217,24642,1425,1425,0.859,0,234
23217,24876,1659,0,GE-Phrase,210,24642,25844,1202,234,0.141,-1425,-968
23217,24876,1659,0,NTB,eu acho,23217,24876,1659,1659,1.0,0,0
52845,53049,204,0,NTB,assim,52845,53049,204,204,1.0,0,0
73497,74483,986,0,GE-Phrase,222,72217,74052,1835,555,0.563,1280,431
73497,74483,986,0,NTB,nũ sei por quê,73497,74483,986,986,1.0,0,0
74483,76614,2131,0,NTB,nũ sei aonde,74483,76614,2131,2131,1.0,0,0
79218,79472,254,0,NTB,sei lá,79218,79472,254,254,1.0,0,0
82970,83529,559,0,NTB,nũ sei,82970,83529,559,559,1.0,0,0
89410,90328,918,0,GE-Phrase,224,88270,90113,1843,703,0.766,1140,215
89410,90328,918,0,GE-Phrase,225,90113,92132,2019,215,0.234,-703,-1804
89410,90328,918,0,NTB,na verdade,89410,90328,918,918,1.0,0,0
111080,111933,853,0,GE-Phrase,233,110395,111156,761,76,0.089,685,777
111080,111933,853,0,GE-Phrase,234,111156,111929,773,773,0.906,-76,4
111080,111933,853,0,GE-Phrase,235,111929,112681,752,4,0.005,-849,-748
111080,111933,853,0,NTB,do anterior,111080,111933,853,853,1.0,0,0
138505,140133,1628,0,NTB,pouco mais,138505,140133,1628,1628,1.0,0,0
7782,8039,257,0,GE-Phrase,203,7612,9471,1859,257,1.0,170,-1432
7782,8039,257,0,NTB,assim,7782,8039,257,257,1.0,0,0
12059,14017,1958,0,GE-Phrase,205,13467,16449,2982,550,0.281,-1408,-2432
12059,14017,1958,0,NTB,a rua do poste,12059,14017,1958,1958,1.0,0,0
23217,24876,1659,0,GE-Phrase,209,23217,24642,1425,1425,0.859,0,234
23217,24876,1659,0,GE-Phrase,210,24642,25844,1202,234,0.141,-1425,-968
23217,24876,1659,0,NTB,eu acho,23217,24876,1659,1659,1.0,0,0
52845,53049,204,0,NTB,assim,52845,53049,204,204,1.0,0,0
73497,74483,986,0,GE-Phrase,222,72217,74052,1835,555,0.563,1280,431
73497,74483,986,0,NTB,nũ sei por quê,73497,74483,986,986,1.0,0,0
74483,76614,2131,0,NTB,nũ sei aonde,74483,76614,2131,2131,1.0,0,0
79218,79472,254,0,NTB,sei lá,79218,79472,254,254,1.0,0,0
82970,83529,559,0,NTB,nũ sei,82970,83529,559,559,1.0,0,0
89410,90328,918,0,GE-Phrase,224,88270,90113,1843,703,0.766,1140,215
89410,90328,918,0,GE-Phrase,225,90113,92132,2019,215,0.234,-703,-1804
89410,90328,918,0,NTB,na verdade,89410,90328,918,918,1.0,0,0
111080,111933,853,0,GE-Phrase,233,110395,111156,761,76,0.089,685,777
111080,111933,853,0,GE-Phrase,234,111156,111929,773,773,0.906,-76,4
111080,111933,853,0,GE-Phrase,235,111929,112681,752,4,0.005,-849,-748
111080,111933,853,0,NTB,do anterior,111080,111933,853,853,1.0,0,0
138505,140133,1628,0,NTB,pouco mais,138505,140133,1628,1628,1.0,0,0
7782,8039,257,0,GE-Phrase,203,7612,9471,1859,257,1.0,170,-1432
7782,8039,257,0,NTB,assim,7782,8039,257,257,1.0,0,0
12059,14017,1958,0,GE-Phrase,205,13467,16449,2982,550,0.281,-1408,-2432
12059,14017,1958,0,NTB,a rua do poste,12059,14017,1958,1958,1.0,0,0
23217,24876,1659,0,GE-Phrase,209,23217,24642,1425,1425,0.859,0,234
23217,24876,1659,0,GE-Phrase,210,24642,25844,1202,234,0.141,-1425,-968
23217,24876,1659,0,NTB,eu acho,23217,24876,1659,1659,1.0,0,0
52845,53049,204,0,NTB,assim,52845,53049,204,204,1.0,0,0
73497,74483,986,0,GE-Phrase,222,72217,74052,1835,555,0.563,1280,431
73497,74483,986,0,NTB,nũ sei por quê,73497,74483,986,986,1.0,0,0
74483,76614,2131,0,NTB,nũ sei aonde,74483,76614,2131,2131,1.0,0,0
79218,79472,254,0,NTB,sei lá,79218,79472,254,254,1.0,0,0
82970,83529,559,0,NTB,nũ sei,82970,83529,559,559,1.0,0,0
89410,90328,918,0,GE-Phrase,224,88270,90113,1843,703,0.766,1140,215
89410,90328,918,0,GE-Phrase,225,90113,92132,2019,215,0.234,-703,-1804
89410,90328,918,0,NTB,na verdade,89410,90328,918,918,1.0,0,0
111080,111933,853,0,GE-Phrase,233,110395,111156,761,76,0.089,685,777
111080,111933,853,0,GE-Phrase,234,111156,111929,773,773,0.906,-76,4
111080,111933,853,0,GE-Phrase,235,111929,112681,752,4,0.005,-849,-748
111080,111933,853,0,NTB,do anterior,111080,111933,853,853,1.0,0,0
138505,140133,1628,0,NTB,pouco mais,138505,140133,1628,1628,1.0,0,0
7782,8039,257,0,GE-Phrase,203,7612,9471,1859,257,1.0,170,-1432
7782,8039,257,0,NTB,assim,7782,8039,257,257,1.0,0,0
12059,14017,1958,0,GE-Phrase,205,13467,16449,2982,550,0.281,-1408,-2432
12059,14017,1958,0,NTB,a rua do poste,12059,14017,1958,1958,1.0,0,0
23217,24876,1659,0,GE-Phrase,209,23217,24642,1425,1425,0.859,0,234
23217,24876,1659,0,GE-Phrase,210,24642,25844,1202,234,0.141,-1425,-968
23217,24876,1659,0,NTB,eu acho,23217,24876,1659,1659,1.0,0,0
52845,53049,204,0,NTB,assim,52845,53049,204,204,1.0,0,0
73497,74483,986,0,GE-Phrase,222,72217,74052,1835,555,0.563,1280,431
73497,74483,986,0,NTB,nũ sei por quê,73497,74483,986,986,1.0,0,0
74483,76614,2131,0,NTB,nũ sei aonde,74483,76614,2131,2131,1.0,0,0
79218,79472,254,0,NTB,sei lá,79218,79472,254,254,1.0,0,0
82970,83529,559,0,NTB,nũ sei,82970,83529,559,559,1.0,0,0
89410,90328,918,0,GE-Phrase,224,88270,90113,1843,703,0.766,1140,215
89410,90328,918,0,GE-Phrase,225,90113,92132,2019,215,0.234,-703,-1804
89410,90328,918,0,NTB,na verdade,89410,90328,918,918,1.0,0,0
111080,111933,853,0,GE-Phrase,233,110395,111156,761,76,0.089,685,777
111080,111933,853,0,GE-Phrase,234,111156,111929,773,773,0.906,-76,4
111080,111933,853,0,GE-Phrase,235,111929,112681,752,4,0.005,-849,-748
111080,111933,853,0,NTB,do anterior,111080,111933,853,853,1.0,0,0
138505,140133,1628,0,NTB,pouco mais,138505,140133,1628,1628,1.0,0,0
7782,8039,257,0,GE-Phrase,203,7612,9471,1859,257,1.0,170,-1432
7782,8039,257,0,NTB,assim,7782,8039,257,257,1.0,0,0
12059,14017,1958,0,GE-Phrase,205,13467,16449,2982,550,0.281,-1408,-2432
12059,14017,1958,0,NTB,a rua do poste,12059,14017,1958,1958,1.0,0,0
23217,24876,1659,0,GE-Phrase,209,23217,24642,1425,1425,0.859,0,234
23217,24876,1659,0,GE-Phrase,210,24642,25844,1202,234,0.141,-1425,-968
23217,24876,1659,0,NTB,eu acho,23217,24876,1659,1659,1.0,0,0
52845,53049,204,0,NTB,assim,52845,53049,204,204,1.0,0,0
73497,74483,986,0,GE-Phrase,222,72217,74052,1835,555,0.563,1280,431
73497,74483,986,0,NTB,nũ sei por quê,73497,74483,986,986,1.0,0,0
74483,76614,2131,0,NTB,nũ sei aonde,74483,76614,2131,2131,1.0,0,0
79218,79472,254,0,NTB,sei lá,79218,79472,254,254,1.0,0,0
82970,83529,559,0,NTB,nũ sei,82970,83529,559,559,1.0,0,0
89410,90328,918,0,GE-Phrase,224,88270,90113,1843,703,0.766,1140,215
89410,90328,918,0,GE-Phrase,225,90113,92132,2019,215,0.234,-703,-1804
89410,90328,918,0,NTB,na verdade,89410,90328,918,918,1.0,0,0
111080,111933,853,0,GE-Phrase,233,110395,111156,761,76,0.089,685,777
111080,111933,853,0,GE-Phrase,234,111156,111929,773,773,0.906,-76,4
111080,111933,853,0,GE-Phrase,235,111929,112681,752,4,0.005,-849,-748
111080,111933,853,0,NTB,do anterior,111080,111933,853,853,1.0,0,0
138505,140133,1628,0,NTB,pouco mais,138505,140133,1628,1628,1.0,0,0
7782,8039,257,0,GE-Phrase,203,7612,9471,1859,257,1.0,170,-1432
7782,8039,257,0,NTB,assim,7782,8039,257,257,1.0,0,0
12059,14017,1958,0,GE-Phrase,205,13467,16449,2982,550,0.281,-1408,-2432
12059,14017,1958,0,NTB,a rua do poste,12059,14017,1958,1958,1.0,0,0
23217,24876,1659,0,GE-Phrase,209,23217,24642,1425,1425,0.859,0,234
23217,24876,1659,0,GE-Phrase,210,24642,25844,1202,234,0.141,-1425,-968
23217,24876,1659,0,NTB,eu acho,23217,24876,1659,1659,1.0,0,0
52845,53049,204,0,NTB,assim,52845,53049,204,204,1.0,0,0
73497,74483,986,0,GE-Phrase,222,72217,74052,1835,555,0.563,1280,431
73497,74483,986,0,NTB,nũ sei por quê,73497,74483,986,986,1.0,0,0
74483,76614,2131,0,NTB,nũ sei aonde,74483,76614,2131,2131,1.0,0,0
79218,79472,254,0,NTB,sei lá,79218,79472,254,254,1.0,0,0
82970,83529,559,0,NTB,nũ sei,82970,83529,559,559,1.0,0,0
89410,90328,918,0,GE-Phrase,224,88270,90113,1843,703,0.766,1140,215
89410,90328,918,0,GE-Phrase,225,90113,92132,2019,215,0.234,-703,-1804
89410,90328,918,0,NTB,na verdade,89410,90328,918,918,1.0,0,0
111080,111933,853,0,GE-Phrase,233,110395,111156,761,76,0.089,685,777
111080,111933,853,0,GE-Phrase,234,111156,111929,773,773,0.906,-76,4
111080,111933,853,0,GE-Phrase,235,111929,112681,752,4,0.005,-849,-748
111080,111933,853,0,NTB,do anterior,111080,111933,853,853,1.0,0,0
138505,140133,1628,0,NTB,pouco mais,138505,140133,1628,1628,1.0,0,0
7782,8039,257,0,GE-Phrase,203,7612,9471,1859,257,1.0,170,-1432
7782,8039,257,0,NTB,assim,7782,8039,257,257,1.0,0,0
12059,14017,1958,0,GE-Phrase,205,13467,16449,2982,550,0.281,-1408,-2432
12059,14017,1958,0,NTB,a rua do poste,12059,14017,1958,1958,1.0,0,0
23217,24876,1659,0,GE-Phrase,209,23217,24642,1425,1425,0.859,0,234
23217,24876,1659,0,GE-Phrase,210,24642,25844,1202,234,0.141,-1425,-968
23217,24876,1659,0,NTB,eu acho,23217,24876,1659,1659,1.0,0,0
52845,53049,204,0,NTB,assim,52845,53049,204,204,1.0,0,0
73497,74483,986,0,GE-Phrase,222,72217,74052,1835,555,0.563,1280,431
73497,74483,986,0,NTB,nũ sei por quê,73497,74483,986,986,1.0,0,0
74483,76614,2131,0,NTB,nũ sei aonde,74483,76614,2131,2131,1.0,0,0
79218,79472,254,0,NTB,sei lá,79218,79472,254,254,1.0,0,0
82970,83529,559,0,NTB,nũ sei,82970,83529,559,559,1.0,0,0
89410,90328,918,0,GE-Phrase,224,88270,90113,1843,703,0.766,1140,215
89410,90328,918,0,GE-Phrase,225,90113,92132,2019,215,0.234,-703,-1804
89410,90328,918,0,NTB,na verdade,89410,90328,918,918,1.0,0,0
111080,111933,853,0,GE-Phrase,233,110395,111156,761,76,0.089,685,777
111080,111933,853,0,GE-Phrase,234,111156,111929,773,773,0.906,-76,4
111080,111933,853,0,GE-Phrase,235,111929,112681,752,4,0.005,-849,-748
111080,111933,853,0,NTB,do anterior,111080,111933,853,853,1.0,0,0
138505,140133,1628,0,NTB,pouco mais,138505,140133,1628,1628,1.0,0,0
7782,8039,257,0,GE-Phrase,203,7612,9471,1859,257,1.0,170,-1432
7782,8039,257,0,NTB,assim,7782,8039,257,257,1.0,0,0
12059,14017,1958,0,GE-Phrase,205,13467,16449,2982,550,0.281,-1408,-2432
12059,14017,1958,0,NTB,a rua do poste,12059,14017,1958,1958,1.0,0,0
23217,24876,1659,0,GE-Phrase,209,23217,24642,1425,1425,0.859,0,234
23217,24876,1659,0,GE-Phrase,210,24642,25844,1202,234,0.141,-1425,-968
23217,24876,1659,0,NTB,eu acho,23217,24876,1659,1659,1.0,0,0
52845,53049,204,0,NTB,assim,52845,53049,204,204,1.0,0,0
73497,74483,986,0,GE-Phrase,222,72217,74052,1835,555,0.563,1280,431
73497,74483,986,0,NTB,nũ sei por quê,73497,74483,986,986,1.0,0,0
74483,76614,2131,0,NTB,nũ sei aonde,74483,76614,2131,2131,1.0,0,0
79218,79472,254,0,NTB,sei lá,79218,79472,254,254,1.0,0,0
82970,83529,559,0,NTB,nũ sei,82970,83529,559,559,1.0,0,0
89410,90328,918,0,GE-Phrase,224,88270,90113,1843,703,0.766,1140,215
89410,90328,918,0,GE-Phrase,225,90113,92132,2019,215,0.234,-703,-1804
89410,90328,918,0,NTB,na verdade,89410,90328,918,918,1.0,0,0
111080,111933,853,0,GE-Phrase,233,110395,111156,761,76,0.089,685,777
111080,111933,853,0,GE-Phrase,234,111156,111929,773,773,0.906,-76,4
111080,111933,853,0,GE-Phrase,235,111929,112681,752,4,0.005,-849,-748
111080,111933,853,0,NTB,do anterior,111080,111933,853,853,1.0,0,0
138505,140133,1628,0,NTB,pouco mais,138505,140133,1628,1628,1.0,0,0
7782,8039,257,0,GE-Phrase,203,7612,9471,1859,257,1.0,170,-1432
7782,8039,257,0,NTB,assim,7782,8039,257,257,1.0,0,0
12059,14017,1958,0,GE-Phrase,205,13467,16449,2982,550,0.281,-1408,-2432
12059,14017,1958,0,NTB,a rua do poste,12059,14017,1958,1958,1.0,0,0
23217,24876,1659,0,GE-Phrase,209,23217,24642,1425,1425,0.859,0,234
23217,24876,1659,0,GE-Phrase,210,24642,25844,1202,234,0.141,-1425,-968
23217,24876,1659,0,NTB,eu acho,23217,24876,1659,1659,1.0,0,0
52845,53049,204,0,NTB,assim,52845,53049,204,204,1.0,0,0
73497,74483,986,0,GE-Phrase,222,72217,74052,1835,555,0.563,1280,431
73497,74483,986,0,NTB,nũ sei por quê,73497,74483,986,986,1.0,0,0
74483,76614,2131,0,NTB,nũ sei aonde,74483,76614,2131,2131,1.0,0,0
79218,79472,254,0,NTB,sei lá,79218,79472,254,254,1.0,0,0
82970,83529,559,0,NTB,nũ sei,82970,83529,559,559,1.0,0,0
89410,90328,918,0,GE-Phrase,224,88270,90113,1843,703,0.766,1140,215
89410,90328,918,0,GE-Phrase,225,90113,92132,2019,215,0.234,-703,-1804
89410,90328,918,0,NTB,na verdade,89410,90328,918,918,1.0,0,0
111080,111933,853,0,GE-Phrase,233,110395,111156,761,76,0.089,685,777
111080,111933,853,0,GE-Phrase,234,111156,111929,773,773,0.906,-76,4
111080,111933,853,0,GE-Phrase,235,111929,112681,752,4,0.005,-849,-748
111080,111933,853,0,NTB,do anterior,111080,111933,853,853,1.0,0,0
138505,140133,1628,0,NTB,pouco mais,138505,140133,1628,1628,1.0,0,0
7782,8039,257,0,GE-Phrase,203,7612,9471,1859,257,1.0,170,-1432
7782,8039,257,0,NTB,assim,7782,8039,257,257,1.0,0,0
12059,14017,1958,0,GE-Phrase,205,13467,16449,2982,550,0.281,-1408,-2432
12059,14017,1958,0,NTB,a rua do poste,12059,14017,1958,1958,1.0,0,0
23217,24876,1659,0,GE-Phrase,209,23217,24642,1425,1425,0.859,0,234
23217,24876,1659,0,GE-Phrase,210,24642,25844,1202,234,0.141,-1425,-968
23217,24876,1659,0,NTB,eu acho,23217,24876,1659,1659,1.0,0,0
52845,53049,204,0,NTB,assim,52845,53049,204,204,1.0,0,0
73497,74483,986,0,GE-Phrase,222,72217,74052,1835,555,0.563,1280,431
73497,74483,986,0,NTB,nũ sei por quê,73497,74483,986,986,1.0,0,0
74483,76614,2131,0,NTB,nũ sei aonde,74483,76614,2131,2131,1.0,0,0
79218,79472,254,0,NTB,sei lá,79218,79472,254,254,1.0,0,0
82970,83529,559,0,NTB,nũ sei,82970,83529,559,559,1.0,0,0
89410,90328,918,0,GE-Phrase,224,88270,90113,1843,703,0.766,1140,215
89410,90328,918,0,GE-Phrase,225,90113,92132,2019,215,0.234,-703,-1804
89410,90328,918,0,NTB,na verdade,89410,90328,918,918,1.0,0,0
111080,111933,853,0,GE-Phrase,233,110395,111156,761,76,0.089,685,777
111080,111933,853,0,GE-Phrase,234,111156,111929,773,773,0.906,-76,4
111080,111933,853,0,GE-Phrase,235,111929,112681,752,4,0.005,-849,-748
111080,111933,853,0,NTB,do anterior,111080,111933,853,853,1.0,0,0
138505,140133,1628,0,NTB,pouco mais,138505,140133,1628,1628,1.0,0,0
7782,8039,257,0,GE-Phrase,203,7612,9471,1859,257,1.0,170,-1432
7782,8039,257,0,NTB,assim,7782,8039,257,257,1.0,0,0
12059,14017,1958,0,GE-Phrase,205,13467,16449,2982,550,0.281,-1408,-2432
12059,14017,1958,0,NTB,a rua do poste,12059,14017,1958,1958,1.0,0,0
23217,24876,1659,0,GE-Phrase,209,23217,24642,1425,1425,0.859,0,234
23217,24876,1659,0,GE-Phrase,210,24642,25844,1202,234,0.141,-1425,-968
23217,24876,1659,0,NTB,eu acho,23217,24876,1659,1659,1.0,0,0
52845,53049,204,0,NTB,assim,52845,53049,204,204,1.0,0,0
73497,74483,986,0,GE-Phrase,222,72217,74052,1835,555,0.563,1280,431
73497,74483,986,0,NTB,nũ sei por quê,73497,74483,986,986,1.0,0,0
74483,76614,2131,0,NTB,nũ sei aonde,74483,76614,2131,2131,1.0,0,0
79218,79472,254,0,NTB,sei lá,79218,79472,254,254,1.0,0,0
82970,83529,559,0,NTB,nũ sei,82970,83529,559,559,1.0,0,0
89410,90328,918,0,GE-Phrase,224,88270,90113,1843,703,0.766,1140,215
89410,90328,918,0,GE-Phrase,225,90113,92132,2019,215,0.234,-703,-1804
89410,90328,918,0,NTB,na verdade,89410,90328,918,918,1.0,0,0
111080,111933,853,0,GE-Phrase,233,110395,111156,761,76,0.089,685,777
111080,111933,853,0,GE-Phrase,234,111156,111929,773,773,0.906,-76,4
111080,111933,853,0,GE-Phrase,235,111929,112681,752,4,0.005,-849,-748
111080,111933,853,0,NTB,do anterior,111080,111933,853,853,1.0,0,0
138505,140133,1628,0,NTB,pouco mais,138505,140133,1628,1628,1.0,0,0
7782,8039,257,0,GE-Phrase,203,7612,9471,1859,257,1.0,170,-1432
7782,8039,257,0,NTB,assim,7782,8039,257,257,1.0,0,0
12059,14017,1958,0,GE-Phrase,205,13467,16449,2982,550,0.281,-1408,-2432
12059,14017,1958,0,NTB,a rua do poste,12059,14017,1958,1958,1.0,0,0
23217,24876,1659,0,GE-Phrase,209,23217,24642,1425,1425,0.859,0,234
23217,24876,1659,0,GE-Phrase,210,24642,25844,1202,234,0.141,-1425,-968
23217,24876,1659,0,NTB,eu acho,23217,24876,1659,1659,1.0,0,0
52845,53049,204,0,NTB,assim,52845,53049,204,204,1.0,0,0
73497,74483,986,0,GE-Phrase,222,72217,74052,1835,555,0.563,1280,431
73497,74483,986,0,NTB,nũ sei por quê,73497,74483,986,986,1.0,0,0
74483,76614,2131,0,NTB,nũ sei aonde,74483,76614,2131,2131,1.0,0,0
79218,79472,254,0,NTB,sei lá,79218,79472,254,254,1.0,0,0
82970,83529,559,0,NTB,nũ sei,82970,83529,559,559,1.0,0,0
89410,90328,918,0,GE-Phrase,224,88270,90113,1843,703,0.766,1140,215
89410,90328,918,0,GE-Phrase,225,90113,92132,2019,215,0.234,-703,-1804
89410,90328,918,0,NTB,na verdade,89410,90328,918,918,1.0,0,0
111080,111933,853,0,GE-Phrase,233,110395,111156,761,76,0.089,685,777
111080,111933,853,0,GE-Phrase,234,111156,111929,773,773,0.906,-76,4
111080,111933,853,0,GE-Phrase,235,111929,112681,752,4,0.005,-849,-748
111080,111933,853,0,NTB,do anterior,111080,111933,853,853,1.0,0,0
138505,140133,1628,0,NTB,pouco mais,138505,140133,1628,1628,1.0,0,0
7782,8039,257,0,GE-Phrase,203,7612,9471,1859,257,1.0,170,-1432
7782,8039,257,0,NTB,assim,7782,8039,257,257,1.0,0,0
12059,14017,1958,0,GE-Phrase,205,13467,16449,2982,550,0.281,-1408,-2432
12059,14017,1958,0,NTB,a rua do poste,12059,14017,1958,1958,1.0,0,0
23217,24876,1659,0,GE-Phrase,209,23217,24642,1425,1425,0.859,0,234
23217,24876,1659,0,GE-Phrase,210,24642,25844,1202,234,0.141,-1425,-968
23217,24876,1659,0,NTB,eu acho,23217,24876,1659,1659,1.0,0,0
52845,53049,204,0,NTB,assim,52845,53049,204,204,1.0,0,0
73497,74483,986,0,GE-Phrase,222,72217,74052,1835,555,0.563,1280,431
73497,74483,986,0,NTB,nũ sei por quê,73497,74483,986,986,1.0,0,0
74483,76614,2131,0,NTB,nũ sei aonde,74483,76614,2131,2131,1.0,0,0
79218,79472,254,0,NTB,sei lá,79218,79472,254,254,1.0,0,0
82970,83529,559,0,NTB,nũ sei,82970,83529,559,559,1.0,0,0
89410,90328,918,0,GE-Phrase,224,88270,90113,1843,703,0.766,1140,215
89410,90328,918,0,GE-Phrase,225,90113,92132,2019,215,0.234,-703,-1804
89410,90328,918,0,NTB,na verdade,89410,90328,918,918,1.0,0,0
111080,111933,853,0,GE-Phrase,233,110395,111156,761,76,0.089,685,777
111080,111933,853,0,GE-Phrase,234,111156,111929,773,773,0.906,-76,4
111080,111933,853,0,GE-Phrase,235,111929,112681,752,4,0.005,-849,-748
111080,111933,853,0,NTB,do anterior,111080,111933,853,853,1.0,0,0
138505,140133,1628,0,NTB,pouco mais,138505,140133,1628,1628,1.0,0,0
7782,8039,257,0,GE-Phrase,203,7612,9471,1859,257,1.0,170,-1432
7782,8039,257,0,NTB,assim,7782,8039,257,257,1.0,0,0
12059,14017,1958,0,GE-Phrase,205,13467,16449,2982,550,0.281,-1408,-2432
12059,14017,1958,0,NTB,a rua do poste,12059,14017,1958,1958,1.0,0,0
23217,24876,1659,0,GE-Phrase,209,23217,24642,1425,1425,0.859,0,234
23217,24876,1659,0,GE-Phrase,210,24642,25844,1202,234,0.141,-1425,-968
23217,24876,1659,0,NTB,eu acho,23217,24876,1659,1659,1.0,0,0
52845,53049,204,0,NTB,assim,52845,53049,204,204,1.0,0,0
73497,74483,986,0,GE-Phrase,222,72217,74052,1835,555,0.563,1280,431
73497,74483,986,0,NTB,nũ sei por quê,73497,74483,986,986,1.0,0,0
74483,76614,2131,0,NTB,nũ sei aonde,74483,76614,2131,2131,1.0,0,0
79218,79472,254,0,NTB,sei lá,79218,79472,254,254,1.0,0,0
82970,83529,559,0,NTB,nũ sei,82970,83529,559,559,1.0,0,0
89410,90328,918,0,GE-Phrase,224,88270,90113,1843,703,0.766,1140,215
89410,90328,918,0,GE-Phrase,225,90113,92132,2019,215,0.234,-703,-1804
89410,90328,918,0,NTB,na verdade,89410,90328,918,918,1.0,0,0
111080,111933,853,0,GE-Phrase,233,110395,111156,761,76,0.089,685,777
111080,111933,853,0,GE-Phrase,234,111156,111929,773,773,0.906,-76,4
111080,111933,853,0,GE-Phrase,235,111929,112681,752,4,0.005,-849,-748
111080,111933,853,0,NTB,do anterior,111080,111933,853,853,1.0,0,0
138505,140133,1628,0,NTB,pouco mais,138505,140133,1628,1628,1.0,0,0
7782,8039,257,0,GE-Phrase,203,7612,9471,1859,257,1.0,170,-1432
7782,8039,257,0,NTB,assim,7782,8039,257,257,1.0,0,0
12059,14017,1958,0,GE-Phrase,205,13467,16449,2982,550,0.281,-1408,-2432
12059,14017,1958,0,NTB,a rua do poste,12059,14017,1958,1958,1.0,0,0
23217,24876,1659,0,GE-Phrase,209,23217,24642,1425,1425,0.859,0,234
23217,24876,1659,0,GE-Phrase,210,24642,25844,1202,234,0.141,-1425,-968
23217,24876,1659,0,NTB,eu acho,23217,24876,1659,1659,1.0,0,0
52845,53049,204,0,NTB,assim,52845,53049,204,204,1.0,0,0
73497,74483,986,0,GE-Phrase,222,72217,74052,1835,555,0.563,1280,431
73497,74483,986,0,NTB,nũ sei por quê,73497,74483,986,986,1.0,0,0
74483,76614,2131,0,NTB,nũ sei aonde,74483,76614,2131,2131,1.0,0,0
79218,79472,254,0,NTB,sei lá,79218,79472,254,254,1.0,0,0
82970,83529,559,0,NTB,nũ sei,82970,83529,559,559,1.0,0,0
89410,90328,918,0,GE-Phrase,224,88270,90113,1843,703,0.766,1140,215
89410,90328,918,0,GE-Phrase,225,90113,92132,2019,215,0.234,-703,-1804
89410,90328,918,0,NTB,na verdade,89410,90328,918,918,1.0,0,0
111080,111933,853,0,GE-Phrase,233,110395,111156,761,76,0.089,685,777
111080,111933,853,0,GE-Phrase,234,111156,111929,773,773,0.906,-76,4
111080,111933,853,0,GE-Phrase,235,111929,112681,752,4,0.005,-849,-748
111080,111933,853,0,NTB,do anterior,111080,111933,853,853,1.0,0,0
138505,140133,1628,0,NTB,pouco mais,138505,140133,1628,1628,1.0,0,0
7782,8039,257,0,GE-Phrase,203,7612,9471,1859,257,1.0,170,-1432
7782,8039,257,0,NTB,assim,7782,8039,257,257,1.0,0,0
12059,14017,1958,0,GE-Phrase,205,13467,16449,2982,550,0.281,-1408,-2432
12059,14017,1958,0,NTB,a rua do poste,12059,14017,1958,1958,1.0,0,0
23217,24876,1659,0,GE-Phrase,209,23217,24642,1425,1425,0.859,0,234
23217,24876,1659,0,GE-Phrase,210,24642,25844,1202,234,0.141,-1425,-968
23217,24876,1659,0,NTB,eu acho,23217,24876,1659,1659,1.0,0,0
52845,53049,204,0,NTB,assim,52845,53049,204,204,1.0,0,0
73497,74483,986,0,GE-Phrase,222,72217,74052,1835,555,0.563,1280,431
73497,74483,986,0,NTB,nũ sei por quê,73497,74483,986,986,1.0,0,0
74483,76614,2131,0,NTB,nũ sei aonde,74483,76614,2131,2131,1.0,0,0
79218,79472,254,0,NTB,sei lá,79218,79472,254,254,1.0,0,0
82970,83529,559,0,NTB,nũ sei,82970,83529,559,559,1.0,0,0
89410,90328,918,0,GE-Phrase,224,88270,90113,1843,703,0.766,1140,215
89410,90328,918,0,GE-Phrase,225,90113,92132,2019,215,0.234,-703,-1804
89410,90328,918,0,NTB,na verdade,89410,90328,918,918,1.0,0,0
111080,111933,853,0,GE-Phrase,233,110395,111156,761,76,0.089,685,777
111080,111933,853,0,GE-Phrase,234,111156,111929,773,773,0.906,-76,4
111080,111933,853,0,GE-Phrase,235,111929,112681,752,4,0.005,-849,-748
111080,111933,853,0,NTB,do anterior,111080,111933,853,853,1.0,0,0
138505,140133,1628,0,NTB,pouco mais,138505,140133,1628,1628,1.0,0,0
7782,8039,257,0,GE-Phrase,203,7612,9471,1859,257,1.0,170,-1432
7782,8039,257,0,NTB,assim,7782,8039,257,257,1.0,0,0
12059,14017,1958,0,GE-Phrase,205,13467,16449,2982,550,0.281,-1408,-2432
12059,14017,1958,0,NTB,a rua do poste,12059,14017,1958,1958,1.0,0,0
23217,24876,1659,0,GE-Phrase,209,23217,24642,1425,1425,0.859,0,234
23217,24876,1659,0,GE-Phrase,210,24642,25844,1202,234,0.141,-1425,-968
23217,24876,1659,0,NTB,eu acho,23217,24876,1659,1659,1.0,0,0
52845,53049,204,0,NTB,assim,52845,53049,204,204,1.0,0,0
73497,74483,986,0,GE-Phrase,222,72217,74052,1835,555,0.563,1280,431
73497,74483,986,0,NTB,nũ sei por quê,73497,74483,986,986,1.0,0,0
74483,76614,2131,0,NTB,nũ sei aonde,74483,76614,2131,2131,1.0,0,0
79218,79472,254,0,NTB,sei lá,79218,79472,254,254,1.0,0,0
82970,83529,559,0,NTB,nũ sei,82970,83529,559,559,1.0,0,0
89410,90328,918,0,GE-Phrase,224,88270,90113,1843,703,0.766,1140,215
89410,90328,918,0,GE-Phrase,225,90113,92132,2019,215,0.234,-703,-1804
89410,90328,918,0,NTB,na verdade,89410,90328,918,918,1.0,0,0
111080,111933,853,0,GE-Phrase,233,110395,111156,761,76,0.089,685,777
111080,111933,853,0,GE-Phrase,234,111156,111929,773,773,0.906,-76,4
111080,111933,853,0,GE-Phrase,235,111929,112681,752,4,0.005,-849,-748
111080,111933,853,0,NTB,do anterior,111080,111933,853,853,1.0,0,0
138505,140133,1628,0,NTB,pouco mais,138505,140133,1628,1628,1.0,0,0
7782,8039,257,0,GE-Phrase,203,7612,9471,1859,257,1.0,170,-1432
7782,8039,257,0,NTB,assim,7782,8039,257,257,1.0,0,0
12059,14017,1958,0,GE-Phrase,205,13467,16449,2982,550,0.281,-1408,-2432
12059,14017,1958,0,NTB,a rua do poste,12059,14017,1958,1958,1.0,0,0
23217,24876,1659,0,GE-Phrase,209,23217,24642,1425,1425,0.859,0,234
23217,24876,1659,0,GE-Phrase,210,24642,25844,1202,234,0.141,-1425,-968
23217,24876,1659,0,NTB,eu acho,23217,24876,1659,1659,1.0,0,0
52845,53049,204,0,NTB,assim,52845,53049,204,204,1.0,0,0
73497,74483,986,0,GE-Phrase,222,72217,74052,1835,555,0.563,1280,431
73497,74483,986,0,NTB,nũ sei por quê,73497,74483,986,986,1.0,0,0
74483,76614,2131,0,NTB,nũ sei aonde,74483,76614,2131,2131,1.0,0,0
79218,79472,254,0,NTB,sei lá,79218,79472,254,254,1.0,0,0
82970,83529,559,0,NTB,nũ sei,82970,83529,559,559,1.0,0,0
89410,90328,918,0,GE-Phrase,224,88270,90113,1843,703,0.766,1140,215
89410,90328,918,0,GE-Phrase,225,90113,92132,2019,215,0.234,-703,-1804
89410,90328,918,0,NTB,na verdade,89410,90328,918,918,1.0,0,0
111080,111933,853,0,GE-Phrase,233,110395,111156,761,76,0.089,685,777
111080,111933,853,0,GE-Phrase,234,111156,111929,773,773,0.906,-76,4
111080,111933,853,0,GE-Phrase,235,111929,112681,752,4,0.005,-849,-748
111080,111933,853,0,NTB,do anterior,111080,111933,853,853,1.0,0,0
138505,140133,1628,0,NTB,pouco mais,138505,140133,1628,1628,1.0,0,0
7782,8039,257,0,GE-Phrase,203,7612,9471,1859,257,1.0,170,-1432
7782,8039,257,0,NTB,assim,7782,8039,257,257,1.0,0,0
12059,14017,1958,0,GE-Phrase,205,13467,16449,2982,550,0.281,-1408,-2432
12059,14017,1958,0,NTB,a rua do poste,12059,14017,1958,1958,1.0,0,0
23217,24876,1659,0,GE-Phrase,209,23217,24642,1425,1425,0.859,0,234
23217,24876,1659,0,GE-Phrase,210,24642,25844,1202,234,0.141,-1425,-968
23217,24876,1659,0,NTB,eu acho,23217,24876,1659,1659,1.0,0,0
52845,53049,204,0,NTB,assim,52845,53049,204,204,1.0,0,0
73497,74483,986,0,GE-Phrase,222,72217,74052,1835,555,0.563,1280,431
73497,74483,986,0,NTB,nũ sei por quê,73497,74483,986,986,1.0,0,0
74483,76614,2131,0,NTB,nũ sei aonde,74483,76614,2131,2131,1.0,0,0
79218,79472,254,0,NTB,sei lá,79218,79472,254,254,1.0,0,0
82970,83529,559,0,NTB,nũ sei,82970,83529,559,559,1.0,0,0
89410,90328,918,0,GE-Phrase,224,88270,90113,1843,703,0.766,1140,215
89410,90328,918,0,GE-Phrase,225,90113,92132,2019,215,0.234,-703,-1804
89410,90328,918,0,NTB,na verdade,89410,90328,918,918,1.0,0,0
111080,111933,853,0,GE-Phrase,233,110395,111156,761,76,0.089,685,777
111080,111933,853,0,GE-Phrase,234,111156,111929,773,773,0.906,-76,4
111080,111933,853,0,GE-Phrase,235,111929,112681,752,4,0.005,-849,-748
111080,111933,853,0,NTB,do anterior,111080,111933,853,853,1.0,0,0
138505,140133,1628,0,NTB,pouco mais,138505,140133,1628,1628,1.0,0,0
7782,8039,257,0,GE-Phrase,203,7612,9471,1859,257,1.0,170,-1432
7782,8039,257,0,NTB,assim,7782,8039,257,257,1.0,0,0
12059,14017,1958,0,GE-Phrase,205,13467,16449,2982,550,0.281,-1408,-2432
12059,14017,1958,0,NTB,a rua do poste,12059,14017,1958,1958,1.0,0,0
23217,24876,1659,0,GE-Phrase,209,23217,24642,1425,1425,0.859,0,234
23217,24876,1659,0,GE-Phrase,210,24642,25844,1202,234,0.141,-1425,-968
23217,24876,1659,0,NTB,eu acho,23217,24876,1659,1659,1.0,0,0
52845,53049,204,0,NTB,assim,52845,53049,204,204,1.0,0,0
73497,74483,986,0,GE-Phrase,222,72217,74052,1835,555,0.563,1280,431
73497,74483,986,0,NTB,nũ sei por quê,73497,74483,986,986,1.0,0,0
74483,76614,2131,0,NTB,nũ sei aonde,74483,76614,2131,2131,1.0,0,0
79218,79472,254,0,NTB,sei lá,79218,79472,254,254,1.0,0,0
82970,83529,559,0,NTB,nũ sei,82970,83529,559,559,1.0,0,0
89410,90328,918,0,GE-Phrase,224,88270,90113,1843,703,0.766,1140,215
89410,90328,918,0,GE-Phrase,225,90113,92132,2019,215,0.234,-703,-1804
89410,90328,918,0,NTB,na verdade,89410,90328,918,918,1.0,0,0
111080,111933,853,0,GE-Phrase,233,110395,111156,761,76,0.089,685,777
111080,111933,853,0,GE-Phrase,234,111156,111929,773,773,0.906,-76,4
111080,111933,853,0,GE-Phrase,235,111929,112681,752,4,0.005,-849,-748
111080,111933,853,0,NTB,do anterior,111080,111933,853,853,1.0,0,0
138505,140133,1628,0,NTB,pouco mais,138505,140133,1628,1628,1.0,0,0
7782,8039,257,0,GE-Phrase,203,7612,9471,1859,257,1.0,170,-1432
7782,8039,257,0,NTB,assim,7782,8039,257,257,1.0,0,0
12059,14017,1958,0,GE-Phrase,205,13467,16449,2982,550,0.281,-1408,-2432
12059,14017,1958,0,NTB,a rua do poste,12059,14017,1958,1958,1.0,0,0
23217,24876,1659,0,GE-Phrase,209,23217,24642,1425,1425,0.859,0,234
23217,24876,1659,0,GE-Phrase,210,24642,25844,1202,234,0.141,-1425,-968
23217,24876,1659,0,NTB,eu acho,23217,24876,1659,1659,1.0,0,0
52845,53049,204,0,NTB,assim,52845,53049,204,204,1.0,0,0
73497,74483,986,0,GE-Phrase,222,72217,74052,1835,555,0.563,1280,431
73497,74483,986,0,NTB,nũ sei por quê,73497,74483,986,986,1.0,0,0
74483,76614,2131,0,NTB,nũ sei aonde,74483,76614,2131,2131,1.0,0,0
79218,79472,254,0,NTB,sei lá,79218,79472,254,254,1.0,0,0
82970,83529,559,0,NTB,nũ sei,82970,83529,559,559,1.0,0,0
89410,90328,918,0,GE-Phrase,224,88270,90113,1843,703,0.766,1140,215
89410,90328,918,0,GE-Phrase,225,90113,92132,2019,215,0.234,-703,-1804
89410,90328,918,0,NTB,na verdade,89410,90328,918,918,1.0,0,0
111080,111933,853,0,GE-Phrase,233,110395,111156,761,76,0.089,685,777
111080,111933,853,0,GE-Phrase,234,111156,111929,773,773,0.906,-76,4
111080,111933,853,0,GE-Phrase,235,111929,112681,752,4,0.005,-849,-748
111080,111933,853,0,NTB,do anterior,111080,111933,853,853,1.0,0,0
138505,140133,1628,0,NTB,pouco mais,138505,140133,1628,1628,1.0,0,0
7782,8039,257,0,GE-Phrase,203,7612,9471,1859,257,1.0,170,-1432
7782,8039,257,0,NTB,assim,7782,8039,257,257,1.0,0,0
12059,14017,1958,0,GE-Phrase,205,13467,16449,2982,550,0.281,-1408,-2432
12059,14017,1958,0,NTB,a rua do poste,12059,14017,1958,1958,1.0,0,0
23217,24876,1659,0,GE-Phrase,209,23217,24642,1425,1425,0.859,0,234
23217,24876,1659,0,GE-Phrase,210,24642,25844,1202,234,0.141,-1425,-968
23217,24876,1659,0,NTB,eu acho,23217,24876,1659,1659,1.0,0,0
52845,53049,204,0,NTB,assim,52845,53049,204,204,1.0,0,0
73497,74483,986,0,GE-Phrase,222,72217,74052,1835,555,0.563,1280,431
73497,74483,986,0,NTB,nũ sei por quê,73497,74483,986,986,1.0,0,0
74483,76614,2131,0,NTB,nũ sei aonde,74483,76614,2131,2131,1.0,0,0
79218,79472,254,0,NTB,sei lá,79218,79472,254,254,1.0,0,0
82970,83529,559,0,NTB,nũ sei,82970,83529,559,559,1.0,0,0
89410,90328,918,0,GE-Phrase,224,88270,90113,1843,703,0.766,1140,215
89410,90328,918,0,GE-Phrase,225,90113,92132,2019,215,0.234,-703,-1804
89410,90328,918,0,NTB,na verdade,89410,90328,918,918,1.0,0,0
111080,111933,853,0,GE-Phrase,233,110395,111156,761,76,0.089,685,777
111080,111933,853,0,GE-Phrase,234,111156,111929,773,773,0.906,-76,4
111080,111933,853,0,GE-Phrase,235,111929,112681,752,4,0.005,-849,-748
111080,111933,853,0,NTB,do anterior,111080,111933,853,853,1.0,0,0
138505,140133,1628,0,NTB,pouco mais,138505,140133,1628,1628,1.0,0,0
7782,8039,257,0,GE-Phrase,203,7612,9471,1859,257,1.0,170,-1432
7782,8039,257,0,NTB,assim,7782,8039,257,257,1.0,0,0
12059,14017,1958,0,GE-Phrase,205,13467,16449,2982,550,0.281,-1408,-2432
12059,14017,1958,0,NTB,a rua do poste,12059,14017,1958,1958,1.0,0,0
23217,24876,1659,0,GE-Phrase,209,23217,24642,1425,1425,0.859,0,234
23217,24876,1659,0,GE-Phrase,210,24642,25844,1202,234,0.141,-1425,-968
23217,24876,1659,0,NTB,eu acho,23217,24876,1659,1659,1.0,0,0
52845,53049,204,0,NTB,assim,52845,53049,204,204,1.0,0,0
73497,74483,986,0,GE-Phrase,222,72217,74052,1835,555,0.563,1280,431
73497,74483,986,0,NTB,nũ sei por quê,73497,74483,986,986,1.0,0,0
74483,76614,2131,0,NTB,nũ sei aonde,74483,76614,2131,2131,1.0,0,0
79218,79472,254,0,NTB,sei lá,79218,79472,254,254,1.0,0,0
82970,83529,559,0,NTB,nũ sei,82970,83529,559,559,1.0,0,0
89410,90328,918,0,GE-Phrase,224,88270,90113,1843,703,0.766,1140,215
89410,90328,918,0,GE-Phrase,225,90113,92132,2019,215,0.234,-703,-1804
89410,90328,918,0,NTB,na verdade,89410,90328,918,918,1.0,0,0
111080,111933,853,0,GE-Phrase,233,110395,111156,761,76,0.089,685,777
111080,111933,853,0,GE-Phrase,234,111156,111929,773,773,0.906,-76,4
111080,111933,853,0,GE-Phrase,235,111929,112681,752,4,0.005,-849,-748
111080,111933,853,0,NTB,do anterior,111080,111933,853,853,1.0,0,0
138505,140133,1628,0,NTB,pouco mais,138505,140133,1628,1628,1.0,0,0
7782,8039,257,0,GE-Phrase,203,7612,9471,1859,257,1.0,170,-1432
7782,8039,257,0,NTB,assim,7782,8039,257,257,1.0,0,0
12059,14017,1958,0,GE-Phrase,205,13467,16449,2982,550,0.281,-1408,-2432
12059,14017,1958,0,NTB,a rua do poste,12059,14017,1958,1958,1.0,0,0
23217,24876,1659,0,GE-Phrase,209,23217,24642,1425,1425,0.859,0,234
23217,24876,1659,0,GE-Phrase,210,24642,25844,1202,234,0.141,-1425,-968
23217,24876,1659,0,NTB,eu acho,23217,24876,1659,1659,1.0,0,0
52845,53049,204,0,NTB,assim,52845,53049,204,204,1.0,0,0
73497,74483,986,0,GE-Phrase,222,72217,74052,1835,555,0.563,1280,431
73497,74483,986,0,NTB,nũ sei por quê,73497,74483,986,986,1.0,0,0
74483,76614,2131,0,NTB,nũ sei aonde,74483,76614,2131,2131,1.0,0,0
79218,79472,254,0,NTB,sei lá,79218,79472,254,254,1.0,0,0
82970,83529,559,0,NTB,nũ sei,82970,83529,559,559,1.0,0,0
89410,90328,918,0,GE-Phrase,224,88270,90113,1843,703,0.766,1140,215
89410,90328,918,0,GE-Phrase,225,90113,92132,2019,215,0.234,-703,-1804
89410,90328,918,0,NTB,na verdade,89410,90328,918,918,1.0,0,0
111080,111933,853,0,GE-Phrase,233,110395,111156,761,76,0.089,685,777
111080,111933,853,0,GE-Phrase,234,111156,111929,773,773,0.906,-76,4
111080,111933,853,0,GE-Phrase,235,111929,112681,752,4,0.005,-849,-748
111080,111933,853,0,NTB,do anterior,111080,111933,853,853,1.0,0,0
138505,140133,1628,0,NTB,pouco mais,138505,140133,1628,1628,1.0,0,0
7782,8039,257,0,GE-Phrase,203,7612,9471,1859,257,1.0,170,-1432
7782,8039,257,0,NTB,assim,7782,8039,257,257,1.0,0,0
12059,14017,1958,0,GE-Phrase,205,13467,16449,2982,550,0.281,-1408,-2432
12059,14017,1958,0,NTB,a rua do poste,12059,14017,1958,1958,1.0,0,0
23217,24876,1659,0,GE-Phrase,209,23217,24642,1425,1425,0.859,0,234
23217,24876,1659,0,GE-Phrase,210,24642,25844,1202,234,0.141,-1425,-968
23217,24876,1659,0,NTB,eu acho,23217,24876,1659,1659,1.0,0,0
52845,53049,204,0,NTB,assim,52845,53049,204,204,1.0,0,0
73497,74483,986,0,GE-Phrase,222,72217,74052,1835,555,0.563,1280,431
73497,74483,986,0,NTB,nũ sei por quê,73497,74483,986,986,1.0,0,0
74483,76614,2131,0,NTB,nũ sei aonde,74483,76614,2131,2131,1.0,0,0
79218,79472,254,0,NTB,sei lá,79218,79472,254,254,1.0,0,0
82970,83529,559,0,NTB,nũ sei,82970,83529,559,559,1.0,0,0
89410,90328,918,0,GE-Phrase,224,88270,90113,1843,703,0.766,1140,215
89410,90328,918,0,GE-Phrase,225,90113,92132,2019,215,0.234,-703,-1804
89410,90328,918,0,NTB,na verdade,89410,90328,918,918,1.0,0,0
111080,111933,853,0,GE-Phrase,233,110395,111156,761,76,0.089,685,777
111080,111933,853,0,GE-Phrase,234,111156,111929,773,773,0.906,-76,4
111080,111933,853,0,GE-Phrase,235,111929,112681,752,4,0.005,-849,-748
111080,111933,853,0,NTB,do anterior,111080,111933,853,853,1.0,0,0
138505,140133,1628,0,NTB,pouco mais,138505,140133,1628,1628,1.0,0,0
7782,8039,257,0,GE-Phrase,203,7612,9471,1859,257,1.0,170,-1432
7782,8039,257,0,NTB,assim,7782,8039,257,257,1.0,0,0
12059,14017,1958,0,GE-Phrase,205,13467,16449,2982,550,0.281,-1408,-2432
12059,14017,1958,0,NTB,a rua do poste,12059,14017,1958,1958,1.0,0,0
23217,24876,1659,0,GE-Phrase,209,23217,24642,1425,1425,0.859,0,234
23217,24876,1659,0,GE-Phrase,210,24642,25844,1202,234,0.141,-1425,-968
23217,24876,1659,0,NTB,eu acho,23217,24876,1659,1659,1.0,0,0
52845,53049,204,0,NTB,assim,52845,53049,204,204,1.0,0,0
73497,74483,986,0,GE-Phrase,222,72217,74052,1835,555,0.563,1280,431
73497,74483,986,0,NTB,nũ sei por quê,73497,74483,986,986,1.0,0,0
74483,76614,2131,0,NTB,nũ sei aonde,74483,76614,2131,2131,1.0,0,0
79218,79472,254,0,NTB,sei lá,79218,79472,254,254,1.0,0,0
82970,83529,559,0,NTB,nũ sei,82970,83529,559,559,1.0,0,0
89410,90328,918,0,GE-Phrase,224,88270,90113,1843,703,0.766,1140,215
89410,90328,918,0,GE-Phrase,225,90113,92132,2019,215,0.234,-703,-1804
89410,90328,918,0,NTB,na verdade,89410,90328,918,918,1.0,0,0
111080,111933,853,0,GE-Phrase,233,110395,111156,761,76,0.089,685,777
111080,111933,853,0,GE-Phrase,234,111156,111929,773,773,0.906,-76,4
111080,111933,853,0,GE-Phrase,235,111929,112681,752,4,0.005,-849,-748
111080,111933,853,0,NTB,do anterior,111080,111933,853,853,1.0,0,0
138505,140133,1628,0,NTB,pouco mais,138505,140133,1628,1628,1.0,0,0
7782,8039,257,0,GE-Phrase,203,7612,9471,1859,257,1.0,170,-1432
7782,8039,257,0,NTB,assim,7782,8039,257,257,1.0,0,0
12059,14017,1958,0,GE-Phrase,205,13467,16449,2982,550,0.281,-1408,-2432
12059,14017,1958,0,NTB,a rua do poste,12059,14017,1958,1958,1.0,0,0
23217,24876,1659,0,GE-Phrase,209,23217,24642,1425,1425,0.859,0,234
23217,24876,1659,0,GE-Phrase,210,24642,25844,1202,234,0.141,-1425,-968
23217,24876,1659,0,NTB,eu acho,23217,24876,1659,1659,1.0,0,0
52845,53049,204,0,NTB,assim,52845,53049,204,204,1.0,0,0
73497,74483,986,0,GE-Phrase,222,72217,74052,1835,555,0.563,1280,431
73497,74483,986,0,NTB,nũ sei por quê,73497,74483,986,986,1.0,0,0
74483,76614,2131,0,NTB,nũ sei aonde,74483,76614,2131,2131,1.0,0,0
79218,79472,254,0,NTB,sei lá,79218,79472,254,254,1.0,0,0
82970,83529,559,0,NTB,nũ sei,82970,83529,559,559,1.0,0,0
89410,90328,918,0,GE-Phrase,224,88270,90113,1843,703,0.766,1140,215
89410,90328,918,0,GE-Phrase,225,90113,92132,2019,215,0.234,-703,-1804
89410,90328,918,0,NTB,na verdade,89410,90328,918,918,1.0,0,0
111080,111933,853,0,GE-Phrase,233,110395,111156,761,76,0.089,685,777
111080,111933,853,0,GE-Phrase,234,111156,111929,773,773,0.906,-76,4
111080,111933,853,0,GE-Phrase,235,111929,112681,752,4,0.005,-849,-748
111080,111933,853,0,NTB,do anterior,111080,111933,853,853,1.0,0,0
138505,140133,1628,0,NTB,pouco mais,138505,140133,1628,1628,1.0,0,0
7782,8039,257,0,GE-Phrase,203,7612,9471,1859,257,1.0,170,-1432
7782,8039,257,0,NTB,assim,7782,8039,257,257,1.0,0,0
12059,14017,1958,0,GE-Phrase,205,13467,16449,2982,550,0.281,-1408,-2432
12059,14017,1958,0,NTB,a rua do poste,12059,14017,1958,1958,1.0,0,0
23217,24876,1659,0,GE-Phrase,209,23217,24642,1425,1425,0.859,0,234
23217,24876,1659,0,GE-Phrase,210,24642,25844,1202,234,0.141,-1425,-968
23217,24876,1659,0,NTB,eu acho,23217,24876,1659,1659,1.0,0,0
52845,53049,204,0,NTB,assim,52845,53049,204,204,1.0,0,0
73497,74483,986,0,GE-Phrase,222,72217,74052,1835,555,0.563,1280,431
73497,74483,986,0,NTB,nũ sei por quê,73497,74483,986,986,1.0,0,0
74483,76614,2131,0,NTB,nũ sei aonde,74483,76614,2131,2131,1.0,0,0
79218,79472,254,0,NTB,sei lá,79218,79472,254,254,1.0,0,0
82970,83529,559,0,NTB,nũ sei,82970,83529,559,559,1.0,0,0
89410,90328,918,0,GE-Phrase,224,88270,90113,1843,703,0.766,1140,215
89410,90328,918,0,GE-Phrase,225,90113,92132,2019,215,0.234,-703,-1804
89410,90328,918,0,NTB,na verdade,89410,90328,918,918,1.0,0,0
111080,111933,853,0,GE-Phrase,233,110395,111156,761,76,0.089,685,777
111080,111933,853,0,GE-Phrase,234,111156,111929,773,773,0.906,-76,4
111080,111933,853,0,GE-Phrase,235,111929,112681,752,4,0.005,-849,-748
111080,111933,853,0,NTB,do anterior,111080,111933,853,853,1.0,0,0
138505,140133,1628,0,NTB,pouco mais,138505,140133,1628,1628,1.0,0,0
7782,8039,257,0,GE-Phrase,203,7612,9471,1859,257,1.0,170,-1432
7782,8039,257,0,NTB,assim,7782,8039,257,257,1.0,0,0
12059,14017,1958,0,GE-Phrase,205,13467,16449,2982,550,0.281,-1408,-2432
12059,14017,1958,0,NTB,a rua do poste,12059,14017,1958,1958,1.0,0,0
23217,24876,1659,0,GE-Phrase,209,23217,24642,1425,1425,0.859,0,234
23217,24876,1659,0,GE-Phrase,210,24642,25844,1202,234,0.141,-1425,-968
23217,24876,1659,0,NTB,eu acho,23217,24876,1659,1659,1.0,0,0
52845,53049,204,0,NTB,assim,52845,53049,204,204,1.0,0,0
73497,74483,986,0,GE-Phrase,222,72217,74052,1835,555,0.563,1280,431
73497,74483,986,0,NTB,nũ sei por quê,73497,74483,986,986,1.0,0,0
74483,76614,2131,0,NTB,nũ sei aonde,74483,76614,2131,2131,1.0,0,0
79218,79472,254,0,NTB,sei lá,79218,79472,254,254,1.0,0,0
82970,83529,559,0,NTB,nũ sei,82970,83529,559,559,1.0,0,0
89410,90328,918,0,GE-Phrase,224,88270,90113,1843,703,0.766,1140,215
89410,90328,918,0,GE-Phrase,225,90113,92132,2019,215,0.234,-703,-1804
89410,90328,918,0,NTB,na verdade,89410,90328,918,918,1.0,0,0
111080,111933,853,0,GE-Phrase,233,110395,111156,761,76,0.089,685,777
111080,111933,853,0,GE-Phrase,234,111156,111929,773,773,0.906,-76,4
111080,111933,853,0,GE-Phrase,235,111929,112681,752,4,0.005,-849,-748
111080,111933,853,0,NTB,do anterior,111080,111933,853,853,1.0,0,0
138505,140133,1628,0,NTB,pouco mais,138505,140133,1628,1628,1.0,0,0
7782,8039,257,0,GE-Phrase,203,7612,9471,1859,257,1.0,170,-1432
7782,8039,257,0,NTB,assim,7782,8039,257,257,1.0,0,0
12059,14017,1958,0,GE-Phrase,205,13467,16449,2982,550,0.281,-1408,-2432
12059,14017,1958,0,NTB,a rua do poste,12059,14017,1958,1958,1.0,0,0
23217,24876,1659,0,GE-Phrase,209,23217,24642,1425,1425,0.859,0,234
23217,24876,1659,0,GE-Phrase,210,24642,25844,1202,234,0.141,-1425,-968
23217,24876,1659,0,NTB,eu acho,23217,24876,1659,1659,1.0,0,0
52845,53049,204,0,NTB,assim,52845,53049,204,204,1.0,0,0
73497,74483,986,0,GE-Phrase,222,72217,74052,1835,555,0.563,1280,431
73497,74483,986,0,NTB,nũ sei por quê,73497,74483,986,986,1.0,0,0
74483,76614,2131,0,NTB,nũ sei aonde,74483,76614,2131,2131,1.0,0,0
79218,79472,254,0,NTB,sei lá,79218,79472,254,254,1.0,0,0
82970,83529,559,0,NTB,nũ sei,82970,83529,559,559,1.0,0,0
89410,90328,918,0,GE-Phrase,224,88270,90113,1843,703,0.766,1140,215
89410,90328,918,0,GE-Phrase,225,90113,92132,2019,215,0.234,-703,-1804
89410,90328,918,0,NTB,na verdade,89410,90328,918,918,1.0,0,0
111080,111933,853,0,GE-Phrase,233,110395,111156,761,76,0.089,685,777
111080,111933,853,0,GE-Phrase,234,111156,111929,773,773,0.906,-76,4
111080,111933,853,0,GE-Phrase,235,111929,112681,752,4,0.005,-849,-748
111080,111933,853,0,NTB,do anterior,111080,111933,853,853,1.0,0,0
138505,140133,1628,0,NTB,pouco mais,138505,140133,1628,1628,1.0,0,0
7782,8039,257,0,GE-Phrase,203,7612,9471,1859,257,1.0,170,-1432
7782,8039,257,0,NTB,assim,7782,8039,257,257,1.0,0,0
12059,14017,1958,0,GE-Phrase,205,13467,16449,2982,550,0.281,-1408,-2432
12059,14017,1958,0,NTB,a rua do poste,12059,14017,1958,1958,1.0,0,0
23217,24876,1659,0,GE-Phrase,209,23217,24642,1425,1425,0.859,0,234
23217,24876,1659,0,GE-Phrase,210,24642,25844,1202,234,0.141,-1425,-968
23217,24876,1659,0,NTB,eu acho,23217,24876,1659,1659,1.0,0,0
52845,53049,204,0,NTB,assim,52845,53049,204,204,1.0,0,0
73497,74483,986,0,GE-Phrase,222,72217,74052,1835,555,0.563,1280,431
73497,74483,986,0,NTB,nũ sei por quê,73497,74483,986,986,1.0,0,0
74483,76614,2131,0,NTB,nũ sei aonde,74483,76614,2131,2131,1.0,0,0
79218,79472,254,0,NTB,sei lá,79218,79472,254,254,1.0,0,0
82970,83529,559,0,NTB,nũ sei,82970,83529,559,559,1.0,0,0
89410,90328,918,0,GE-Phrase,224,88270,90113,1843,703,0.766,1140,215
89410,90328,918,0,GE-Phrase,225,90113,92132,2019,215,0.234,-703,-1804
89410,90328,918,0,NTB,na verdade,89410,90328,918,918,1.0,0,0
111080,111933,853,0,GE-Phrase,233,110395,111156,761,76,0.089,685,777
111080,111933,853,0,GE-Phrase,234,111156,111929,773,773,0.906,-76,4
111080,111933,853,0,GE-Phrase,235,111929,112681,752,4,0.005,-849,-748
111080,111933,853,0,NTB,do anterior,111080,111933,853,853,1.0,0,0
138505,140133,1628,0,NTB,pouco mais,138505,140133,1628,1628,1.0,0,0
7782,8039,257,0,GE-Phrase,203,7612,9471,1859,257,1.0,170,-1432
7782,8039,257,0,NTB,assim,7782,8039,257,257,1.0,0,0
12059,14017,1958,0,GE-Phrase,205,13467,16449,2982,550,0.281,-1408,-2432
12059,14017,1958,0,NTB,a rua do poste,12059,14017,1958,1958,1.0,0,0
23217,24876,1659,0,GE-Phrase,209,23217,24642,1425,1425,0.859,0,234
23217,24876,1659,0,GE-Phrase,210,24642,25844,1202,234,0.141,-1425,-968
23217,24876,1659,0,NTB,eu acho,23217,24876,1659,1659,1.0,0,0
52845,53049,204,0,NTB,assim,52845,53049,204,204,1.0,0,0
73497,74483,986,0,GE-Phrase,222,72217,74052,1835,555,0.563,1280,431
73497,74483,986,0,NTB,nũ sei por quê,73497,74483,986,986,1.0,0,0
74483,76614,2131,0,NTB,nũ sei aonde,74483,76614,2131,2131,1.0,0,0
79218,79472,254,0,NTB,sei lá,79218,79472,254,254,1.0,0,0
82970,83529,559,0,NTB,nũ sei,82970,83529,559,559,1.0,0,0
89410,90328,918,0,GE-Phrase,224,88270,90113,1843,703,0.766,1140,215
89410,90328,918,0,GE-Phrase,225,90113,92132,2019,215,0.234,-703,-1804
89410,90328,918,0,NTB,na verdade,89410,90328,918,918,1.0,0,0
111080,111933,853,0,GE-Phrase,233,110395,111156,761,76,0.089,685,777
111080,111933,853,0,GE-Phrase,234,111156,111929,773,773,0.906,-76,4
111080,111933,853,0,GE-Phrase,235,111929,112681,752,4,0.005,-849,-748
111080,111933,853,0,NTB,do anterior,111080,111933,853,853,1.0,0,0
138505,140133,1628,0,NTB,pouco mais,138505,140133,1628,1628,1.0,0,0
7782,8039,257,0,GE-Phrase,203,7612,9471,1859,257,1.0,170,-1432
7782,8039,257,0,NTB,assim,7782,8039,257,257,1.0,0,0
12059,14017,1958,0,GE-Phrase,205,13467,16449,2982,550,0.281,-1408,-2432
12059,14017,1958,0,NTB,a rua do poste,12059,14017,1958,1958,1.0,0,0
23217,24876,1659,0,GE-Phrase,209,23217,24642,1425,1425,0.859,0,234
23217,24876,1659,0,GE-Phrase,210,24642,25844,1202,234,0.141,-1425,-968
23217,24876,1659,0,NTB,eu acho,23217,24876,1659,1659,1.0,0,0
52845,53049,204,0,NTB,assim,52845,53049,204,204,1.0,0,0
73497,74483,986,0,GE-Phrase,222,72217,74052,1835,555,0.563,1280,431
73497,74483,986,0,NTB,nũ sei por quê,73497,74483,986,986,1.0,0,0
74483,76614,2131,0,NTB,nũ sei aonde,74483,76614,2131,2131,1.0,0,0
79218,79472,254,0,NTB,sei lá,79218,79472,254,254,1.0,0,0
82970,83529,559,0,NTB,nũ sei,82970,83529,559,559,1.0,0,0
89410,90328,918,0,GE-Phrase,224,88270,90113,1843,703,0.766,1140,215
89410,90328,918,0,GE-Phrase,225,90113,92132,2019,215,0.234,-703,-1804
89410,90328,918,0,NTB,na verdade,89410,90328,918,918,1.0,0,0
111080,111933,853,0,GE-Phrase,233,110395,111156,761,76,0.089,685,777
111080,111933,853,0,GE-Phrase,234,111156,111929,773,773,0.906,-76,4
111080,111933,853,0,GE-Phrase,235,111929,112681,752,4,0.005,-849,-748
111080,111933,853,0,NTB,do anterior,111080,111933,853,853,1.0,0,0
138505,140133,1628,0,NTB,pouco mais,138505,140133,1628,1628,1.0,0,0
7782,8039,257,0,GE-Phrase,203,7612,9471,1859,257,1.0,170,-1432
7782,8039,257,0,NTB,assim,7782,8039,257,257,1.0,0,0
12059,14017,1958,0,GE-Phrase,205,13467,16449,2982,550,0.281,-1408,-2432
12059,14017,1958,0,NTB,a rua do poste,12059,14017,1958,1958,1.0,0,0
23217,24876,1659,0,GE-Phrase,209,23217,24642,1425,1425,0.859,0,234
23217,24876,1659,0,GE-Phrase,210,24642,25844,1202,234,0.141,-1425,-968
23217,24876,1659,0,NTB,eu acho,23217,24876,1659,1659,1.0,0,0
52845,53049,204,0,NTB,assim,52845,53049,204,204,1.0,0,0
73497,74483,986,0,GE-Phrase,222,72217,74052,1835,555,0.563,1280,431
73497,74483,986,0,NTB,nũ sei por quê,73497,74483,986,986,1.0,0,0
74483,76614,2131,0,NTB,nũ sei aonde,74483,76614,2131,2131,1.0,0,0
79218,79472,254,0,NTB,sei lá,79218,79472,254,254,1.0,0,0
82970,83529,559,0,NTB,nũ sei,82970,83529,559,559,1.0,0,0
89410,90328,918,0,GE-Phrase,224,88270,90113,1843,703,0.766,1140,215
89410,90328,918,0,GE-Phrase,225,90113,92132,2019,215,0.234,-703,-1804
89410,90328,918,0,NTB,na verdade,89410,90328,918,918,1.0,0,0
111080,111933,853,0,GE-Phrase,233,110395,111156,761,76,0.089,685,777
111080,111933,853,0,GE-Phrase,234,111156,111929,773,773,0.906,-76,4
111080,111933,853,0,GE-Phrase,235,111929,112681,752,4,0.005,-849,-748
111080,111933,853,0,NTB,do anterior,111080,111933,853,853,1.0,0,0
138505,140133,1628,0,NTB,pouco mais,138505,140133,1628,1628,1.0,0,0
7782,8039,257,0,GE-Phrase,203,7612,9471,1859,257,1.0,170,-1432
7782,8039,257,0,NTB,assim,7782,8039,257,257,1.0,0,0
12059,14017,1958,0,GE-Phrase,205,13467,16449,2982,550,0.281,-1408,-2432
12059,14017,1958,0,NTB,a rua do poste,12059,14017,1958,1958,1.0,0,0
23217,24876,1659,0,GE-Phrase,209,23217,24642,1425,1425,0.859,0,234
23217,24876,1659,0,GE-Phrase,210,24642,25844,1202,234,0.141,-1425,-968
23217,24876,1659,0,NTB,eu acho,23217,24876,1659,1659,1.0,0,0
52845,53049,204,0,NTB,assim,52845,53049,204,204,1.0,0,0
73497,74483,986,0,GE-Phrase,222,72217,74052,1835,555,0.563,1280,431
73497,74483,986,0,NTB,nũ sei por quê,73497,74483,986,986,1.0,0,0
74483,76614,2131,0,NTB,nũ sei aonde,74483,76614,2131,2131,1.0,0,0
79218,79472,254,0,NTB,sei lá,79218,79472,254,254,1.0,0,0
82970,83529,559,0,NTB,nũ sei,82970,83529,559,559,1.0,0,0
89410,90328,918,0,GE-Phrase,224,88270,90113,1843,703,0.766,1140,215
89410,90328,918,0,GE-Phrase,225,90113,92132,2019,215,0.234,-703,-1804
89410,90328,918,0,NTB,na verdade,89410,90328,918,918,1.0,0,0
111080,111933,853,0,GE-Phrase,233,110395,111156,761,76,0.089,685,777
111080,111933,853,0,GE-Phrase,234,111156,111929,773,773,0.906,-76,4
111080,111933,853,0,GE-Phrase,235,111929,112681,752,4,0.005,-849,-748
111080,111933,853,0,NTB,do anterior,111080,111933,853,853,1.0,0,0
138505,140133,1628,0,NTB,pouco mais,138505,140133,1628,1628,1.0,0,0
7782,8039,257,0,GE-Phrase,203,7612,9471,1859,257,1.0,170,-1432
7782,8039,257,0,NTB,assim,7782,8039,257,257,1.0,0,0
12059,14017,1958,0,GE-Phrase,205,13467,16449,2982,550,0.281,-1408,-2432
12059,14017,1958,0,NTB,a rua do poste,12059,14017,1958,1958,1.0,0,0
23217,24876,1659,0,GE-Phrase,209,23217,24642,1425,1425,0.859,0,234
23217,24876,1659,0,GE-Phrase,210,24642,25844,1202,234,0.141,-1425,-968
23217,24876,1659,0,NTB,eu acho,23217,24876,1659,1659,1.0,0,0
52845,53049,204,0,NTB,assim,52845,53049,204,204,1.0,0,0
73497,74483,986,0,GE-Phrase,222,72217,74052,1835,555,0.563,1280,431
73497,74483,986,0,NTB,nũ sei por quê,73497,74483,986,986,1.0,0,0
74483,76614,2131,0,NTB,nũ sei aonde,74483,76614,2131,2131,1.0,0,0
79218,79472,254,0,NTB,sei lá,79218,79472,254,254,1.0,0,0
82970,83529,559,0,NTB,nũ sei,82970,83529,559,559,1.0,0,0
89410,90328,918,0,GE-Phrase,224,88270,90113,1843,703,0.766,1140,215
89410,90328,918,0,GE-Phrase,225,90113,92132,2019,215,0.234,-703,-1804
89410,90328,918,0,NTB,na verdade,89410,90328,918,918,1.0,0,0
111080,111933,853,0,GE-Phrase,233,110395,111156,761,76,0.089,685,777
111080,111933,853,0,GE-Phrase,234,111156,111929,773,773,0.906,-76,4
111080,111933,853,0,GE-Phrase,235,111929,112681,752,4,0.005,-849,-748
111080,111933,853,0,NTB,do anterior,111080,111933,853,853,1.0,0,0
138505,140133,1628,0,NTB,pouco mais,138505,140133,1628,1628,1.0,0,0
7782,8039,257,0,GE-Phrase,203,7612,9471,1859,257,1.0,170,-1432
7782,8039,257,0,NTB,assim,7782,8039,257,257,1.0,0,0
12059,14017,1958,0,GE-Phrase,205,13467,16449,2982,550,0.281,-1408,-2432
12059,14017,1958,0,NTB,a rua do poste,12059,14017,1958,1958,1.0,0,0
23217,24876,1659,0,GE-Phrase,209,23217,24642,1425,1425,0.859,0,234
23217,24876,1659,0,GE-Phrase,210,24642,25844,1202,234,0.141,-1425,-968
23217,24876,1659,0,NTB,eu acho,23217,24876,1659,1659,1.0,0,0
52845,53049,204,0,NTB,assim,52845,53049,204,204,1.0,0,0
73497,74483,986,0,GE-Phrase,222,72217,74052,1835,555,0.563,1280,431
73497,74483,986,0,NTB,nũ sei por quê,73497,74483,986,986,1.0,0,0
74483,76614,2131,0,NTB,nũ sei aonde,74483,76614,2131,2131,1.0,0,0
79218,79472,254,0,NTB,sei lá,79218,79472,254,254,1.0,0,0
82970,83529,559,0,NTB,nũ sei,82970,83529,559,559,1.0,0,0
89410,90328,918,0,GE-Phrase,224,88270,90113,1843,703,0.766,1140,215
89410,90328,918,0,GE-Phrase,225,90113,92132,2019,215,0.234,-703,-1804
89410,90328,918,0,NTB,na verdade,89410,90328,918,918,1.0,0,0
111080,111933,853,0,GE-Phrase,233,110395,111156,761,76,0.089,685,777
111080,111933,853,0,GE-Phrase,234,111156,111929,773,773,0.906,-76,4
111080,111933,853,0,GE-Phrase,235,111929,112681,752,4,0.005,-849,-748
111080,111933,853,0,NTB,do anterior,111080,111933,853,853,1.0,0,0
138505,140133,1628,0,NTB,pouco mais,138505,140133,1628,1628,1.0,0,0
7782,8039,257,0,GE-Phrase,203,7612,9471,1859,257,1.0,170,-1432
7782,8039,257,0,NTB,assim,7782,8039,257,257,1.0,0,0
12059,14017,1958,0,GE-Phrase,205,13467,16449,2982,550,0.281,-1408,-2432
12059,14017,1958,0,NTB,a rua do poste,12059,14017,1958,1958,1.0,0,0
23217,24876,1659,0,GE-Phrase,209,23217,24642,1425,1425,0.859,0,234
23217,24876,1659,0,GE-Phrase,210,24642,25844,1202,234,0.141,-1425,-968
23217,24876,1659,0,NTB,eu acho,23217,24876,1659,1659,1.0,0,0
52845,53049,204,0,NTB,assim,52845,53049,204,204,1.0,0,0
73497,74483,986,0,GE-Phrase,222,72217,74052,1835,555,0.563,1280,431
73497,74483,986,0,NTB,nũ sei por quê,73497,74483,986,986,1.0,0,0
74483,76614,2131,0,NTB,nũ sei aonde,74483,76614,2131,2131,1.0,0,0
79218,79472,254,0,NTB,sei lá,79218,79472,254,254,1.0,0,0
82970,83529,559,0,NTB,nũ sei,82970,83529,559,559,1.0,0,0
89410,90328,918,0,GE-Phrase,224,88270,90113,1843,703,0.766,1140,215
89410,90328,918,0,GE-Phrase,225,90113,92132,2019,215,0.234,-703,-1804
89410,90328,918,0,NTB,na verdade,89410,90328,918,918,1.0,0,0
111080,111933,853,0,GE-Phrase,233,110395,111156,761,76,0.089,685,777
111080,111933,853,0,GE-Phrase,234,111156,111929,773,773,0.906,-76,4
111080,111933,853,0,GE-Phrase,235,111929,112681,752,4,0.005,-849,-748
111080,111933,853,0,NTB,do anterior,111080,111933,853,853,1.0,0,0
138505,140133,1628,0,NTB,pouco mais,138505,140133,1628,1628,1.0,0,0
7782,8039,257,0,GE-Phrase,203,7612,9471,1859,257,1.0,170,-1432
7782,8039,257,0,NTB,assim,7782,8039,257,257,1.0,0,0
12059,14017,1958,0,GE-Phrase,205,13467,16449,2982,550,0.281,-1408,-2432
12059,14017,1958,0,NTB,a rua do poste,12059,14017,1958,1958,1.0,0,0
23217,24876,1659,0,GE-Phrase,209,23217,24642,1425,1425,0.859,0,234
23217,24876,1659,0,GE-Phrase,210,24642,25844,1202,234,0.141,-1425,-968
23217,24876,1659,0,NTB,eu acho,23217,24876,1659,1659,1.0,0,0
52845,53049,204,0,NTB,assim,52845,53049,204,204,1.0,0,0
73497,74483,986,0,GE-Phrase,222,72217,74052,1835,555,0.563,1280,431
73497,74483,986,0,NTB,nũ sei por quê,73497,74483,986,986,1.0,0,0
74483,76614,2131,0,NTB,nũ sei aonde,74483,76614,2131,2131,1.0,0,0
79218,79472,254,0,NTB,sei lá,79218,79472,254,254,1.0,0,0
82970,83529,559,0,NTB,nũ sei,82970,83529,559,559,1.0,0,0
89410,90328,918,0,GE-Phrase,224,88270,90113,1843,703,0.766,1140,215
89410,90328,918,0,GE-Phrase,225,90113,92132,2019,215,0.234,-703,-1804
89410,90328,918,0,NTB,na verdade,89410,90328,918,918,1.0,0,0
111080,111933,853,0,GE-Phrase,233,110395,111156,761,76,0.089,685,777
111080,111933,853,0,GE-Phrase,234,111156,111929,773,773,0.906,-76,4
111080,111933,853,0,GE-Phrase,235,111929,112681,752,4,0.005,-849,-748
111080,111933,853,0,NTB,do anterior,111080,111933,853,853,1.0,0,0
138505,140133,1628,0,NTB,pouco mais,138505,140133,1628,1628,1.0,0,0
7782,8039,257,0,GE-Phrase,203,7612,9471,1859,257,1.0,170,-1432
7782,8039,257,0,NTB,assim,7782,8039,257,257,1.0,0,0
12059,14017,1958,0,GE-Phrase,205,13467,16449,2982,550,0.281,-1408,-2432
12059,14017,1958,0,NTB,a rua do poste,12059,14017,1958,1958,1.0,0,0
23217,24876,1659,0,GE-Phrase,209,23217,24642,1425,1425,0.859,0,234
23217,24876,1659,0,GE-Phrase,210,24642,25844,1202,234,0.141,-1425,-968
23217,24876,1659,0,NTB,eu acho,23217,24876,1659,1659,1.0,0,0
52845,53049,204,0,NTB,assim,52845,53049,204,204,1.0,0,0
73497,74483,986,0,GE-Phrase,222,72217,74052,1835,555,0.563,1280,431
73497,74483,986,0,NTB,nũ sei por quê,73497,74483,986,986,1.0,0,0
74483,76614,2131,0,NTB,nũ sei aonde,74483,76614,2131,2131,1.0,0,0
79218,79472,254,0,NTB,sei lá,79218,79472,254,254,1.0,0,0
82970,83529,559,0,NTB,nũ sei,82970,83529,559,559,1.0,0,0
89410,90328,918,0,GE-Phrase,224,88270,90113,1843,703,0.766,1140,215
89410,90328,918,0,GE-Phrase,225,90113,92132,2019,215,0.234,-703,-1804
89410,90328,918,0,NTB,na verdade,89410,90328,918,918,1.0,0,0
111080,111933,853,0,GE-Phrase,233,110395,111156,761,76,0.089,685,777
111080,111933,853,0,GE-Phrase,234,111156,111929,773,773,0.906,-76,4
111080,111933,853,0,GE-Phrase,235,111929,112681,752,4,0.005,-849,-748
111080,111933,853,0,NTB,do anterior,111080,111933,853,853,1.0,0,0
138505,140133,1628,0,NTB,pouco mais,138505,140133,1628,1628,1.0,0,0
7782,8039,257,0,GE-Phrase,203,7612,9471,1859,257,1.0,170,-1432
7782,8039,257,0,NTB,assim,7782,8039,257,257,1.0,0,0
12059,14017,1958,0,GE-Phrase,205,13467,16449,2982,550,0.281,-1408,-2432
12059,14017,1958,0,NTB,a rua do poste,12059,14017,1958,1958,1.0,0,0
23217,24876,1659,0,GE-Phrase,209,23217,24642,1425,1425,0.859,0,234
23217,24876,1659,0,GE-Phrase,210,24642,25844,1202,234,0.141,-1425,-968
23217,24876,1659,0,NTB,eu acho,23217,24876,1659,1659,1.0,0,0
52845,53049,204,0,NTB,assim,52845,53049,204,204,1.0,0,0
73497,74483,986,0,GE-Phrase,222,72217,74052,1835,555,0.563,1280,431
73497,74483,986,0,NTB,nũ sei por quê,73497,74483,986,986,1.0,0,0
74483,76614,2131,0,NTB,nũ sei aonde,74483,76614,2131,2131,1.0,0,0
79218,79472,254,0,NTB,sei lá,79218,79472,254,254,1.0,0,0
82970,83529,559,0,NTB,nũ sei,82970,83529,559,559,1.0,0,0
89410,90328,918,0,GE-Phrase,224,88270,90113,1843,703,0.766,1140,215
89410,90328,918,0,GE-Phrase,225,90113,92132,2019,215,0.234,-703,-1804
89410,90328,918,0,NTB,na verdade,89410,90328,918,918,1.0,0,0
111080,111933,853,0,GE-Phrase,233,110395,111156,761,76,0.089,685,777
111080,111933,853,0,GE-Phrase,234,111156,111929,773,773,0.906,-76,4
111080,111933,853,0,GE-Phrase,235,111929,112681,752,4,0.005,-849,-748
111080,111933,853,0,NTB,do anterior,111080,111933,853,853,1.0,0,0
138505,140133,1628,0,NTB,pouco mais,138505,140133,1628,1628,1.0,0,0
7782,8039,257,0,GE-Phrase,203,7612,9471,1859,257,1.0,170,-1432
7782,8039,257,0,NTB,assim,7782,8039,257,257,1.0,0,0
12059,14017,1958,0,GE-Phrase,205,13467,16449,2982,550,0.281,-1408,-2432
12059,14017,1958,0,NTB,a rua do poste,12059,14017,1958,1958,1.0,0,0
23217,24876,1659,0,GE-Phrase,209,23217,24642,1425,1425,0.859,0,234
23217,24876,1659,0,GE-Phrase,210,24642,25844,1202,234,0.141,-1425,-968
23217,24876,1659,0,NTB,eu acho,23217,24876,1659,1659,1.0,0,0
52845,53049,204,0,NTB,assim,52845,53049,204,204,1.0,0,0
73497,74483,986,0,GE-Phrase,222,72217,74052,1835,555,0.563,1280,431
73497,74483,986,0,NTB,nũ sei por quê,73497,74483,986,986,1.0,0,0
74483,76614,2131,0,NTB,nũ sei aonde,74483,76614,2131,2131,1.0,0,0
79218,79472,254,0,NTB,sei lá,79218,79472,254,254,1.0,0,0
82970,83529,559,0,NTB,nũ sei,82970,83529,559,559,1.0,0,0
89410,90328,918,0,GE-Phrase,224,88270,90113,1843,703,0.766,1140,215
89410,90328,918,0,GE-Phrase,225,90113,92132,2019,215,0.234,-703,-1804
89410,90328,918,0,NTB,na verdade,89410,90328,918,918,1.0,0,0
111080,111933,853,0,GE-Phrase,233,110395,111156,761,76,0.089,685,777
111080,111933,853,0,GE-Phrase,234,111156,111929,773,773,0.906,-76,4
111080,111933,853,0,GE-Phrase,235,111929,112681,752,4,0.005,-849,-748
111080,111933,853,0,NTB,do anterior,111080,111933,853,853,1.0,0,0
138505,140133,1628,0,NTB,pouco mais,138505,140133,1628,1628,1.0,0,0
7782,8039,257,0,GE-Phrase,203,7612,9471,1859,257,1.0,170,-1432
7782,8039,257,0,NTB,assim,7782,8039,257,257,1.0,0,0
12059,14017,1958,0,GE-Phrase,205,13467,16449,2982,550,0.281,-1408,-2432
12059,14017,1958,0,NTB,a rua do poste,12059,14017,1958,1958,1.0,0,0
23217,24876,1659,0,GE-Phrase,209,23217,24642,1425,1425,0.859,0,234
23217,24876,1659,0,GE-Phrase,210,24642,25844,1202,234,0.141,-1425,-968
23217,24876,1659,0,NTB,eu acho,23217,24876,1659,1659,1.0,0,0
52845,53049,204,0,NTB,assim,52845,53049,204,204,1.0,0,0
73497,74483,986,0,GE-Phrase,222,72217,74052,1835,555,0.563,1280,431
73497,74483,986,0,NTB,nũ sei por quê,73497,74483,986,986,1.0,0,0
74483,76614,2131,0,NTB,nũ sei aonde,74483,76614,2131,2131,1.0,0,0
79218,79472,254,0,NTB,sei lá,79218,79472,254,254,1.0,0,0
82970,83529,559,0,NTB,nũ sei,82970,83529,559,559,1.0,0,0
89410,90328,918,0,GE-Phrase,224,88270,90113,1843,703,0.766,1140,215
89410,90328,918,0,GE-Phrase,225,90113,92132,2019,215,0.234,-703,-1804
89410,90328,918,0,NTB,na verdade,89410,90328,918,918,1.0,0,0
111080,111933,853,0,GE-Phrase,233,110395,111156,761,76,0.089,685,777
111080,111933,853,0,GE-Phrase,234,111156,111929,773,773,0.906,-76,4
111080,111933,853,0,GE-Phrase,235,111929,112681,752,4,0.005,-849,-748
111080,111933,853,0,NTB,do anterior,111080,111933,853,853,1.0,0,0
138505,140133,1628,0,NTB,pouco mais,138505,140133,1628,1628,1.0,0,0
7782,8039,257,0,GE-Phrase,203,7612,9471,1859,257,1.0,170,-1432
7782,8039,257,0,NTB,assim,7782,8039,257,257,1.0,0,0
12059,14017,1958,0,GE-Phrase,205,13467,16449,2982,550,0.281,-1408,-2432
12059,14017,1958,0,NTB,a rua do poste,12059,14017,1958,1958,1.0,0,0
23217,24876,1659,0,GE-Phrase,209,23217,24642,1425,1425,0.859,0,234
23217,24876,1659,0,GE-Phrase,210,24642,25844,1202,234,0.141,-1425,-968
23217,24876,1659,0,NTB,eu acho,23217,24876,1659,1659,1.0,0,0
52845,53049,204,0,NTB,assim,52845,53049,204,204,1.0,0,0
73497,74483,986,0,GE-Phrase,222,72217,74052,1835,555,0.563,1280,431
73497,74483,986,0,NTB,nũ sei por quê,73497,74483,986,986,1.0,0,0
74483,76614,2131,0,NTB,nũ sei aonde,74483,76614,2131,2131,1.0,0,0
79218,79472,254,0,NTB,sei lá,79218,79472,254,254,1.0,0,0
82970,83529,559,0,NTB,nũ sei,82970,83529,559,559,1.0,0,0
89410,90328,918,0,GE-Phrase,224,88270,90113,1843,703,0.766,1140,215
89410,90328,918,0,GE-Phrase,225,90113,92132,2019,215,0.234,-703,-1804
89410,90328,918,0,NTB,na verdade,89410,90328,918,918,1.0,0,0
111080,111933,853,0,GE-Phrase,233,110395,111156,761,76,0.089,685,777
111080,111933,853,0,GE-Phrase,234,111156,111929,773,773,0.906,-76,4
111080,111933,853,0,GE-Phrase,235,111929,112681,752,4,0.005,-849,-748
111080,111933,853,0,NTB,do anterior,111080,111933,853,853,1.0,0,0
138505,140133,1628,0,NTB,pouco mais,138505,140133,1628,1628,1.0,0,0
7782,8039,257,0,GE-Phrase,203,7612,9471,1859,257,1.0,170,-1432
7782,8039,257,0,NTB,assim,7782,8039,257,257,1.0,0,0
12059,14017,1958,0,GE-Phrase,205,13467,16449,2982,550,0.281,-1408,-2432
12059,14017,1958,0,NTB,a rua do poste,12059,14017,1958,1958,1.0,0,0
23217,24876,1659,0,GE-Phrase,209,23217,24642,1425,1425,0.859,0,234
23217,24876,1659,0,GE-Phrase,210,24642,25844,1202,234,0.141,-1425,-968
23217,24876,1659,0,NTB,eu acho,23217,24876,1659,1659,1.0,0,0
52845,53049,204,0,NTB,assim,52845,53049,204,204,1.0,0,0
73497,74483,986,0,GE-Phrase,222,72217,74052,1835,555,0.563,1280,431
73497,74483,986,0,NTB,nũ sei por quê,73497,74483,986,986,1.0,0,0
74483,76614,2131,0,NTB,nũ sei aonde,74483,76614,2131,2131,1.0,0,0
79218,79472,254,0,NTB,sei lá,79218,79472,254,254,1.0,0,0
82970,83529,559,0,NTB,nũ sei,82970,83529,559,559,1.0,0,0
89410,90328,918,0,GE-Phrase,224,88270,90113,1843,703,0.766,1140,215
89410,90328,918,0,GE-Phrase,225,90113,92132,2019,215,0.234,-703,-1804
89410,90328,918,0,NTB,na verdade,89410,90328,918,918,1.0,0,0
111080,111933,853,0,GE-Phrase,233,110395,111156,761,76,0.089,685,777
111080,111933,853,0,GE-Phrase,234,111156,111929,773,773,0.906,-76,4
111080,111933,853,0,GE-Phrase,235,111929,112681,752,4,0.005,-849,-748
111080,111933,853,0,NTB,do anterior,111080,111933,853,853,1.0,0,0
138505,140133,1628,0,NTB,pouco mais,138505,140133,1628,1628,1.0,0,0
7782,8039,257,0,GE-Phrase,203,7612,9471,1859,257,1.0,170,-1432
7782,8039,257,0,NTB,assim,7782,8039,257,257,1.0,0,0
12059,14017,1958,0,GE-Phrase,205,13467,16449,2982,550,0.281,-1408,-2432
12059,14017,1958,0,NTB,a rua do poste,12059,14017,1958,1958,1.0,0,0
23217,24876,1659,0,GE-Phrase,209,23217,24642,1425,1425,0.859,0,234
23217,24876,1659,0,GE-Phrase,210,24642,25844,1202,234,0.141,-1425,-968
23217,24876,1659,0,NTB,eu acho,23217,24876,1659,1659,1.0,0,0
52845,53049,204,0,NTB,assim,52845,53049,204,204,1.0,0,0
73497,74483,986,0,GE-Phrase,222,72217,74052,1835,555,0.563,1280,431
73497,74483,986,0,NTB,nũ sei por quê,73497,74483,986,986,1.0,0,0
74483,76614,2131,0,NTB,nũ sei aonde,74483,76614,2131,2131,1.0,0,0
79218,79472,254,0,NTB,sei lá,79218,79472,254,254,1.0,0,0
82970,83529,559,0,NTB,nũ sei,82970,83529,559,559,1.0,0,0
89410,90328,918,0,GE-Phrase,224,88270,90113,1843,703,0.766,1140,215
89410,90328,918,0,GE-Phrase,225,90113,92132,2019,215,0.234,-703,-1804
89410,90328,918,0,NTB,na verdade,89410,90328,918,918,1.0,0,0
111080,111933,853,0,GE-Phrase,233,110395,111156,761,76,0.089,685,777
111080,111933,853,0,GE-Phrase,234,111156,111929,773,773,0.906,-76,4
111080,111933,853,0,GE-Phrase,235,111929,112681,752,4,0.005,-849,-748
111080,111933,853,0,NTB,do anterior,111080,111933,853,853,1.0,0,0
138505,140133,1628,0,NTB,pouco mais,138505,140133,1628,1628,1.0,0,0
7782,8039,257,0,GE-Phrase,203,7612,9471,1859,257,1.0,170,-1432
7782,8039,257,0,NTB,assim,7782,8039,257,257,1.0,0,0
12059,14017,1958,0,GE-Phrase,205,13467,16449,2982,550,0.281,-1408,-2432
12059,14017,1958,0,NTB,a rua do poste,12059,14017,1958,1958,1.0,0,0
23217,24876,1659,0,GE-Phrase,209,23217,24642,1425,1425,0.859,0,234
23217,24876,1659,0,GE-Phrase,210,24642,25844,1202,234,0.141,-1425,-968
23217,24876,1659,0,NTB,eu acho,23217,24876,1659,1659,1.0,0,0
52845,53049,204,0,NTB,assim,52845,53049,204,204,1.0,0,0
73497,74483,986,0,GE-Phrase,222,72217,74052,1835,555,0.563,1280,431
73497,74483,986,0,NTB,nũ sei por quê,73497,74483,986,986,1.0,0,0
74483,76614,2131,0,NTB,nũ sei aonde,74483,76614,2131,2131,1.0,0,0
79218,79472,254,0,NTB,sei lá,79218,79472,254,254,1.0,0,0
82970,83529,559,0,NTB,nũ sei,82970,83529,559,559,1.0,0,0
89410,90328,918,0,GE-Phrase,224,88270,90113,1843,703,0.766,1140,215
89410,90328,918,0,GE-Phrase,225,90113,92132,2019,215,0.234,-703,-1804
89410,90328,918,0,NTB,na verdade,89410,90328,918,918,1.0,0,0
111080,111933,853,0,GE-Phrase,233,110395,111156,761,76,0.089,685,777
111080,111933,853,0,GE-Phrase,234,111156,111929,773,773,0.906,-76,4
111080,111933,853,0,GE-Phrase,235,111929,112681,752,4,0.005,-849,-748
111080,111933,853,0,NTB,do anterior,111080,111933,853,853,1.0,0,0
138505,140133,1628,0,NTB,pouco mais,138505,140133,1628,1628,1.0,0,0
7782,8039,257,0,GE-Phrase,203,7612,9471,1859,257,1.0,170,-1432
7782,8039,257,0,NTB,assim,7782,8039,257,257,1.0,0,0
12059,14017,1958,0,GE-Phrase,205,13467,16449,2982,550,0.281,-1408,-2432
12059,14017,1958,0,NTB,a rua do poste,12059,14017,1958,1958,1.0,0,0
23217,24876,1659,0,GE-Phrase,209,23217,24642,1425,1425,0.859,0,234
23217,24876,1659,0,GE-Phrase,210,24642,25844,1202,234,0.141,-1425,-968
23217,24876,1659,0,NTB,eu acho,23217,24876,1659,1659,1.0,0,0
52845,53049,204,0,NTB,assim,52845,53049,204,204,1.0,0,0
73497,74483,986,0,GE-Phrase,222,72217,74052,1835,555,0.563,1280,431
73497,74483,986,0,NTB,nũ sei por quê,73497,74483,986,986,1.0,0,0
74483,76614,2131,0,NTB,nũ sei aonde,74483,76614,2131,2131,1.0,0,0
79218,79472,254,0,NTB,sei lá,79218,79472,254,254,1.0,0,0
82970,83529,559,0,NTB,nũ sei,82970,83529,559,559,1.0,0,0
89410,90328,918,0,GE-Phrase,224,88270,90113,1843,703,0.766,1140,215
89410,90328,918,0,GE-Phrase,225,90113,92132,2019,215,0.234,-703,-1804
89410,90328,918,0,NTB,na verdade,89410,90328,918,918,1.0,0,0
111080,111933,853,0,GE-Phrase,233,110395,111156,761,76,0.089,685,777
111080,111933,853,0,GE-Phrase,234,111156,111929,773,773,0.906,-76,4
111080,111933,853,0,GE-Phrase,235,111929,112681,752,4,0.005,-849,-748
111080,111933,853,0,NTB,do anterior,111080,111933,853,853,1.0,0,0
138505,140133,1628,0,NTB,pouco mais,138505,140133,1628,1628,1.0,0,0
7782,8039,257,0,GE-Phrase,203,7612,9471,1859,257,1.0,170,-1432
7782,8039,257,0,NTB,assim,7782,8039,257,257,1.0,0,0
12059,14017,1958,0,GE-Phrase,205,13467,16449,2982,550,0.281,-1408,-2432
12059,14017,1958,0,NTB,a rua do poste,12059,14017,1958,1958,1.0,0,0
23217,24876,1659,0,GE-Phrase,209,23217,24642,1425,1425,0.859,0,234
23217,24876,1659,0,GE-Phrase,210,24642,25844,1202,234,0.141,-1425,-968
23217,24876,1659,0,NTB,eu acho,23217,24876,1659,1659,1.0,0,0
52845,53049,204,0,NTB,assim,52845,53049,204,204,1.0,0,0
73497,74483,986,0,GE-Phrase,222,72217,74052,1835,555,0.563,1280,431
73497,74483,986,0,NTB,nũ sei por quê,73497,74483,986,986,1.0,0,0
74483,76614,2131,0,NTB,nũ sei aonde,74483,76614,2131,2131,1.0,0,0
79218,79472,254,0,NTB,sei lá,79218,79472,254,254,1.0,0,0
82970,83529,559,0,NTB,nũ sei,82970,83529,559,559,1.0,0,0
89410,90328,918,0,GE-Phrase,224,88270,90113,1843,703,0.766,1140,215
89410,90328,918,0,GE-Phrase,225,90113,92132,2019,215,0.234,-703,-1804
89410,90328,918,0,NTB,na verdade,89410,90328,918,918,1.0,0,0
111080,111933,853,0,GE-Phrase,233,110395,111156,761,76,0.089,685,777
111080,111933,853,0,GE-Phrase,234,111156,111929,773,773,0.906,-76,4
111080,111933,853,0,GE-Phrase,235,111929,112681,752,4,0.005,-849,-748
111080,111933,853,0,NTB,do anterior,111080,111933,853,853,1.0,0,0
138505,140133,1628,0,NTB,pouco mais,138505,140133,1628,1628,1.0,0,0
7782,8039,257,0,GE-Phrase,203,7612,9471,1859,257,1.0,170,-1432
7782,8039,257,0,NTB,assim,7782,8039,257,257,1.0,0,0
12059,14017,1958,0,GE-Phrase,205,13467,16449,2982,550,0.281,-1408,-2432
12059,14017,1958,0,NTB,a rua do poste,12059,14017,1958,1958,1.0,0,0
23217,24876,1659,0,GE-Phrase,209,23217,24642,1425,1425,0.859,0,234
23217,24876,1659,0,GE-Phrase,210,24642,25844,1202,234,0.141,-1425,-968
23217,24876,1659,0,NTB,eu acho,23217,24876,1659,1659,1.0,0,0
52845,53049,204,0,NTB,assim,52845,53049,204,204,1.0,0,0
73497,74483,986,0,GE-Phrase,222,72217,74052,1835,555,0.563,1280,431
73497,74483,986,0,NTB,nũ sei por quê,73497,74483,986,986,1.0,0,0
74483,76614,2131,0,NTB,nũ sei aonde,74483,76614,2131,2131,1.0,0,0
79218,79472,254,0,NTB,sei lá,79218,79472,254,254,1.0,0,0
82970,83529,559,0,NTB,nũ sei,82970,83529,559,559,1.0,0,0
89410,90328,918,0,GE-Phrase,224,88270,90113,1843,703,0.766,1140,215
89410,90328,918,0,GE-Phrase,225,90113,92132,2019,215,0.234,-703,-1804
89410,90328,918,0,NTB,na verdade,89410,90328,918,918,1.0,0,0
111080,111933,853,0,GE-Phrase,233,110395,111156,761,76,0.089,685,777
111080,111933,853,0,GE-Phrase,234,111156,111929,773,773,0.906,-76,4
111080,111933,853,0,GE-Phrase,235,111929,112681,752,4,0.005,-849,-748
111080,111933,853,0,NTB,do anterior,111080,111933,853,853,1.0,0,0
138505,140133,1628,0,NTB,pouco mais,138505,140133,1628,1628,1.0,0,0
7782,8039,257,0,GE-Phrase,203,7612,9471,1859,257,1.0,170,-1432
7782,8039,257,0,NTB,assim,7782,8039,257,257,1.0,0,0
12059,14017,1958,0,GE-Phrase,205,13467,16449,2982,550,0.281,-1408,-2432
12059,14017,1958,0,NTB,a rua do poste,12059,14017,1958,1958,1.0,0,0
23217,24876,1659,0,GE-Phrase,209,23217,24642,1425,1425,0.859,0,234
23217,24876,1659,0,GE-Phrase,210,24642,25844,1202,234,0.141,-1425,-968
23217,24876,1659,0,NTB,eu acho,23217,24876,1659,1659,1.0,0,0
52845,53049,204,0,NTB,assim,52845,53049,204,204,1.0,0,0
73497,74483,986,0,GE-Phrase,222,72217,74052,1835,555,0.563,1280,431
73497,74483,986,0,NTB,nũ sei por quê,73497,74483,986,986,1.0,0,0
74483,76614,2131,0,NTB,nũ sei aonde,74483,76614,2131,2131,1.0,0,0
79218,79472,254,0,NTB,sei lá,79218,79472,254,254,1.0,0,0
82970,83529,559,0,NTB,nũ sei,82970,83529,559,559,1.0,0,0
89410,90328,918,0,GE-Phrase,224,88270,90113,1843,703,0.766,1140,215
89410,90328,918,0,GE-Phrase,225,90113,92132,2019,215,0.234,-703,-1804
89410,90328,918,0,NTB,na verdade,89410,90328,918,918,1.0,0,0
111080,111933,853,0,GE-Phrase,233,110395,111156,761,76,0.089,685,777
111080,111933,853,0,GE-Phrase,234,111156,111929,773,773,0.906,-76,4
111080,111933,853,0,GE-Phrase,235,111929,112681,752,4,0.005,-849,-748
111080,111933,853,0,NTB,do anterior,111080,111933,853,853,1.0,0,0
138505,140133,1628,0,NTB,pouco mais,138505,140133,1628,1628,1.0,0,0
7782,8039,257,0,GE-Phrase,203,7612,9471,1859,257,1.0,170,-1432
7782,8039,257,0,NTB,assim,7782,8039,257,257,1.0,0,0
12059,14017,1958,0,GE-Phrase,205,13467,16449,2982,550,0.281,-1408,-2432
12059,14017,1958,0,NTB,a rua do poste,12059,14017,1958,1958,1.0,0,0
23217,24876,1659,0,GE-Phrase,209,23217,24642,1425,1425,0.859,0,234
23217,24876,1659,0,GE-Phrase,210,24642,25844,1202,234,0.141,-1425,-968
23217,24876,1659,0,NTB,eu acho,23217,24876,1659,1659,1.0,0,0
52845,53049,204,0,NTB,assim,52845,53049,204,204,1.0,0,0
73497,74483,986,0,GE-Phrase,222,72217,74052,1835,555,0.563,1280,431
73497,74483,986,0,NTB,nũ sei por quê,73497,74483,986,986,1.0,0,0
74483,76614,2131,0,NTB,nũ sei aonde,74483,76614,2131,2131,1.0,0,0
79218,79472,254,0,NTB,sei lá,79218,79472,254,254,1.0,0,0
82970,83529,559,0,NTB,nũ sei,82970,83529,559,559,1.0,0,0
89410,90328,918,0,GE-Phrase,224,88270,90113,1843,703,0.766,1140,215
89410,90328,918,0,GE-Phrase,225,90113,92132,2019,215,0.234,-703,-1804
89410,90328,918,0,NTB,na verdade,89410,90328,918,918,1.0,0,0
111080,111933,853,0,GE-Phrase,233,110395,111156,761,76,0.089,685,777
111080,111933,853,0,GE-Phrase,234,111156,111929,773,773,0.906,-76,4
111080,111933,853,0,GE-Phrase,235,111929,112681,752,4,0.005,-849,-748
111080,111933,853,0,NTB,do anterior,111080,111933,853,853,1.0,0,0
138505,140133,1628,0,NTB,pouco mais,138505,140133,1628,1628,1.0,0,0
7782,8039,257,0,GE-Phrase,203,7612,9471,1859,257,1.0,170,-1432
7782,8039,257,0,NTB,assim,7782,8039,257,257,1.0,0,0
12059,14017,1958,0,GE-Phrase,205,13467,16449,2982,550,0.281,-1408,-2432
12059,14017,1958,0,NTB,a rua do poste,12059,14017,1958,1958,1.0,0,0
23217,24876,1659,0,GE-Phrase,209,23217,24642,1425,1425,0.859,0,234
23217,24876,1659,0,GE-Phrase,210,24642,25844,1202,234,0.141,-1425,-968
23217,24876,1659,0,NTB,eu acho,23217,24876,1659,1659,1.0,0,0
52845,53049,204,0,NTB,assim,52845,53049,204,204,1.0,0,0
73497,74483,986,0,GE-Phrase,222,72217,74052,1835,555,0.563,1280,431
73497,74483,986,0,NTB,nũ sei por quê,73497,74483,986,986,1.0,0,0
74483,76614,2131,0,NTB,nũ sei aonde,74483,76614,2131,2131,1.0,0,0
79218,79472,254,0,NTB,sei lá,79218,79472,254,254,1.0,0,0
82970,83529,559,0,NTB,nũ sei,82970,83529,559,559,1.0,0,0
89410,90328,918,0,GE-Phrase,224,88270,90113,1843,703,0.766,1140,215
89410,90328,918,0,GE-Phrase,225,90113,92132,2019,215,0.234,-703,-1804
89410,90328,918,0,NTB,na verdade,89410,90328,918,918,1.0,0,0
111080,111933,853,0,GE-Phrase,233,110395,111156,761,76,0.089,685,777
111080,111933,853,0,GE-Phrase,234,111156,111929,773,773,0.906,-76,4
111080,111933,853,0,GE-Phrase,235,111929,112681,752,4,0.005,-849,-748
111080,111933,853,0,NTB,do anterior,111080,111933,853,853,1.0,0,0
138505,140133,1628,0,NTB,pouco mais,138505,140133,1628,1628,1.0,0,0
7782,8039,257,0,GE-Phrase,203,7612,9471,1859,257,1.0,170,-1432
7782,8039,257,0,NTB,assim,7782,8039,257,257,1.0,0,0
12059,14017,1958,0,GE-Phrase,205,13467,16449,2982,550,0.281,-1408,-2432
12059,14017,1958,0,NTB,a rua do poste,12059,14017,1958,1958,1.0,0,0
23217,24876,1659,0,GE-Phrase,209,23217,24642,1425,1425,0.859,0,234
23217,24876,1659,0,GE-Phrase,210,24642,25844,1202,234,0.141,-1425,-968
23217,24876,1659,0,NTB,eu acho,23217,24876,1659,1659,1.0,0,0
52845,53049,204,0,NTB,assim,52845,53049,204,204,1.0,0,0
73497,74483,986,0,GE-Phrase,222,72217,74052,1835,555,0.563,1280,431
73497,74483,986,0,NTB,nũ sei por quê,73497,74483,986,986,1.0,0,0
74483,76614,2131,0,NTB,nũ sei aonde,74483,76614,2131,2131,1.0,0,0
79218,79472,254,0,NTB,sei lá,79218,79472,254,254,1.0,0,0
82970,83529,559,0,NTB,nũ sei,82970,83529,559,559,1.0,0,0
89410,90328,918,0,GE-Phrase,224,88270,90113,1843,703,0.766,1140,215
89410,90328,918,0,GE-Phrase,225,90113,92132,2019,215,0.234,-703,-1804
89410,90328,918,0,NTB,na verdade,89410,90328,918,918,1.0,0,0
111080,111933,853,0,GE-Phrase,233,110395,111156,761,76,0.089,685,777
111080,111933,853,0,GE-Phrase,234,111156,111929,773,773,0.906,-76,4
111080,111933,853,0,GE-Phrase,235,111929,112681,752,4,0.005,-849,-748
111080,111933,853,0,NTB,do anterior,111080,111933,853,853,1.0,0,0
138505,140133,1628,0,NTB,pouco mais,138505,140133,1628,1628,1.0,0,0
7782,8039,257,0,GE-Phrase,203,7612,9471,1859,257,1.0,170,-1432
7782,8039,257,0,NTB,assim,7782,8039,257,257,1.0,0,0
12059,14017,1958,0,GE-Phrase,205,13467,16449,2982,550,0.281,-1408,-2432
12059,14017,1958,0,NTB,a rua do poste,12059,14017,1958,1958,1.0,0,0
23217,24876,1659,0,GE-Phrase,209,23217,24642,1425,1425,0.859,0,234
23217,24876,1659,0,GE-Phrase,210,24642,25844,1202,234,0.141,-1425,-968
23217,24876,1659,0,NTB,eu acho,23217,24876,1659,1659,1.0,0,0
52845,53049,204,0,NTB,assim,52845,53049,204,204,1.0,0,0
73497,74483,986,0,GE-Phrase,222,72217,74052,1835,555,0.563,1280,431
73497,74483,986,0,NTB,nũ sei por quê,73497,74483,986,986,1.0,0,0
74483,76614,2131,0,NTB,nũ sei aonde,74483,76614,2131,2131,1.0,0,0
79218,79472,254,0,NTB,sei lá,79218,79472,254,254,1.0,0,0
82970,83529,559,0,NTB,nũ sei,82970,83529,559,559,1.0,0,0
89410,90328,918,0,GE-Phrase,224,88270,90113,1843,703,0.766,1140,215
89410,90328,918,0,GE-Phrase,225,90113,92132,2019,215,0.234,-703,-1804
89410,90328,918,0,NTB,na verdade,89410,90328,918,918,1.0,0,0
111080,111933,853,0,GE-Phrase,233,110395,111156,761,76,0.089,685,777
111080,111933,853,0,GE-Phrase,234,111156,111929,773,773,0.906,-76,4
111080,111933,853,0,GE-Phrase,235,111929,112681,752,4,0.005,-849,-748
111080,111933,853,0,NTB,do anterior,111080,111933,853,853,1.0,0,0
138505,140133,1628,0,NTB,pouco mais,138505,140133,1628,1628,1.0,0,0
7782,8039,257,0,GE-Phrase,203,7612,9471,1859,257,1.0,170,-1432
7782,8039,257,0,NTB,assim,7782,8039,257,257,1.0,0,0
12059,14017,1958,0,GE-Phrase,205,13467,16449,2982,550,0.281,-1408,-2432
12059,14017,1958,0,NTB,a rua do poste,12059,14017,1958,1958,1.0,0,0
23217,24876,1659,0,GE-Phrase,209,23217,24642,1425,1425,0.859,0,234
23217,24876,1659,0,GE-Phrase,210,24642,25844,1202,234,0.141,-1425,-968
23217,24876,1659,0,NTB,eu acho,23217,24876,1659,1659,1.0,0,0
52845,53049,204,0,NTB,assim,52845,53049,204,204,1.0,0,0
73497,74483,986,0,GE-Phrase,222,72217,74052,1835,555,0.563,1280,431
73497,74483,986,0,NTB,nũ sei por quê,73497,74483,986,986,1.0,0,0
74483,76614,2131,0,NTB,nũ sei aonde,74483,76614,2131,2131,1.0,0,0
79218,79472,254,0,NTB,sei lá,79218,79472,254,254,1.0,0,0
82970,83529,559,0,NTB,nũ sei,82970,83529,559,559,1.0,0,0
89410,90328,918,0,GE-Phrase,224,88270,90113,1843,703,0.766,1140,215
89410,90328,918,0,GE-Phrase,225,90113,92132,2019,215,0.234,-703,-1804
89410,90328,918,0,NTB,na verdade,89410,90328,918,918,1.0,0,0
111080,111933,853,0,GE-Phrase,233,110395,111156,761,76,0.089,685,777
111080,111933,853,0,GE-Phrase,234,111156,111929,773,773,0.906,-76,4
111080,111933,853,0,GE-Phrase,235,111929,112681,752,4,0.005,-849,-748
111080,111933,853,0,NTB,do anterior,111080,111933,853,853,1.0,0,0
138505,140133,1628,0,NTB,pouco mais,138505,140133,1628,1628,1.0,0,0
7782,8039,257,0,GE-Phrase,203,7612,9471,1859,257,1.0,170,-1432
7782,8039,257,0,NTB,assim,7782,8039,257,257,1.0,0,0
12059,14017,1958,0,GE-Phrase,205,13467,16449,2982,550,0.281,-1408,-2432
12059,14017,1958,0,NTB,a rua do poste,12059,14017,1958,1958,1.0,0,0
23217,24876,1659,0,GE-Phrase,209,23217,24642,1425,1425,0.859,0,234
23217,24876,1659,0,GE-Phrase,210,24642,25844,1202,234,0.141,-1425,-968
23217,24876,1659,0,NTB,eu acho,23217,24876,1659,1659,1.0,0,0
52845,53049,204,0,NTB,assim,52845,53049,204,204,1.0,0,0
73497,74483,986,0,GE-Phrase,222,72217,74052,1835,555,0.563,1280,431
73497,74483,986,0,NTB,nũ sei por quê,73497,74483,986,986,1.0,0,0
74483,76614,2131,0,NTB,nũ sei aonde,74483,76614,2131,2131,1.0,0,0
79218,79472,254,0,NTB,sei lá,79218,79472,254,254,1.0,0,0
82970,83529,559,0,NTB,nũ sei,82970,83529,559,559,1.0,0,0
89410,90328,918,0,GE-Phrase,224,88270,90113,1843,703,0.766,1140,215
89410,90328,918,0,GE-Phrase,225,90113,92132,2019,215,0.234,-703,-1804
89410,90328,918,0,NTB,na verdade,89410,90328,918,918,1.0,0,0
111080,111933,853,0,GE-Phrase,233,110395,111156,761,76,0.089,685,777
111080,111933,853,0,GE-Phrase,234,111156,111929,773,773,0.906,-76,4
111080,111933,853,0,GE-Phrase,235,111929,112681,752,4,0.005,-849,-748
111080,111933,853,0,NTB,do anterior,111080,111933,853,853,1.0,0,0
138505,140133,1628,0,NTB,pouco mais,138505,140133,1628,1628,1.0,0,0
7782,8039,257,0,GE-Phrase,203,7612,9471,1859,257,1.0,170,-1432
7782,8039,257,0,NTB,assim,7782,8039,257,257,1.0,0,0
12059,14017,1958,0,GE-Phrase,205,13467,16449,2982,550,0.281,-1408,-2432
12059,14017,1958,0,NTB,a rua do poste,12059,14017,1958,1958,1.0,0,0
23217,24876,1659,0,GE-Phrase,209,23217,24642,1425,1425,0.859,0,234
23217,24876,1659,0,GE-Phrase,210,24642,25844,1202,234,0.141,-1425,-968
23217,24876,1659,0,NTB,eu acho,23217,24876,1659,1659,1.0,0,0
52845,53049,204,0,NTB,assim,52845,53049,204,204,1.0,0,0
73497,74483,986,0,GE-Phrase,222,72217,74052,1835,555,0.563,1280,431
73497,74483,986,0,NTB,nũ sei por quê,73497,74483,986,986,1.0,0,0
74483,76614,2131,0,NTB,nũ sei aonde,74483,76614,2131,2131,1.0,0,0
79218,79472,254,0,NTB,sei lá,79218,79472,254,254,1.0,0,0
82970,83529,559,0,NTB,nũ sei,82970,83529,559,559,1.0,0,0
89410,90328,918,0,GE-Phrase,224,88270,90113,1843,703,0.766,1140,215
89410,90328,918,0,GE-Phrase,225,90113,92132,2019,215,0.234,-703,-1804
89410,90328,918,0,NTB,na verdade,89410,90328,918,918,1.0,0,0
111080,111933,853,0,GE-Phrase,233,110395,111156,761,76,0.089,685,777
111080,111933,853,0,GE-Phrase,234,111156,111929,773,773,0.906,-76,4
111080,111933,853,0,GE-Phrase,235,111929,112681,752,4,0.005,-849,-748
111080,111933,853,0,NTB,do anterior,111080,111933,853,853,1.0,0,0
138505,140133,1628,0,NTB,pouco mais,138505,140133,1628,1628,1.0,0,0
7782,8039,257,0,GE-Phrase,203,7612,9471,1859,257,1.0,170,-1432
7782,8039,257,0,NTB,assim,7782,8039,257,257,1.0,0,0
12059,14017,1958,0,GE-Phrase,205,13467,16449,2982,550,0.281,-1408,-2432
12059,14017,1958,0,NTB,a rua do poste,12059,14017,1958,1958,1.0,0,0
23217,24876,1659,0,GE-Phrase,209,23217,24642,1425,1425,0.859,0,234
23217,24876,1659,0,GE-Phrase,210,24642,25844,1202,234,0.141,-1425,-968
23217,24876,1659,0,NTB,eu acho,23217,24876,1659,1659,1.0,0,0
52845,53049,204,0,NTB,assim,52845,53049,204,204,1.0,0,0
73497,74483,986,0,GE-Phrase,222,72217,74052,1835,555,0.563,1280,431
73497,74483,986,0,NTB,nũ sei por quê,73497,74483,986,986,1.0,0,0
74483,76614,2131,0,NTB,nũ sei aonde,74483,76614,2131,2131,1.0,0,0
79218,79472,254,0,NTB,sei lá,79218,79472,254,254,1.0,0,0
82970,83529,559,0,NTB,nũ sei,82970,83529,559,559,1.0,0,0
89410,90328,918,0,GE-Phrase,224,88270,90113,1843,703,0.766,1140,215
89410,90328,918,0,GE-Phrase,225,90113,92132,2019,215,0.234,-703,-1804
89410,90328,918,0,NTB,na verdade,89410,90328,918,918,1.0,0,0
111080,111933,853,0,GE-Phrase,233,110395,111156,761,76,0.089,685,777
111080,111933,853,0,GE-Phrase,234,111156,111929,773,773,0.906,-76,4
111080,111933,853,0,GE-Phrase,235,111929,112681,752,4,0.005,-849,-748
111080,111933,853,0,NTB,do anterior,111080,111933,853,853,1.0,0,0
138505,140133,1628,0,NTB,pouco mais,138505,140133,1628,1628,1.0,0,0
7782,8039,257,0,GE-Phrase,203,7612,9471,1859,257,1.0,170,-1432
7782,8039,257,0,NTB,assim,7782,8039,257,257,1.0,0,0
12059,14017,1958,0,GE-Phrase,205,13467,16449,2982,550,0.281,-1408,-2432
12059,14017,1958,0,NTB,a rua do poste,12059,14017,1958,1958,1.0,0,0
23217,24876,1659,0,GE-Phrase,209,23217,24642,1425,1425,0.859,0,234
23217,24876,1659,0,GE-Phrase,210,24642,25844,1202,234,0.141,-1425,-968
23217,24876,1659,0,NTB,eu acho,23217,24876,1659,1659,1.0,0,0
52845,53049,204,0,NTB,assim,52845,53049,204,204,1.0,0,0
73497,74483,986,0,GE-Phrase,222,72217,74052,1835,555,0.563,1280,431
73497,74483,986,0,NTB,nũ sei por quê,73497,74483,986,986,1.0,0,0
74483,76614,2131,0,NTB,nũ sei aonde,74483,76614,2131,2131,1.0,0,0
79218,79472,254,0,NTB,sei lá,79218,79472,254,254,1.0,0,0
82970,83529,559,0,NTB,nũ sei,82970,83529,559,559,1.0,0,0
89410,90328,918,0,GE-Phrase,224,88270,90113,1843,703,0.766,1140,215
89410,90328,918,0,GE-Phrase,225,90113,92132,2019,215,0.234,-703,-1804
89410,90328,918,0,NTB,na verdade,89410,90328,918,918,1.0,0,0
111080,111933,853,0,GE-Phrase,233,110395,111156,761,76,0.089,685,777
111080,111933,853,0,GE-Phrase,234,111156,111929,773,773,0.906,-76,4
111080,111933,853,0,GE-Phrase,235,111929,112681,752,4,0.005,-849,-748
111080,111933,853,0,NTB,do anterior,111080,111933,853,853,1.0,0,0
138505,140133,1628,0,NTB,pouco mais,138505,140133,1628,1628,1.0,0,0
7782,8039,257,0,GE-Phrase,203,7612,9471,1859,257,1.0,170,-1432
7782,8039,257,0,NTB,assim,7782,8039,257,257,1.0,0,0
12059,14017,1958,0,GE-Phrase,205,13467,16449,2982,550,0.281,-1408,-2432
12059,14017,1958,0,NTB,a rua do poste,12059,14017,1958,1958,1.0,0,0
23217,24876,1659,0,GE-Phrase,209,23217,24642,1425,1425,0.859,0,234
23217,24876,1659,0,GE-Phrase,210,24642,25844,1202,234,0.141,-1425,-968
23217,24876,1659,0,NTB,eu acho,23217,24876,1659,1659,1.0,0,0
52845,53049,204,0,NTB,assim,52845,53049,204,204,1.0,0,0
73497,74483,986,0,GE-Phrase,222,72217,74052,1835,555,0.563,1280,431
73497,74483,986,0,NTB,nũ sei por quê,73497,74483,986,986,1.0,0,0
74483,76614,2131,0,NTB,nũ sei aonde,74483,76614,2131,2131,1.0,0,0
79218,79472,254,0,NTB,sei lá,79218,79472,254,254,1.0,0,0
82970,83529,559,0,NTB,nũ sei,82970,83529,559,559,1.0,0,0
89410,90328,918,0,GE-Phrase,224,88270,90113,1843,703,0.766,1140,215
89410,90328,918,0,GE-Phrase,225,90113,92132,2019,215,0.234,-703,-1804
89410,90328,918,0,NTB,na verdade,89410,90328,918,918,1.0,0,0
111080,111933,853,0,GE-Phrase,233,110395,111156,761,76,0.089,685,777
111080,111933,853,0,GE-Phrase,234,111156,111929,773,773,0.906,-76,4
111080,111933,853,0,GE-Phrase,235,111929,112681,752,4,0.005,-849,-748
111080,111933,853,0,NTB,do anterior,111080,111933,853,853,1.0,0,0
138505,140133,1628,0,NTB,pouco mais,138505,140133,1628,1628,1.0,0,0
7782,8039,257,0,GE-Phrase,203,7612,9471,1859,257,1.0,170,-1432
7782,8039,257,0,NTB,assim,7782,8039,257,257,1.0,0,0
12059,14017,1958,0,GE-Phrase,205,13467,16449,2982,550,0.281,-1408,-2432
12059,14017,1958,0,NTB,a rua do poste,12059,14017,1958,1958,1.0,0,0
23217,24876,1659,0,GE-Phrase,209,23217,24642,1425,1425,0.859,0,234
23217,24876,1659,0,GE-Phrase,210,24642,25844,1202,234,0.141,-1425,-968
23217,24876,1659,0,NTB,eu acho,23217,24876,1659,1659,1.0,0,0
52845,53049,204,0,NTB,assim,52845,53049,204,204,1.0,0,0
73497,74483,986,0,GE-Phrase,222,72217,74052,1835,555,0.563,1280,431
73497,74483,986,0,NTB,nũ sei por quê,73497,74483,986,986,1.0,0,0
74483,76614,2131,0,NTB,nũ sei aonde,74483,76614,2131,2131,1.0,0,0
79218,79472,254,0,NTB,sei lá,79218,79472,254,254,1.0,0,0
82970,83529,559,0,NTB,nũ sei,82970,83529,559,559,1.0,0,0
89410,90328,918,0,GE-Phrase,224,88270,90113,1843,703,0.766,1140,215
89410,90328,918,0,GE-Phrase,225,90113,92132,2019,215,0.234,-703,-1804
89410,90328,918,0,NTB,na verdade,89410,90328,918,918,1.0,0,0
111080,111933,853,0,GE-Phrase,233,110395,111156,761,76,0.089,685,777
111080,111933,853,0,GE-Phrase,234,111156,111929,773,773,0.906,-76,4
111080,111933,853,0,GE-Phrase,235,111929,112681,752,4,0.005,-849,-748
111080,111933,853,0,NTB,do anterior,111080,111933,853,853,1.0,0,0
138505,140133,1628,0,NTB,pouco mais,138505,140133,1628,1628,1.0,0,0
7782,8039,257,0,GE-Phrase,203,7612,9471,1859,257,1.0,170,-1432
7782,8039,257,0,NTB,assim,7782,8039,257,257,1.0,0,0
12059,14017,1958,0,GE-Phrase,205,13467,16449,2982,550,0.281,-1408,-2432
12059,14017,1958,0,NTB,a rua do poste,12059,14017,1958,1958,1.0,0,0
23217,24876,1659,0,GE-Phrase,209,23217,24642,1425,1425,0.859,0,234
23217,24876,1659,0,GE-Phrase,210,24642,25844,1202,234,0.141,-1425,-968
23217,24876,1659,0,NTB,eu acho,23217,24876,1659,1659,1.0,0,0
52845,53049,204,0,NTB,assim,52845,53049,204,204,1.0,0,0
73497,74483,986,0,GE-Phrase,222,72217,74052,1835,555,0.563,1280,431
73497,74483,986,0,NTB,nũ sei por quê,73497,74483,986,986,1.0,0,0
74483,76614,2131,0,NTB,nũ sei aonde,74483,76614,2131,2131,1.0,0,0
79218,79472,254,0,NTB,sei lá,79218,79472,254,254,1.0,0,0
82970,83529,559,0,NTB,nũ sei,82970,83529,559,559,1.0,0,0
89410,90328,918,0,GE-Phrase,224,88270,90113,1843,703,0.766,1140,215
89410,90328,918,0,GE-Phrase,225,90113,92132,2019,215,0.234,-703,-1804
89410,90328,918,0,NTB,na verdade,89410,90328,918,918,1.0,0,0
111080,111933,853,0,GE-Phrase,233,110395,111156,761,76,0.089,685,777
111080,111933,853,0,GE-Phrase,234,111156,111929,773,773,0.906,-76,4
111080,111933,853,0,GE-Phrase,235,111929,112681,752,4,0.005,-849,-748
111080,111933,853,0,NTB,do anterior,111080,111933,853,853,1.0,0,0
138505,140133,1628,0,NTB,pouco mais,138505,140133,1628,1628,1.0,0,0
7782,8039,257,0,GE-Phrase,203,7612,9471,1859,257,1.0,170,-1432
7782,8039,257,0,NTB,assim,7782,8039,257,257,1.0,0,0
12059,14017,1958,0,GE-Phrase,205,13467,16449,2982,550,0.281,-1408,-2432
12059,14017,1958,0,NTB,a rua do poste,12059,14017,1958,1958,1.0,0,0
23217,24876,1659,0,GE-Phrase,209,23217,24642,1425,1425,0.859,0,234
23217,24876,1659,0,GE-Phrase,210,24642,25844,1202,234,0.141,-1425,-968
23217,24876,1659,0,NTB,eu acho,23217,24876,1659,1659,1.0,0,0
52845,53049,204,0,NTB,assim,52845,53049,204,204,1.0,0,0
73497,74483,986,0,GE-Phrase,222,72217,74052,1835,555,0.563,1280,431
73497,74483,986,0,NTB,nũ sei por quê,73497,74483,986,986,1.0,0,0
74483,76614,2131,0,NTB,nũ sei aonde,74483,76614,2131,2131,1.0,0,0
79218,79472,254,0,NTB,sei lá,79218,79472,254,254,1.0,0,0
82970,83529,559,0,NTB,nũ sei,82970,83529,559,559,1.0,0,0
89410,90328,918,0,GE-Phrase,224,88270,90113,1843,703,0.766,1140,215
89410,90328,918,0,GE-Phrase,225,90113,92132,2019,215,0.234,-703,-1804
89410,90328,918,0,NTB,na verdade,89410,90328,918,918,1.0,0,0
111080,111933,853,0,GE-Phrase,233,110395,111156,761,76,0.089,685,777
111080,111933,853,0,GE-Phrase,234,111156,111929,773,773,0.906,-76,4
111080,111933,853,0,GE-Phrase,235,111929,112681,752,4,0.005,-849,-748
111080,111933,853,0,NTB,do anterior,111080,111933,853,853,1.0,0,0
138505,140133,1628,0,NTB,pouco mais,138505,140133,1628,1628,1.0,0,0
7782,8039,257,0,GE-Phrase,203,7612,9471,1859,257,1.0,170,-1432
7782,8039,257,0,NTB,assim,7782,8039,257,257,1.0,0,0
12059,14017,1958,0,GE-Phrase,205,13467,16449,2982,550,0.281,-1408,-2432
12059,14017,1958,0,NTB,a rua do poste,12059,14017,1958,1958,1.0,0,0
23217,24876,1659,0,GE-Phrase,209,23217,24642,1425,1425,0.859,0,234
23217,24876,1659,0,GE-Phrase,210,24642,25844,1202,234,0.141,-1425,-968
23217,24876,1659,0,NTB,eu acho,23217,24876,1659,1659,1.0,0,0
52845,53049,204,0,NTB,assim,52845,53049,204,204,1.0,0,0
73497,74483,986,0,GE-Phrase,222,72217,74052,1835,555,0.563,1280,431
73497,74483,986,0,NTB,nũ sei por quê,73497,74483,986,986,1.0,0,0
74483,76614,2131,0,NTB,nũ sei aonde,74483,76614,2131,2131,1.0,0,0
79218,79472,254,0,NTB,sei lá,79218,79472,254,254,1.0,0,0
82970,83529,559,0,NTB,nũ sei,82970,83529,559,559,1.0,0,0
89410,90328,918,0,GE-Phrase,224,88270,90113,1843,703,0.766,1140,215
89410,90328,918,0,GE-Phrase,225,90113,92132,2019,215,0.234,-703,-1804
89410,90328,918,0,NTB,na verdade,89410,90328,918,918,1.0,0,0
111080,111933,853,0,GE-Phrase,233,110395,111156,761,76,0.089,685,777
111080,111933,853,0,GE-Phrase,234,111156,111929,773,773,0.906,-76,4
111080,111933,853,0,GE-Phrase,235,111929,112681,752,4,0.005,-849,-748
111080,111933,853,0,NTB,do anterior,111080,111933,853,853,1.0,0,0
138505,140133,1628,0,NTB,pouco mais,138505,140133,1628,1628,1.0,0,0
7782,8039,257,0,GE-Phrase,203,7612,9471,1859,257,1.0,170,-1432
7782,8039,257,0,NTB,assim,7782,8039,257,257,1.0,0,0
12059,14017,1958,0,GE-Phrase,205,13467,16449,2982,550,0.281,-1408,-2432
12059,14017,1958,0,NTB,a rua do poste,12059,14017,1958,1958,1.0,0,0
23217,24876,1659,0,GE-Phrase,209,23217,24642,1425,1425,0.859,0,234
23217,24876,1659,0,GE-Phrase,210,24642,25844,1202,234,0.141,-1425,-968
23217,24876,1659,0,NTB,eu acho,23217,24876,1659,1659,1.0,0,0
52845,53049,204,0,NTB,assim,52845,53049,204,204,1.0,0,0
73497,74483,986,0,GE-Phrase,222,72217,74052,1835,555,0.563,1280,431
73497,74483,986,0,NTB,nũ sei por quê,73497,74483,986,986,1.0,0,0
74483,76614,2131,0,NTB,nũ sei aonde,74483,76614,2131,2131,1.0,0,0
79218,79472,254,0,NTB,sei lá,79218,79472,254,254,1.0,0,0
82970,83529,559,0,NTB,nũ sei,82970,83529,559,559,1.0,0,0
89410,90328,918,0,GE-Phrase,224,88270,90113,1843,703,0.766,1140,215
89410,90328,918,0,GE-Phrase,225,90113,92132,2019,215,0.234,-703,-1804
89410,90328,918,0,NTB,na verdade,89410,90328,918,918,1.0,0,0
111080,111933,853,0,GE-Phrase,233,110395,111156,761,76,0.089,685,777
111080,111933,853,0,GE-Phrase,234,111156,111929,773,773,0.906,-76,4
111080,111933,853,0,GE-Phrase,235,111929,112681,752,4,0.005,-849,-748
111080,111933,853,0,NTB,do anterior,111080,111933,853,853,1.0,0,0
138505,140133,1628,0,NTB,pouco mais,138505,140133,1628,1628,1.0,0,0
7782,8039,257,0,GE-Phrase,203,7612,9471,1859,257,1.0,170,-1432
7782,8039,257,0,NTB,assim,7782,8039,257,257,1.0,0,0
12059,14017,1958,0,GE-Phrase,205,13467,16449,2982,550,0.281,-1408,-2432
12059,14017,1958,0,NTB,a rua do poste,12059,14017,1958,1958,1.0,0,0
23217,24876,1659,0,GE-Phrase,209,23217,24642,1425,1425,0.859,0,234
23217,24876,1659,0,GE-Phrase,210,24642,25844,1202,234,0.141,-1425,-968
23217,24876,1659,0,NTB,eu acho,23217,24876,1659,1659,1.0,0,0
52845,53049,204,0,NTB,assim,52845,53049,204,204,1.0,0,0
73497,74483,986,0,GE-Phrase,222,72217,74052,1835,555,0.563,1280,431
73497,74483,986,0,NTB,nũ sei por quê,73497,74483,986,986,1.0,0,0
74483,76614,2131,0,NTB,nũ sei aonde,74483,76614,2131,2131,1.0,0,0
79218,79472,254,0,NTB,sei lá,79218,79472,254,254,1.0,0,0
82970,83529,559,0,NTB,nũ sei,82970,83529,559,559,1.0,0,0
89410,90328,918,0,GE-Phrase,224,88270,90113,1843,703,0.766,1140,215
89410,90328,918,0,GE-Phrase,225,90113,92132,2019,215,0.234,-703,-1804
89410,90328,918,0,NTB,na verdade,89410,90328,918,918,1.0,0,0
111080,111933,853,0,GE-Phrase,233,110395,111156,761,76,0.089,685,777
111080,111933,853,0,GE-Phrase,234,111156,111929,773,773,0.906,-76,4
111080,111933,853,0,GE-Phrase,235,111929,112681,752,4,0.005,-849,-748
111080,111933,853,0,NTB,do anterior,111080,111933,853,853,1.0,0,0
138505,140133,1628,0,NTB,pouco mais,138505,140133,1628,1628,1.0,0,0
7782,8039,257,0,GE-Phrase,203,7612,9471,1859,257,1.0,170,-1432
7782,8039,257,0,NTB,assim,7782,8039,257,257,1.0,0,0
12059,14017,1958,0,GE-Phrase,205,13467,16449,2982,550,0.281,-1408,-2432
12059,14017,1958,0,NTB,a rua do poste,12059,14017,1958,1958,1.0,0,0
23217,24876,1659,0,GE-Phrase,209,23217,24642,1425,1425,0.859,0,234
23217,24876,1659,0,GE-Phrase,210,24642,25844,1202,234,0.141,-1425,-968
23217,24876,1659,0,NTB,eu acho,23217,24876,1659,1659,1.0,0,0
52845,53049,204,0,NTB,assim,52845,53049,204,204,1.0,0,0
73497,74483,986,0,GE-Phrase,222,72217,74052,1835,555,0.563,1280,431
73497,74483,986,0,NTB,nũ sei por quê,73497,74483,986,986,1.0,0,0
74483,76614,2131,0,NTB,nũ sei aonde,74483,76614,2131,2131,1.0,0,0
79218,79472,254,0,NTB,sei lá,79218,79472,254,254,1.0,0,0
82970,83529,559,0,NTB,nũ sei,82970,83529,559,559,1.0,0,0
89410,90328,918,0,GE-Phrase,224,88270,90113,1843,703,0.766,1140,215
89410,90328,918,0,GE-Phrase,225,90113,92132,2019,215,0.234,-703,-1804
89410,90328,918,0,NTB,na verdade,89410,90328,918,918,1.0,0,0
111080,111933,853,0,GE-Phrase,233,110395,111156,761,76,0.089,685,777
111080,111933,853,0,GE-Phrase,234,111156,111929,773,773,0.906,-76,4
111080,111933,853,0,GE-Phrase,235,111929,112681,752,4,0.005,-849,-748
111080,111933,853,0,NTB,do anterior,111080,111933,853,853,1.0,0,0
138505,140133,1628,0,NTB,pouco mais,138505,140133,1628,1628,1.0,0,0
7782,8039,257,0,GE-Phrase,203,7612,9471,1859,257,1.0,170,-1432
7782,8039,257,0,NTB,assim,7782,8039,257,257,1.0,0,0
12059,14017,1958,0,GE-Phrase,205,13467,16449,2982,550,0.281,-1408,-2432
12059,14017,1958,0,NTB,a rua do poste,12059,14017,1958,1958,1.0,0,0
23217,24876,1659,0,GE-Phrase,209,23217,24642,1425,1425,0.859,0,234
23217,24876,1659,0,GE-Phrase,210,24642,25844,1202,234,0.141,-1425,-968
23217,24876,1659,0,NTB,eu acho,23217,24876,1659,1659,1.0,0,0
52845,53049,204,0,NTB,assim,52845,53049,204,204,1.0,0,0
73497,74483,986,0,GE-Phrase,222,72217,74052,1835,555,0.563,1280,431
73497,74483,986,0,NTB,nũ sei por quê,73497,74483,986,986,1.0,0,0
74483,76614,2131,0,NTB,nũ sei aonde,74483,76614,2131,2131,1.0,0,0
79218,79472,254,0,NTB,sei lá,79218,79472,254,254,1.0,0,0
82970,83529,559,0,NTB,nũ sei,82970,83529,559,559,1.0,0,0
89410,90328,918,0,GE-Phrase,224,88270,90113,1843,703,0.766,1140,215
89410,90328,918,0,GE-Phrase,225,90113,92132,2019,215,0.234,-703,-1804
89410,90328,918,0,NTB,na verdade,89410,90328,918,918,1.0,0,0
111080,111933,853,0,GE-Phrase,233,110395,111156,761,76,0.089,685,777
111080,111933,853,0,GE-Phrase,234,111156,111929,773,773,0.906,-76,4
111080,111933,853,0,GE-Phrase,235,111929,112681,752,4,0.005,-849,-748
111080,111933,853,0,NTB,do anterior,111080,111933,853,853,1.0,0,0
138505,140133,1628,0,NTB,pouco mais,138505,140133,1628,1628,1.0,0,0
7782,8039,257,0,GE-Phrase,203,7612,9471,1859,257,1.0,170,-1432
7782,8039,257,0,NTB,assim,7782,8039,257,257,1.0,0,0
12059,14017,1958,0,GE-Phrase,205,13467,16449,2982,550,0.281,-1408,-2432
12059,14017,1958,0,NTB,a rua do poste,12059,14017,1958,1958,1.0,0,0
23217,24876,1659,0,GE-Phrase,209,23217,24642,1425,1425,0.859,0,234
23217,24876,1659,0,GE-Phrase,210,24642,25844,1202,234,0.141,-1425,-968
23217,24876,1659,0,NTB,eu acho,23217,24876,1659,1659,1.0,0,0
52845,53049,204,0,NTB,assim,52845,53049,204,204,1.0,0,0
73497,74483,986,0,GE-Phrase,222,72217,74052,1835,555,0.563,1280,431
73497,74483,986,0,NTB,nũ sei por quê,73497,74483,986,986,1.0,0,0
74483,76614,2131,0,NTB,nũ sei aonde,74483,76614,2131,2131,1.0,0,0
79218,79472,254,0,NTB,sei lá,79218,79472,254,254,1.0,0,0
82970,83529,559,0,NTB,nũ sei,82970,83529,559,559,1.0,0,0
89410,90328,918,0,GE-Phrase,224,88270,90113,1843,703,0.766,1140,215
89410,90328,918,0,GE-Phrase,225,90113,92132,2019,215,0.234,-703,-1804
89410,90328,918,0,NTB,na verdade,89410,90328,918,918,1.0,0,0
111080,111933,853,0,GE-Phrase,233,110395,111156,761,76,0.089,685,777
111080,111933,853,0,GE-Phrase,234,111156,111929,773,773,0.906,-76,4
111080,111933,853,0,GE-Phrase,235,111929,112681,752,4,0.005,-849,-748
111080,111933,853,0,NTB,do anterior,111080,111933,853,853,1.0,0,0
138505,140133,1628,0,NTB,pouco mais,138505,140133,1628,1628,1.0,0,0
7782,8039,257,0,GE-Phrase,203,7612,9471,1859,257,1.0,170,-1432
7782,8039,257,0,NTB,assim,7782,8039,257,257,1.0,0,0
12059,14017,1958,0,GE-Phrase,205,13467,16449,2982,550,0.281,-1408,-2432
12059,14017,1958,0,NTB,a rua do poste,12059,14017,1958,1958,1.0,0,0
23217,24876,1659,0,GE-Phrase,209,23217,24642,1425,1425,0.859,0,234
23217,24876,1659,0,GE-Phrase,210,24642,25844,1202,234,0.141,-1425,-968
23217,24876,1659,0,NTB,eu acho,23217,24876,1659,1659,1.0,0,0
52845,53049,204,0,NTB,assim,52845,53049,204,204,1.0,0,0
73497,74483,986,0,GE-Phrase,222,72217,74052,1835,555,0.563,1280,431
73497,74483,986,0,NTB,nũ sei por quê,73497,74483,986,986,1.0,0,0
74483,76614,2131,0,NTB,nũ sei aonde,74483,76614,2131,2131,1.0,0,0
79218,79472,254,0,NTB,sei lá,79218,79472,254,254,1.0,0,0
82970,83529,559,0,NTB,nũ sei,82970,83529,559,559,1.0,0,0
89410,90328,918,0,GE-Phrase,224,88270,90113,1843,703,0.766,1140,215
89410,90328,918,0,GE-Phrase,225,90113,92132,2019,215,0.234,-703,-1804
89410,90328,918,0,NTB,na verdade,89410,90328,918,918,1.0,0,0
111080,111933,853,0,GE-Phrase,233,110395,111156,761,76,0.089,685,777
111080,111933,853,0,GE-Phrase,234,111156,111929,773,773,0.906,-76,4
111080,111933,853,0,GE-Phrase,235,111929,112681,752,4,0.005,-849,-748
111080,111933,853,0,NTB,do anterior,111080,111933,853,853,1.0,0,0
138505,140133,1628,0,NTB,pouco mais,138505,140133,1628,1628,1.0,0,0
7782,8039,257,0,GE-Phrase,203,7612,9471,1859,257,1.0,170,-1432
7782,8039,257,0,NTB,assim,7782,8039,257,257,1.0,0,0
12059,14017,1958,0,GE-Phrase,205,13467,16449,2982,550,0.281,-1408,-2432
12059,14017,1958,0,NTB,a rua do poste,12059,14017,1958,1958,1.0,0,0
23217,24876,1659,0,GE-Phrase,209,23217,24642,1425,1425,0.859,0,234
23217,24876,1659,0,GE-Phrase,210,24642,25844,1202,234,0.141,-1425,-968
23217,24876,1659,0,NTB,eu acho,23217,24876,1659,1659,1.0,0,0
52845,53049,204,0,NTB,assim,52845,53049,204,204,1.0,0,0
73497,74483,986,0,GE-Phrase,222,72217,74052,1835,555,0.563,1280,431
73497,74483,986,0,NTB,nũ sei por quê,73497,74483,986,986,1.0,0,0
74483,76614,2131,0,NTB,nũ sei aonde,74483,76614,2131,2131,1.0,0,0
79218,79472,254,0,NTB,sei lá,79218,79472,254,254,1.0,0,0
82970,83529,559,0,NTB,nũ sei,82970,83529,559,559,1.0,0,0
89410,90328,918,0,GE-Phrase,224,88270,90113,1843,703,0.766,1140,215
89410,90328,918,0,GE-Phrase,225,90113,92132,2019,215,0.234,-703,-1804
89410,90328,918,0,NTB,na verdade,89410,90328,918,918,1.0,0,0
111080,111933,853,0,GE-Phrase,233,110395,111156,761,76,0.089,685,777
111080,111933,853,0,GE-Phrase,234,111156,111929,773,773,0.906,-76,4
111080,111933,853,0,GE-Phrase,235,111929,112681,752,4,0.005,-849,-748
111080,111933,853,0,NTB,do anterior,111080,111933,853,853,1.0,0,0
138505,140133,1628,0,NTB,pouco mais,138505,140133,1628,1628,1.0,0,0
7782,8039,257,0,GE-Phrase,203,7612,9471,1859,257,1.0,170,-1432
7782,8039,257,0,NTB,assim,7782,8039,257,257,1.0,0,0
12059,14017,1958,0,GE-Phrase,205,13467,16449,2982,550,0.281,-1408,-2432
12059,14017,1958,0,NTB,a rua do poste,12059,14017,1958,1958,1.0,0,0
23217,24876,1659,0,GE-Phrase,209,23217,24642,1425,1425,0.859,0,234
23217,24876,1659,0,GE-Phrase,210,24642,25844,1202,234,0.141,-1425,-968
23217,24876,1659,0,NTB,eu acho,23217,24876,1659,1659,1.0,0,0
52845,53049,204,0,NTB,assim,52845,53049,204,204,1.0,0,0
73497,74483,986,0,GE-Phrase,222,72217,74052,1835,555,0.563,1280,431
73497,74483,986,0,NTB,nũ sei por quê,73497,74483,986,986,1.0,0,0
74483,76614,2131,0,NTB,nũ sei aonde,74483,76614,2131,2131,1.0,0,0
79218,79472,254,0,NTB,sei lá,79218,79472,254,254,1.0,0,0
82970,83529,559,0,NTB,nũ sei,82970,83529,559,559,1.0,0,0
89410,90328,918,0,GE-Phrase,224,88270,90113,1843,703,0.766,1140,215
89410,90328,918,0,GE-Phrase,225,90113,92132,2019,215,0.234,-703,-1804
89410,90328,918,0,NTB,na verdade,89410,90328,918,918,1.0,0,0
111080,111933,853,0,GE-Phrase,233,110395,111156,761,76,0.089,685,777
111080,111933,853,0,GE-Phrase,234,111156,111929,773,773,0.906,-76,4
111080,111933,853,0,GE-Phrase,235,111929,112681,752,4,0.005,-849,-748
111080,111933,853,0,NTB,do anterior,111080,111933,853,853,1.0,0,0
138505,140133,1628,0,NTB,pouco mais,138505,140133,1628,1628,1.0,0,0
7782,8039,257,0,GE-Phrase,203,7612,9471,1859,257,1.0,170,-1432
7782,8039,257,0,NTB,assim,7782,8039,257,257,1.0,0,0
12059,14017,1958,0,GE-Phrase,205,13467,16449,2982,550,0.281,-1408,-2432
12059,14017,1958,0,NTB,a rua do poste,12059,14017,1958,1958,1.0,0,0
23217,24876,1659,0,GE-Phrase,209,23217,24642,1425,1425,0.859,0,234
23217,24876,1659,0,GE-Phrase,210,24642,25844,1202,234,0.141,-1425,-968
23217,24876,1659,0,NTB,eu acho,23217,24876,1659,1659,1.0,0,0
52845,53049,204,0,NTB,assim,52845,53049,204,204,1.0,0,0
73497,74483,986,0,GE-Phrase,222,72217,74052,1835,555,0.563,1280,431
73497,74483,986,0,NTB,nũ sei por quê,73497,74483,986,986,1.0,0,0
74483,76614,2131,0,NTB,nũ sei aonde,74483,76614,2131,2131,1.0,0,0
79218,79472,254,0,NTB,sei lá,79218,79472,254,254,1.0,0,0
82970,83529,559,0,NTB,nũ sei,82970,83529,559,559,1.0,0,0
89410,90328,918,0,GE-Phrase,224,88270,90113,1843,703,0.766,1140,215
89410,90328,918,0,GE-Phrase,225,90113,92132,2019,215,0.234,-703,-1804
89410,90328,918,0,NTB,na verdade,89410,90328,918,918,1.0,0,0
111080,111933,853,0,GE-Phrase,233,110395,111156,761,76,0.089,685,777
111080,111933,853,0,GE-Phrase,234,111156,111929,773,773,0.906,-76,4
111080,111933,853,0,GE-Phrase,235,111929,112681,752,4,0.005,-849,-748
111080,111933,853,0,NTB,do anterior,111080,111933,853,853,1.0,0,0
138505,140133,1628,0,NTB,pouco mais,138505,140133,1628,1628,1.0,0,0
12996,13465,469,0,NTB,digamos assim,12996,13465,469,469,1.0,0,0
13465,14522,1057,0,NTB,pelo que a gente tem de,13465,14522,1057,1057,1.0,0,0
14522,15590,1068,0,GE-Phrase,201,14551,15962,1411,1039,0.973,-29,-372
14522,15590,1068,0,NTB,crítica até hoje,14522,15590,1068,1068,1.0,0,0
15590,15763,173,0,GE-Phrase,201,14551,15962,1411,173,1.0,1039,-199
15590,15763,173,0,NTB,né,15590,15763,173,173,1.0,0,0
15763,17363,1600,0,GE-Phrase,201,14551,15962,1411,199,0.124,1212,1401
15763,17363,1600,0,NTB,que consegue entrever isso,15763,17363,1600,1600,1.0,0,0
23045,24645,1600,0,GE-Phrase,203,21244,23590,2346,545,0.341,1801,1055
23045,24645,1600,0,GE-Phrase,204,23590,25583,1993,1055,0.659,-545,-938
23045,24645,1600,0,NTB,como a gente sabe que na cultura hebraica,23045,24645,1600,1600,1.0,0,0
24645,25227,582,0,GE-Phrase,204,23590,25583,1993,582,1.0,1055,-356
24645,25227,582,0,NTB,foi também,24645,25227,582,582,1.0,0,0
25227,26200,973,0,GE-Phrase,204,23590,25583,1993,356,0.366,1637,617
25227,26200,973,0,GE-Phrase,205,25583,27102,1519,617,0.634,-356,-902
25227,26200,973,0,NTB,a questão da procedência,25227,26200,973,973,1.0,0,0
26200,26302,102,0,GE-Phrase,205,25583,27102,1519,102,1.0,617,-800
26200,26302,102,0,NTB,né,26200,26302,102,102,1.0,0,0
26302,27144,842,0,GE-Phrase,205,25583,27102,1519,800,0.95,719,42
26302,27144,842,0,GE-Phrase,206,27102,28175,1073,42,0.05,-800,-1031
26302,27144,842,0,NTB,judaico-cristã,26302,27144,842,842,1.0,0,0
27144,28520,1376,0,GE-Phrase,206,27102,28175,1073,1031,0.749,42,345
27144,28520,1376,0,NTB,por muito tempo,27144,28520,1376,1376,1.0,0,0
43541,44810,1269,0,GE-Phrase,217,43251,44383,1132,842,0.664,290,427
43541,44810,1269,0,GE-Phrase,218,44383,47057,2674,427,0.336,-842,-2247
43541,44810,1269,0,NTB,porque você é filho de nũ sei o que,43541,44810,1269,1269,1.0,0,0
44810,45700,890,0,GE-Phrase,218,44383,47057,2674,890,1.0,427,-1357
44810,45700,890,0,NTB,seu erregê vem,44810,45700,890,890,1.0,0,0
45700,46309,609,0,GE-Phrase,218,44383,47057,2674,609,1.0,1317,-748
45700,46309,609,0,NTB,escrito isso,45700,46309,609,609,1.0,0,0
46309,47266,957,0,GE-Phrase,218,44383,47057,2674,748,0.782,1926,209
46309,47266,957,0,GE-Phrase,219,47057,48898,1841,209,0.218,-748,-1632
46309,47266,957,0,NTB,cê tem certidão de nascimento,46309,47266,957,957,1.0,0,0
12996,13465,469,0,NTB,digamos assim,12996,13465,469,469,1.0,0,0
13465,14522,1057,0,NTB,pelo que a gente tem de,13465,14522,1057,1057,1.0,0,0
14522,15590,1068,0,GE-Phrase,201,14551,15962,1411,1039,0.973,-29,-372
14522,15590,1068,0,NTB,crítica até hoje,14522,15590,1068,1068,1.0,0,0
15590,15763,173,0,GE-Phrase,201,14551,15962,1411,173,1.0,1039,-199
15590,15763,173,0,NTB,né,15590,15763,173,173,1.0,0,0
15763,17363,1600,0,GE-Phrase,201,14551,15962,1411,199,0.124,1212,1401
15763,17363,1600,0,NTB,que consegue entrever isso,15763,17363,1600,1600,1.0,0,0
23045,24645,1600,0,GE-Phrase,203,21244,23590,2346,545,0.341,1801,1055
23045,24645,1600,0,GE-Phrase,204,23590,25583,1993,1055,0.659,-545,-938
23045,24645,1600,0,NTB,como a gente sabe que na cultura hebraica,23045,24645,1600,1600,1.0,0,0
24645,25227,582,0,GE-Phrase,204,23590,25583,1993,582,1.0,1055,-356
24645,25227,582,0,NTB,foi também,24645,25227,582,582,1.0,0,0
25227,26200,973,0,GE-Phrase,204,23590,25583,1993,356,0.366,1637,617
25227,26200,973,0,GE-Phrase,205,25583,27102,1519,617,0.634,-356,-902
25227,26200,973,0,NTB,a questão da procedência,25227,26200,973,973,1.0,0,0
26200,26302,102,0,GE-Phrase,205,25583,27102,1519,102,1.0,617,-800
26200,26302,102,0,NTB,né,26200,26302,102,102,1.0,0,0
26302,27144,842,0,GE-Phrase,205,25583,27102,1519,800,0.95,719,42
26302,27144,842,0,GE-Phrase,206,27102,28175,1073,42,0.05,-800,-1031
26302,27144,842,0,NTB,judaico-cristã,26302,27144,842,842,1.0,0,0
27144,28520,1376,0,GE-Phrase,206,27102,28175,1073,1031,0.749,42,345
27144,28520,1376,0,NTB,por muito tempo,27144,28520,1376,1376,1.0,0,0
43541,44810,1269,0,GE-Phrase,217,43251,44383,1132,842,0.664,290,427
43541,44810,1269,0,GE-Phrase,218,44383,47057,2674,427,0.336,-842,-2247
43541,44810,1269,0,NTB,porque você é filho de nũ sei o que,43541,44810,1269,1269,1.0,0,0
44810,45700,890,0,GE-Phrase,218,44383,47057,2674,890,1.0,427,-1357
44810,45700,890,0,NTB,seu erregê vem,44810,45700,890,890,1.0,0,0
45700,46309,609,0,GE-Phrase,218,44383,47057,2674,609,1.0,1317,-748
45700,46309,609,0,NTB,escrito isso,45700,46309,609,609,1.0,0,0
46309,47266,957,0,GE-Phrase,218,44383,47057,2674,748,0.782,1926,209
46309,47266,957,0,GE-Phrase,219,47057,48898,1841,209,0.218,-748,-1632
46309,47266,957,0,NTB,cê tem certidão de nascimento,46309,47266,957,957,1.0,0,0
12996,13465,469,0,NTB,digamos assim,12996,13465,469,469,1.0,0,0
13465,14522,1057,0,NTB,pelo que a gente tem de,13465,14522,1057,1057,1.0,0,0
14522,15590,1068,0,GE-Phrase,201,14551,15962,1411,1039,0.973,-29,-372
14522,15590,1068,0,NTB,crítica até hoje,14522,15590,1068,1068,1.0,0,0
15590,15763,173,0,GE-Phrase,201,14551,15962,1411,173,1.0,1039,-199
15590,15763,173,0,NTB,né,15590,15763,173,173,1.0,0,0
15763,17363,1600,0,GE-Phrase,201,14551,15962,1411,199,0.124,1212,1401
15763,17363,1600,0,NTB,que consegue entrever isso,15763,17363,1600,1600,1.0,0,0
23045,24645,1600,0,GE-Phrase,203,21244,23590,2346,545,0.341,1801,1055
23045,24645,1600,0,GE-Phrase,204,23590,25583,1993,1055,0.659,-545,-938
23045,24645,1600,0,NTB,como a gente sabe que na cultura hebraica,23045,24645,1600,1600,1.0,0,0
24645,25227,582,0,GE-Phrase,204,23590,25583,1993,582,1.0,1055,-356
24645,25227,582,0,NTB,foi também,24645,25227,582,582,1.0,0,0
25227,26200,973,0,GE-Phrase,204,23590,25583,1993,356,0.366,1637,617
25227,26200,973,0,GE-Phrase,205,25583,27102,1519,617,0.634,-356,-902
25227,26200,973,0,NTB,a questão da procedência,25227,26200,973,973,1.0,0,0
26200,26302,102,0,GE-Phrase,205,25583,27102,1519,102,1.0,617,-800
26200,26302,102,0,NTB,né,26200,26302,102,102,1.0,0,0
26302,27144,842,0,GE-Phrase,205,25583,27102,1519,800,0.95,719,42
26302,27144,842,0,GE-Phrase,206,27102,28175,1073,42,0.05,-800,-1031
26302,27144,842,0,NTB,judaico-cristã,26302,27144,842,842,1.0,0,0
27144,28520,1376,0,GE-Phrase,206,27102,28175,1073,1031,0.749,42,345
27144,28520,1376,0,NTB,por muito tempo,27144,28520,1376,1376,1.0,0,0
43541,44810,1269,0,GE-Phrase,217,43251,44383,1132,842,0.664,290,427
43541,44810,1269,0,GE-Phrase,218,44383,47057,2674,427,0.336,-842,-2247
43541,44810,1269,0,NTB,porque você é filho de nũ sei o que,43541,44810,1269,1269,1.0,0,0
44810,45700,890,0,GE-Phrase,218,44383,47057,2674,890,1.0,427,-1357
44810,45700,890,0,NTB,seu erregê vem,44810,45700,890,890,1.0,0,0
45700,46309,609,0,GE-Phrase,218,44383,47057,2674,609,1.0,1317,-748
45700,46309,609,0,NTB,escrito isso,45700,46309,609,609,1.0,0,0
46309,47266,957,0,GE-Phrase,218,44383,47057,2674,748,0.782,1926,209
46309,47266,957,0,GE-Phrase,219,47057,48898,1841,209,0.218,-748,-1632
46309,47266,957,0,NTB,cê tem certidão de nascimento,46309,47266,957,957,1.0,0,0
12996,13465,469,0,NTB,digamos assim,12996,13465,469,469,1.0,0,0
13465,14522,1057,0,NTB,pelo que a gente tem de,13465,14522,1057,1057,1.0,0,0
14522,15590,1068,0,GE-Phrase,201,14551,15962,1411,1039,0.973,-29,-372
14522,15590,1068,0,NTB,crítica até hoje,14522,15590,1068,1068,1.0,0,0
15590,15763,173,0,GE-Phrase,201,14551,15962,1411,173,1.0,1039,-199
15590,15763,173,0,NTB,né,15590,15763,173,173,1.0,0,0
15763,17363,1600,0,GE-Phrase,201,14551,15962,1411,199,0.124,1212,1401
15763,17363,1600,0,NTB,que consegue entrever isso,15763,17363,1600,1600,1.0,0,0
23045,24645,1600,0,GE-Phrase,203,21244,23590,2346,545,0.341,1801,1055
23045,24645,1600,0,GE-Phrase,204,23590,25583,1993,1055,0.659,-545,-938
23045,24645,1600,0,NTB,como a gente sabe que na cultura hebraica,23045,24645,1600,1600,1.0,0,0
24645,25227,582,0,GE-Phrase,204,23590,25583,1993,582,1.0,1055,-356
24645,25227,582,0,NTB,foi também,24645,25227,582,582,1.0,0,0
25227,26200,973,0,GE-Phrase,204,23590,25583,1993,356,0.366,1637,617
25227,26200,973,0,GE-Phrase,205,25583,27102,1519,617,0.634,-356,-902
25227,26200,973,0,NTB,a questão da procedência,25227,26200,973,973,1.0,0,0
26200,26302,102,0,GE-Phrase,205,25583,27102,1519,102,1.0,617,-800
26200,26302,102,0,NTB,né,26200,26302,102,102,1.0,0,0
26302,27144,842,0,GE-Phrase,205,25583,27102,1519,800,0.95,719,42
26302,27144,842,0,GE-Phrase,206,27102,28175,1073,42,0.05,-800,-1031
26302,27144,842,0,NTB,judaico-cristã,26302,27144,842,842,1.0,0,0
27144,28520,1376,0,GE-Phrase,206,27102,28175,1073,1031,0.749,42,345
27144,28520,1376,0,NTB,por muito tempo,27144,28520,1376,1376,1.0,0,0
43541,44810,1269,0,GE-Phrase,217,43251,44383,1132,842,0.664,290,427
43541,44810,1269,0,GE-Phrase,218,44383,47057,2674,427,0.336,-842,-2247
43541,44810,1269,0,NTB,porque você é filho de nũ sei o que,43541,44810,1269,1269,1.0,0,0
44810,45700,890,0,GE-Phrase,218,44383,47057,2674,890,1.0,427,-1357
44810,45700,890,0,NTB,seu erregê vem,44810,45700,890,890,1.0,0,0
45700,46309,609,0,GE-Phrase,218,44383,47057,2674,609,1.0,1317,-748
45700,46309,609,0,NTB,escrito isso,45700,46309,609,609,1.0,0,0
46309,47266,957,0,GE-Phrase,218,44383,47057,2674,748,0.782,1926,209
46309,47266,957,0,GE-Phrase,219,47057,48898,1841,209,0.218,-748,-1632
46309,47266,957,0,NTB,cê tem certidão de nascimento,46309,47266,957,957,1.0,0,0
12996,13465,469,0,NTB,digamos assim,12996,13465,469,469,1.0,0,0
13465,14522,1057,0,NTB,pelo que a gente tem de,13465,14522,1057,1057,1.0,0,0
14522,15590,1068,0,GE-Phrase,201,14551,15962,1411,1039,0.973,-29,-372
14522,15590,1068,0,NTB,crítica até hoje,14522,15590,1068,1068,1.0,0,0
15590,15763,173,0,GE-Phrase,201,14551,15962,1411,173,1.0,1039,-199
15590,15763,173,0,NTB,né,15590,15763,173,173,1.0,0,0
15763,17363,1600,0,GE-Phrase,201,14551,15962,1411,199,0.124,1212,1401
15763,17363,1600,0,NTB,que consegue entrever isso,15763,17363,1600,1600,1.0,0,0
23045,24645,1600,0,GE-Phrase,203,21244,23590,2346,545,0.341,1801,1055
23045,24645,1600,0,GE-Phrase,204,23590,25583,1993,1055,0.659,-545,-938
23045,24645,1600,0,NTB,como a gente sabe que na cultura hebraica,23045,24645,1600,1600,1.0,0,0
24645,25227,582,0,GE-Phrase,204,23590,25583,1993,582,1.0,1055,-356
24645,25227,582,0,NTB,foi também,24645,25227,582,582,1.0,0,0
25227,26200,973,0,GE-Phrase,204,23590,25583,1993,356,0.366,1637,617
25227,26200,973,0,GE-Phrase,205,25583,27102,1519,617,0.634,-356,-902
25227,26200,973,0,NTB,a questão da procedência,25227,26200,973,973,1.0,0,0
26200,26302,102,0,GE-Phrase,205,25583,27102,1519,102,1.0,617,-800
26200,26302,102,0,NTB,né,26200,26302,102,102,1.0,0,0
26302,27144,842,0,GE-Phrase,205,25583,27102,1519,800,0.95,719,42
26302,27144,842,0,GE-Phrase,206,27102,28175,1073,42,0.05,-800,-1031
26302,27144,842,0,NTB,judaico-cristã,26302,27144,842,842,1.0,0,0
27144,28520,1376,0,GE-Phrase,206,27102,28175,1073,1031,0.749,42,345
27144,28520,1376,0,NTB,por muito tempo,27144,28520,1376,1376,1.0,0,0
43541,44810,1269,0,GE-Phrase,217,43251,44383,1132,842,0.664,290,427
43541,44810,1269,0,GE-Phrase,218,44383,47057,2674,427,0.336,-842,-2247
43541,44810,1269,0,NTB,porque você é filho de nũ sei o que,43541,44810,1269,1269,1.0,0,0
44810,45700,890,0,GE-Phrase,218,44383,47057,2674,890,1.0,427,-1357
44810,45700,890,0,NTB,seu erregê vem,44810,45700,890,890,1.0,0,0
45700,46309,609,0,GE-Phrase,218,44383,47057,2674,609,1.0,1317,-748
45700,46309,609,0,NTB,escrito isso,45700,46309,609,609,1.0,0,0
46309,47266,957,0,GE-Phrase,218,44383,47057,2674,748,0.782,1926,209
46309,47266,957,0,GE-Phrase,219,47057,48898,1841,209,0.218,-748,-1632
46309,47266,957,0,NTB,cê tem certidão de nascimento,46309,47266,957,957,1.0,0,0
12996,13465,469,0,NTB,digamos assim,12996,13465,469,469,1.0,0,0
13465,14522,1057,0,NTB,pelo que a gente tem de,13465,14522,1057,1057,1.0,0,0
14522,15590,1068,0,GE-Phrase,201,14551,15962,1411,1039,0.973,-29,-372
14522,15590,1068,0,NTB,crítica até hoje,14522,15590,1068,1068,1.0,0,0
15590,15763,173,0,GE-Phrase,201,14551,15962,1411,173,1.0,1039,-199
15590,15763,173,0,NTB,né,15590,15763,173,173,1.0,0,0
15763,17363,1600,0,GE-Phrase,201,14551,15962,1411,199,0.124,1212,1401
15763,17363,1600,0,NTB,que consegue entrever isso,15763,17363,1600,1600,1.0,0,0
23045,24645,1600,0,GE-Phrase,203,21244,23590,2346,545,0.341,1801,1055
23045,24645,1600,0,GE-Phrase,204,23590,25583,1993,1055,0.659,-545,-938
23045,24645,1600,0,NTB,como a gente sabe que na cultura hebraica,23045,24645,1600,1600,1.0,0,0
24645,25227,582,0,GE-Phrase,204,23590,25583,1993,582,1.0,1055,-356
24645,25227,582,0,NTB,foi também,24645,25227,582,582,1.0,0,0
25227,26200,973,0,GE-Phrase,204,23590,25583,1993,356,0.366,1637,617
25227,26200,973,0,GE-Phrase,205,25583,27102,1519,617,0.634,-356,-902
25227,26200,973,0,NTB,a questão da procedência,25227,26200,973,973,1.0,0,0
26200,26302,102,0,GE-Phrase,205,25583,27102,1519,102,1.0,617,-800
26200,26302,102,0,NTB,né,26200,26302,102,102,1.0,0,0
26302,27144,842,0,GE-Phrase,205,25583,27102,1519,800,0.95,719,42
26302,27144,842,0,GE-Phrase,206,27102,28175,1073,42,0.05,-800,-1031
26302,27144,842,0,NTB,judaico-cristã,26302,27144,842,842,1.0,0,0
27144,28520,1376,0,GE-Phrase,206,27102,28175,1073,1031,0.749,42,345
27144,28520,1376,0,NTB,por muito tempo,27144,28520,1376,1376,1.0,0,0
43541,44810,1269,0,GE-Phrase,217,43251,44383,1132,842,0.664,290,427
43541,44810,1269,0,GE-Phrase,218,44383,47057,2674,427,0.336,-842,-2247
43541,44810,1269,0,NTB,porque você é filho de nũ sei o que,43541,44810,1269,1269,1.0,0,0
44810,45700,890,0,GE-Phrase,218,44383,47057,2674,890,1.0,427,-1357
44810,45700,890,0,NTB,seu erregê vem,44810,45700,890,890,1.0,0,0
45700,46309,609,0,GE-Phrase,218,44383,47057,2674,609,1.0,1317,-748
45700,46309,609,0,NTB,escrito isso,45700,46309,609,609,1.0,0,0
46309,47266,957,0,GE-Phrase,218,44383,47057,2674,748,0.782,1926,209
46309,47266,957,0,GE-Phrase,219,47057,48898,1841,209,0.218,-748,-1632
46309,47266,957,0,NTB,cê tem certidão de nascimento,46309,47266,957,957,1.0,0,0
12996,13465,469,0,NTB,digamos assim,12996,13465,469,469,1.0,0,0
13465,14522,1057,0,NTB,pelo que a gente tem de,13465,14522,1057,1057,1.0,0,0
14522,15590,1068,0,GE-Phrase,201,14551,15962,1411,1039,0.973,-29,-372
14522,15590,1068,0,NTB,crítica até hoje,14522,15590,1068,1068,1.0,0,0
15590,15763,173,0,GE-Phrase,201,14551,15962,1411,173,1.0,1039,-199
15590,15763,173,0,NTB,né,15590,15763,173,173,1.0,0,0
15763,17363,1600,0,GE-Phrase,201,14551,15962,1411,199,0.124,1212,1401
15763,17363,1600,0,NTB,que consegue entrever isso,15763,17363,1600,1600,1.0,0,0
23045,24645,1600,0,GE-Phrase,203,21244,23590,2346,545,0.341,1801,1055
23045,24645,1600,0,GE-Phrase,204,23590,25583,1993,1055,0.659,-545,-938
23045,24645,1600,0,NTB,como a gente sabe que na cultura hebraica,23045,24645,1600,1600,1.0,0,0
24645,25227,582,0,GE-Phrase,204,23590,25583,1993,582,1.0,1055,-356
24645,25227,582,0,NTB,foi também,24645,25227,582,582,1.0,0,0
25227,26200,973,0,GE-Phrase,204,23590,25583,1993,356,0.366,1637,617
25227,26200,973,0,GE-Phrase,205,25583,27102,1519,617,0.634,-356,-902
25227,26200,973,0,NTB,a questão da procedência,25227,26200,973,973,1.0,0,0
26200,26302,102,0,GE-Phrase,205,25583,27102,1519,102,1.0,617,-800
26200,26302,102,0,NTB,né,26200,26302,102,102,1.0,0,0
26302,27144,842,0,GE-Phrase,205,25583,27102,1519,800,0.95,719,42
26302,27144,842,0,GE-Phrase,206,27102,28175,1073,42,0.05,-800,-1031
26302,27144,842,0,NTB,judaico-cristã,26302,27144,842,842,1.0,0,0
27144,28520,1376,0,GE-Phrase,206,27102,28175,1073,1031,0.749,42,345
27144,28520,1376,0,NTB,por muito tempo,27144,28520,1376,1376,1.0,0,0
43541,44810,1269,0,GE-Phrase,217,43251,44383,1132,842,0.664,290,427
43541,44810,1269,0,GE-Phrase,218,44383,47057,2674,427,0.336,-842,-2247
43541,44810,1269,0,NTB,porque você é filho de nũ sei o que,43541,44810,1269,1269,1.0,0,0
44810,45700,890,0,GE-Phrase,218,44383,47057,2674,890,1.0,427,-1357
44810,45700,890,0,NTB,seu erregê vem,44810,45700,890,890,1.0,0,0
45700,46309,609,0,GE-Phrase,218,44383,47057,2674,609,1.0,1317,-748
45700,46309,609,0,NTB,escrito isso,45700,46309,609,609,1.0,0,0
46309,47266,957,0,GE-Phrase,218,44383,47057,2674,748,0.782,1926,209
46309,47266,957,0,GE-Phrase,219,47057,48898,1841,209,0.218,-748,-1632
46309,47266,957,0,NTB,cê tem certidão de nascimento,46309,47266,957,957,1.0,0,0
12996,13465,469,0,NTB,digamos assim,12996,13465,469,469,1.0,0,0
13465,14522,1057,0,NTB,pelo que a gente tem de,13465,14522,1057,1057,1.0,0,0
14522,15590,1068,0,GE-Phrase,201,14551,15962,1411,1039,0.973,-29,-372
14522,15590,1068,0,NTB,crítica até hoje,14522,15590,1068,1068,1.0,0,0
15590,15763,173,0,GE-Phrase,201,14551,15962,1411,173,1.0,1039,-199
15590,15763,173,0,NTB,né,15590,15763,173,173,1.0,0,0
15763,17363,1600,0,GE-Phrase,201,14551,15962,1411,199,0.124,1212,1401
15763,17363,1600,0,NTB,que consegue entrever isso,15763,17363,1600,1600,1.0,0,0
23045,24645,1600,0,GE-Phrase,203,21244,23590,2346,545,0.341,1801,1055
23045,24645,1600,0,GE-Phrase,204,23590,25583,1993,1055,0.659,-545,-938
23045,24645,1600,0,NTB,como a gente sabe que na cultura hebraica,23045,24645,1600,1600,1.0,0,0
24645,25227,582,0,GE-Phrase,204,23590,25583,1993,582,1.0,1055,-356
24645,25227,582,0,NTB,foi também,24645,25227,582,582,1.0,0,0
25227,26200,973,0,GE-Phrase,204,23590,25583,1993,356,0.366,1637,617
25227,26200,973,0,GE-Phrase,205,25583,27102,1519,617,0.634,-356,-902
25227,26200,973,0,NTB,a questão da procedência,25227,26200,973,973,1.0,0,0
26200,26302,102,0,GE-Phrase,205,25583,27102,1519,102,1.0,617,-800
26200,26302,102,0,NTB,né,26200,26302,102,102,1.0,0,0
26302,27144,842,0,GE-Phrase,205,25583,27102,1519,800,0.95,719,42
26302,27144,842,0,GE-Phrase,206,27102,28175,1073,42,0.05,-800,-1031
26302,27144,842,0,NTB,judaico-cristã,26302,27144,842,842,1.0,0,0
27144,28520,1376,0,GE-Phrase,206,27102,28175,1073,1031,0.749,42,345
27144,28520,1376,0,NTB,por muito tempo,27144,28520,1376,1376,1.0,0,0
43541,44810,1269,0,GE-Phrase,217,43251,44383,1132,842,0.664,290,427
43541,44810,1269,0,GE-Phrase,218,44383,47057,2674,427,0.336,-842,-2247
43541,44810,1269,0,NTB,porque você é filho de nũ sei o que,43541,44810,1269,1269,1.0,0,0
44810,45700,890,0,GE-Phrase,218,44383,47057,2674,890,1.0,427,-1357
44810,45700,890,0,NTB,seu erregê vem,44810,45700,890,890,1.0,0,0
45700,46309,609,0,GE-Phrase,218,44383,47057,2674,609,1.0,1317,-748
45700,46309,609,0,NTB,escrito isso,45700,46309,609,609,1.0,0,0
46309,47266,957,0,GE-Phrase,218,44383,47057,2674,748,0.782,1926,209
46309,47266,957,0,GE-Phrase,219,47057,48898,1841,209,0.218,-748,-1632
46309,47266,957,0,NTB,cê tem certidão de nascimento,46309,47266,957,957,1.0,0,0
12996,13465,469,0,NTB,digamos assim,12996,13465,469,469,1.0,0,0
13465,14522,1057,0,NTB,pelo que a gente tem de,13465,14522,1057,1057,1.0,0,0
14522,15590,1068,0,GE-Phrase,201,14551,15962,1411,1039,0.973,-29,-372
14522,15590,1068,0,NTB,crítica até hoje,14522,15590,1068,1068,1.0,0,0
15590,15763,173,0,GE-Phrase,201,14551,15962,1411,173,1.0,1039,-199
15590,15763,173,0,NTB,né,15590,15763,173,173,1.0,0,0
15763,17363,1600,0,GE-Phrase,201,14551,15962,1411,199,0.124,1212,1401
15763,17363,1600,0,NTB,que consegue entrever isso,15763,17363,1600,1600,1.0,0,0
23045,24645,1600,0,GE-Phrase,203,21244,23590,2346,545,0.341,1801,1055
23045,24645,1600,0,GE-Phrase,204,23590,25583,1993,1055,0.659,-545,-938
23045,24645,1600,0,NTB,como a gente sabe que na cultura hebraica,23045,24645,1600,1600,1.0,0,0
24645,25227,582,0,GE-Phrase,204,23590,25583,1993,582,1.0,1055,-356
24645,25227,582,0,NTB,foi também,24645,25227,582,582,1.0,0,0
25227,26200,973,0,GE-Phrase,204,23590,25583,1993,356,0.366,1637,617
25227,26200,973,0,GE-Phrase,205,25583,27102,1519,617,0.634,-356,-902
25227,26200,973,0,NTB,a questão da procedência,25227,26200,973,973,1.0,0,0
26200,26302,102,0,GE-Phrase,205,25583,27102,1519,102,1.0,617,-800
26200,26302,102,0,NTB,né,26200,26302,102,102,1.0,0,0
26302,27144,842,0,GE-Phrase,205,25583,27102,1519,800,0.95,719,42
26302,27144,842,0,GE-Phrase,206,27102,28175,1073,42,0.05,-800,-1031
26302,27144,842,0,NTB,judaico-cristã,26302,27144,842,842,1.0,0,0
27144,28520,1376,0,GE-Phrase,206,27102,28175,1073,1031,0.749,42,345
27144,28520,1376,0,NTB,por muito tempo,27144,28520,1376,1376,1.0,0,0
43541,44810,1269,0,GE-Phrase,217,43251,44383,1132,842,0.664,290,427
43541,44810,1269,0,GE-Phrase,218,44383,47057,2674,427,0.336,-842,-2247
43541,44810,1269,0,NTB,porque você é filho de nũ sei o que,43541,44810,1269,1269,1.0,0,0
44810,45700,890,0,GE-Phrase,218,44383,47057,2674,890,1.0,427,-1357
44810,45700,890,0,NTB,seu erregê vem,44810,45700,890,890,1.0,0,0
45700,46309,609,0,GE-Phrase,218,44383,47057,2674,609,1.0,1317,-748
45700,46309,609,0,NTB,escrito isso,45700,46309,609,609,1.0,0,0
46309,47266,957,0,GE-Phrase,218,44383,47057,2674,748,0.782,1926,209
46309,47266,957,0,GE-Phrase,219,47057,48898,1841,209,0.218,-748,-1632
46309,47266,957,0,NTB,cê tem certidão de nascimento,46309,47266,957,957,1.0,0,0
12996,13465,469,0,NTB,digamos assim,12996,13465,469,469,1.0,0,0
13465,14522,1057,0,NTB,pelo que a gente tem de,13465,14522,1057,1057,1.0,0,0
14522,15590,1068,0,GE-Phrase,201,14551,15962,1411,1039,0.973,-29,-372
14522,15590,1068,0,NTB,crítica até hoje,14522,15590,1068,1068,1.0,0,0
15590,15763,173,0,GE-Phrase,201,14551,15962,1411,173,1.0,1039,-199
15590,15763,173,0,NTB,né,15590,15763,173,173,1.0,0,0
15763,17363,1600,0,GE-Phrase,201,14551,15962,1411,199,0.124,1212,1401
15763,17363,1600,0,NTB,que consegue entrever isso,15763,17363,1600,1600,1.0,0,0
23045,24645,1600,0,GE-Phrase,203,21244,23590,2346,545,0.341,1801,1055
23045,24645,1600,0,GE-Phrase,204,23590,25583,1993,1055,0.659,-545,-938
23045,24645,1600,0,NTB,como a gente sabe que na cultura hebraica,23045,24645,1600,1600,1.0,0,0
24645,25227,582,0,GE-Phrase,204,23590,25583,1993,582,1.0,1055,-356
24645,25227,582,0,NTB,foi também,24645,25227,582,582,1.0,0,0
25227,26200,973,0,GE-Phrase,204,23590,25583,1993,356,0.366,1637,617
25227,26200,973,0,GE-Phrase,205,25583,27102,1519,617,0.634,-356,-902
25227,26200,973,0,NTB,a questão da procedência,25227,26200,973,973,1.0,0,0
26200,26302,102,0,GE-Phrase,205,25583,27102,1519,102,1.0,617,-800
26200,26302,102,0,NTB,né,26200,26302,102,102,1.0,0,0
26302,27144,842,0,GE-Phrase,205,25583,27102,1519,800,0.95,719,42
26302,27144,842,0,GE-Phrase,206,27102,28175,1073,42,0.05,-800,-1031
26302,27144,842,0,NTB,judaico-cristã,26302,27144,842,842,1.0,0,0
27144,28520,1376,0,GE-Phrase,206,27102,28175,1073,1031,0.749,42,345
27144,28520,1376,0,NTB,por muito tempo,27144,28520,1376,1376,1.0,0,0
43541,44810,1269,0,GE-Phrase,217,43251,44383,1132,842,0.664,290,427
43541,44810,1269,0,GE-Phrase,218,44383,47057,2674,427,0.336,-842,-2247
43541,44810,1269,0,NTB,porque você é filho de nũ sei o que,43541,44810,1269,1269,1.0,0,0
44810,45700,890,0,GE-Phrase,218,44383,47057,2674,890,1.0,427,-1357
44810,45700,890,0,NTB,seu erregê vem,44810,45700,890,890,1.0,0,0
45700,46309,609,0,GE-Phrase,218,44383,47057,2674,609,1.0,1317,-748
45700,46309,609,0,NTB,escrito isso,45700,46309,609,609,1.0,0,0
46309,47266,957,0,GE-Phrase,218,44383,47057,2674,748,0.782,1926,209
46309,47266,957,0,GE-Phrase,219,47057,48898,1841,209,0.218,-748,-1632
46309,47266,957,0,NTB,cê tem certidão de nascimento,46309,47266,957,957,1.0,0,0
12996,13465,469,0,NTB,digamos assim,12996,13465,469,469,1.0,0,0
13465,14522,1057,0,NTB,pelo que a gente tem de,13465,14522,1057,1057,1.0,0,0
14522,15590,1068,0,GE-Phrase,201,14551,15962,1411,1039,0.973,-29,-372
14522,15590,1068,0,NTB,crítica até hoje,14522,15590,1068,1068,1.0,0,0
15590,15763,173,0,GE-Phrase,201,14551,15962,1411,173,1.0,1039,-199
15590,15763,173,0,NTB,né,15590,15763,173,173,1.0,0,0
15763,17363,1600,0,GE-Phrase,201,14551,15962,1411,199,0.124,1212,1401
15763,17363,1600,0,NTB,que consegue entrever isso,15763,17363,1600,1600,1.0,0,0
23045,24645,1600,0,GE-Phrase,203,21244,23590,2346,545,0.341,1801,1055
23045,24645,1600,0,GE-Phrase,204,23590,25583,1993,1055,0.659,-545,-938
23045,24645,1600,0,NTB,como a gente sabe que na cultura hebraica,23045,24645,1600,1600,1.0,0,0
24645,25227,582,0,GE-Phrase,204,23590,25583,1993,582,1.0,1055,-356
24645,25227,582,0,NTB,foi também,24645,25227,582,582,1.0,0,0
25227,26200,973,0,GE-Phrase,204,23590,25583,1993,356,0.366,1637,617
25227,26200,973,0,GE-Phrase,205,25583,27102,1519,617,0.634,-356,-902
25227,26200,973,0,NTB,a questão da procedência,25227,26200,973,973,1.0,0,0
26200,26302,102,0,GE-Phrase,205,25583,27102,1519,102,1.0,617,-800
26200,26302,102,0,NTB,né,26200,26302,102,102,1.0,0,0
26302,27144,842,0,GE-Phrase,205,25583,27102,1519,800,0.95,719,42
26302,27144,842,0,GE-Phrase,206,27102,28175,1073,42,0.05,-800,-1031
26302,27144,842,0,NTB,judaico-cristã,26302,27144,842,842,1.0,0,0
27144,28520,1376,0,GE-Phrase,206,27102,28175,1073,1031,0.749,42,345
27144,28520,1376,0,NTB,por muito tempo,27144,28520,1376,1376,1.0,0,0
43541,44810,1269,0,GE-Phrase,217,43251,44383,1132,842,0.664,290,427
43541,44810,1269,0,GE-Phrase,218,44383,47057,2674,427,0.336,-842,-2247
43541,44810,1269,0,NTB,porque você é filho de nũ sei o que,43541,44810,1269,1269,1.0,0,0
44810,45700,890,0,GE-Phrase,218,44383,47057,2674,890,1.0,427,-1357
44810,45700,890,0,NTB,seu erregê vem,44810,45700,890,890,1.0,0,0
45700,46309,609,0,GE-Phrase,218,44383,47057,2674,609,1.0,1317,-748
45700,46309,609,0,NTB,escrito isso,45700,46309,609,609,1.0,0,0
46309,47266,957,0,GE-Phrase,218,44383,47057,2674,748,0.782,1926,209
46309,47266,957,0,GE-Phrase,219,47057,48898,1841,209,0.218,-748,-1632
46309,47266,957,0,NTB,cê tem certidão de nascimento,46309,47266,957,957,1.0,0,0
12996,13465,469,0,NTB,digamos assim,12996,13465,469,469,1.0,0,0
13465,14522,1057,0,NTB,pelo que a gente tem de,13465,14522,1057,1057,1.0,0,0
14522,15590,1068,0,GE-Phrase,201,14551,15962,1411,1039,0.973,-29,-372
14522,15590,1068,0,NTB,crítica até hoje,14522,15590,1068,1068,1.0,0,0
15590,15763,173,0,GE-Phrase,201,14551,15962,1411,173,1.0,1039,-199
15590,15763,173,0,NTB,né,15590,15763,173,173,1.0,0,0
15763,17363,1600,0,GE-Phrase,201,14551,15962,1411,199,0.124,1212,1401
15763,17363,1600,0,NTB,que consegue entrever isso,15763,17363,1600,1600,1.0,0,0
23045,24645,1600,0,GE-Phrase,203,21244,23590,2346,545,0.341,1801,1055
23045,24645,1600,0,GE-Phrase,204,23590,25583,1993,1055,0.659,-545,-938
23045,24645,1600,0,NTB,como a gente sabe que na cultura hebraica,23045,24645,1600,1600,1.0,0,0
24645,25227,582,0,GE-Phrase,204,23590,25583,1993,582,1.0,1055,-356
24645,25227,582,0,NTB,foi também,24645,25227,582,582,1.0,0,0
25227,26200,973,0,GE-Phrase,204,23590,25583,1993,356,0.366,1637,617
25227,26200,973,0,GE-Phrase,205,25583,27102,1519,617,0.634,-356,-902
25227,26200,973,0,NTB,a questão da procedência,25227,26200,973,973,1.0,0,0
26200,26302,102,0,GE-Phrase,205,25583,27102,1519,102,1.0,617,-800
26200,26302,102,0,NTB,né,26200,26302,102,102,1.0,0,0
26302,27144,842,0,GE-Phrase,205,25583,27102,1519,800,0.95,719,42
26302,27144,842,0,GE-Phrase,206,27102,28175,1073,42,0.05,-800,-1031
26302,27144,842,0,NTB,judaico-cristã,26302,27144,842,842,1.0,0,0
27144,28520,1376,0,GE-Phrase,206,27102,28175,1073,1031,0.749,42,345
27144,28520,1376,0,NTB,por muito tempo,27144,28520,1376,1376,1.0,0,0
43541,44810,1269,0,GE-Phrase,217,43251,44383,1132,842,0.664,290,427
43541,44810,1269,0,GE-Phrase,218,44383,47057,2674,427,0.336,-842,-2247
43541,44810,1269,0,NTB,porque você é filho de nũ sei o que,43541,44810,1269,1269,1.0,0,0
44810,45700,890,0,GE-Phrase,218,44383,47057,2674,890,1.0,427,-1357
44810,45700,890,0,NTB,seu erregê vem,44810,45700,890,890,1.0,0,0
45700,46309,609,0,GE-Phrase,218,44383,47057,2674,609,1.0,1317,-748
45700,46309,609,0,NTB,escrito isso,45700,46309,609,609,1.0,0,0
46309,47266,957,0,GE-Phrase,218,44383,47057,2674,748,0.782,1926,209
46309,47266,957,0,GE-Phrase,219,47057,48898,1841,209,0.218,-748,-1632
46309,47266,957,0,NTB,cê tem certidão de nascimento,46309,47266,957,957,1.0,0,0
12996,13465,469,0,NTB,digamos assim,12996,13465,469,469,1.0,0,0
13465,14522,1057,0,NTB,pelo que a gente tem de,13465,14522,1057,1057,1.0,0,0
14522,15590,1068,0,GE-Phrase,201,14551,15962,1411,1039,0.973,-29,-372
14522,15590,1068,0,NTB,crítica até hoje,14522,15590,1068,1068,1.0,0,0
15590,15763,173,0,GE-Phrase,201,14551,15962,1411,173,1.0,1039,-199
15590,15763,173,0,NTB,né,15590,15763,173,173,1.0,0,0
15763,17363,1600,0,GE-Phrase,201,14551,15962,1411,199,0.124,1212,1401
15763,17363,1600,0,NTB,que consegue entrever isso,15763,17363,1600,1600,1.0,0,0
23045,24645,1600,0,GE-Phrase,203,21244,23590,2346,545,0.341,1801,1055
23045,24645,1600,0,GE-Phrase,204,23590,25583,1993,1055,0.659,-545,-938
23045,24645,1600,0,NTB,como a gente sabe que na cultura hebraica,23045,24645,1600,1600,1.0,0,0
24645,25227,582,0,GE-Phrase,204,23590,25583,1993,582,1.0,1055,-356
24645,25227,582,0,NTB,foi também,24645,25227,582,582,1.0,0,0
25227,26200,973,0,GE-Phrase,204,23590,25583,1993,356,0.366,1637,617
25227,26200,973,0,GE-Phrase,205,25583,27102,1519,617,0.634,-356,-902
25227,26200,973,0,NTB,a questão da procedência,25227,26200,973,973,1.0,0,0
26200,26302,102,0,GE-Phrase,205,25583,27102,1519,102,1.0,617,-800
26200,26302,102,0,NTB,né,26200,26302,102,102,1.0,0,0
26302,27144,842,0,GE-Phrase,205,25583,27102,1519,800,0.95,719,42
26302,27144,842,0,GE-Phrase,206,27102,28175,1073,42,0.05,-800,-1031
26302,27144,842,0,NTB,judaico-cristã,26302,27144,842,842,1.0,0,0
27144,28520,1376,0,GE-Phrase,206,27102,28175,1073,1031,0.749,42,345
27144,28520,1376,0,NTB,por muito tempo,27144,28520,1376,1376,1.0,0,0
43541,44810,1269,0,GE-Phrase,217,43251,44383,1132,842,0.664,290,427
43541,44810,1269,0,GE-Phrase,218,44383,47057,2674,427,0.336,-842,-2247
43541,44810,1269,0,NTB,porque você é filho de nũ sei o que,43541,44810,1269,1269,1.0,0,0
44810,45700,890,0,GE-Phrase,218,44383,47057,2674,890,1.0,427,-1357
44810,45700,890,0,NTB,seu erregê vem,44810,45700,890,890,1.0,0,0
45700,46309,609,0,GE-Phrase,218,44383,47057,2674,609,1.0,1317,-748
45700,46309,609,0,NTB,escrito isso,45700,46309,609,609,1.0,0,0
46309,47266,957,0,GE-Phrase,218,44383,47057,2674,748,0.782,1926,209
46309,47266,957,0,GE-Phrase,219,47057,48898,1841,209,0.218,-748,-1632
46309,47266,957,0,NTB,cê tem certidão de nascimento,46309,47266,957,957,1.0,0,0
12996,13465,469,0,NTB,digamos assim,12996,13465,469,469,1.0,0,0
13465,14522,1057,0,NTB,pelo que a gente tem de,13465,14522,1057,1057,1.0,0,0
14522,15590,1068,0,GE-Phrase,201,14551,15962,1411,1039,0.973,-29,-372
14522,15590,1068,0,NTB,crítica até hoje,14522,15590,1068,1068,1.0,0,0
15590,15763,173,0,GE-Phrase,201,14551,15962,1411,173,1.0,1039,-199
15590,15763,173,0,NTB,né,15590,15763,173,173,1.0,0,0
15763,17363,1600,0,GE-Phrase,201,14551,15962,1411,199,0.124,1212,1401
15763,17363,1600,0,NTB,que consegue entrever isso,15763,17363,1600,1600,1.0,0,0
23045,24645,1600,0,GE-Phrase,203,21244,23590,2346,545,0.341,1801,1055
23045,24645,1600,0,GE-Phrase,204,23590,25583,1993,1055,0.659,-545,-938
23045,24645,1600,0,NTB,como a gente sabe que na cultura hebraica,23045,24645,1600,1600,1.0,0,0
24645,25227,582,0,GE-Phrase,204,23590,25583,1993,582,1.0,1055,-356
24645,25227,582,0,NTB,foi também,24645,25227,582,582,1.0,0,0
25227,26200,973,0,GE-Phrase,204,23590,25583,1993,356,0.366,1637,617
25227,26200,973,0,GE-Phrase,205,25583,27102,1519,617,0.634,-356,-902
25227,26200,973,0,NTB,a questão da procedência,25227,26200,973,973,1.0,0,0
26200,26302,102,0,GE-Phrase,205,25583,27102,1519,102,1.0,617,-800
26200,26302,102,0,NTB,né,26200,26302,102,102,1.0,0,0
26302,27144,842,0,GE-Phrase,205,25583,27102,1519,800,0.95,719,42
26302,27144,842,0,GE-Phrase,206,27102,28175,1073,42,0.05,-800,-1031
26302,27144,842,0,NTB,judaico-cristã,26302,27144,842,842,1.0,0,0
27144,28520,1376,0,GE-Phrase,206,27102,28175,1073,1031,0.749,42,345
27144,28520,1376,0,NTB,por muito tempo,27144,28520,1376,1376,1.0,0,0
43541,44810,1269,0,GE-Phrase,217,43251,44383,1132,842,0.664,290,427
43541,44810,1269,0,GE-Phrase,218,44383,47057,2674,427,0.336,-842,-2247
43541,44810,1269,0,NTB,porque você é filho de nũ sei o que,43541,44810,1269,1269,1.0,0,0
44810,45700,890,0,GE-Phrase,218,44383,47057,2674,890,1.0,427,-1357
44810,45700,890,0,NTB,seu erregê vem,44810,45700,890,890,1.0,0,0
45700,46309,609,0,GE-Phrase,218,44383,47057,2674,609,1.0,1317,-748
45700,46309,609,0,NTB,escrito isso,45700,46309,609,609,1.0,0,0
46309,47266,957,0,GE-Phrase,218,44383,47057,2674,748,0.782,1926,209
46309,47266,957,0,GE-Phrase,219,47057,48898,1841,209,0.218,-748,-1632
46309,47266,957,0,NTB,cê tem certidão de nascimento,46309,47266,957,957,1.0,0,0
12996,13465,469,0,NTB,digamos assim,12996,13465,469,469,1.0,0,0
13465,14522,1057,0,NTB,pelo que a gente tem de,13465,14522,1057,1057,1.0,0,0
14522,15590,1068,0,GE-Phrase,201,14551,15962,1411,1039,0.973,-29,-372
14522,15590,1068,0,NTB,crítica até hoje,14522,15590,1068,1068,1.0,0,0
15590,15763,173,0,GE-Phrase,201,14551,15962,1411,173,1.0,1039,-199
15590,15763,173,0,NTB,né,15590,15763,173,173,1.0,0,0
15763,17363,1600,0,GE-Phrase,201,14551,15962,1411,199,0.124,1212,1401
15763,17363,1600,0,NTB,que consegue entrever isso,15763,17363,1600,1600,1.0,0,0
23045,24645,1600,0,GE-Phrase,203,21244,23590,2346,545,0.341,1801,1055
23045,24645,1600,0,GE-Phrase,204,23590,25583,1993,1055,0.659,-545,-938
23045,24645,1600,0,NTB,como a gente sabe que na cultura hebraica,23045,24645,1600,1600,1.0,0,0
24645,25227,582,0,GE-Phrase,204,23590,25583,1993,582,1.0,1055,-356
24645,25227,582,0,NTB,foi também,24645,25227,582,582,1.0,0,0
25227,26200,973,0,GE-Phrase,204,23590,25583,1993,356,0.366,1637,617
25227,26200,973,0,GE-Phrase,205,25583,27102,1519,617,0.634,-356,-902
25227,26200,973,0,NTB,a questão da procedência,25227,26200,973,973,1.0,0,0
26200,26302,102,0,GE-Phrase,205,25583,27102,1519,102,1.0,617,-800
26200,26302,102,0,NTB,né,26200,26302,102,102,1.0,0,0
26302,27144,842,0,GE-Phrase,205,25583,27102,1519,800,0.95,719,42
26302,27144,842,0,GE-Phrase,206,27102,28175,1073,42,0.05,-800,-1031
26302,27144,842,0,NTB,judaico-cristã,26302,27144,842,842,1.0,0,0
27144,28520,1376,0,GE-Phrase,206,27102,28175,1073,1031,0.749,42,345
27144,28520,1376,0,NTB,por muito tempo,27144,28520,1376,1376,1.0,0,0
43541,44810,1269,0,GE-Phrase,217,43251,44383,1132,842,0.664,290,427
43541,44810,1269,0,GE-Phrase,218,44383,47057,2674,427,0.336,-842,-2247
43541,44810,1269,0,NTB,porque você é filho de nũ sei o que,43541,44810,1269,1269,1.0,0,0
44810,45700,890,0,GE-Phrase,218,44383,47057,2674,890,1.0,427,-1357
44810,45700,890,0,NTB,seu erregê vem,44810,45700,890,890,1.0,0,0
45700,46309,609,0,GE-Phrase,218,44383,47057,2674,609,1.0,1317,-748
45700,46309,609,0,NTB,escrito isso,45700,46309,609,609,1.0,0,0
46309,47266,957,0,GE-Phrase,218,44383,47057,2674,748,0.782,1926,209
46309,47266,957,0,GE-Phrase,219,47057,48898,1841,209,0.218,-748,-1632
46309,47266,957,0,NTB,cê tem certidão de nascimento,46309,47266,957,957,1.0,0,0
12996,13465,469,0,NTB,digamos assim,12996,13465,469,469,1.0,0,0
13465,14522,1057,0,NTB,pelo que a gente tem de,13465,14522,1057,1057,1.0,0,0
14522,15590,1068,0,GE-Phrase,201,14551,15962,1411,1039,0.973,-29,-372
14522,15590,1068,0,NTB,crítica até hoje,14522,15590,1068,1068,1.0,0,0
15590,15763,173,0,GE-Phrase,201,14551,15962,1411,173,1.0,1039,-199
15590,15763,173,0,NTB,né,15590,15763,173,173,1.0,0,0
15763,17363,1600,0,GE-Phrase,201,14551,15962,1411,199,0.124,1212,1401
15763,17363,1600,0,NTB,que consegue entrever isso,15763,17363,1600,1600,1.0,0,0
23045,24645,1600,0,GE-Phrase,203,21244,23590,2346,545,0.341,1801,1055
23045,24645,1600,0,GE-Phrase,204,23590,25583,1993,1055,0.659,-545,-938
23045,24645,1600,0,NTB,como a gente sabe que na cultura hebraica,23045,24645,1600,1600,1.0,0,0
24645,25227,582,0,GE-Phrase,204,23590,25583,1993,582,1.0,1055,-356
24645,25227,582,0,NTB,foi também,24645,25227,582,582,1.0,0,0
25227,26200,973,0,GE-Phrase,204,23590,25583,1993,356,0.366,1637,617
25227,26200,973,0,GE-Phrase,205,25583,27102,1519,617,0.634,-356,-902
25227,26200,973,0,NTB,a questão da procedência,25227,26200,973,973,1.0,0,0
26200,26302,102,0,GE-Phrase,205,25583,27102,1519,102,1.0,617,-800
26200,26302,102,0,NTB,né,26200,26302,102,102,1.0,0,0
26302,27144,842,0,GE-Phrase,205,25583,27102,1519,800,0.95,719,42
26302,27144,842,0,GE-Phrase,206,27102,28175,1073,42,0.05,-800,-1031
26302,27144,842,0,NTB,judaico-cristã,26302,27144,842,842,1.0,0,0
27144,28520,1376,0,GE-Phrase,206,27102,28175,1073,1031,0.749,42,345
27144,28520,1376,0,NTB,por muito tempo,27144,28520,1376,1376,1.0,0,0
43541,44810,1269,0,GE-Phrase,217,43251,44383,1132,842,0.664,290,427
43541,44810,1269,0,GE-Phrase,218,44383,47057,2674,427,0.336,-842,-2247
43541,44810,1269,0,NTB,porque você é filho de nũ sei o que,43541,44810,1269,1269,1.0,0,0
44810,45700,890,0,GE-Phrase,218,44383,47057,2674,890,1.0,427,-1357
44810,45700,890,0,NTB,seu erregê vem,44810,45700,890,890,1.0,0,0
45700,46309,609,0,GE-Phrase,218,44383,47057,2674,609,1.0,1317,-748
45700,46309,609,0,NTB,escrito isso,45700,46309,609,609,1.0,0,0
46309,47266,957,0,GE-Phrase,218,44383,47057,2674,748,0.782,1926,209
46309,47266,957,0,GE-Phrase,219,47057,48898,1841,209,0.218,-748,-1632
46309,47266,957,0,NTB,cê tem certidão de nascimento,46309,47266,957,957,1.0,0,0
12996,13465,469,0,NTB,digamos assim,12996,13465,469,469,1.0,0,0
13465,14522,1057,0,NTB,pelo que a gente tem de,13465,14522,1057,1057,1.0,0,0
14522,15590,1068,0,GE-Phrase,201,14551,15962,1411,1039,0.973,-29,-372
14522,15590,1068,0,NTB,crítica até hoje,14522,15590,1068,1068,1.0,0,0
15590,15763,173,0,GE-Phrase,201,14551,15962,1411,173,1.0,1039,-199
15590,15763,173,0,NTB,né,15590,15763,173,173,1.0,0,0
15763,17363,1600,0,GE-Phrase,201,14551,15962,1411,199,0.124,1212,1401
15763,17363,1600,0,NTB,que consegue entrever isso,15763,17363,1600,1600,1.0,0,0
23045,24645,1600,0,GE-Phrase,203,21244,23590,2346,545,0.341,1801,1055
23045,24645,1600,0,GE-Phrase,204,23590,25583,1993,1055,0.659,-545,-938
23045,24645,1600,0,NTB,como a gente sabe que na cultura hebraica,23045,24645,1600,1600,1.0,0,0
24645,25227,582,0,GE-Phrase,204,23590,25583,1993,582,1.0,1055,-356
24645,25227,582,0,NTB,foi também,24645,25227,582,582,1.0,0,0
25227,26200,973,0,GE-Phrase,204,23590,25583,1993,356,0.366,1637,617
25227,26200,973,0,GE-Phrase,205,25583,27102,1519,617,0.634,-356,-902
25227,26200,973,0,NTB,a questão da procedência,25227,26200,973,973,1.0,0,0
26200,26302,102,0,GE-Phrase,205,25583,27102,1519,102,1.0,617,-800
26200,26302,102,0,NTB,né,26200,26302,102,102,1.0,0,0
26302,27144,842,0,GE-Phrase,205,25583,27102,1519,800,0.95,719,42
26302,27144,842,0,GE-Phrase,206,27102,28175,1073,42,0.05,-800,-1031
26302,27144,842,0,NTB,judaico-cristã,26302,27144,842,842,1.0,0,0
27144,28520,1376,0,GE-Phrase,206,27102,28175,1073,1031,0.749,42,345
27144,28520,1376,0,NTB,por muito tempo,27144,28520,1376,1376,1.0,0,0
43541,44810,1269,0,GE-Phrase,217,43251,44383,1132,842,0.664,290,427
43541,44810,1269,0,GE-Phrase,218,44383,47057,2674,427,0.336,-842,-2247
43541,44810,1269,0,NTB,porque você é filho de nũ sei o que,43541,44810,1269,1269,1.0,0,0
44810,45700,890,0,GE-Phrase,218,44383,47057,2674,890,1.0,427,-1357
44810,45700,890,0,NTB,seu erregê vem,44810,45700,890,890,1.0,0,0
45700,46309,609,0,GE-Phrase,218,44383,47057,2674,609,1.0,1317,-748
45700,46309,609,0,NTB,escrito isso,45700,46309,609,609,1.0,0,0
46309,47266,957,0,GE-Phrase,218,44383,47057,2674,748,0.782,1926,209
46309,47266,957,0,GE-Phrase,219,47057,48898,1841,209,0.218,-748,-1632
46309,47266,957,0,NTB,cê tem certidão de nascimento,46309,47266,957,957,1.0,0,0
12996,13465,469,0,NTB,digamos assim,12996,13465,469,469,1.0,0,0
13465,14522,1057,0,NTB,pelo que a gente tem de,13465,14522,1057,1057,1.0,0,0
14522,15590,1068,0,GE-Phrase,201,14551,15962,1411,1039,0.973,-29,-372
14522,15590,1068,0,NTB,crítica até hoje,14522,15590,1068,1068,1.0,0,0
15590,15763,173,0,GE-Phrase,201,14551,15962,1411,173,1.0,1039,-199
15590,15763,173,0,NTB,né,15590,15763,173,173,1.0,0,0
15763,17363,1600,0,GE-Phrase,201,14551,15962,1411,199,0.124,1212,1401
15763,17363,1600,0,NTB,que consegue entrever isso,15763,17363,1600,1600,1.0,0,0
23045,24645,1600,0,GE-Phrase,203,21244,23590,2346,545,0.341,1801,1055
23045,24645,1600,0,GE-Phrase,204,23590,25583,1993,1055,0.659,-545,-938
23045,24645,1600,0,NTB,como a gente sabe que na cultura hebraica,23045,24645,1600,1600,1.0,0,0
24645,25227,582,0,GE-Phrase,204,23590,25583,1993,582,1.0,1055,-356
24645,25227,582,0,NTB,foi também,24645,25227,582,582,1.0,0,0
25227,26200,973,0,GE-Phrase,204,23590,25583,1993,356,0.366,1637,617
25227,26200,973,0,GE-Phrase,205,25583,27102,1519,617,0.634,-356,-902
25227,26200,973,0,NTB,a questão da procedência,25227,26200,973,973,1.0,0,0
26200,26302,102,0,GE-Phrase,205,25583,27102,1519,102,1.0,617,-800
26200,26302,102,0,NTB,né,26200,26302,102,102,1.0,0,0
26302,27144,842,0,GE-Phrase,205,25583,27102,1519,800,0.95,719,42
26302,27144,842,0,GE-Phrase,206,27102,28175,1073,42,0.05,-800,-1031
26302,27144,842,0,NTB,judaico-cristã,26302,27144,842,842,1.0,0,0
27144,28520,1376,0,GE-Phrase,206,27102,28175,1073,1031,0.749,42,345
27144,28520,1376,0,NTB,por muito tempo,27144,28520,1376,1376,1.0,0,0
43541,44810,1269,0,GE-Phrase,217,43251,44383,1132,842,0.664,290,427
43541,44810,1269,0,GE-Phrase,218,44383,47057,2674,427,0.336,-842,-2247
43541,44810,1269,0,NTB,porque você é filho de nũ sei o que,43541,44810,1269,1269,1.0,0,0
44810,45700,890,0,GE-Phrase,218,44383,47057,2674,890,1.0,427,-1357
44810,45700,890,0,NTB,seu erregê vem,44810,45700,890,890,1.0,0,0
45700,46309,609,0,GE-Phrase,218,44383,47057,2674,609,1.0,1317,-748
45700,46309,609,0,NTB,escrito isso,45700,46309,609,609,1.0,0,0
46309,47266,957,0,GE-Phrase,218,44383,47057,2674,748,0.782,1926,209
46309,47266,957,0,GE-Phrase,219,47057,48898,1841,209,0.218,-748,-1632
46309,47266,957,0,NTB,cê tem certidão de nascimento,46309,47266,957,957,1.0,0,0
12996,13465,469,0,NTB,digamos assim,12996,13465,469,469,1.0,0,0
13465,14522,1057,0,NTB,pelo que a gente tem de,13465,14522,1057,1057,1.0,0,0
14522,15590,1068,0,GE-Phrase,201,14551,15962,1411,1039,0.973,-29,-372
14522,15590,1068,0,NTB,crítica até hoje,14522,15590,1068,1068,1.0,0,0
15590,15763,173,0,GE-Phrase,201,14551,15962,1411,173,1.0,1039,-199
15590,15763,173,0,NTB,né,15590,15763,173,173,1.0,0,0
15763,17363,1600,0,GE-Phrase,201,14551,15962,1411,199,0.124,1212,1401
15763,17363,1600,0,NTB,que consegue entrever isso,15763,17363,1600,1600,1.0,0,0
23045,24645,1600,0,GE-Phrase,203,21244,23590,2346,545,0.341,1801,1055
23045,24645,1600,0,GE-Phrase,204,23590,25583,1993,1055,0.659,-545,-938
23045,24645,1600,0,NTB,como a gente sabe que na cultura hebraica,23045,24645,1600,1600,1.0,0,0
24645,25227,582,0,GE-Phrase,204,23590,25583,1993,582,1.0,1055,-356
24645,25227,582,0,NTB,foi também,24645,25227,582,582,1.0,0,0
25227,26200,973,0,GE-Phrase,204,23590,25583,1993,356,0.366,1637,617
25227,26200,973,0,GE-Phrase,205,25583,27102,1519,617,0.634,-356,-902
25227,26200,973,0,NTB,a questão da procedência,25227,26200,973,973,1.0,0,0
26200,26302,102,0,GE-Phrase,205,25583,27102,1519,102,1.0,617,-800
26200,26302,102,0,NTB,né,26200,26302,102,102,1.0,0,0
26302,27144,842,0,GE-Phrase,205,25583,27102,1519,800,0.95,719,42
26302,27144,842,0,GE-Phrase,206,27102,28175,1073,42,0.05,-800,-1031
26302,27144,842,0,NTB,judaico-cristã,26302,27144,842,842,1.0,0,0
27144,28520,1376,0,GE-Phrase,206,27102,28175,1073,1031,0.749,42,345
27144,28520,1376,0,NTB,por muito tempo,27144,28520,1376,1376,1.0,0,0
43541,44810,1269,0,GE-Phrase,217,43251,44383,1132,842,0.664,290,427
43541,44810,1269,0,GE-Phrase,218,44383,47057,2674,427,0.336,-842,-2247
43541,44810,1269,0,NTB,porque você é filho de nũ sei o que,43541,44810,1269,1269,1.0,0,0
44810,45700,890,0,GE-Phrase,218,44383,47057,2674,890,1.0,427,-1357
44810,45700,890,0,NTB,seu erregê vem,44810,45700,890,890,1.0,0,0
45700,46309,609,0,GE-Phrase,218,44383,47057,2674,609,1.0,1317,-748
45700,46309,609,0,NTB,escrito isso,45700,46309,609,609,1.0,0,0
46309,47266,957,0,GE-Phrase,218,44383,47057,2674,748,0.782,1926,209
46309,47266,957,0,GE-Phrase,219,47057,48898,1841,209,0.218,-748,-1632
46309,47266,957,0,NTB,cê tem certidão de nascimento,46309,47266,957,957,1.0,0,0
12996,13465,469,0,NTB,digamos assim,12996,13465,469,469,1.0,0,0
13465,14522,1057,0,NTB,pelo que a gente tem de,13465,14522,1057,1057,1.0,0,0
14522,15590,1068,0,GE-Phrase,201,14551,15962,1411,1039,0.973,-29,-372
14522,15590,1068,0,NTB,crítica até hoje,14522,15590,1068,1068,1.0,0,0
15590,15763,173,0,GE-Phrase,201,14551,15962,1411,173,1.0,1039,-199
15590,15763,173,0,NTB,né,15590,15763,173,173,1.0,0,0
15763,17363,1600,0,GE-Phrase,201,14551,15962,1411,199,0.124,1212,1401
15763,17363,1600,0,NTB,que consegue entrever isso,15763,17363,1600,1600,1.0,0,0
23045,24645,1600,0,GE-Phrase,203,21244,23590,2346,545,0.341,1801,1055
23045,24645,1600,0,GE-Phrase,204,23590,25583,1993,1055,0.659,-545,-938
23045,24645,1600,0,NTB,como a gente sabe que na cultura hebraica,23045,24645,1600,1600,1.0,0,0
24645,25227,582,0,GE-Phrase,204,23590,25583,1993,582,1.0,1055,-356
24645,25227,582,0,NTB,foi também,24645,25227,582,582,1.0,0,0
25227,26200,973,0,GE-Phrase,204,23590,25583,1993,356,0.366,1637,617
25227,26200,973,0,GE-Phrase,205,25583,27102,1519,617,0.634,-356,-902
25227,26200,973,0,NTB,a questão da procedência,25227,26200,973,973,1.0,0,0
26200,26302,102,0,GE-Phrase,205,25583,27102,1519,102,1.0,617,-800
26200,26302,102,0,NTB,né,26200,26302,102,102,1.0,0,0
26302,27144,842,0,GE-Phrase,205,25583,27102,1519,800,0.95,719,42
26302,27144,842,0,GE-Phrase,206,27102,28175,1073,42,0.05,-800,-1031
26302,27144,842,0,NTB,judaico-cristã,26302,27144,842,842,1.0,0,0
27144,28520,1376,0,GE-Phrase,206,27102,28175,1073,1031,0.749,42,345
27144,28520,1376,0,NTB,por muito tempo,27144,28520,1376,1376,1.0,0,0
43541,44810,1269,0,GE-Phrase,217,43251,44383,1132,842,0.664,290,427
43541,44810,1269,0,GE-Phrase,218,44383,47057,2674,427,0.336,-842,-2247
43541,44810,1269,0,NTB,porque você é filho de nũ sei o que,43541,44810,1269,1269,1.0,0,0
44810,45700,890,0,GE-Phrase,218,44383,47057,2674,890,1.0,427,-1357
44810,45700,890,0,NTB,seu erregê vem,44810,45700,890,890,1.0,0,0
45700,46309,609,0,GE-Phrase,218,44383,47057,2674,609,1.0,1317,-748
45700,46309,609,0,NTB,escrito isso,45700,46309,609,609,1.0,0,0
46309,47266,957,0,GE-Phrase,218,44383,47057,2674,748,0.782,1926,209
46309,47266,957,0,GE-Phrase,219,47057,48898,1841,209,0.218,-748,-1632
46309,47266,957,0,NTB,cê tem certidão de nascimento,46309,47266,957,957,1.0,0,0
12996,13465,469,0,NTB,digamos assim,12996,13465,469,469,1.0,0,0
13465,14522,1057,0,NTB,pelo que a gente tem de,13465,14522,1057,1057,1.0,0,0
14522,15590,1068,0,GE-Phrase,201,14551,15962,1411,1039,0.973,-29,-372
14522,15590,1068,0,NTB,crítica até hoje,14522,15590,1068,1068,1.0,0,0
15590,15763,173,0,GE-Phrase,201,14551,15962,1411,173,1.0,1039,-199
15590,15763,173,0,NTB,né,15590,15763,173,173,1.0,0,0
15763,17363,1600,0,GE-Phrase,201,14551,15962,1411,199,0.124,1212,1401
15763,17363,1600,0,NTB,que consegue entrever isso,15763,17363,1600,1600,1.0,0,0
23045,24645,1600,0,GE-Phrase,203,21244,23590,2346,545,0.341,1801,1055
23045,24645,1600,0,GE-Phrase,204,23590,25583,1993,1055,0.659,-545,-938
23045,24645,1600,0,NTB,como a gente sabe que na cultura hebraica,23045,24645,1600,1600,1.0,0,0
24645,25227,582,0,GE-Phrase,204,23590,25583,1993,582,1.0,1055,-356
24645,25227,582,0,NTB,foi também,24645,25227,582,582,1.0,0,0
25227,26200,973,0,GE-Phrase,204,23590,25583,1993,356,0.366,1637,617
25227,26200,973,0,GE-Phrase,205,25583,27102,1519,617,0.634,-356,-902
25227,26200,973,0,NTB,a questão da procedência,25227,26200,973,973,1.0,0,0
26200,26302,102,0,GE-Phrase,205,25583,27102,1519,102,1.0,617,-800
26200,26302,102,0,NTB,né,26200,26302,102,102,1.0,0,0
26302,27144,842,0,GE-Phrase,205,25583,27102,1519,800,0.95,719,42
26302,27144,842,0,GE-Phrase,206,27102,28175,1073,42,0.05,-800,-1031
26302,27144,842,0,NTB,judaico-cristã,26302,27144,842,842,1.0,0,0
27144,28520,1376,0,GE-Phrase,206,27102,28175,1073,1031,0.749,42,345
27144,28520,1376,0,NTB,por muito tempo,27144,28520,1376,1376,1.0,0,0
43541,44810,1269,0,GE-Phrase,217,43251,44383,1132,842,0.664,290,427
43541,44810,1269,0,GE-Phrase,218,44383,47057,2674,427,0.336,-842,-2247
43541,44810,1269,0,NTB,porque você é filho de nũ sei o que,43541,44810,1269,1269,1.0,0,0
44810,45700,890,0,GE-Phrase,218,44383,47057,2674,890,1.0,427,-1357
44810,45700,890,0,NTB,seu erregê vem,44810,45700,890,890,1.0,0,0
45700,46309,609,0,GE-Phrase,218,44383,47057,2674,609,1.0,1317,-748
45700,46309,609,0,NTB,escrito isso,45700,46309,609,609,1.0,0,0
46309,47266,957,0,GE-Phrase,218,44383,47057,2674,748,0.782,1926,209
46309,47266,957,0,GE-Phrase,219,47057,48898,1841,209,0.218,-748,-1632
46309,47266,957,0,NTB,cê tem certidão de nascimento,46309,47266,957,957,1.0,0,0
12996,13465,469,0,NTB,digamos assim,12996,13465,469,469,1.0,0,0
13465,14522,1057,0,NTB,pelo que a gente tem de,13465,14522,1057,1057,1.0,0,0
14522,15590,1068,0,GE-Phrase,201,14551,15962,1411,1039,0.973,-29,-372
14522,15590,1068,0,NTB,crítica até hoje,14522,15590,1068,1068,1.0,0,0
15590,15763,173,0,GE-Phrase,201,14551,15962,1411,173,1.0,1039,-199
15590,15763,173,0,NTB,né,15590,15763,173,173,1.0,0,0
15763,17363,1600,0,GE-Phrase,201,14551,15962,1411,199,0.124,1212,1401
15763,17363,1600,0,NTB,que consegue entrever isso,15763,17363,1600,1600,1.0,0,0
23045,24645,1600,0,GE-Phrase,203,21244,23590,2346,545,0.341,1801,1055
23045,24645,1600,0,GE-Phrase,204,23590,25583,1993,1055,0.659,-545,-938
23045,24645,1600,0,NTB,como a gente sabe que na cultura hebraica,23045,24645,1600,1600,1.0,0,0
24645,25227,582,0,GE-Phrase,204,23590,25583,1993,582,1.0,1055,-356
24645,25227,582,0,NTB,foi também,24645,25227,582,582,1.0,0,0
25227,26200,973,0,GE-Phrase,204,23590,25583,1993,356,0.366,1637,617
25227,26200,973,0,GE-Phrase,205,25583,27102,1519,617,0.634,-356,-902
25227,26200,973,0,NTB,a questão da procedência,25227,26200,973,973,1.0,0,0
26200,26302,102,0,GE-Phrase,205,25583,27102,1519,102,1.0,617,-800
26200,26302,102,0,NTB,né,26200,26302,102,102,1.0,0,0
26302,27144,842,0,GE-Phrase,205,25583,27102,1519,800,0.95,719,42
26302,27144,842,0,GE-Phrase,206,27102,28175,1073,42,0.05,-800,-1031
26302,27144,842,0,NTB,judaico-cristã,26302,27144,842,842,1.0,0,0
27144,28520,1376,0,GE-Phrase,206,27102,28175,1073,1031,0.749,42,345
27144,28520,1376,0,NTB,por muito tempo,27144,28520,1376,1376,1.0,0,0
43541,44810,1269,0,GE-Phrase,217,43251,44383,1132,842,0.664,290,427
43541,44810,1269,0,GE-Phrase,218,44383,47057,2674,427,0.336,-842,-2247
43541,44810,1269,0,NTB,porque você é filho de nũ sei o que,43541,44810,1269,1269,1.0,0,0
44810,45700,890,0,GE-Phrase,218,44383,47057,2674,890,1.0,427,-1357
44810,45700,890,0,NTB,seu erregê vem,44810,45700,890,890,1.0,0,0
45700,46309,609,0,GE-Phrase,218,44383,47057,2674,609,1.0,1317,-748
45700,46309,609,0,NTB,escrito isso,45700,46309,609,609,1.0,0,0
46309,47266,957,0,GE-Phrase,218,44383,47057,2674,748,0.782,1926,209
46309,47266,957,0,GE-Phrase,219,47057,48898,1841,209,0.218,-748,-1632
46309,47266,957,0,NTB,cê tem certidão de nascimento,46309,47266,957,957,1.0,0,0
12996,13465,469,0,NTB,digamos assim,12996,13465,469,469,1.0,0,0
13465,14522,1057,0,NTB,pelo que a gente tem de,13465,14522,1057,1057,1.0,0,0
14522,15590,1068,0,GE-Phrase,201,14551,15962,1411,1039,0.973,-29,-372
14522,15590,1068,0,NTB,crítica até hoje,14522,15590,1068,1068,1.0,0,0
15590,15763,173,0,GE-Phrase,201,14551,15962,1411,173,1.0,1039,-199
15590,15763,173,0,NTB,né,15590,15763,173,173,1.0,0,0
15763,17363,1600,0,GE-Phrase,201,14551,15962,1411,199,0.124,1212,1401
15763,17363,1600,0,NTB,que consegue entrever isso,15763,17363,1600,1600,1.0,0,0
23045,24645,1600,0,GE-Phrase,203,21244,23590,2346,545,0.341,1801,1055
23045,24645,1600,0,GE-Phrase,204,23590,25583,1993,1055,0.659,-545,-938
23045,24645,1600,0,NTB,como a gente sabe que na cultura hebraica,23045,24645,1600,1600,1.0,0,0
24645,25227,582,0,GE-Phrase,204,23590,25583,1993,582,1.0,1055,-356
24645,25227,582,0,NTB,foi também,24645,25227,582,582,1.0,0,0
25227,26200,973,0,GE-Phrase,204,23590,25583,1993,356,0.366,1637,617
25227,26200,973,0,GE-Phrase,205,25583,27102,1519,617,0.634,-356,-902
25227,26200,973,0,NTB,a questão da procedência,25227,26200,973,973,1.0,0,0
26200,26302,102,0,GE-Phrase,205,25583,27102,1519,102,1.0,617,-800
26200,26302,102,0,NTB,né,26200,26302,102,102,1.0,0,0
26302,27144,842,0,GE-Phrase,205,25583,27102,1519,800,0.95,719,42
26302,27144,842,0,GE-Phrase,206,27102,28175,1073,42,0.05,-800,-1031
26302,27144,842,0,NTB,judaico-cristã,26302,27144,842,842,1.0,0,0
27144,28520,1376,0,GE-Phrase,206,27102,28175,1073,1031,0.749,42,345
27144,28520,1376,0,NTB,por muito tempo,27144,28520,1376,1376,1.0,0,0
43541,44810,1269,0,GE-Phrase,217,43251,44383,1132,842,0.664,290,427
43541,44810,1269,0,GE-Phrase,218,44383,47057,2674,427,0.336,-842,-2247
43541,44810,1269,0,NTB,porque você é filho de nũ sei o que,43541,44810,1269,1269,1.0,0,0
44810,45700,890,0,GE-Phrase,218,44383,47057,2674,890,1.0,427,-1357
44810,45700,890,0,NTB,seu erregê vem,44810,45700,890,890,1.0,0,0
45700,46309,609,0,GE-Phrase,218,44383,47057,2674,609,1.0,1317,-748
45700,46309,609,0,NTB,escrito isso,45700,46309,609,609,1.0,0,0
46309,47266,957,0,GE-Phrase,218,44383,47057,2674,748,0.782,1926,209
46309,47266,957,0,GE-Phrase,219,47057,48898,1841,209,0.218,-748,-1632
46309,47266,957,0,NTB,cê tem certidão de nascimento,46309,47266,957,957,1.0,0,0
12996,13465,469,0,NTB,digamos assim,12996,13465,469,469,1.0,0,0
13465,14522,1057,0,NTB,pelo que a gente tem de,13465,14522,1057,1057,1.0,0,0
14522,15590,1068,0,GE-Phrase,201,14551,15962,1411,1039,0.973,-29,-372
14522,15590,1068,0,NTB,crítica até hoje,14522,15590,1068,1068,1.0,0,0
15590,15763,173,0,GE-Phrase,201,14551,15962,1411,173,1.0,1039,-199
15590,15763,173,0,NTB,né,15590,15763,173,173,1.0,0,0
15763,17363,1600,0,GE-Phrase,201,14551,15962,1411,199,0.124,1212,1401
15763,17363,1600,0,NTB,que consegue entrever isso,15763,17363,1600,1600,1.0,0,0
23045,24645,1600,0,GE-Phrase,203,21244,23590,2346,545,0.341,1801,1055
23045,24645,1600,0,GE-Phrase,204,23590,25583,1993,1055,0.659,-545,-938
23045,24645,1600,0,NTB,como a gente sabe que na cultura hebraica,23045,24645,1600,1600,1.0,0,0
24645,25227,582,0,GE-Phrase,204,23590,25583,1993,582,1.0,1055,-356
24645,25227,582,0,NTB,foi também,24645,25227,582,582,1.0,0,0
25227,26200,973,0,GE-Phrase,204,23590,25583,1993,356,0.366,1637,617
25227,26200,973,0,GE-Phrase,205,25583,27102,1519,617,0.634,-356,-902
25227,26200,973,0,NTB,a questão da procedência,25227,26200,973,973,1.0,0,0
26200,26302,102,0,GE-Phrase,205,25583,27102,1519,102,1.0,617,-800
26200,26302,102,0,NTB,né,26200,26302,102,102,1.0,0,0
26302,27144,842,0,GE-Phrase,205,25583,27102,1519,800,0.95,719,42
26302,27144,842,0,GE-Phrase,206,27102,28175,1073,42,0.05,-800,-1031
26302,27144,842,0,NTB,judaico-cristã,26302,27144,842,842,1.0,0,0
27144,28520,1376,0,GE-Phrase,206,27102,28175,1073,1031,0.749,42,345
27144,28520,1376,0,NTB,por muito tempo,27144,28520,1376,1376,1.0,0,0
43541,44810,1269,0,GE-Phrase,217,43251,44383,1132,842,0.664,290,427
43541,44810,1269,0,GE-Phrase,218,44383,47057,2674,427,0.336,-842,-2247
43541,44810,1269,0,NTB,porque você é filho de nũ sei o que,43541,44810,1269,1269,1.0,0,0
44810,45700,890,0,GE-Phrase,218,44383,47057,2674,890,1.0,427,-1357
44810,45700,890,0,NTB,seu erregê vem,44810,45700,890,890,1.0,0,0
45700,46309,609,0,GE-Phrase,218,44383,47057,2674,609,1.0,1317,-748
45700,46309,609,0,NTB,escrito isso,45700,46309,609,609,1.0,0,0
46309,47266,957,0,GE-Phrase,218,44383,47057,2674,748,0.782,1926,209
46309,47266,957,0,GE-Phrase,219,47057,48898,1841,209,0.218,-748,-1632
46309,47266,957,0,NTB,cê tem certidão de nascimento,46309,47266,957,957,1.0,0,0
12996,13465,469,0,NTB,digamos assim,12996,13465,469,469,1.0,0,0
13465,14522,1057,0,NTB,pelo que a gente tem de,13465,14522,1057,1057,1.0,0,0
14522,15590,1068,0,GE-Phrase,201,14551,15962,1411,1039,0.973,-29,-372
14522,15590,1068,0,NTB,crítica até hoje,14522,15590,1068,1068,1.0,0,0
15590,15763,173,0,GE-Phrase,201,14551,15962,1411,173,1.0,1039,-199
15590,15763,173,0,NTB,né,15590,15763,173,173,1.0,0,0
15763,17363,1600,0,GE-Phrase,201,14551,15962,1411,199,0.124,1212,1401
15763,17363,1600,0,NTB,que consegue entrever isso,15763,17363,1600,1600,1.0,0,0
23045,24645,1600,0,GE-Phrase,203,21244,23590,2346,545,0.341,1801,1055
23045,24645,1600,0,GE-Phrase,204,23590,25583,1993,1055,0.659,-545,-938
23045,24645,1600,0,NTB,como a gente sabe que na cultura hebraica,23045,24645,1600,1600,1.0,0,0
24645,25227,582,0,GE-Phrase,204,23590,25583,1993,582,1.0,1055,-356
24645,25227,582,0,NTB,foi também,24645,25227,582,582,1.0,0,0
25227,26200,973,0,GE-Phrase,204,23590,25583,1993,356,0.366,1637,617
25227,26200,973,0,GE-Phrase,205,25583,27102,1519,617,0.634,-356,-902
25227,26200,973,0,NTB,a questão da procedência,25227,26200,973,973,1.0,0,0
26200,26302,102,0,GE-Phrase,205,25583,27102,1519,102,1.0,617,-800
26200,26302,102,0,NTB,né,26200,26302,102,102,1.0,0,0
26302,27144,842,0,GE-Phrase,205,25583,27102,1519,800,0.95,719,42
26302,27144,842,0,GE-Phrase,206,27102,28175,1073,42,0.05,-800,-1031
26302,27144,842,0,NTB,judaico-cristã,26302,27144,842,842,1.0,0,0
27144,28520,1376,0,GE-Phrase,206,27102,28175,1073,1031,0.749,42,345
27144,28520,1376,0,NTB,por muito tempo,27144,28520,1376,1376,1.0,0,0
43541,44810,1269,0,GE-Phrase,217,43251,44383,1132,842,0.664,290,427
43541,44810,1269,0,GE-Phrase,218,44383,47057,2674,427,0.336,-842,-2247
43541,44810,1269,0,NTB,porque você é filho de nũ sei o que,43541,44810,1269,1269,1.0,0,0
44810,45700,890,0,GE-Phrase,218,44383,47057,2674,890,1.0,427,-1357
44810,45700,890,0,NTB,seu erregê vem,44810,45700,890,890,1.0,0,0
45700,46309,609,0,GE-Phrase,218,44383,47057,2674,609,1.0,1317,-748
45700,46309,609,0,NTB,escrito isso,45700,46309,609,609,1.0,0,0
46309,47266,957,0,GE-Phrase,218,44383,47057,2674,748,0.782,1926,209
46309,47266,957,0,GE-Phrase,219,47057,48898,1841,209,0.218,-748,-1632
46309,47266,957,0,NTB,cê tem certidão de nascimento,46309,47266,957,957,1.0,0,0
12996,13465,469,0,NTB,digamos assim,12996,13465,469,469,1.0,0,0
13465,14522,1057,0,NTB,pelo que a gente tem de,13465,14522,1057,1057,1.0,0,0
14522,15590,1068,0,GE-Phrase,201,14551,15962,1411,1039,0.973,-29,-372
14522,15590,1068,0,NTB,crítica até hoje,14522,15590,1068,1068,1.0,0,0
15590,15763,173,0,GE-Phrase,201,14551,15962,1411,173,1.0,1039,-199
15590,15763,173,0,NTB,né,15590,15763,173,173,1.0,0,0
15763,17363,1600,0,GE-Phrase,201,14551,15962,1411,199,0.124,1212,1401
15763,17363,1600,0,NTB,que consegue entrever isso,15763,17363,1600,1600,1.0,0,0
23045,24645,1600,0,GE-Phrase,203,21244,23590,2346,545,0.341,1801,1055
23045,24645,1600,0,GE-Phrase,204,23590,25583,1993,1055,0.659,-545,-938
23045,24645,1600,0,NTB,como a gente sabe que na cultura hebraica,23045,24645,1600,1600,1.0,0,0
24645,25227,582,0,GE-Phrase,204,23590,25583,1993,582,1.0,1055,-356
24645,25227,582,0,NTB,foi também,24645,25227,582,582,1.0,0,0
25227,26200,973,0,GE-Phrase,204,23590,25583,1993,356,0.366,1637,617
25227,26200,973,0,GE-Phrase,205,25583,27102,1519,617,0.634,-356,-902
25227,26200,973,0,NTB,a questão da procedência,25227,26200,973,973,1.0,0,0
26200,26302,102,0,GE-Phrase,205,25583,27102,1519,102,1.0,617,-800
26200,26302,102,0,NTB,né,26200,26302,102,102,1.0,0,0
26302,27144,842,0,GE-Phrase,205,25583,27102,1519,800,0.95,719,42
26302,27144,842,0,GE-Phrase,206,27102,28175,1073,42,0.05,-800,-1031
26302,27144,842,0,NTB,judaico-cristã,26302,27144,842,842,1.0,0,0
27144,28520,1376,0,GE-Phrase,206,27102,28175,1073,1031,0.749,42,345
27144,28520,1376,0,NTB,por muito tempo,27144,28520,1376,1376,1.0,0,0
43541,44810,1269,0,GE-Phrase,217,43251,44383,1132,842,0.664,290,427
43541,44810,1269,0,GE-Phrase,218,44383,47057,2674,427,0.336,-842,-2247
43541,44810,1269,0,NTB,porque você é filho de nũ sei o que,43541,44810,1269,1269,1.0,0,0
44810,45700,890,0,GE-Phrase,218,44383,47057,2674,890,1.0,427,-1357
44810,45700,890,0,NTB,seu erregê vem,44810,45700,890,890,1.0,0,0
45700,46309,609,0,GE-Phrase,218,44383,47057,2674,609,1.0,1317,-748
45700,46309,609,0,NTB,escrito isso,45700,46309,609,609,1.0,0,0
46309,47266,957,0,GE-Phrase,218,44383,47057,2674,748,0.782,1926,209
46309,47266,957,0,GE-Phrase,219,47057,48898,1841,209,0.218,-748,-1632
46309,47266,957,0,NTB,cê tem certidão de nascimento,46309,47266,957,957,1.0,0,0
12996,13465,469,0,NTB,digamos assim,12996,13465,469,469,1.0,0,0
13465,14522,1057,0,NTB,pelo que a gente tem de,13465,14522,1057,1057,1.0,0,0
14522,15590,1068,0,GE-Phrase,201,14551,15962,1411,1039,0.973,-29,-372
14522,15590,1068,0,NTB,crítica até hoje,14522,15590,1068,1068,1.0,0,0
15590,15763,173,0,GE-Phrase,201,14551,15962,1411,173,1.0,1039,-199
15590,15763,173,0,NTB,né,15590,15763,173,173,1.0,0,0
15763,17363,1600,0,GE-Phrase,201,14551,15962,1411,199,0.124,1212,1401
15763,17363,1600,0,NTB,que consegue entrever isso,15763,17363,1600,1600,1.0,0,0
23045,24645,1600,0,GE-Phrase,203,21244,23590,2346,545,0.341,1801,1055
23045,24645,1600,0,GE-Phrase,204,23590,25583,1993,1055,0.659,-545,-938
23045,24645,1600,0,NTB,como a gente sabe que na cultura hebraica,23045,24645,1600,1600,1.0,0,0
24645,25227,582,0,GE-Phrase,204,23590,25583,1993,582,1.0,1055,-356
24645,25227,582,0,NTB,foi também,24645,25227,582,582,1.0,0,0
25227,26200,973,0,GE-Phrase,204,23590,25583,1993,356,0.366,1637,617
25227,26200,973,0,GE-Phrase,205,25583,27102,1519,617,0.634,-356,-902
25227,26200,973,0,NTB,a questão da procedência,25227,26200,973,973,1.0,0,0
26200,26302,102,0,GE-Phrase,205,25583,27102,1519,102,1.0,617,-800
26200,26302,102,0,NTB,né,26200,26302,102,102,1.0,0,0
26302,27144,842,0,GE-Phrase,205,25583,27102,1519,800,0.95,719,42
26302,27144,842,0,GE-Phrase,206,27102,28175,1073,42,0.05,-800,-1031
26302,27144,842,0,NTB,judaico-cristã,26302,27144,842,842,1.0,0,0
27144,28520,1376,0,GE-Phrase,206,27102,28175,1073,1031,0.749,42,345
27144,28520,1376,0,NTB,por muito tempo,27144,28520,1376,1376,1.0,0,0
43541,44810,1269,0,GE-Phrase,217,43251,44383,1132,842,0.664,290,427
43541,44810,1269,0,GE-Phrase,218,44383,47057,2674,427,0.336,-842,-2247
43541,44810,1269,0,NTB,porque você é filho de nũ sei o que,43541,44810,1269,1269,1.0,0,0
44810,45700,890,0,GE-Phrase,218,44383,47057,2674,890,1.0,427,-1357
44810,45700,890,0,NTB,seu erregê vem,44810,45700,890,890,1.0,0,0
45700,46309,609,0,GE-Phrase,218,44383,47057,2674,609,1.0,1317,-748
45700,46309,609,0,NTB,escrito isso,45700,46309,609,609,1.0,0,0
46309,47266,957,0,GE-Phrase,218,44383,47057,2674,748,0.782,1926,209
46309,47266,957,0,GE-Phrase,219,47057,48898,1841,209,0.218,-748,-1632
46309,47266,957,0,NTB,cê tem certidão de nascimento,46309,47266,957,957,1.0,0,0
12996,13465,469,0,NTB,digamos assim,12996,13465,469,469,1.0,0,0
13465,14522,1057,0,NTB,pelo que a gente tem de,13465,14522,1057,1057,1.0,0,0
14522,15590,1068,0,GE-Phrase,201,14551,15962,1411,1039,0.973,-29,-372
14522,15590,1068,0,NTB,crítica até hoje,14522,15590,1068,1068,1.0,0,0
15590,15763,173,0,GE-Phrase,201,14551,15962,1411,173,1.0,1039,-199
15590,15763,173,0,NTB,né,15590,15763,173,173,1.0,0,0
15763,17363,1600,0,GE-Phrase,201,14551,15962,1411,199,0.124,1212,1401
15763,17363,1600,0,NTB,que consegue entrever isso,15763,17363,1600,1600,1.0,0,0
23045,24645,1600,0,GE-Phrase,203,21244,23590,2346,545,0.341,1801,1055
23045,24645,1600,0,GE-Phrase,204,23590,25583,1993,1055,0.659,-545,-938
23045,24645,1600,0,NTB,como a gente sabe que na cultura hebraica,23045,24645,1600,1600,1.0,0,0
24645,25227,582,0,GE-Phrase,204,23590,25583,1993,582,1.0,1055,-356
24645,25227,582,0,NTB,foi também,24645,25227,582,582,1.0,0,0
25227,26200,973,0,GE-Phrase,204,23590,25583,1993,356,0.366,1637,617
25227,26200,973,0,GE-Phrase,205,25583,27102,1519,617,0.634,-356,-902
25227,26200,973,0,NTB,a questão da procedência,25227,26200,973,973,1.0,0,0
26200,26302,102,0,GE-Phrase,205,25583,27102,1519,102,1.0,617,-800
26200,26302,102,0,NTB,né,26200,26302,102,102,1.0,0,0
26302,27144,842,0,GE-Phrase,205,25583,27102,1519,800,0.95,719,42
26302,27144,842,0,GE-Phrase,206,27102,28175,1073,42,0.05,-800,-1031
26302,27144,842,0,NTB,judaico-cristã,26302,27144,842,842,1.0,0,0
27144,28520,1376,0,GE-Phrase,206,27102,28175,1073,1031,0.749,42,345
27144,28520,1376,0,NTB,por muito tempo,27144,28520,1376,1376,1.0,0,0
43541,44810,1269,0,GE-Phrase,217,43251,44383,1132,842,0.664,290,427
43541,44810,1269,0,GE-Phrase,218,44383,47057,2674,427,0.336,-842,-2247
43541,44810,1269,0,NTB,porque você é filho de nũ sei o que,43541,44810,1269,1269,1.0,0,0
44810,45700,890,0,GE-Phrase,218,44383,47057,2674,890,1.0,427,-1357
44810,45700,890,0,NTB,seu erregê vem,44810,45700,890,890,1.0,0,0
45700,46309,609,0,GE-Phrase,218,44383,47057,2674,609,1.0,1317,-748
45700,46309,609,0,NTB,escrito isso,45700,46309,609,609,1.0,0,0
46309,47266,957,0,GE-Phrase,218,44383,47057,2674,748,0.782,1926,209
46309,47266,957,0,GE-Phrase,219,47057,48898,1841,209,0.218,-748,-1632
46309,47266,957,0,NTB,cê tem certidão de nascimento,46309,47266,957,957,1.0,0,0
12996,13465,469,0,NTB,digamos assim,12996,13465,469,469,1.0,0,0
13465,14522,1057,0,NTB,pelo que a gente tem de,13465,14522,1057,1057,1.0,0,0
14522,15590,1068,0,GE-Phrase,201,14551,15962,1411,1039,0.973,-29,-372
14522,15590,1068,0,NTB,crítica até hoje,14522,15590,1068,1068,1.0,0,0
15590,15763,173,0,GE-Phrase,201,14551,15962,1411,173,1.0,1039,-199
15590,15763,173,0,NTB,né,15590,15763,173,173,1.0,0,0
15763,17363,1600,0,GE-Phrase,201,14551,15962,1411,199,0.124,1212,1401
15763,17363,1600,0,NTB,que consegue entrever isso,15763,17363,1600,1600,1.0,0,0
23045,24645,1600,0,GE-Phrase,203,21244,23590,2346,545,0.341,1801,1055
23045,24645,1600,0,GE-Phrase,204,23590,25583,1993,1055,0.659,-545,-938
23045,24645,1600,0,NTB,como a gente sabe que na cultura hebraica,23045,24645,1600,1600,1.0,0,0
24645,25227,582,0,GE-Phrase,204,23590,25583,1993,582,1.0,1055,-356
24645,25227,582,0,NTB,foi também,24645,25227,582,582,1.0,0,0
25227,26200,973,0,GE-Phrase,204,23590,25583,1993,356,0.366,1637,617
25227,26200,973,0,GE-Phrase,205,25583,27102,1519,617,0.634,-356,-902
25227,26200,973,0,NTB,a questão da procedência,25227,26200,973,973,1.0,0,0
26200,26302,102,0,GE-Phrase,205,25583,27102,1519,102,1.0,617,-800
26200,26302,102,0,NTB,né,26200,26302,102,102,1.0,0,0
26302,27144,842,0,GE-Phrase,205,25583,27102,1519,800,0.95,719,42
26302,27144,842,0,GE-Phrase,206,27102,28175,1073,42,0.05,-800,-1031
26302,27144,842,0,NTB,judaico-cristã,26302,27144,842,842,1.0,0,0
27144,28520,1376,0,GE-Phrase,206,27102,28175,1073,1031,0.749,42,345
27144,28520,1376,0,NTB,por muito tempo,27144,28520,1376,1376,1.0,0,0
43541,44810,1269,0,GE-Phrase,217,43251,44383,1132,842,0.664,290,427
43541,44810,1269,0,GE-Phrase,218,44383,47057,2674,427,0.336,-842,-2247
43541,44810,1269,0,NTB,porque você é filho de nũ sei o que,43541,44810,1269,1269,1.0,0,0
44810,45700,890,0,GE-Phrase,218,44383,47057,2674,890,1.0,427,-1357
44810,45700,890,0,NTB,seu erregê vem,44810,45700,890,890,1.0,0,0
45700,46309,609,0,GE-Phrase,218,44383,47057,2674,609,1.0,1317,-748
45700,46309,609,0,NTB,escrito isso,45700,46309,609,609,1.0,0,0
46309,47266,957,0,GE-Phrase,218,44383,47057,2674,748,0.782,1926,209
46309,47266,957,0,GE-Phrase,219,47057,48898,1841,209,0.218,-748,-1632
46309,47266,957,0,NTB,cê tem certidão de nascimento,46309,47266,957,957,1.0,0,0
12996,13465,469,0,NTB,digamos assim,12996,13465,469,469,1.0,0,0
13465,14522,1057,0,NTB,pelo que a gente tem de,13465,14522,1057,1057,1.0,0,0
14522,15590,1068,0,GE-Phrase,201,14551,15962,1411,1039,0.973,-29,-372
14522,15590,1068,0,NTB,crítica até hoje,14522,15590,1068,1068,1.0,0,0
15590,15763,173,0,GE-Phrase,201,14551,15962,1411,173,1.0,1039,-199
15590,15763,173,0,NTB,né,15590,15763,173,173,1.0,0,0
15763,17363,1600,0,GE-Phrase,201,14551,15962,1411,199,0.124,1212,1401
15763,17363,1600,0,NTB,que consegue entrever isso,15763,17363,1600,1600,1.0,0,0
23045,24645,1600,0,GE-Phrase,203,21244,23590,2346,545,0.341,1801,1055
23045,24645,1600,0,GE-Phrase,204,23590,25583,1993,1055,0.659,-545,-938
23045,24645,1600,0,NTB,como a gente sabe que na cultura hebraica,23045,24645,1600,1600,1.0,0,0
24645,25227,582,0,GE-Phrase,204,23590,25583,1993,582,1.0,1055,-356
24645,25227,582,0,NTB,foi também,24645,25227,582,582,1.0,0,0
25227,26200,973,0,GE-Phrase,204,23590,25583,1993,356,0.366,1637,617
25227,26200,973,0,GE-Phrase,205,25583,27102,1519,617,0.634,-356,-902
25227,26200,973,0,NTB,a questão da procedência,25227,26200,973,973,1.0,0,0
26200,26302,102,0,GE-Phrase,205,25583,27102,1519,102,1.0,617,-800
26200,26302,102,0,NTB,né,26200,26302,102,102,1.0,0,0
26302,27144,842,0,GE-Phrase,205,25583,27102,1519,800,0.95,719,42
26302,27144,842,0,GE-Phrase,206,27102,28175,1073,42,0.05,-800,-1031
26302,27144,842,0,NTB,judaico-cristã,26302,27144,842,842,1.0,0,0
27144,28520,1376,0,GE-Phrase,206,27102,28175,1073,1031,0.749,42,345
27144,28520,1376,0,NTB,por muito tempo,27144,28520,1376,1376,1.0,0,0
43541,44810,1269,0,GE-Phrase,217,43251,44383,1132,842,0.664,290,427
43541,44810,1269,0,GE-Phrase,218,44383,47057,2674,427,0.336,-842,-2247
43541,44810,1269,0,NTB,porque você é filho de nũ sei o que,43541,44810,1269,1269,1.0,0,0
44810,45700,890,0,GE-Phrase,218,44383,47057,2674,890,1.0,427,-1357
44810,45700,890,0,NTB,seu erregê vem,44810,45700,890,890,1.0,0,0
45700,46309,609,0,GE-Phrase,218,44383,47057,2674,609,1.0,1317,-748
45700,46309,609,0,NTB,escrito isso,45700,46309,609,609,1.0,0,0
46309,47266,957,0,GE-Phrase,218,44383,47057,2674,748,0.782,1926,209
46309,47266,957,0,GE-Phrase,219,47057,48898,1841,209,0.218,-748,-1632
46309,47266,957,0,NTB,cê tem certidão de nascimento,46309,47266,957,957,1.0,0,0
12996,13465,469,0,NTB,digamos assim,12996,13465,469,469,1.0,0,0
13465,14522,1057,0,NTB,pelo que a gente tem de,13465,14522,1057,1057,1.0,0,0
14522,15590,1068,0,GE-Phrase,201,14551,15962,1411,1039,0.973,-29,-372
14522,15590,1068,0,NTB,crítica até hoje,14522,15590,1068,1068,1.0,0,0
15590,15763,173,0,GE-Phrase,201,14551,15962,1411,173,1.0,1039,-199
15590,15763,173,0,NTB,né,15590,15763,173,173,1.0,0,0
15763,17363,1600,0,GE-Phrase,201,14551,15962,1411,199,0.124,1212,1401
15763,17363,1600,0,NTB,que consegue entrever isso,15763,17363,1600,1600,1.0,0,0
23045,24645,1600,0,GE-Phrase,203,21244,23590,2346,545,0.341,1801,1055
23045,24645,1600,0,GE-Phrase,204,23590,25583,1993,1055,0.659,-545,-938
23045,24645,1600,0,NTB,como a gente sabe que na cultura hebraica,23045,24645,1600,1600,1.0,0,0
24645,25227,582,0,GE-Phrase,204,23590,25583,1993,582,1.0,1055,-356
24645,25227,582,0,NTB,foi também,24645,25227,582,582,1.0,0,0
25227,26200,973,0,GE-Phrase,204,23590,25583,1993,356,0.366,1637,617
25227,26200,973,0,GE-Phrase,205,25583,27102,1519,617,0.634,-356,-902
25227,26200,973,0,NTB,a questão da procedência,25227,26200,973,973,1.0,0,0
26200,26302,102,0,GE-Phrase,205,25583,27102,1519,102,1.0,617,-800
26200,26302,102,0,NTB,né,26200,26302,102,102,1.0,0,0
26302,27144,842,0,GE-Phrase,205,25583,27102,1519,800,0.95,719,42
26302,27144,842,0,GE-Phrase,206,27102,28175,1073,42,0.05,-800,-1031
26302,27144,842,0,NTB,judaico-cristã,26302,27144,842,842,1.0,0,0
27144,28520,1376,0,GE-Phrase,206,27102,28175,1073,1031,0.749,42,345
27144,28520,1376,0,NTB,por muito tempo,27144,28520,1376,1376,1.0,0,0
43541,44810,1269,0,GE-Phrase,217,43251,44383,1132,842,0.664,290,427
43541,44810,1269,0,GE-Phrase,218,44383,47057,2674,427,0.336,-842,-2247
43541,44810,1269,0,NTB,porque você é filho de nũ sei o que,43541,44810,1269,1269,1.0,0,0
44810,45700,890,0,GE-Phrase,218,44383,47057,2674,890,1.0,427,-1357
44810,45700,890,0,NTB,seu erregê vem,44810,45700,890,890,1.0,0,0
45700,46309,609,0,GE-Phrase,218,44383,47057,2674,609,1.0,1317,-748
45700,46309,609,0,NTB,escrito isso,45700,46309,609,609,1.0,0,0
46309,47266,957,0,GE-Phrase,218,44383,47057,2674,748,0.782,1926,209
46309,47266,957,0,GE-Phrase,219,47057,48898,1841,209,0.218,-748,-1632
46309,47266,957,0,NTB,cê tem certidão de nascimento,46309,47266,957,957,1.0,0,0
12996,13465,469,0,NTB,digamos assim,12996,13465,469,469,1.0,0,0
13465,14522,1057,0,NTB,pelo que a gente tem de,13465,14522,1057,1057,1.0,0,0
14522,15590,1068,0,GE-Phrase,201,14551,15962,1411,1039,0.973,-29,-372
14522,15590,1068,0,NTB,crítica até hoje,14522,15590,1068,1068,1.0,0,0
15590,15763,173,0,GE-Phrase,201,14551,15962,1411,173,1.0,1039,-199
15590,15763,173,0,NTB,né,15590,15763,173,173,1.0,0,0
15763,17363,1600,0,GE-Phrase,201,14551,15962,1411,199,0.124,1212,1401
15763,17363,1600,0,NTB,que consegue entrever isso,15763,17363,1600,1600,1.0,0,0
23045,24645,1600,0,GE-Phrase,203,21244,23590,2346,545,0.341,1801,1055
23045,24645,1600,0,GE-Phrase,204,23590,25583,1993,1055,0.659,-545,-938
23045,24645,1600,0,NTB,como a gente sabe que na cultura hebraica,23045,24645,1600,1600,1.0,0,0
24645,25227,582,0,GE-Phrase,204,23590,25583,1993,582,1.0,1055,-356
24645,25227,582,0,NTB,foi também,24645,25227,582,582,1.0,0,0
25227,26200,973,0,GE-Phrase,204,23590,25583,1993,356,0.366,1637,617
25227,26200,973,0,GE-Phrase,205,25583,27102,1519,617,0.634,-356,-902
25227,26200,973,0,NTB,a questão da procedência,25227,26200,973,973,1.0,0,0
26200,26302,102,0,GE-Phrase,205,25583,27102,1519,102,1.0,617,-800
26200,26302,102,0,NTB,né,26200,26302,102,102,1.0,0,0
26302,27144,842,0,GE-Phrase,205,25583,27102,1519,800,0.95,719,42
26302,27144,842,0,GE-Phrase,206,27102,28175,1073,42,0.05,-800,-1031
26302,27144,842,0,NTB,judaico-cristã,26302,27144,842,842,1.0,0,0
27144,28520,1376,0,GE-Phrase,206,27102,28175,1073,1031,0.749,42,345
27144,28520,1376,0,NTB,por muito tempo,27144,28520,1376,1376,1.0,0,0
43541,44810,1269,0,GE-Phrase,217,43251,44383,1132,842,0.664,290,427
43541,44810,1269,0,GE-Phrase,218,44383,47057,2674,427,0.336,-842,-2247
43541,44810,1269,0,NTB,porque você é filho de nũ sei o que,43541,44810,1269,1269,1.0,0,0
44810,45700,890,0,GE-Phrase,218,44383,47057,2674,890,1.0,427,-1357
44810,45700,890,0,NTB,seu erregê vem,44810,45700,890,890,1.0,0,0
45700,46309,609,0,GE-Phrase,218,44383,47057,2674,609,1.0,1317,-748
45700,46309,609,0,NTB,escrito isso,45700,46309,609,609,1.0,0,0
46309,47266,957,0,GE-Phrase,218,44383,47057,2674,748,0.782,1926,209
46309,47266,957,0,GE-Phrase,219,47057,48898,1841,209,0.218,-748,-1632
46309,47266,957,0,NTB,cê tem certidão de nascimento,46309,47266,957,957,1.0,0,0
12996,13465,469,0,NTB,digamos assim,12996,13465,469,469,1.0,0,0
13465,14522,1057,0,NTB,pelo que a gente tem de,13465,14522,1057,1057,1.0,0,0
14522,15590,1068,0,GE-Phrase,201,14551,15962,1411,1039,0.973,-29,-372
14522,15590,1068,0,NTB,crítica até hoje,14522,15590,1068,1068,1.0,0,0
15590,15763,173,0,GE-Phrase,201,14551,15962,1411,173,1.0,1039,-199
15590,15763,173,0,NTB,né,15590,15763,173,173,1.0,0,0
15763,17363,1600,0,GE-Phrase,201,14551,15962,1411,199,0.124,1212,1401
15763,17363,1600,0,NTB,que consegue entrever isso,15763,17363,1600,1600,1.0,0,0
23045,24645,1600,0,GE-Phrase,203,21244,23590,2346,545,0.341,1801,1055
23045,24645,1600,0,GE-Phrase,204,23590,25583,1993,1055,0.659,-545,-938
23045,24645,1600,0,NTB,como a gente sabe que na cultura hebraica,23045,24645,1600,1600,1.0,0,0
24645,25227,582,0,GE-Phrase,204,23590,25583,1993,582,1.0,1055,-356
24645,25227,582,0,NTB,foi também,24645,25227,582,582,1.0,0,0
25227,26200,973,0,GE-Phrase,204,23590,25583,1993,356,0.366,1637,617
25227,26200,973,0,GE-Phrase,205,25583,27102,1519,617,0.634,-356,-902
25227,26200,973,0,NTB,a questão da procedência,25227,26200,973,973,1.0,0,0
26200,26302,102,0,GE-Phrase,205,25583,27102,1519,102,1.0,617,-800
26200,26302,102,0,NTB,né,26200,26302,102,102,1.0,0,0
26302,27144,842,0,GE-Phrase,205,25583,27102,1519,800,0.95,719,42
26302,27144,842,0,GE-Phrase,206,27102,28175,1073,42,0.05,-800,-1031
26302,27144,842,0,NTB,judaico-cristã,26302,27144,842,842,1.0,0,0
27144,28520,1376,0,GE-Phrase,206,27102,28175,1073,1031,0.749,42,345
27144,28520,1376,0,NTB,por muito tempo,27144,28520,1376,1376,1.0,0,0
43541,44810,1269,0,GE-Phrase,217,43251,44383,1132,842,0.664,290,427
43541,44810,1269,0,GE-Phrase,218,44383,47057,2674,427,0.336,-842,-2247
43541,44810,1269,0,NTB,porque você é filho de nũ sei o que,43541,44810,1269,1269,1.0,0,0
44810,45700,890,0,GE-Phrase,218,44383,47057,2674,890,1.0,427,-1357
44810,45700,890,0,NTB,seu erregê vem,44810,45700,890,890,1.0,0,0
45700,46309,609,0,GE-Phrase,218,44383,47057,2674,609,1.0,1317,-748
45700,46309,609,0,NTB,escrito isso,45700,46309,609,609,1.0,0,0
46309,47266,957,0,GE-Phrase,218,44383,47057,2674,748,0.782,1926,209
46309,47266,957,0,GE-Phrase,219,47057,48898,1841,209,0.218,-748,-1632
46309,47266,957,0,NTB,cê tem certidão de nascimento,46309,47266,957,957,1.0,0,0
12996,13465,469,0,NTB,digamos assim,12996,13465,469,469,1.0,0,0
13465,14522,1057,0,NTB,pelo que a gente tem de,13465,14522,1057,1057,1.0,0,0
14522,15590,1068,0,GE-Phrase,201,14551,15962,1411,1039,0.973,-29,-372
14522,15590,1068,0,NTB,crítica até hoje,14522,15590,1068,1068,1.0,0,0
15590,15763,173,0,GE-Phrase,201,14551,15962,1411,173,1.0,1039,-199
15590,15763,173,0,NTB,né,15590,15763,173,173,1.0,0,0
15763,17363,1600,0,GE-Phrase,201,14551,15962,1411,199,0.124,1212,1401
15763,17363,1600,0,NTB,que consegue entrever isso,15763,17363,1600,1600,1.0,0,0
23045,24645,1600,0,GE-Phrase,203,21244,23590,2346,545,0.341,1801,1055
23045,24645,1600,0,GE-Phrase,204,23590,25583,1993,1055,0.659,-545,-938
23045,24645,1600,0,NTB,como a gente sabe que na cultura hebraica,23045,24645,1600,1600,1.0,0,0
24645,25227,582,0,GE-Phrase,204,23590,25583,1993,582,1.0,1055,-356
24645,25227,582,0,NTB,foi também,24645,25227,582,582,1.0,0,0
25227,26200,973,0,GE-Phrase,204,23590,25583,1993,356,0.366,1637,617
25227,26200,973,0,GE-Phrase,205,25583,27102,1519,617,0.634,-356,-902
25227,26200,973,0,NTB,a questão da procedência,25227,26200,973,973,1.0,0,0
26200,26302,102,0,GE-Phrase,205,25583,27102,1519,102,1.0,617,-800
26200,26302,102,0,NTB,né,26200,26302,102,102,1.0,0,0
26302,27144,842,0,GE-Phrase,205,25583,27102,1519,800,0.95,719,42
26302,27144,842,0,GE-Phrase,206,27102,28175,1073,42,0.05,-800,-1031
26302,27144,842,0,NTB,judaico-cristã,26302,27144,842,842,1.0,0,0
27144,28520,1376,0,GE-Phrase,206,27102,28175,1073,1031,0.749,42,345
27144,28520,1376,0,NTB,por muito tempo,27144,28520,1376,1376,1.0,0,0
43541,44810,1269,0,GE-Phrase,217,43251,44383,1132,842,0.664,290,427
43541,44810,1269,0,GE-Phrase,218,44383,47057,2674,427,0.336,-842,-2247
43541,44810,1269,0,NTB,porque você é filho de nũ sei o que,43541,44810,1269,1269,1.0,0,0
44810,45700,890,0,GE-Phrase,218,44383,47057,2674,890,1.0,427,-1357
44810,45700,890,0,NTB,seu erregê vem,44810,45700,890,890,1.0,0,0
45700,46309,609,0,GE-Phrase,218,44383,47057,2674,609,1.0,1317,-748
45700,46309,609,0,NTB,escrito isso,45700,46309,609,609,1.0,0,0
46309,47266,957,0,GE-Phrase,218,44383,47057,2674,748,0.782,1926,209
46309,47266,957,0,GE-Phrase,219,47057,48898,1841,209,0.218,-748,-1632
46309,47266,957,0,NTB,cê tem certidão de nascimento,46309,47266,957,957,1.0,0,0
12996,13465,469,0,NTB,digamos assim,12996,13465,469,469,1.0,0,0
13465,14522,1057,0,NTB,pelo que a gente tem de,13465,14522,1057,1057,1.0,0,0
14522,15590,1068,0,GE-Phrase,201,14551,15962,1411,1039,0.973,-29,-372
14522,15590,1068,0,NTB,crítica até hoje,14522,15590,1068,1068,1.0,0,0
15590,15763,173,0,GE-Phrase,201,14551,15962,1411,173,1.0,1039,-199
15590,15763,173,0,NTB,né,15590,15763,173,173,1.0,0,0
15763,17363,1600,0,GE-Phrase,201,14551,15962,1411,199,0.124,1212,1401
15763,17363,1600,0,NTB,que consegue entrever isso,15763,17363,1600,1600,1.0,0,0
23045,24645,1600,0,GE-Phrase,203,21244,23590,2346,545,0.341,1801,1055
23045,24645,1600,0,GE-Phrase,204,23590,25583,1993,1055,0.659,-545,-938
23045,24645,1600,0,NTB,como a gente sabe que na cultura hebraica,23045,24645,1600,1600,1.0,0,0
24645,25227,582,0,GE-Phrase,204,23590,25583,1993,582,1.0,1055,-356
24645,25227,582,0,NTB,foi também,24645,25227,582,582,1.0,0,0
25227,26200,973,0,GE-Phrase,204,23590,25583,1993,356,0.366,1637,617
25227,26200,973,0,GE-Phrase,205,25583,27102,1519,617,0.634,-356,-902
25227,26200,973,0,NTB,a questão da procedência,25227,26200,973,973,1.0,0,0
26200,26302,102,0,GE-Phrase,205,25583,27102,1519,102,1.0,617,-800
26200,26302,102,0,NTB,né,26200,26302,102,102,1.0,0,0
26302,27144,842,0,GE-Phrase,205,25583,27102,1519,800,0.95,719,42
26302,27144,842,0,GE-Phrase,206,27102,28175,1073,42,0.05,-800,-1031
26302,27144,842,0,NTB,judaico-cristã,26302,27144,842,842,1.0,0,0
27144,28520,1376,0,GE-Phrase,206,27102,28175,1073,1031,0.749,42,345
27144,28520,1376,0,NTB,por muito tempo,27144,28520,1376,1376,1.0,0,0
43541,44810,1269,0,GE-Phrase,217,43251,44383,1132,842,0.664,290,427
43541,44810,1269,0,GE-Phrase,218,44383,47057,2674,427,0.336,-842,-2247
43541,44810,1269,0,NTB,porque você é filho de nũ sei o que,43541,44810,1269,1269,1.0,0,0
44810,45700,890,0,GE-Phrase,218,44383,47057,2674,890,1.0,427,-1357
44810,45700,890,0,NTB,seu erregê vem,44810,45700,890,890,1.0,0,0
45700,46309,609,0,GE-Phrase,218,44383,47057,2674,609,1.0,1317,-748
45700,46309,609,0,NTB,escrito isso,45700,46309,609,609,1.0,0,0
46309,47266,957,0,GE-Phrase,218,44383,47057,2674,748,0.782,1926,209
46309,47266,957,0,GE-Phrase,219,47057,48898,1841,209,0.218,-748,-1632
46309,47266,957,0,NTB,cê tem certidão de nascimento,46309,47266,957,957,1.0,0,0
12996,13465,469,0,NTB,digamos assim,12996,13465,469,469,1.0,0,0
13465,14522,1057,0,NTB,pelo que a gente tem de,13465,14522,1057,1057,1.0,0,0
14522,15590,1068,0,GE-Phrase,201,14551,15962,1411,1039,0.973,-29,-372
14522,15590,1068,0,NTB,crítica até hoje,14522,15590,1068,1068,1.0,0,0
15590,15763,173,0,GE-Phrase,201,14551,15962,1411,173,1.0,1039,-199
15590,15763,173,0,NTB,né,15590,15763,173,173,1.0,0,0
15763,17363,1600,0,GE-Phrase,201,14551,15962,1411,199,0.124,1212,1401
15763,17363,1600,0,NTB,que consegue entrever isso,15763,17363,1600,1600,1.0,0,0
23045,24645,1600,0,GE-Phrase,203,21244,23590,2346,545,0.341,1801,1055
23045,24645,1600,0,GE-Phrase,204,23590,25583,1993,1055,0.659,-545,-938
23045,24645,1600,0,NTB,como a gente sabe que na cultura hebraica,23045,24645,1600,1600,1.0,0,0
24645,25227,582,0,GE-Phrase,204,23590,25583,1993,582,1.0,1055,-356
24645,25227,582,0,NTB,foi também,24645,25227,582,582,1.0,0,0
25227,26200,973,0,GE-Phrase,204,23590,25583,1993,356,0.366,1637,617
25227,26200,973,0,GE-Phrase,205,25583,27102,1519,617,0.634,-356,-902
25227,26200,973,0,NTB,a questão da procedência,25227,26200,973,973,1.0,0,0
26200,26302,102,0,GE-Phrase,205,25583,27102,1519,102,1.0,617,-800
26200,26302,102,0,NTB,né,26200,26302,102,102,1.0,0,0
26302,27144,842,0,GE-Phrase,205,25583,27102,1519,800,0.95,719,42
26302,27144,842,0,GE-Phrase,206,27102,28175,1073,42,0.05,-800,-1031
26302,27144,842,0,NTB,judaico-cristã,26302,27144,842,842,1.0,0,0
27144,28520,1376,0,GE-Phrase,206,27102,28175,1073,1031,0.749,42,345
27144,28520,1376,0,NTB,por muito tempo,27144,28520,1376,1376,1.0,0,0
43541,44810,1269,0,GE-Phrase,217,43251,44383,1132,842,0.664,290,427
43541,44810,1269,0,GE-Phrase,218,44383,47057,2674,427,0.336,-842,-2247
43541,44810,1269,0,NTB,porque você é filho de nũ sei o que,43541,44810,1269,1269,1.0,0,0
44810,45700,890,0,GE-Phrase,218,44383,47057,2674,890,1.0,427,-1357
44810,45700,890,0,NTB,seu erregê vem,44810,45700,890,890,1.0,0,0
45700,46309,609,0,GE-Phrase,218,44383,47057,2674,609,1.0,1317,-748
45700,46309,609,0,NTB,escrito isso,45700,46309,609,609,1.0,0,0
46309,47266,957,0,GE-Phrase,218,44383,47057,2674,748,0.782,1926,209
46309,47266,957,0,GE-Phrase,219,47057,48898,1841,209,0.218,-748,-1632
46309,47266,957,0,NTB,cê tem certidão de nascimento,46309,47266,957,957,1.0,0,0
12996,13465,469,0,NTB,digamos assim,12996,13465,469,469,1.0,0,0
13465,14522,1057,0,NTB,pelo que a gente tem de,13465,14522,1057,1057,1.0,0,0
14522,15590,1068,0,GE-Phrase,201,14551,15962,1411,1039,0.973,-29,-372
14522,15590,1068,0,NTB,crítica até hoje,14522,15590,1068,1068,1.0,0,0
15590,15763,173,0,GE-Phrase,201,14551,15962,1411,173,1.0,1039,-199
15590,15763,173,0,NTB,né,15590,15763,173,173,1.0,0,0
15763,17363,1600,0,GE-Phrase,201,14551,15962,1411,199,0.124,1212,1401
15763,17363,1600,0,NTB,que consegue entrever isso,15763,17363,1600,1600,1.0,0,0
23045,24645,1600,0,GE-Phrase,203,21244,23590,2346,545,0.341,1801,1055
23045,24645,1600,0,GE-Phrase,204,23590,25583,1993,1055,0.659,-545,-938
23045,24645,1600,0,NTB,como a gente sabe que na cultura hebraica,23045,24645,1600,1600,1.0,0,0
24645,25227,582,0,GE-Phrase,204,23590,25583,1993,582,1.0,1055,-356
24645,25227,582,0,NTB,foi também,24645,25227,582,582,1.0,0,0
25227,26200,973,0,GE-Phrase,204,23590,25583,1993,356,0.366,1637,617
25227,26200,973,0,GE-Phrase,205,25583,27102,1519,617,0.634,-356,-902
25227,26200,973,0,NTB,a questão da procedência,25227,26200,973,973,1.0,0,0
26200,26302,102,0,GE-Phrase,205,25583,27102,1519,102,1.0,617,-800
26200,26302,102,0,NTB,né,26200,26302,102,102,1.0,0,0
26302,27144,842,0,GE-Phrase,205,25583,27102,1519,800,0.95,719,42
26302,27144,842,0,GE-Phrase,206,27102,28175,1073,42,0.05,-800,-1031
26302,27144,842,0,NTB,judaico-cristã,26302,27144,842,842,1.0,0,0
27144,28520,1376,0,GE-Phrase,206,27102,28175,1073,1031,0.749,42,345
27144,28520,1376,0,NTB,por muito tempo,27144,28520,1376,1376,1.0,0,0
43541,44810,1269,0,GE-Phrase,217,43251,44383,1132,842,0.664,290,427
43541,44810,1269,0,GE-Phrase,218,44383,47057,2674,427,0.336,-842,-2247
43541,44810,1269,0,NTB,porque você é filho de nũ sei o que,43541,44810,1269,1269,1.0,0,0
44810,45700,890,0,GE-Phrase,218,44383,47057,2674,890,1.0,427,-1357
44810,45700,890,0,NTB,seu erregê vem,44810,45700,890,890,1.0,0,0
45700,46309,609,0,GE-Phrase,218,44383,47057,2674,609,1.0,1317,-748
45700,46309,609,0,NTB,escrito isso,45700,46309,609,609,1.0,0,0
46309,47266,957,0,GE-Phrase,218,44383,47057,2674,748,0.782,1926,209
46309,47266,957,0,GE-Phrase,219,47057,48898,1841,209,0.218,-748,-1632
46309,47266,957,0,NTB,cê tem certidão de nascimento,46309,47266,957,957,1.0,0,0
12996,13465,469,0,NTB,digamos assim,12996,13465,469,469,1.0,0,0
13465,14522,1057,0,NTB,pelo que a gente tem de,13465,14522,1057,1057,1.0,0,0
14522,15590,1068,0,GE-Phrase,201,14551,15962,1411,1039,0.973,-29,-372
14522,15590,1068,0,NTB,crítica até hoje,14522,15590,1068,1068,1.0,0,0
15590,15763,173,0,GE-Phrase,201,14551,15962,1411,173,1.0,1039,-199
15590,15763,173,0,NTB,né,15590,15763,173,173,1.0,0,0
15763,17363,1600,0,GE-Phrase,201,14551,15962,1411,199,0.124,1212,1401
15763,17363,1600,0,NTB,que consegue entrever isso,15763,17363,1600,1600,1.0,0,0
23045,24645,1600,0,GE-Phrase,203,21244,23590,2346,545,0.341,1801,1055
23045,24645,1600,0,GE-Phrase,204,23590,25583,1993,1055,0.659,-545,-938
23045,24645,1600,0,NTB,como a gente sabe que na cultura hebraica,23045,24645,1600,1600,1.0,0,0
24645,25227,582,0,GE-Phrase,204,23590,25583,1993,582,1.0,1055,-356
24645,25227,582,0,NTB,foi também,24645,25227,582,582,1.0,0,0
25227,26200,973,0,GE-Phrase,204,23590,25583,1993,356,0.366,1637,617
25227,26200,973,0,GE-Phrase,205,25583,27102,1519,617,0.634,-356,-902
25227,26200,973,0,NTB,a questão da procedência,25227,26200,973,973,1.0,0,0
26200,26302,102,0,GE-Phrase,205,25583,27102,1519,102,1.0,617,-800
26200,26302,102,0,NTB,né,26200,26302,102,102,1.0,0,0
26302,27144,842,0,GE-Phrase,205,25583,27102,1519,800,0.95,719,42
26302,27144,842,0,GE-Phrase,206,27102,28175,1073,42,0.05,-800,-1031
26302,27144,842,0,NTB,judaico-cristã,26302,27144,842,842,1.0,0,0
27144,28520,1376,0,GE-Phrase,206,27102,28175,1073,1031,0.749,42,345
27144,28520,1376,0,NTB,por muito tempo,27144,28520,1376,1376,1.0,0,0
43541,44810,1269,0,GE-Phrase,217,43251,44383,1132,842,0.664,290,427
43541,44810,1269,0,GE-Phrase,218,44383,47057,2674,427,0.336,-842,-2247
43541,44810,1269,0,NTB,porque você é filho de nũ sei o que,43541,44810,1269,1269,1.0,0,0
44810,45700,890,0,GE-Phrase,218,44383,47057,2674,890,1.0,427,-1357
44810,45700,890,0,NTB,seu erregê vem,44810,45700,890,890,1.0,0,0
45700,46309,609,0,GE-Phrase,218,44383,47057,2674,609,1.0,1317,-748
45700,46309,609,0,NTB,escrito isso,45700,46309,609,609,1.0,0,0
46309,47266,957,0,GE-Phrase,218,44383,47057,2674,748,0.782,1926,209
46309,47266,957,0,GE-Phrase,219,47057,48898,1841,209,0.218,-748,-1632
46309,47266,957,0,NTB,cê tem certidão de nascimento,46309,47266,957,957,1.0,0,0
12996,13465,469,0,NTB,digamos assim,12996,13465,469,469,1.0,0,0
13465,14522,1057,0,NTB,pelo que a gente tem de,13465,14522,1057,1057,1.0,0,0
14522,15590,1068,0,GE-Phrase,201,14551,15962,1411,1039,0.973,-29,-372
14522,15590,1068,0,NTB,crítica até hoje,14522,15590,1068,1068,1.0,0,0
15590,15763,173,0,GE-Phrase,201,14551,15962,1411,173,1.0,1039,-199
15590,15763,173,0,NTB,né,15590,15763,173,173,1.0,0,0
15763,17363,1600,0,GE-Phrase,201,14551,15962,1411,199,0.124,1212,1401
15763,17363,1600,0,NTB,que consegue entrever isso,15763,17363,1600,1600,1.0,0,0
23045,24645,1600,0,GE-Phrase,203,21244,23590,2346,545,0.341,1801,1055
23045,24645,1600,0,GE-Phrase,204,23590,25583,1993,1055,0.659,-545,-938
23045,24645,1600,0,NTB,como a gente sabe que na cultura hebraica,23045,24645,1600,1600,1.0,0,0
24645,25227,582,0,GE-Phrase,204,23590,25583,1993,582,1.0,1055,-356
24645,25227,582,0,NTB,foi também,24645,25227,582,582,1.0,0,0
25227,26200,973,0,GE-Phrase,204,23590,25583,1993,356,0.366,1637,617
25227,26200,973,0,GE-Phrase,205,25583,27102,1519,617,0.634,-356,-902
25227,26200,973,0,NTB,a questão da procedência,25227,26200,973,973,1.0,0,0
26200,26302,102,0,GE-Phrase,205,25583,27102,1519,102,1.0,617,-800
26200,26302,102,0,NTB,né,26200,26302,102,102,1.0,0,0
26302,27144,842,0,GE-Phrase,205,25583,27102,1519,800,0.95,719,42
26302,27144,842,0,GE-Phrase,206,27102,28175,1073,42,0.05,-800,-1031
26302,27144,842,0,NTB,judaico-cristã,26302,27144,842,842,1.0,0,0
27144,28520,1376,0,GE-Phrase,206,27102,28175,1073,1031,0.749,42,345
27144,28520,1376,0,NTB,por muito tempo,27144,28520,1376,1376,1.0,0,0
43541,44810,1269,0,GE-Phrase,217,43251,44383,1132,842,0.664,290,427
43541,44810,1269,0,GE-Phrase,218,44383,47057,2674,427,0.336,-842,-2247
43541,44810,1269,0,NTB,porque você é filho de nũ sei o que,43541,44810,1269,1269,1.0,0,0
44810,45700,890,0,GE-Phrase,218,44383,47057,2674,890,1.0,427,-1357
44810,45700,890,0,NTB,seu erregê vem,44810,45700,890,890,1.0,0,0
45700,46309,609,0,GE-Phrase,218,44383,47057,2674,609,1.0,1317,-748
45700,46309,609,0,NTB,escrito isso,45700,46309,609,609,1.0,0,0
46309,47266,957,0,GE-Phrase,218,44383,47057,2674,748,0.782,1926,209
46309,47266,957,0,GE-Phrase,219,47057,48898,1841,209,0.218,-748,-1632
46309,47266,957,0,NTB,cê tem certidão de nascimento,46309,47266,957,957,1.0,0,0
12996,13465,469,0,NTB,digamos assim,12996,13465,469,469,1.0,0,0
13465,14522,1057,0,NTB,pelo que a gente tem de,13465,14522,1057,1057,1.0,0,0
14522,15590,1068,0,GE-Phrase,201,14551,15962,1411,1039,0.973,-29,-372
14522,15590,1068,0,NTB,crítica até hoje,14522,15590,1068,1068,1.0,0,0
15590,15763,173,0,GE-Phrase,201,14551,15962,1411,173,1.0,1039,-199
15590,15763,173,0,NTB,né,15590,15763,173,173,1.0,0,0
15763,17363,1600,0,GE-Phrase,201,14551,15962,1411,199,0.124,1212,1401
15763,17363,1600,0,NTB,que consegue entrever isso,15763,17363,1600,1600,1.0,0,0
23045,24645,1600,0,GE-Phrase,203,21244,23590,2346,545,0.341,1801,1055
23045,24645,1600,0,GE-Phrase,204,23590,25583,1993,1055,0.659,-545,-938
23045,24645,1600,0,NTB,como a gente sabe que na cultura hebraica,23045,24645,1600,1600,1.0,0,0
24645,25227,582,0,GE-Phrase,204,23590,25583,1993,582,1.0,1055,-356
24645,25227,582,0,NTB,foi também,24645,25227,582,582,1.0,0,0
25227,26200,973,0,GE-Phrase,204,23590,25583,1993,356,0.366,1637,617
25227,26200,973,0,GE-Phrase,205,25583,27102,1519,617,0.634,-356,-902
25227,26200,973,0,NTB,a questão da procedência,25227,26200,973,973,1.0,0,0
26200,26302,102,0,GE-Phrase,205,25583,27102,1519,102,1.0,617,-800
26200,26302,102,0,NTB,né,26200,26302,102,102,1.0,0,0
26302,27144,842,0,GE-Phrase,205,25583,27102,1519,800,0.95,719,42
26302,27144,842,0,GE-Phrase,206,27102,28175,1073,42,0.05,-800,-1031
26302,27144,842,0,NTB,judaico-cristã,26302,27144,842,842,1.0,0,0
27144,28520,1376,0,GE-Phrase,206,27102,28175,1073,1031,0.749,42,345
27144,28520,1376,0,NTB,por muito tempo,27144,28520,1376,1376,1.0,0,0
43541,44810,1269,0,GE-Phrase,217,43251,44383,1132,842,0.664,290,427
43541,44810,1269,0,GE-Phrase,218,44383,47057,2674,427,0.336,-842,-2247
43541,44810,1269,0,NTB,porque você é filho de nũ sei o que,43541,44810,1269,1269,1.0,0,0
44810,45700,890,0,GE-Phrase,218,44383,47057,2674,890,1.0,427,-1357
44810,45700,890,0,NTB,seu erregê vem,44810,45700,890,890,1.0,0,0
45700,46309,609,0,GE-Phrase,218,44383,47057,2674,609,1.0,1317,-748
45700,46309,609,0,NTB,escrito isso,45700,46309,609,609,1.0,0,0
46309,47266,957,0,GE-Phrase,218,44383,47057,2674,748,0.782,1926,209
46309,47266,957,0,GE-Phrase,219,47057,48898,1841,209,0.218,-748,-1632
46309,47266,957,0,NTB,cê tem certidão de nascimento,46309,47266,957,957,1.0,0,0
12996,13465,469,0,NTB,digamos assim,12996,13465,469,469,1.0,0,0
13465,14522,1057,0,NTB,pelo que a gente tem de,13465,14522,1057,1057,1.0,0,0
14522,15590,1068,0,GE-Phrase,201,14551,15962,1411,1039,0.973,-29,-372
14522,15590,1068,0,NTB,crítica até hoje,14522,15590,1068,1068,1.0,0,0
15590,15763,173,0,GE-Phrase,201,14551,15962,1411,173,1.0,1039,-199
15590,15763,173,0,NTB,né,15590,15763,173,173,1.0,0,0
15763,17363,1600,0,GE-Phrase,201,14551,15962,1411,199,0.124,1212,1401
15763,17363,1600,0,NTB,que consegue entrever isso,15763,17363,1600,1600,1.0,0,0
23045,24645,1600,0,GE-Phrase,203,21244,23590,2346,545,0.341,1801,1055
23045,24645,1600,0,GE-Phrase,204,23590,25583,1993,1055,0.659,-545,-938
23045,24645,1600,0,NTB,como a gente sabe que na cultura hebraica,23045,24645,1600,1600,1.0,0,0
24645,25227,582,0,GE-Phrase,204,23590,25583,1993,582,1.0,1055,-356
24645,25227,582,0,NTB,foi também,24645,25227,582,582,1.0,0,0
25227,26200,973,0,GE-Phrase,204,23590,25583,1993,356,0.366,1637,617
25227,26200,973,0,GE-Phrase,205,25583,27102,1519,617,0.634,-356,-902
25227,26200,973,0,NTB,a questão da procedência,25227,26200,973,973,1.0,0,0
26200,26302,102,0,GE-Phrase,205,25583,27102,1519,102,1.0,617,-800
26200,26302,102,0,NTB,né,26200,26302,102,102,1.0,0,0
26302,27144,842,0,GE-Phrase,205,25583,27102,1519,800,0.95,719,42
26302,27144,842,0,GE-Phrase,206,27102,28175,1073,42,0.05,-800,-1031
26302,27144,842,0,NTB,judaico-cristã,26302,27144,842,842,1.0,0,0
27144,28520,1376,0,GE-Phrase,206,27102,28175,1073,1031,0.749,42,345
27144,28520,1376,0,NTB,por muito tempo,27144,28520,1376,1376,1.0,0,0
43541,44810,1269,0,GE-Phrase,217,43251,44383,1132,842,0.664,290,427
43541,44810,1269,0,GE-Phrase,218,44383,47057,2674,427,0.336,-842,-2247
43541,44810,1269,0,NTB,porque você é filho de nũ sei o que,43541,44810,1269,1269,1.0,0,0
44810,45700,890,0,GE-Phrase,218,44383,47057,2674,890,1.0,427,-1357
44810,45700,890,0,NTB,seu erregê vem,44810,45700,890,890,1.0,0,0
45700,46309,609,0,GE-Phrase,218,44383,47057,2674,609,1.0,1317,-748
45700,46309,609,0,NTB,escrito isso,45700,46309,609,609,1.0,0,0
46309,47266,957,0,GE-Phrase,218,44383,47057,2674,748,0.782,1926,209
46309,47266,957,0,GE-Phrase,219,47057,48898,1841,209,0.218,-748,-1632
46309,47266,957,0,NTB,cê tem certidão de nascimento,46309,47266,957,957,1.0,0,0
12996,13465,469,0,NTB,digamos assim,12996,13465,469,469,1.0,0,0
13465,14522,1057,0,NTB,pelo que a gente tem de,13465,14522,1057,1057,1.0,0,0
14522,15590,1068,0,GE-Phrase,201,14551,15962,1411,1039,0.973,-29,-372
14522,15590,1068,0,NTB,crítica até hoje,14522,15590,1068,1068,1.0,0,0
15590,15763,173,0,GE-Phrase,201,14551,15962,1411,173,1.0,1039,-199
15590,15763,173,0,NTB,né,15590,15763,173,173,1.0,0,0
15763,17363,1600,0,GE-Phrase,201,14551,15962,1411,199,0.124,1212,1401
15763,17363,1600,0,NTB,que consegue entrever isso,15763,17363,1600,1600,1.0,0,0
23045,24645,1600,0,GE-Phrase,203,21244,23590,2346,545,0.341,1801,1055
23045,24645,1600,0,GE-Phrase,204,23590,25583,1993,1055,0.659,-545,-938
23045,24645,1600,0,NTB,como a gente sabe que na cultura hebraica,23045,24645,1600,1600,1.0,0,0
24645,25227,582,0,GE-Phrase,204,23590,25583,1993,582,1.0,1055,-356
24645,25227,582,0,NTB,foi também,24645,25227,582,582,1.0,0,0
25227,26200,973,0,GE-Phrase,204,23590,25583,1993,356,0.366,1637,617
25227,26200,973,0,GE-Phrase,205,25583,27102,1519,617,0.634,-356,-902
25227,26200,973,0,NTB,a questão da procedência,25227,26200,973,973,1.0,0,0
26200,26302,102,0,GE-Phrase,205,25583,27102,1519,102,1.0,617,-800
26200,26302,102,0,NTB,né,26200,26302,102,102,1.0,0,0
26302,27144,842,0,GE-Phrase,205,25583,27102,1519,800,0.95,719,42
26302,27144,842,0,GE-Phrase,206,27102,28175,1073,42,0.05,-800,-1031
26302,27144,842,0,NTB,judaico-cristã,26302,27144,842,842,1.0,0,0
27144,28520,1376,0,GE-Phrase,206,27102,28175,1073,1031,0.749,42,345
27144,28520,1376,0,NTB,por muito tempo,27144,28520,1376,1376,1.0,0,0
43541,44810,1269,0,GE-Phrase,217,43251,44383,1132,842,0.664,290,427
43541,44810,1269,0,GE-Phrase,218,44383,47057,2674,427,0.336,-842,-2247
43541,44810,1269,0,NTB,porque você é filho de nũ sei o que,43541,44810,1269,1269,1.0,0,0
44810,45700,890,0,GE-Phrase,218,44383,47057,2674,890,1.0,427,-1357
44810,45700,890,0,NTB,seu erregê vem,44810,45700,890,890,1.0,0,0
45700,46309,609,0,GE-Phrase,218,44383,47057,2674,609,1.0,1317,-748
45700,46309,609,0,NTB,escrito isso,45700,46309,609,609,1.0,0,0
46309,47266,957,0,GE-Phrase,218,44383,47057,2674,748,0.782,1926,209
46309,47266,957,0,GE-Phrase,219,47057,48898,1841,209,0.218,-748,-1632
46309,47266,957,0,NTB,cê tem certidão de nascimento,46309,47266,957,957,1.0,0,0
12996,13465,469,0,NTB,digamos assim,12996,13465,469,469,1.0,0,0
13465,14522,1057,0,NTB,pelo que a gente tem de,13465,14522,1057,1057,1.0,0,0
14522,15590,1068,0,GE-Phrase,201,14551,15962,1411,1039,0.973,-29,-372
14522,15590,1068,0,NTB,crítica até hoje,14522,15590,1068,1068,1.0,0,0
15590,15763,173,0,GE-Phrase,201,14551,15962,1411,173,1.0,1039,-199
15590,15763,173,0,NTB,né,15590,15763,173,173,1.0,0,0
15763,17363,1600,0,GE-Phrase,201,14551,15962,1411,199,0.124,1212,1401
15763,17363,1600,0,NTB,que consegue entrever isso,15763,17363,1600,1600,1.0,0,0
23045,24645,1600,0,GE-Phrase,203,21244,23590,2346,545,0.341,1801,1055
23045,24645,1600,0,GE-Phrase,204,23590,25583,1993,1055,0.659,-545,-938
23045,24645,1600,0,NTB,como a gente sabe que na cultura hebraica,23045,24645,1600,1600,1.0,0,0
24645,25227,582,0,GE-Phrase,204,23590,25583,1993,582,1.0,1055,-356
24645,25227,582,0,NTB,foi também,24645,25227,582,582,1.0,0,0
25227,26200,973,0,GE-Phrase,204,23590,25583,1993,356,0.366,1637,617
25227,26200,973,0,GE-Phrase,205,25583,27102,1519,617,0.634,-356,-902
25227,26200,973,0,NTB,a questão da procedência,25227,26200,973,973,1.0,0,0
26200,26302,102,0,GE-Phrase,205,25583,27102,1519,102,1.0,617,-800
26200,26302,102,0,NTB,né,26200,26302,102,102,1.0,0,0
26302,27144,842,0,GE-Phrase,205,25583,27102,1519,800,0.95,719,42
26302,27144,842,0,GE-Phrase,206,27102,28175,1073,42,0.05,-800,-1031
26302,27144,842,0,NTB,judaico-cristã,26302,27144,842,842,1.0,0,0
27144,28520,1376,0,GE-Phrase,206,27102,28175,1073,1031,0.749,42,345
27144,28520,1376,0,NTB,por muito tempo,27144,28520,1376,1376,1.0,0,0
43541,44810,1269,0,GE-Phrase,217,43251,44383,1132,842,0.664,290,427
43541,44810,1269,0,GE-Phrase,218,44383,47057,2674,427,0.336,-842,-2247
43541,44810,1269,0,NTB,porque você é filho de nũ sei o que,43541,44810,1269,1269,1.0,0,0
44810,45700,890,0,GE-Phrase,218,44383,47057,2674,890,1.0,427,-1357
44810,45700,890,0,NTB,seu erregê vem,44810,45700,890,890,1.0,0,0
45700,46309,609,0,GE-Phrase,218,44383,47057,2674,609,1.0,1317,-748
45700,46309,609,0,NTB,escrito isso,45700,46309,609,609,1.0,0,0
46309,47266,957,0,GE-Phrase,218,44383,47057,2674,748,0.782,1926,209
46309,47266,957,0,GE-Phrase,219,47057,48898,1841,209,0.218,-748,-1632
46309,47266,957,0,NTB,cê tem certidão de nascimento,46309,47266,957,957,1.0,0,0
12996,13465,469,0,NTB,digamos assim,12996,13465,469,469,1.0,0,0
13465,14522,1057,0,NTB,pelo que a gente tem de,13465,14522,1057,1057,1.0,0,0
14522,15590,1068,0,GE-Phrase,201,14551,15962,1411,1039,0.973,-29,-372
14522,15590,1068,0,NTB,crítica até hoje,14522,15590,1068,1068,1.0,0,0
15590,15763,173,0,GE-Phrase,201,14551,15962,1411,173,1.0,1039,-199
15590,15763,173,0,NTB,né,15590,15763,173,173,1.0,0,0
15763,17363,1600,0,GE-Phrase,201,14551,15962,1411,199,0.124,1212,1401
15763,17363,1600,0,NTB,que consegue entrever isso,15763,17363,1600,1600,1.0,0,0
23045,24645,1600,0,GE-Phrase,203,21244,23590,2346,545,0.341,1801,1055
23045,24645,1600,0,GE-Phrase,204,23590,25583,1993,1055,0.659,-545,-938
23045,24645,1600,0,NTB,como a gente sabe que na cultura hebraica,23045,24645,1600,1600,1.0,0,0
24645,25227,582,0,GE-Phrase,204,23590,25583,1993,582,1.0,1055,-356
24645,25227,582,0,NTB,foi também,24645,25227,582,582,1.0,0,0
25227,26200,973,0,GE-Phrase,204,23590,25583,1993,356,0.366,1637,617
25227,26200,973,0,GE-Phrase,205,25583,27102,1519,617,0.634,-356,-902
25227,26200,973,0,NTB,a questão da procedência,25227,26200,973,973,1.0,0,0
26200,26302,102,0,GE-Phrase,205,25583,27102,1519,102,1.0,617,-800
26200,26302,102,0,NTB,né,26200,26302,102,102,1.0,0,0
26302,27144,842,0,GE-Phrase,205,25583,27102,1519,800,0.95,719,42
26302,27144,842,0,GE-Phrase,206,27102,28175,1073,42,0.05,-800,-1031
26302,27144,842,0,NTB,judaico-cristã,26302,27144,842,842,1.0,0,0
27144,28520,1376,0,GE-Phrase,206,27102,28175,1073,1031,0.749,42,345
27144,28520,1376,0,NTB,por muito tempo,27144,28520,1376,1376,1.0,0,0
43541,44810,1269,0,GE-Phrase,217,43251,44383,1132,842,0.664,290,427
43541,44810,1269,0,GE-Phrase,218,44383,47057,2674,427,0.336,-842,-2247
43541,44810,1269,0,NTB,porque você é filho de nũ sei o que,43541,44810,1269,1269,1.0,0,0
44810,45700,890,0,GE-Phrase,218,44383,47057,2674,890,1.0,427,-1357
44810,45700,890,0,NTB,seu erregê vem,44810,45700,890,890,1.0,0,0
45700,46309,609,0,GE-Phrase,218,44383,47057,2674,609,1.0,1317,-748
45700,46309,609,0,NTB,escrito isso,45700,46309,609,609,1.0,0,0
46309,47266,957,0,GE-Phrase,218,44383,47057,2674,748,0.782,1926,209
46309,47266,957,0,GE-Phrase,219,47057,48898,1841,209,0.218,-748,-1632
46309,47266,957,0,NTB,cê tem certidão de nascimento,46309,47266,957,957,1.0,0,0
12996,13465,469,0,NTB,digamos assim,12996,13465,469,469,1.0,0,0
13465,14522,1057,0,NTB,pelo que a gente tem de,13465,14522,1057,1057,1.0,0,0
14522,15590,1068,0,GE-Phrase,201,14551,15962,1411,1039,0.973,-29,-372
14522,15590,1068,0,NTB,crítica até hoje,14522,15590,1068,1068,1.0,0,0
15590,15763,173,0,GE-Phrase,201,14551,15962,1411,173,1.0,1039,-199
15590,15763,173,0,NTB,né,15590,15763,173,173,1.0,0,0
15763,17363,1600,0,GE-Phrase,201,14551,15962,1411,199,0.124,1212,1401
15763,17363,1600,0,NTB,que consegue entrever isso,15763,17363,1600,1600,1.0,0,0
23045,24645,1600,0,GE-Phrase,203,21244,23590,2346,545,0.341,1801,1055
23045,24645,1600,0,GE-Phrase,204,23590,25583,1993,1055,0.659,-545,-938
23045,24645,1600,0,NTB,como a gente sabe que na cultura hebraica,23045,24645,1600,1600,1.0,0,0
24645,25227,582,0,GE-Phrase,204,23590,25583,1993,582,1.0,1055,-356
24645,25227,582,0,NTB,foi também,24645,25227,582,582,1.0,0,0
25227,26200,973,0,GE-Phrase,204,23590,25583,1993,356,0.366,1637,617
25227,26200,973,0,GE-Phrase,205,25583,27102,1519,617,0.634,-356,-902
25227,26200,973,0,NTB,a questão da procedência,25227,26200,973,973,1.0,0,0
26200,26302,102,0,GE-Phrase,205,25583,27102,1519,102,1.0,617,-800
26200,26302,102,0,NTB,né,26200,26302,102,102,1.0,0,0
26302,27144,842,0,GE-Phrase,205,25583,27102,1519,800,0.95,719,42
26302,27144,842,0,GE-Phrase,206,27102,28175,1073,42,0.05,-800,-1031
26302,27144,842,0,NTB,judaico-cristã,26302,27144,842,842,1.0,0,0
27144,28520,1376,0,GE-Phrase,206,27102,28175,1073,1031,0.749,42,345
27144,28520,1376,0,NTB,por muito tempo,27144,28520,1376,1376,1.0,0,0
43541,44810,1269,0,GE-Phrase,217,43251,44383,1132,842,0.664,290,427
43541,44810,1269,0,GE-Phrase,218,44383,47057,2674,427,0.336,-842,-2247
43541,44810,1269,0,NTB,porque você é filho de nũ sei o que,43541,44810,1269,1269,1.0,0,0
44810,45700,890,0,GE-Phrase,218,44383,47057,2674,890,1.0,427,-1357
44810,45700,890,0,NTB,seu erregê vem,44810,45700,890,890,1.0,0,0
45700,46309,609,0,GE-Phrase,218,44383,47057,2674,609,1.0,1317,-748
45700,46309,609,0,NTB,escrito isso,45700,46309,609,609,1.0,0,0
46309,47266,957,0,GE-Phrase,218,44383,47057,2674,748,0.782,1926,209
46309,47266,957,0,GE-Phrase,219,47057,48898,1841,209,0.218,-748,-1632
46309,47266,957,0,NTB,cê tem certidão de nascimento,46309,47266,957,957,1.0,0,0
12996,13465,469,0,NTB,digamos assim,12996,13465,469,469,1.0,0,0
13465,14522,1057,0,NTB,pelo que a gente tem de,13465,14522,1057,1057,1.0,0,0
14522,15590,1068,0,GE-Phrase,201,14551,15962,1411,1039,0.973,-29,-372
14522,15590,1068,0,NTB,crítica até hoje,14522,15590,1068,1068,1.0,0,0
15590,15763,173,0,GE-Phrase,201,14551,15962,1411,173,1.0,1039,-199
15590,15763,173,0,NTB,né,15590,15763,173,173,1.0,0,0
15763,17363,1600,0,GE-Phrase,201,14551,15962,1411,199,0.124,1212,1401
15763,17363,1600,0,NTB,que consegue entrever isso,15763,17363,1600,1600,1.0,0,0
23045,24645,1600,0,GE-Phrase,203,21244,23590,2346,545,0.341,1801,1055
23045,24645,1600,0,GE-Phrase,204,23590,25583,1993,1055,0.659,-545,-938
23045,24645,1600,0,NTB,como a gente sabe que na cultura hebraica,23045,24645,1600,1600,1.0,0,0
24645,25227,582,0,GE-Phrase,204,23590,25583,1993,582,1.0,1055,-356
24645,25227,582,0,NTB,foi também,24645,25227,582,582,1.0,0,0
25227,26200,973,0,GE-Phrase,204,23590,25583,1993,356,0.366,1637,617
25227,26200,973,0,GE-Phrase,205,25583,27102,1519,617,0.634,-356,-902
25227,26200,973,0,NTB,a questão da procedência,25227,26200,973,973,1.0,0,0
26200,26302,102,0,GE-Phrase,205,25583,27102,1519,102,1.0,617,-800
26200,26302,102,0,NTB,né,26200,26302,102,102,1.0,0,0
26302,27144,842,0,GE-Phrase,205,25583,27102,1519,800,0.95,719,42
26302,27144,842,0,GE-Phrase,206,27102,28175,1073,42,0.05,-800,-1031
26302,27144,842,0,NTB,judaico-cristã,26302,27144,842,842,1.0,0,0
27144,28520,1376,0,GE-Phrase,206,27102,28175,1073,1031,0.749,42,345
27144,28520,1376,0,NTB,por muito tempo,27144,28520,1376,1376,1.0,0,0
43541,44810,1269,0,GE-Phrase,217,43251,44383,1132,842,0.664,290,427
43541,44810,1269,0,GE-Phrase,218,44383,47057,2674,427,0.336,-842,-2247
43541,44810,1269,0,NTB,porque você é filho de nũ sei o que,43541,44810,1269,1269,1.0,0,0
44810,45700,890,0,GE-Phrase,218,44383,47057,2674,890,1.0,427,-1357
44810,45700,890,0,NTB,seu erregê vem,44810,45700,890,890,1.0,0,0
45700,46309,609,0,GE-Phrase,218,44383,47057,2674,609,1.0,1317,-748
45700,46309,609,0,NTB,escrito isso,45700,46309,609,609,1.0,0,0
46309,47266,957,0,GE-Phrase,218,44383,47057,2674,748,0.782,1926,209
46309,47266,957,0,GE-Phrase,219,47057,48898,1841,209,0.218,-748,-1632
46309,47266,957,0,NTB,cê tem certidão de nascimento,46309,47266,957,957,1.0,0,0
12996,13465,469,0,NTB,digamos assim,12996,13465,469,469,1.0,0,0
13465,14522,1057,0,NTB,pelo que a gente tem de,13465,14522,1057,1057,1.0,0,0
14522,15590,1068,0,GE-Phrase,201,14551,15962,1411,1039,0.973,-29,-372
14522,15590,1068,0,NTB,crítica até hoje,14522,15590,1068,1068,1.0,0,0
15590,15763,173,0,GE-Phrase,201,14551,15962,1411,173,1.0,1039,-199
15590,15763,173,0,NTB,né,15590,15763,173,173,1.0,0,0
15763,17363,1600,0,GE-Phrase,201,14551,15962,1411,199,0.124,1212,1401
15763,17363,1600,0,NTB,que consegue entrever isso,15763,17363,1600,1600,1.0,0,0
23045,24645,1600,0,GE-Phrase,203,21244,23590,2346,545,0.341,1801,1055
23045,24645,1600,0,GE-Phrase,204,23590,25583,1993,1055,0.659,-545,-938
23045,24645,1600,0,NTB,como a gente sabe que na cultura hebraica,23045,24645,1600,1600,1.0,0,0
24645,25227,582,0,GE-Phrase,204,23590,25583,1993,582,1.0,1055,-356
24645,25227,582,0,NTB,foi também,24645,25227,582,582,1.0,0,0
25227,26200,973,0,GE-Phrase,204,23590,25583,1993,356,0.366,1637,617
25227,26200,973,0,GE-Phrase,205,25583,27102,1519,617,0.634,-356,-902
25227,26200,973,0,NTB,a questão da procedência,25227,26200,973,973,1.0,0,0
26200,26302,102,0,GE-Phrase,205,25583,27102,1519,102,1.0,617,-800
26200,26302,102,0,NTB,né,26200,26302,102,102,1.0,0,0
26302,27144,842,0,GE-Phrase,205,25583,27102,1519,800,0.95,719,42
26302,27144,842,0,GE-Phrase,206,27102,28175,1073,42,0.05,-800,-1031
26302,27144,842,0,NTB,judaico-cristã,26302,27144,842,842,1.0,0,0
27144,28520,1376,0,GE-Phrase,206,27102,28175,1073,1031,0.749,42,345
27144,28520,1376,0,NTB,por muito tempo,27144,28520,1376,1376,1.0,0,0
43541,44810,1269,0,GE-Phrase,217,43251,44383,1132,842,0.664,290,427
43541,44810,1269,0,GE-Phrase,218,44383,47057,2674,427,0.336,-842,-2247
43541,44810,1269,0,NTB,porque você é filho de nũ sei o que,43541,44810,1269,1269,1.0,0,0
44810,45700,890,0,GE-Phrase,218,44383,47057,2674,890,1.0,427,-1357
44810,45700,890,0,NTB,seu erregê vem,44810,45700,890,890,1.0,0,0
45700,46309,609,0,GE-Phrase,218,44383,47057,2674,609,1.0,1317,-748
45700,46309,609,0,NTB,escrito isso,45700,46309,609,609,1.0,0,0
46309,47266,957,0,GE-Phrase,218,44383,47057,2674,748,0.782,1926,209
46309,47266,957,0,GE-Phrase,219,47057,48898,1841,209,0.218,-748,-1632
46309,47266,957,0,NTB,cê tem certidão de nascimento,46309,47266,957,957,1.0,0,0
12996,13465,469,0,NTB,digamos assim,12996,13465,469,469,1.0,0,0
13465,14522,1057,0,NTB,pelo que a gente tem de,13465,14522,1057,1057,1.0,0,0
14522,15590,1068,0,GE-Phrase,201,14551,15962,1411,1039,0.973,-29,-372
14522,15590,1068,0,NTB,crítica até hoje,14522,15590,1068,1068,1.0,0,0
15590,15763,173,0,GE-Phrase,201,14551,15962,1411,173,1.0,1039,-199
15590,15763,173,0,NTB,né,15590,15763,173,173,1.0,0,0
15763,17363,1600,0,GE-Phrase,201,14551,15962,1411,199,0.124,1212,1401
15763,17363,1600,0,NTB,que consegue entrever isso,15763,17363,1600,1600,1.0,0,0
23045,24645,1600,0,GE-Phrase,203,21244,23590,2346,545,0.341,1801,1055
23045,24645,1600,0,GE-Phrase,204,23590,25583,1993,1055,0.659,-545,-938
23045,24645,1600,0,NTB,como a gente sabe que na cultura hebraica,23045,24645,1600,1600,1.0,0,0
24645,25227,582,0,GE-Phrase,204,23590,25583,1993,582,1.0,1055,-356
24645,25227,582,0,NTB,foi também,24645,25227,582,582,1.0,0,0
25227,26200,973,0,GE-Phrase,204,23590,25583,1993,356,0.366,1637,617
25227,26200,973,0,GE-Phrase,205,25583,27102,1519,617,0.634,-356,-902
25227,26200,973,0,NTB,a questão da procedência,25227,26200,973,973,1.0,0,0
26200,26302,102,0,GE-Phrase,205,25583,27102,1519,102,1.0,617,-800
26200,26302,102,0,NTB,né,26200,26302,102,102,1.0,0,0
26302,27144,842,0,GE-Phrase,205,25583,27102,1519,800,0.95,719,42
26302,27144,842,0,GE-Phrase,206,27102,28175,1073,42,0.05,-800,-1031
26302,27144,842,0,NTB,judaico-cristã,26302,27144,842,842,1.0,0,0
27144,28520,1376,0,GE-Phrase,206,27102,28175,1073,1031,0.749,42,345
27144,28520,1376,0,NTB,por muito tempo,27144,28520,1376,1376,1.0,0,0
43541,44810,1269,0,GE-Phrase,217,43251,44383,1132,842,0.664,290,427
43541,44810,1269,0,GE-Phrase,218,44383,47057,2674,427,0.336,-842,-2247
43541,44810,1269,0,NTB,porque você é filho de nũ sei o que,43541,44810,1269,1269,1.0,0,0
44810,45700,890,0,GE-Phrase,218,44383,47057,2674,890,1.0,427,-1357
44810,45700,890,0,NTB,seu erregê vem,44810,45700,890,890,1.0,0,0
45700,46309,609,0,GE-Phrase,218,44383,47057,2674,609,1.0,1317,-748
45700,46309,609,0,NTB,escrito isso,45700,46309,609,609,1.0,0,0
46309,47266,957,0,GE-Phrase,218,44383,47057,2674,748,0.782,1926,209
46309,47266,957,0,GE-Phrase,219,47057,48898,1841,209,0.218,-748,-1632
46309,47266,957,0,NTB,cê tem certidão de nascimento,46309,47266,957,957,1.0,0,0
12996,13465,469,0,NTB,digamos assim,12996,13465,469,469,1.0,0,0
13465,14522,1057,0,NTB,pelo que a gente tem de,13465,14522,1057,1057,1.0,0,0
14522,15590,1068,0,GE-Phrase,201,14551,15962,1411,1039,0.973,-29,-372
14522,15590,1068,0,NTB,crítica até hoje,14522,15590,1068,1068,1.0,0,0
15590,15763,173,0,GE-Phrase,201,14551,15962,1411,173,1.0,1039,-199
15590,15763,173,0,NTB,né,15590,15763,173,173,1.0,0,0
15763,17363,1600,0,GE-Phrase,201,14551,15962,1411,199,0.124,1212,1401
15763,17363,1600,0,NTB,que consegue entrever isso,15763,17363,1600,1600,1.0,0,0
23045,24645,1600,0,GE-Phrase,203,21244,23590,2346,545,0.341,1801,1055
23045,24645,1600,0,GE-Phrase,204,23590,25583,1993,1055,0.659,-545,-938
23045,24645,1600,0,NTB,como a gente sabe que na cultura hebraica,23045,24645,1600,1600,1.0,0,0
24645,25227,582,0,GE-Phrase,204,23590,25583,1993,582,1.0,1055,-356
24645,25227,582,0,NTB,foi também,24645,25227,582,582,1.0,0,0
25227,26200,973,0,GE-Phrase,204,23590,25583,1993,356,0.366,1637,617
25227,26200,973,0,GE-Phrase,205,25583,27102,1519,617,0.634,-356,-902
25227,26200,973,0,NTB,a questão da procedência,25227,26200,973,973,1.0,0,0
26200,26302,102,0,GE-Phrase,205,25583,27102,1519,102,1.0,617,-800
26200,26302,102,0,NTB,né,26200,26302,102,102,1.0,0,0
26302,27144,842,0,GE-Phrase,205,25583,27102,1519,800,0.95,719,42
26302,27144,842,0,GE-Phrase,206,27102,28175,1073,42,0.05,-800,-1031
26302,27144,842,0,NTB,judaico-cristã,26302,27144,842,842,1.0,0,0
27144,28520,1376,0,GE-Phrase,206,27102,28175,1073,1031,0.749,42,345
27144,28520,1376,0,NTB,por muito tempo,27144,28520,1376,1376,1.0,0,0
43541,44810,1269,0,GE-Phrase,217,43251,44383,1132,842,0.664,290,427
43541,44810,1269,0,GE-Phrase,218,44383,47057,2674,427,0.336,-842,-2247
43541,44810,1269,0,NTB,porque você é filho de nũ sei o que,43541,44810,1269,1269,1.0,0,0
44810,45700,890,0,GE-Phrase,218,44383,47057,2674,890,1.0,427,-1357
44810,45700,890,0,NTB,seu erregê vem,44810,45700,890,890,1.0,0,0
45700,46309,609,0,GE-Phrase,218,44383,47057,2674,609,1.0,1317,-748
45700,46309,609,0,NTB,escrito isso,45700,46309,609,609,1.0,0,0
46309,47266,957,0,GE-Phrase,218,44383,47057,2674,748,0.782,1926,209
46309,47266,957,0,GE-Phrase,219,47057,48898,1841,209,0.218,-748,-1632
46309,47266,957,0,NTB,cê tem certidão de nascimento,46309,47266,957,957,1.0,0,0
12996,13465,469,0,NTB,digamos assim,12996,13465,469,469,1.0,0,0
13465,14522,1057,0,NTB,pelo que a gente tem de,13465,14522,1057,1057,1.0,0,0
14522,15590,1068,0,GE-Phrase,201,14551,15962,1411,1039,0.973,-29,-372
14522,15590,1068,0,NTB,crítica até hoje,14522,15590,1068,1068,1.0,0,0
15590,15763,173,0,GE-Phrase,201,14551,15962,1411,173,1.0,1039,-199
15590,15763,173,0,NTB,né,15590,15763,173,173,1.0,0,0
15763,17363,1600,0,GE-Phrase,201,14551,15962,1411,199,0.124,1212,1401
15763,17363,1600,0,NTB,que consegue entrever isso,15763,17363,1600,1600,1.0,0,0
23045,24645,1600,0,GE-Phrase,203,21244,23590,2346,545,0.341,1801,1055
23045,24645,1600,0,GE-Phrase,204,23590,25583,1993,1055,0.659,-545,-938
23045,24645,1600,0,NTB,como a gente sabe que na cultura hebraica,23045,24645,1600,1600,1.0,0,0
24645,25227,582,0,GE-Phrase,204,23590,25583,1993,582,1.0,1055,-356
24645,25227,582,0,NTB,foi também,24645,25227,582,582,1.0,0,0
25227,26200,973,0,GE-Phrase,204,23590,25583,1993,356,0.366,1637,617
25227,26200,973,0,GE-Phrase,205,25583,27102,1519,617,0.634,-356,-902
25227,26200,973,0,NTB,a questão da procedência,25227,26200,973,973,1.0,0,0
26200,26302,102,0,GE-Phrase,205,25583,27102,1519,102,1.0,617,-800
26200,26302,102,0,NTB,né,26200,26302,102,102,1.0,0,0
26302,27144,842,0,GE-Phrase,205,25583,27102,1519,800,0.95,719,42
26302,27144,842,0,GE-Phrase,206,27102,28175,1073,42,0.05,-800,-1031
26302,27144,842,0,NTB,judaico-cristã,26302,27144,842,842,1.0,0,0
27144,28520,1376,0,GE-Phrase,206,27102,28175,1073,1031,0.749,42,345
27144,28520,1376,0,NTB,por muito tempo,27144,28520,1376,1376,1.0,0,0
43541,44810,1269,0,GE-Phrase,217,43251,44383,1132,842,0.664,290,427
43541,44810,1269,0,GE-Phrase,218,44383,47057,2674,427,0.336,-842,-2247
43541,44810,1269,0,NTB,porque você é filho de nũ sei o que,43541,44810,1269,1269,1.0,0,0
44810,45700,890,0,GE-Phrase,218,44383,47057,2674,890,1.0,427,-1357
44810,45700,890,0,NTB,seu erregê vem,44810,45700,890,890,1.0,0,0
45700,46309,609,0,GE-Phrase,218,44383,47057,2674,609,1.0,1317,-748
45700,46309,609,0,NTB,escrito isso,45700,46309,609,609,1.0,0,0
46309,47266,957,0,GE-Phrase,218,44383,47057,2674,748,0.782,1926,209
46309,47266,957,0,GE-Phrase,219,47057,48898,1841,209,0.218,-748,-1632
46309,47266,957,0,NTB,cê tem certidão de nascimento,46309,47266,957,957,1.0,0,0
12996,13465,469,0,NTB,digamos assim,12996,13465,469,469,1.0,0,0
13465,14522,1057,0,NTB,pelo que a gente tem de,13465,14522,1057,1057,1.0,0,0
14522,15590,1068,0,GE-Phrase,201,14551,15962,1411,1039,0.973,-29,-372
14522,15590,1068,0,NTB,crítica até hoje,14522,15590,1068,1068,1.0,0,0
15590,15763,173,0,GE-Phrase,201,14551,15962,1411,173,1.0,1039,-199
15590,15763,173,0,NTB,né,15590,15763,173,173,1.0,0,0
15763,17363,1600,0,GE-Phrase,201,14551,15962,1411,199,0.124,1212,1401
15763,17363,1600,0,NTB,que consegue entrever isso,15763,17363,1600,1600,1.0,0,0
23045,24645,1600,0,GE-Phrase,203,21244,23590,2346,545,0.341,1801,1055
23045,24645,1600,0,GE-Phrase,204,23590,25583,1993,1055,0.659,-545,-938
23045,24645,1600,0,NTB,como a gente sabe que na cultura hebraica,23045,24645,1600,1600,1.0,0,0
24645,25227,582,0,GE-Phrase,204,23590,25583,1993,582,1.0,1055,-356
24645,25227,582,0,NTB,foi também,24645,25227,582,582,1.0,0,0
25227,26200,973,0,GE-Phrase,204,23590,25583,1993,356,0.366,1637,617
25227,26200,973,0,GE-Phrase,205,25583,27102,1519,617,0.634,-356,-902
25227,26200,973,0,NTB,a questão da procedência,25227,26200,973,973,1.0,0,0
26200,26302,102,0,GE-Phrase,205,25583,27102,1519,102,1.0,617,-800
26200,26302,102,0,NTB,né,26200,26302,102,102,1.0,0,0
26302,27144,842,0,GE-Phrase,205,25583,27102,1519,800,0.95,719,42
26302,27144,842,0,GE-Phrase,206,27102,28175,1073,42,0.05,-800,-1031
26302,27144,842,0,NTB,judaico-cristã,26302,27144,842,842,1.0,0,0
27144,28520,1376,0,GE-Phrase,206,27102,28175,1073,1031,0.749,42,345
27144,28520,1376,0,NTB,por muito tempo,27144,28520,1376,1376,1.0,0,0
43541,44810,1269,0,GE-Phrase,217,43251,44383,1132,842,0.664,290,427
43541,44810,1269,0,GE-Phrase,218,44383,47057,2674,427,0.336,-842,-2247
43541,44810,1269,0,NTB,porque você é filho de nũ sei o que,43541,44810,1269,1269,1.0,0,0
44810,45700,890,0,GE-Phrase,218,44383,47057,2674,890,1.0,427,-1357
44810,45700,890,0,NTB,seu erregê vem,44810,45700,890,890,1.0,0,0
45700,46309,609,0,GE-Phrase,218,44383,47057,2674,609,1.0,1317,-748
45700,46309,609,0,NTB,escrito isso,45700,46309,609,609,1.0,0,0
46309,47266,957,0,GE-Phrase,218,44383,47057,2674,748,0.782,1926,209
46309,47266,957,0,GE-Phrase,219,47057,48898,1841,209,0.218,-748,-1632
46309,47266,957,0,NTB,cê tem certidão de nascimento,46309,47266,957,957,1.0,0,0
12996,13465,469,0,NTB,digamos assim,12996,13465,469,469,1.0,0,0
13465,14522,1057,0,NTB,pelo que a gente tem de,13465,14522,1057,1057,1.0,0,0
14522,15590,1068,0,GE-Phrase,201,14551,15962,1411,1039,0.973,-29,-372
14522,15590,1068,0,NTB,crítica até hoje,14522,15590,1068,1068,1.0,0,0
15590,15763,173,0,GE-Phrase,201,14551,15962,1411,173,1.0,1039,-199
15590,15763,173,0,NTB,né,15590,15763,173,173,1.0,0,0
15763,17363,1600,0,GE-Phrase,201,14551,15962,1411,199,0.124,1212,1401
15763,17363,1600,0,NTB,que consegue entrever isso,15763,17363,1600,1600,1.0,0,0
23045,24645,1600,0,GE-Phrase,203,21244,23590,2346,545,0.341,1801,1055
23045,24645,1600,0,GE-Phrase,204,23590,25583,1993,1055,0.659,-545,-938
23045,24645,1600,0,NTB,como a gente sabe que na cultura hebraica,23045,24645,1600,1600,1.0,0,0
24645,25227,582,0,GE-Phrase,204,23590,25583,1993,582,1.0,1055,-356
24645,25227,582,0,NTB,foi também,24645,25227,582,582,1.0,0,0
25227,26200,973,0,GE-Phrase,204,23590,25583,1993,356,0.366,1637,617
25227,26200,973,0,GE-Phrase,205,25583,27102,1519,617,0.634,-356,-902
25227,26200,973,0,NTB,a questão da procedência,25227,26200,973,973,1.0,0,0
26200,26302,102,0,GE-Phrase,205,25583,27102,1519,102,1.0,617,-800
26200,26302,102,0,NTB,né,26200,26302,102,102,1.0,0,0
26302,27144,842,0,GE-Phrase,205,25583,27102,1519,800,0.95,719,42
26302,27144,842,0,GE-Phrase,206,27102,28175,1073,42,0.05,-800,-1031
26302,27144,842,0,NTB,judaico-cristã,26302,27144,842,842,1.0,0,0
27144,28520,1376,0,GE-Phrase,206,27102,28175,1073,1031,0.749,42,345
27144,28520,1376,0,NTB,por muito tempo,27144,28520,1376,1376,1.0,0,0
43541,44810,1269,0,GE-Phrase,217,43251,44383,1132,842,0.664,290,427
43541,44810,1269,0,GE-Phrase,218,44383,47057,2674,427,0.336,-842,-2247
43541,44810,1269,0,NTB,porque você é filho de nũ sei o que,43541,44810,1269,1269,1.0,0,0
44810,45700,890,0,GE-Phrase,218,44383,47057,2674,890,1.0,427,-1357
44810,45700,890,0,NTB,seu erregê vem,44810,45700,890,890,1.0,0,0
45700,46309,609,0,GE-Phrase,218,44383,47057,2674,609,1.0,1317,-748
45700,46309,609,0,NTB,escrito isso,45700,46309,609,609,1.0,0,0
46309,47266,957,0,GE-Phrase,218,44383,47057,2674,748,0.782,1926,209
46309,47266,957,0,GE-Phrase,219,47057,48898,1841,209,0.218,-748,-1632
46309,47266,957,0,NTB,cê tem certidão de nascimento,46309,47266,957,957,1.0,0,0
12996,13465,469,0,NTB,digamos assim,12996,13465,469,469,1.0,0,0
13465,14522,1057,0,NTB,pelo que a gente tem de,13465,14522,1057,1057,1.0,0,0
14522,15590,1068,0,GE-Phrase,201,14551,15962,1411,1039,0.973,-29,-372
14522,15590,1068,0,NTB,crítica até hoje,14522,15590,1068,1068,1.0,0,0
15590,15763,173,0,GE-Phrase,201,14551,15962,1411,173,1.0,1039,-199
15590,15763,173,0,NTB,né,15590,15763,173,173,1.0,0,0
15763,17363,1600,0,GE-Phrase,201,14551,15962,1411,199,0.124,1212,1401
15763,17363,1600,0,NTB,que consegue entrever isso,15763,17363,1600,1600,1.0,0,0
23045,24645,1600,0,GE-Phrase,203,21244,23590,2346,545,0.341,1801,1055
23045,24645,1600,0,GE-Phrase,204,23590,25583,1993,1055,0.659,-545,-938
23045,24645,1600,0,NTB,como a gente sabe que na cultura hebraica,23045,24645,1600,1600,1.0,0,0
24645,25227,582,0,GE-Phrase,204,23590,25583,1993,582,1.0,1055,-356
24645,25227,582,0,NTB,foi também,24645,25227,582,582,1.0,0,0
25227,26200,973,0,GE-Phrase,204,23590,25583,1993,356,0.366,1637,617
25227,26200,973,0,GE-Phrase,205,25583,27102,1519,617,0.634,-356,-902
25227,26200,973,0,NTB,a questão da procedência,25227,26200,973,973,1.0,0,0
26200,26302,102,0,GE-Phrase,205,25583,27102,1519,102,1.0,617,-800
26200,26302,102,0,NTB,né,26200,26302,102,102,1.0,0,0
26302,27144,842,0,GE-Phrase,205,25583,27102,1519,800,0.95,719,42
26302,27144,842,0,GE-Phrase,206,27102,28175,1073,42,0.05,-800,-1031
26302,27144,842,0,NTB,judaico-cristã,26302,27144,842,842,1.0,0,0
27144,28520,1376,0,GE-Phrase,206,27102,28175,1073,1031,0.749,42,345
27144,28520,1376,0,NTB,por muito tempo,27144,28520,1376,1376,1.0,0,0
43541,44810,1269,0,GE-Phrase,217,43251,44383,1132,842,0.664,290,427
43541,44810,1269,0,GE-Phrase,218,44383,47057,2674,427,0.336,-842,-2247
43541,44810,1269,0,NTB,porque você é filho de nũ sei o que,43541,44810,1269,1269,1.0,0,0
44810,45700,890,0,GE-Phrase,218,44383,47057,2674,890,1.0,427,-1357
44810,45700,890,0,NTB,seu erregê vem,44810,45700,890,890,1.0,0,0
45700,46309,609,0,GE-Phrase,218,44383,47057,2674,609,1.0,1317,-748
45700,46309,609,0,NTB,escrito isso,45700,46309,609,609,1.0,0,0
46309,47266,957,0,GE-Phrase,218,44383,47057,2674,748,0.782,1926,209
46309,47266,957,0,GE-Phrase,219,47057,48898,1841,209,0.218,-748,-1632
46309,47266,957,0,NTB,cê tem certidão de nascimento,46309,47266,957,957,1.0,0,0
12996,13465,469,0,NTB,digamos assim,12996,13465,469,469,1.0,0,0
13465,14522,1057,0,NTB,pelo que a gente tem de,13465,14522,1057,1057,1.0,0,0
14522,15590,1068,0,GE-Phrase,201,14551,15962,1411,1039,0.973,-29,-372
14522,15590,1068,0,NTB,crítica até hoje,14522,15590,1068,1068,1.0,0,0
15590,15763,173,0,GE-Phrase,201,14551,15962,1411,173,1.0,1039,-199
15590,15763,173,0,NTB,né,15590,15763,173,173,1.0,0,0
15763,17363,1600,0,GE-Phrase,201,14551,15962,1411,199,0.124,1212,1401
15763,17363,1600,0,NTB,que consegue entrever isso,15763,17363,1600,1600,1.0,0,0
23045,24645,1600,0,GE-Phrase,203,21244,23590,2346,545,0.341,1801,1055
23045,24645,1600,0,GE-Phrase,204,23590,25583,1993,1055,0.659,-545,-938
23045,24645,1600,0,NTB,como a gente sabe que na cultura hebraica,23045,24645,1600,1600,1.0,0,0
24645,25227,582,0,GE-Phrase,204,23590,25583,1993,582,1.0,1055,-356
24645,25227,582,0,NTB,foi também,24645,25227,582,582,1.0,0,0
25227,26200,973,0,GE-Phrase,204,23590,25583,1993,356,0.366,1637,617
25227,26200,973,0,GE-Phrase,205,25583,27102,1519,617,0.634,-356,-902
25227,26200,973,0,NTB,a questão da procedência,25227,26200,973,973,1.0,0,0
26200,26302,102,0,GE-Phrase,205,25583,27102,1519,102,1.0,617,-800
26200,26302,102,0,NTB,né,26200,26302,102,102,1.0,0,0
26302,27144,842,0,GE-Phrase,205,25583,27102,1519,800,0.95,719,42
26302,27144,842,0,GE-Phrase,206,27102,28175,1073,42,0.05,-800,-1031
26302,27144,842,0,NTB,judaico-cristã,26302,27144,842,842,1.0,0,0
27144,28520,1376,0,GE-Phrase,206,27102,28175,1073,1031,0.749,42,345
27144,28520,1376,0,NTB,por muito tempo,27144,28520,1376,1376,1.0,0,0
43541,44810,1269,0,GE-Phrase,217,43251,44383,1132,842,0.664,290,427
43541,44810,1269,0,GE-Phrase,218,44383,47057,2674,427,0.336,-842,-2247
43541,44810,1269,0,NTB,porque você é filho de nũ sei o que,43541,44810,1269,1269,1.0,0,0
44810,45700,890,0,GE-Phrase,218,44383,47057,2674,890,1.0,427,-1357
44810,45700,890,0,NTB,seu erregê vem,44810,45700,890,890,1.0,0,0
45700,46309,609,0,GE-Phrase,218,44383,47057,2674,609,1.0,1317,-748
45700,46309,609,0,NTB,escrito isso,45700,46309,609,609,1.0,0,0
46309,47266,957,0,GE-Phrase,218,44383,47057,2674,748,0.782,1926,209
46309,47266,957,0,GE-Phrase,219,47057,48898,1841,209,0.218,-748,-1632
46309,47266,957,0,NTB,cê tem certidão de nascimento,46309,47266,957,957,1.0,0,0
12996,13465,469,0,NTB,digamos assim,12996,13465,469,469,1.0,0,0
13465,14522,1057,0,NTB,pelo que a gente tem de,13465,14522,1057,1057,1.0,0,0
14522,15590,1068,0,GE-Phrase,201,14551,15962,1411,1039,0.973,-29,-372
14522,15590,1068,0,NTB,crítica até hoje,14522,15590,1068,1068,1.0,0,0
15590,15763,173,0,GE-Phrase,201,14551,15962,1411,173,1.0,1039,-199
15590,15763,173,0,NTB,né,15590,15763,173,173,1.0,0,0
15763,17363,1600,0,GE-Phrase,201,14551,15962,1411,199,0.124,1212,1401
15763,17363,1600,0,NTB,que consegue entrever isso,15763,17363,1600,1600,1.0,0,0
23045,24645,1600,0,GE-Phrase,203,21244,23590,2346,545,0.341,1801,1055
23045,24645,1600,0,GE-Phrase,204,23590,25583,1993,1055,0.659,-545,-938
23045,24645,1600,0,NTB,como a gente sabe que na cultura hebraica,23045,24645,1600,1600,1.0,0,0
24645,25227,582,0,GE-Phrase,204,23590,25583,1993,582,1.0,1055,-356
24645,25227,582,0,NTB,foi também,24645,25227,582,582,1.0,0,0
25227,26200,973,0,GE-Phrase,204,23590,25583,1993,356,0.366,1637,617
25227,26200,973,0,GE-Phrase,205,25583,27102,1519,617,0.634,-356,-902
25227,26200,973,0,NTB,a questão da procedência,25227,26200,973,973,1.0,0,0
26200,26302,102,0,GE-Phrase,205,25583,27102,1519,102,1.0,617,-800
26200,26302,102,0,NTB,né,26200,26302,102,102,1.0,0,0
26302,27144,842,0,GE-Phrase,205,25583,27102,1519,800,0.95,719,42
26302,27144,842,0,GE-Phrase,206,27102,28175,1073,42,0.05,-800,-1031
26302,27144,842,0,NTB,judaico-cristã,26302,27144,842,842,1.0,0,0
27144,28520,1376,0,GE-Phrase,206,27102,28175,1073,1031,0.749,42,345
27144,28520,1376,0,NTB,por muito tempo,27144,28520,1376,1376,1.0,0,0
43541,44810,1269,0,GE-Phrase,217,43251,44383,1132,842,0.664,290,427
43541,44810,1269,0,GE-Phrase,218,44383,47057,2674,427,0.336,-842,-2247
43541,44810,1269,0,NTB,porque você é filho de nũ sei o que,43541,44810,1269,1269,1.0,0,0
44810,45700,890,0,GE-Phrase,218,44383,47057,2674,890,1.0,427,-1357
44810,45700,890,0,NTB,seu erregê vem,44810,45700,890,890,1.0,0,0
45700,46309,609,0,GE-Phrase,218,44383,47057,2674,609,1.0,1317,-748
45700,46309,609,0,NTB,escrito isso,45700,46309,609,609,1.0,0,0
46309,47266,957,0,GE-Phrase,218,44383,47057,2674,748,0.782,1926,209
46309,47266,957,0,GE-Phrase,219,47057,48898,1841,209,0.218,-748,-1632
46309,47266,957,0,NTB,cê tem certidão de nascimento,46309,47266,957,957,1.0,0,0
12996,13465,469,0,NTB,digamos assim,12996,13465,469,469,1.0,0,0
13465,14522,1057,0,NTB,pelo que a gente tem de,13465,14522,1057,1057,1.0,0,0
14522,15590,1068,0,GE-Phrase,201,14551,15962,1411,1039,0.973,-29,-372
14522,15590,1068,0,NTB,crítica até hoje,14522,15590,1068,1068,1.0,0,0
15590,15763,173,0,GE-Phrase,201,14551,15962,1411,173,1.0,1039,-199
15590,15763,173,0,NTB,né,15590,15763,173,173,1.0,0,0
15763,17363,1600,0,GE-Phrase,201,14551,15962,1411,199,0.124,1212,1401
15763,17363,1600,0,NTB,que consegue entrever isso,15763,17363,1600,1600,1.0,0,0
23045,24645,1600,0,GE-Phrase,203,21244,23590,2346,545,0.341,1801,1055
23045,24645,1600,0,GE-Phrase,204,23590,25583,1993,1055,0.659,-545,-938
23045,24645,1600,0,NTB,como a gente sabe que na cultura hebraica,23045,24645,1600,1600,1.0,0,0
24645,25227,582,0,GE-Phrase,204,23590,25583,1993,582,1.0,1055,-356
24645,25227,582,0,NTB,foi também,24645,25227,582,582,1.0,0,0
25227,26200,973,0,GE-Phrase,204,23590,25583,1993,356,0.366,1637,617
25227,26200,973,0,GE-Phrase,205,25583,27102,1519,617,0.634,-356,-902
25227,26200,973,0,NTB,a questão da procedência,25227,26200,973,973,1.0,0,0
26200,26302,102,0,GE-Phrase,205,25583,27102,1519,102,1.0,617,-800
26200,26302,102,0,NTB,né,26200,26302,102,102,1.0,0,0
26302,27144,842,0,GE-Phrase,205,25583,27102,1519,800,0.95,719,42
26302,27144,842,0,GE-Phrase,206,27102,28175,1073,42,0.05,-800,-1031
26302,27144,842,0,NTB,judaico-cristã,26302,27144,842,842,1.0,0,0
27144,28520,1376,0,GE-Phrase,206,27102,28175,1073,1031,0.749,42,345
27144,28520,1376,0,NTB,por muito tempo,27144,28520,1376,1376,1.0,0,0
43541,44810,1269,0,GE-Phrase,217,43251,44383,1132,842,0.664,290,427
43541,44810,1269,0,GE-Phrase,218,44383,47057,2674,427,0.336,-842,-2247
43541,44810,1269,0,NTB,porque você é filho de nũ sei o que,43541,44810,1269,1269,1.0,0,0
44810,45700,890,0,GE-Phrase,218,44383,47057,2674,890,1.0,427,-1357
44810,45700,890,0,NTB,seu erregê vem,44810,45700,890,890,1.0,0,0
45700,46309,609,0,GE-Phrase,218,44383,47057,2674,609,1.0,1317,-748
45700,46309,609,0,NTB,escrito isso,45700,46309,609,609,1.0,0,0
46309,47266,957,0,GE-Phrase,218,44383,47057,2674,748,0.782,1926,209
46309,47266,957,0,GE-Phrase,219,47057,48898,1841,209,0.218,-748,-1632
46309,47266,957,0,NTB,cê tem certidão de nascimento,46309,47266,957,957,1.0,0,0
12996,13465,469,0,NTB,digamos assim,12996,13465,469,469,1.0,0,0
13465,14522,1057,0,NTB,pelo que a gente tem de,13465,14522,1057,1057,1.0,0,0
14522,15590,1068,0,GE-Phrase,201,14551,15962,1411,1039,0.973,-29,-372
14522,15590,1068,0,NTB,crítica até hoje,14522,15590,1068,1068,1.0,0,0
15590,15763,173,0,GE-Phrase,201,14551,15962,1411,173,1.0,1039,-199
15590,15763,173,0,NTB,né,15590,15763,173,173,1.0,0,0
15763,17363,1600,0,GE-Phrase,201,14551,15962,1411,199,0.124,1212,1401
15763,17363,1600,0,NTB,que consegue entrever isso,15763,17363,1600,1600,1.0,0,0
23045,24645,1600,0,GE-Phrase,203,21244,23590,2346,545,0.341,1801,1055
23045,24645,1600,0,GE-Phrase,204,23590,25583,1993,1055,0.659,-545,-938
23045,24645,1600,0,NTB,como a gente sabe que na cultura hebraica,23045,24645,1600,1600,1.0,0,0
24645,25227,582,0,GE-Phrase,204,23590,25583,1993,582,1.0,1055,-356
24645,25227,582,0,NTB,foi também,24645,25227,582,582,1.0,0,0
25227,26200,973,0,GE-Phrase,204,23590,25583,1993,356,0.366,1637,617
25227,26200,973,0,GE-Phrase,205,25583,27102,1519,617,0.634,-356,-902
25227,26200,973,0,NTB,a questão da procedência,25227,26200,973,973,1.0,0,0
26200,26302,102,0,GE-Phrase,205,25583,27102,1519,102,1.0,617,-800
26200,26302,102,0,NTB,né,26200,26302,102,102,1.0,0,0
26302,27144,842,0,GE-Phrase,205,25583,27102,1519,800,0.95,719,42
26302,27144,842,0,GE-Phrase,206,27102,28175,1073,42,0.05,-800,-1031
26302,27144,842,0,NTB,judaico-cristã,26302,27144,842,842,1.0,0,0
27144,28520,1376,0,GE-Phrase,206,27102,28175,1073,1031,0.749,42,345
27144,28520,1376,0,NTB,por muito tempo,27144,28520,1376,1376,1.0,0,0
43541,44810,1269,0,GE-Phrase,217,43251,44383,1132,842,0.664,290,427
43541,44810,1269,0,GE-Phrase,218,44383,47057,2674,427,0.336,-842,-2247
43541,44810,1269,0,NTB,porque você é filho de nũ sei o que,43541,44810,1269,1269,1.0,0,0
44810,45700,890,0,GE-Phrase,218,44383,47057,2674,890,1.0,427,-1357
44810,45700,890,0,NTB,seu erregê vem,44810,45700,890,890,1.0,0,0
45700,46309,609,0,GE-Phrase,218,44383,47057,2674,609,1.0,1317,-748
45700,46309,609,0,NTB,escrito isso,45700,46309,609,609,1.0,0,0
46309,47266,957,0,GE-Phrase,218,44383,47057,2674,748,0.782,1926,209
46309,47266,957,0,GE-Phrase,219,47057,48898,1841,209,0.218,-748,-1632
46309,47266,957,0,NTB,cê tem certidão de nascimento,46309,47266,957,957,1.0,0,0
12996,13465,469,0,NTB,digamos assim,12996,13465,469,469,1.0,0,0
13465,14522,1057,0,NTB,pelo que a gente tem de,13465,14522,1057,1057,1.0,0,0
14522,15590,1068,0,GE-Phrase,201,14551,15962,1411,1039,0.973,-29,-372
14522,15590,1068,0,NTB,crítica até hoje,14522,15590,1068,1068,1.0,0,0
15590,15763,173,0,GE-Phrase,201,14551,15962,1411,173,1.0,1039,-199
15590,15763,173,0,NTB,né,15590,15763,173,173,1.0,0,0
15763,17363,1600,0,GE-Phrase,201,14551,15962,1411,199,0.124,1212,1401
15763,17363,1600,0,NTB,que consegue entrever isso,15763,17363,1600,1600,1.0,0,0
23045,24645,1600,0,GE-Phrase,203,21244,23590,2346,545,0.341,1801,1055
23045,24645,1600,0,GE-Phrase,204,23590,25583,1993,1055,0.659,-545,-938
23045,24645,1600,0,NTB,como a gente sabe que na cultura hebraica,23045,24645,1600,1600,1.0,0,0
24645,25227,582,0,GE-Phrase,204,23590,25583,1993,582,1.0,1055,-356
24645,25227,582,0,NTB,foi também,24645,25227,582,582,1.0,0,0
25227,26200,973,0,GE-Phrase,204,23590,25583,1993,356,0.366,1637,617
25227,26200,973,0,GE-Phrase,205,25583,27102,1519,617,0.634,-356,-902
25227,26200,973,0,NTB,a questão da procedência,25227,26200,973,973,1.0,0,0
26200,26302,102,0,GE-Phrase,205,25583,27102,1519,102,1.0,617,-800
26200,26302,102,0,NTB,né,26200,26302,102,102,1.0,0,0
26302,27144,842,0,GE-Phrase,205,25583,27102,1519,800,0.95,719,42
26302,27144,842,0,GE-Phrase,206,27102,28175,1073,42,0.05,-800,-1031
26302,27144,842,0,NTB,judaico-cristã,26302,27144,842,842,1.0,0,0
27144,28520,1376,0,GE-Phrase,206,27102,28175,1073,1031,0.749,42,345
27144,28520,1376,0,NTB,por muito tempo,27144,28520,1376,1376,1.0,0,0
43541,44810,1269,0,GE-Phrase,217,43251,44383,1132,842,0.664,290,427
43541,44810,1269,0,GE-Phrase,218,44383,47057,2674,427,0.336,-842,-2247
43541,44810,1269,0,NTB,porque você é filho de nũ sei o que,43541,44810,1269,1269,1.0,0,0
44810,45700,890,0,GE-Phrase,218,44383,47057,2674,890,1.0,427,-1357
44810,45700,890,0,NTB,seu erregê vem,44810,45700,890,890,1.0,0,0
45700,46309,609,0,GE-Phrase,218,44383,47057,2674,609,1.0,1317,-748
45700,46309,609,0,NTB,escrito isso,45700,46309,609,609,1.0,0,0
46309,47266,957,0,GE-Phrase,218,44383,47057,2674,748,0.782,1926,209
46309,47266,957,0,GE-Phrase,219,47057,48898,1841,209,0.218,-748,-1632
46309,47266,957,0,NTB,cê tem certidão de nascimento,46309,47266,957,957,1.0,0,0
12996,13465,469,0,NTB,digamos assim,12996,13465,469,469,1.0,0,0
13465,14522,1057,0,NTB,pelo que a gente tem de,13465,14522,1057,1057,1.0,0,0
14522,15590,1068,0,GE-Phrase,201,14551,15962,1411,1039,0.973,-29,-372
14522,15590,1068,0,NTB,crítica até hoje,14522,15590,1068,1068,1.0,0,0
15590,15763,173,0,GE-Phrase,201,14551,15962,1411,173,1.0,1039,-199
15590,15763,173,0,NTB,né,15590,15763,173,173,1.0,0,0
15763,17363,1600,0,GE-Phrase,201,14551,15962,1411,199,0.124,1212,1401
15763,17363,1600,0,NTB,que consegue entrever isso,15763,17363,1600,1600,1.0,0,0
23045,24645,1600,0,GE-Phrase,203,21244,23590,2346,545,0.341,1801,1055
23045,24645,1600,0,GE-Phrase,204,23590,25583,1993,1055,0.659,-545,-938
23045,24645,1600,0,NTB,como a gente sabe que na cultura hebraica,23045,24645,1600,1600,1.0,0,0
24645,25227,582,0,GE-Phrase,204,23590,25583,1993,582,1.0,1055,-356
24645,25227,582,0,NTB,foi também,24645,25227,582,582,1.0,0,0
25227,26200,973,0,GE-Phrase,204,23590,25583,1993,356,0.366,1637,617
25227,26200,973,0,GE-Phrase,205,25583,27102,1519,617,0.634,-356,-902
25227,26200,973,0,NTB,a questão da procedência,25227,26200,973,973,1.0,0,0
26200,26302,102,0,GE-Phrase,205,25583,27102,1519,102,1.0,617,-800
26200,26302,102,0,NTB,né,26200,26302,102,102,1.0,0,0
26302,27144,842,0,GE-Phrase,205,25583,27102,1519,800,0.95,719,42
26302,27144,842,0,GE-Phrase,206,27102,28175,1073,42,0.05,-800,-1031
26302,27144,842,0,NTB,judaico-cristã,26302,27144,842,842,1.0,0,0
27144,28520,1376,0,GE-Phrase,206,27102,28175,1073,1031,0.749,42,345
27144,28520,1376,0,NTB,por muito tempo,27144,28520,1376,1376,1.0,0,0
43541,44810,1269,0,GE-Phrase,217,43251,44383,1132,842,0.664,290,427
43541,44810,1269,0,GE-Phrase,218,44383,47057,2674,427,0.336,-842,-2247
43541,44810,1269,0,NTB,porque você é filho de nũ sei o que,43541,44810,1269,1269,1.0,0,0
44810,45700,890,0,GE-Phrase,218,44383,47057,2674,890,1.0,427,-1357
44810,45700,890,0,NTB,seu erregê vem,44810,45700,890,890,1.0,0,0
45700,46309,609,0,GE-Phrase,218,44383,47057,2674,609,1.0,1317,-748
45700,46309,609,0,NTB,escrito isso,45700,46309,609,609,1.0,0,0
46309,47266,957,0,GE-Phrase,218,44383,47057,2674,748,0.782,1926,209
46309,47266,957,0,GE-Phrase,219,47057,48898,1841,209,0.218,-748,-1632
46309,47266,957,0,NTB,cê tem certidão de nascimento,46309,47266,957,957,1.0,0,0
12996,13465,469,0,NTB,digamos assim,12996,13465,469,469,1.0,0,0
13465,14522,1057,0,NTB,pelo que a gente tem de,13465,14522,1057,1057,1.0,0,0
14522,15590,1068,0,GE-Phrase,201,14551,15962,1411,1039,0.973,-29,-372
14522,15590,1068,0,NTB,crítica até hoje,14522,15590,1068,1068,1.0,0,0
15590,15763,173,0,GE-Phrase,201,14551,15962,1411,173,1.0,1039,-199
15590,15763,173,0,NTB,né,15590,15763,173,173,1.0,0,0
15763,17363,1600,0,GE-Phrase,201,14551,15962,1411,199,0.124,1212,1401
15763,17363,1600,0,NTB,que consegue entrever isso,15763,17363,1600,1600,1.0,0,0
23045,24645,1600,0,GE-Phrase,203,21244,23590,2346,545,0.341,1801,1055
23045,24645,1600,0,GE-Phrase,204,23590,25583,1993,1055,0.659,-545,-938
23045,24645,1600,0,NTB,como a gente sabe que na cultura hebraica,23045,24645,1600,1600,1.0,0,0
24645,25227,582,0,GE-Phrase,204,23590,25583,1993,582,1.0,1055,-356
24645,25227,582,0,NTB,foi também,24645,25227,582,582,1.0,0,0
25227,26200,973,0,GE-Phrase,204,23590,25583,1993,356,0.366,1637,617
25227,26200,973,0,GE-Phrase,205,25583,27102,1519,617,0.634,-356,-902
25227,26200,973,0,NTB,a questão da procedência,25227,26200,973,973,1.0,0,0
26200,26302,102,0,GE-Phrase,205,25583,27102,1519,102,1.0,617,-800
26200,26302,102,0,NTB,né,26200,26302,102,102,1.0,0,0
26302,27144,842,0,GE-Phrase,205,25583,27102,1519,800,0.95,719,42
26302,27144,842,0,GE-Phrase,206,27102,28175,1073,42,0.05,-800,-1031
26302,27144,842,0,NTB,judaico-cristã,26302,27144,842,842,1.0,0,0
27144,28520,1376,0,GE-Phrase,206,27102,28175,1073,1031,0.749,42,345
27144,28520,1376,0,NTB,por muito tempo,27144,28520,1376,1376,1.0,0,0
43541,44810,1269,0,GE-Phrase,217,43251,44383,1132,842,0.664,290,427
43541,44810,1269,0,GE-Phrase,218,44383,47057,2674,427,0.336,-842,-2247
43541,44810,1269,0,NTB,porque você é filho de nũ sei o que,43541,44810,1269,1269,1.0,0,0
44810,45700,890,0,GE-Phrase,218,44383,47057,2674,890,1.0,427,-1357
44810,45700,890,0,NTB,seu erregê vem,44810,45700,890,890,1.0,0,0
45700,46309,609,0,GE-Phrase,218,44383,47057,2674,609,1.0,1317,-748
45700,46309,609,0,NTB,escrito isso,45700,46309,609,609,1.0,0,0
46309,47266,957,0,GE-Phrase,218,44383,47057,2674,748,0.782,1926,209
46309,47266,957,0,GE-Phrase,219,47057,48898,1841,209,0.218,-748,-1632
46309,47266,957,0,NTB,cê tem certidão de nascimento,46309,47266,957,957,1.0,0,0
12996,13465,469,0,NTB,digamos assim,12996,13465,469,469,1.0,0,0
13465,14522,1057,0,NTB,pelo que a gente tem de,13465,14522,1057,1057,1.0,0,0
14522,15590,1068,0,GE-Phrase,201,14551,15962,1411,1039,0.973,-29,-372
14522,15590,1068,0,NTB,crítica até hoje,14522,15590,1068,1068,1.0,0,0
15590,15763,173,0,GE-Phrase,201,14551,15962,1411,173,1.0,1039,-199
15590,15763,173,0,NTB,né,15590,15763,173,173,1.0,0,0
15763,17363,1600,0,GE-Phrase,201,14551,15962,1411,199,0.124,1212,1401
15763,17363,1600,0,NTB,que consegue entrever isso,15763,17363,1600,1600,1.0,0,0
23045,24645,1600,0,GE-Phrase,203,21244,23590,2346,545,0.341,1801,1055
23045,24645,1600,0,GE-Phrase,204,23590,25583,1993,1055,0.659,-545,-938
23045,24645,1600,0,NTB,como a gente sabe que na cultura hebraica,23045,24645,1600,1600,1.0,0,0
24645,25227,582,0,GE-Phrase,204,23590,25583,1993,582,1.0,1055,-356
24645,25227,582,0,NTB,foi também,24645,25227,582,582,1.0,0,0
25227,26200,973,0,GE-Phrase,204,23590,25583,1993,356,0.366,1637,617
25227,26200,973,0,GE-Phrase,205,25583,27102,1519,617,0.634,-356,-902
25227,26200,973,0,NTB,a questão da procedência,25227,26200,973,973,1.0,0,0
26200,26302,102,0,GE-Phrase,205,25583,27102,1519,102,1.0,617,-800
26200,26302,102,0,NTB,né,26200,26302,102,102,1.0,0,0
26302,27144,842,0,GE-Phrase,205,25583,27102,1519,800,0.95,719,42
26302,27144,842,0,GE-Phrase,206,27102,28175,1073,42,0.05,-800,-1031
26302,27144,842,0,NTB,judaico-cristã,26302,27144,842,842,1.0,0,0
27144,28520,1376,0,GE-Phrase,206,27102,28175,1073,1031,0.749,42,345
27144,28520,1376,0,NTB,por muito tempo,27144,28520,1376,1376,1.0,0,0
43541,44810,1269,0,GE-Phrase,217,43251,44383,1132,842,0.664,290,427
43541,44810,1269,0,GE-Phrase,218,44383,47057,2674,427,0.336,-842,-2247
43541,44810,1269,0,NTB,porque você é filho de nũ sei o que,43541,44810,1269,1269,1.0,0,0
44810,45700,890,0,GE-Phrase,218,44383,47057,2674,890,1.0,427,-1357
44810,45700,890,0,NTB,seu erregê vem,44810,45700,890,890,1.0,0,0
45700,46309,609,0,GE-Phrase,218,44383,47057,2674,609,1.0,1317,-748
45700,46309,609,0,NTB,escrito isso,45700,46309,609,609,1.0,0,0
46309,47266,957,0,GE-Phrase,218,44383,47057,2674,748,0.782,1926,209
46309,47266,957,0,GE-Phrase,219,47057,48898,1841,209,0.218,-748,-1632
46309,47266,957,0,NTB,cê tem certidão de nascimento,46309,47266,957,957,1.0,0,0
12996,13465,469,0,NTB,digamos assim,12996,13465,469,469,1.0,0,0
13465,14522,1057,0,NTB,pelo que a gente tem de,13465,14522,1057,1057,1.0,0,0
14522,15590,1068,0,GE-Phrase,201,14551,15962,1411,1039,0.973,-29,-372
14522,15590,1068,0,NTB,crítica até hoje,14522,15590,1068,1068,1.0,0,0
15590,15763,173,0,GE-Phrase,201,14551,15962,1411,173,1.0,1039,-199
15590,15763,173,0,NTB,né,15590,15763,173,173,1.0,0,0
15763,17363,1600,0,GE-Phrase,201,14551,15962,1411,199,0.124,1212,1401
15763,17363,1600,0,NTB,que consegue entrever isso,15763,17363,1600,1600,1.0,0,0
23045,24645,1600,0,GE-Phrase,203,21244,23590,2346,545,0.341,1801,1055
23045,24645,1600,0,GE-Phrase,204,23590,25583,1993,1055,0.659,-545,-938
23045,24645,1600,0,NTB,como a gente sabe que na cultura hebraica,23045,24645,1600,1600,1.0,0,0
24645,25227,582,0,GE-Phrase,204,23590,25583,1993,582,1.0,1055,-356
24645,25227,582,0,NTB,foi também,24645,25227,582,582,1.0,0,0
25227,26200,973,0,GE-Phrase,204,23590,25583,1993,356,0.366,1637,617
25227,26200,973,0,GE-Phrase,205,25583,27102,1519,617,0.634,-356,-902
25227,26200,973,0,NTB,a questão da procedência,25227,26200,973,973,1.0,0,0
26200,26302,102,0,GE-Phrase,205,25583,27102,1519,102,1.0,617,-800
26200,26302,102,0,NTB,né,26200,26302,102,102,1.0,0,0
26302,27144,842,0,GE-Phrase,205,25583,27102,1519,800,0.95,719,42
26302,27144,842,0,GE-Phrase,206,27102,28175,1073,42,0.05,-800,-1031
26302,27144,842,0,NTB,judaico-cristã,26302,27144,842,842,1.0,0,0
27144,28520,1376,0,GE-Phrase,206,27102,28175,1073,1031,0.749,42,345
27144,28520,1376,0,NTB,por muito tempo,27144,28520,1376,1376,1.0,0,0
43541,44810,1269,0,GE-Phrase,217,43251,44383,1132,842,0.664,290,427
43541,44810,1269,0,GE-Phrase,218,44383,47057,2674,427,0.336,-842,-2247
43541,44810,1269,0,NTB,porque você é filho de nũ sei o que,43541,44810,1269,1269,1.0,0,0
44810,45700,890,0,GE-Phrase,218,44383,47057,2674,890,1.0,427,-1357
44810,45700,890,0,NTB,seu erregê vem,44810,45700,890,890,1.0,0,0
45700,46309,609,0,GE-Phrase,218,44383,47057,2674,609,1.0,1317,-748
45700,46309,609,0,NTB,escrito isso,45700,46309,609,609,1.0,0,0
46309,47266,957,0,GE-Phrase,218,44383,47057,2674,748,0.782,1926,209
46309,47266,957,0,GE-Phrase,219,47057,48898,1841,209,0.218,-748,-1632
46309,47266,957,0,NTB,cê tem certidão de nascimento,46309,47266,957,957,1.0,0,0
12996,13465,469,0,NTB,digamos assim,12996,13465,469,469,1.0,0,0
13465,14522,1057,0,NTB,pelo que a gente tem de,13465,14522,1057,1057,1.0,0,0
14522,15590,1068,0,GE-Phrase,201,14551,15962,1411,1039,0.973,-29,-372
14522,15590,1068,0,NTB,crítica até hoje,14522,15590,1068,1068,1.0,0,0
15590,15763,173,0,GE-Phrase,201,14551,15962,1411,173,1.0,1039,-199
15590,15763,173,0,NTB,né,15590,15763,173,173,1.0,0,0
15763,17363,1600,0,GE-Phrase,201,14551,15962,1411,199,0.124,1212,1401
15763,17363,1600,0,NTB,que consegue entrever isso,15763,17363,1600,1600,1.0,0,0
23045,24645,1600,0,GE-Phrase,203,21244,23590,2346,545,0.341,1801,1055
23045,24645,1600,0,GE-Phrase,204,23590,25583,1993,1055,0.659,-545,-938
23045,24645,1600,0,NTB,como a gente sabe que na cultura hebraica,23045,24645,1600,1600,1.0,0,0
24645,25227,582,0,GE-Phrase,204,23590,25583,1993,582,1.0,1055,-356
24645,25227,582,0,NTB,foi também,24645,25227,582,582,1.0,0,0
25227,26200,973,0,GE-Phrase,204,23590,25583,1993,356,0.366,1637,617
25227,26200,973,0,GE-Phrase,205,25583,27102,1519,617,0.634,-356,-902
25227,26200,973,0,NTB,a questão da procedência,25227,26200,973,973,1.0,0,0
26200,26302,102,0,GE-Phrase,205,25583,27102,1519,102,1.0,617,-800
26200,26302,102,0,NTB,né,26200,26302,102,102,1.0,0,0
26302,27144,842,0,GE-Phrase,205,25583,27102,1519,800,0.95,719,42
26302,27144,842,0,GE-Phrase,206,27102,28175,1073,42,0.05,-800,-1031
26302,27144,842,0,NTB,judaico-cristã,26302,27144,842,842,1.0,0,0
27144,28520,1376,0,GE-Phrase,206,27102,28175,1073,1031,0.749,42,345
27144,28520,1376,0,NTB,por muito tempo,27144,28520,1376,1376,1.0,0,0
43541,44810,1269,0,GE-Phrase,217,43251,44383,1132,842,0.664,290,427
43541,44810,1269,0,GE-Phrase,218,44383,47057,2674,427,0.336,-842,-2247
43541,44810,1269,0,NTB,porque você é filho de nũ sei o que,43541,44810,1269,1269,1.0,0,0
44810,45700,890,0,GE-Phrase,218,44383,47057,2674,890,1.0,427,-1357
44810,45700,890,0,NTB,seu erregê vem,44810,45700,890,890,1.0,0,0
45700,46309,609,0,GE-Phrase,218,44383,47057,2674,609,1.0,1317,-748
45700,46309,609,0,NTB,escrito isso,45700,46309,609,609,1.0,0,0
46309,47266,957,0,GE-Phrase,218,44383,47057,2674,748,0.782,1926,209
46309,47266,957,0,GE-Phrase,219,47057,48898,1841,209,0.218,-748,-1632
46309,47266,957,0,NTB,cê tem certidão de nascimento,46309,47266,957,957,1.0,0,0
12996,13465,469,0,NTB,digamos assim,12996,13465,469,469,1.0,0,0
13465,14522,1057,0,NTB,pelo que a gente tem de,13465,14522,1057,1057,1.0,0,0
14522,15590,1068,0,GE-Phrase,201,14551,15962,1411,1039,0.973,-29,-372
14522,15590,1068,0,NTB,crítica até hoje,14522,15590,1068,1068,1.0,0,0
15590,15763,173,0,GE-Phrase,201,14551,15962,1411,173,1.0,1039,-199
15590,15763,173,0,NTB,né,15590,15763,173,173,1.0,0,0
15763,17363,1600,0,GE-Phrase,201,14551,15962,1411,199,0.124,1212,1401
15763,17363,1600,0,NTB,que consegue entrever isso,15763,17363,1600,1600,1.0,0,0
23045,24645,1600,0,GE-Phrase,203,21244,23590,2346,545,0.341,1801,1055
23045,24645,1600,0,GE-Phrase,204,23590,25583,1993,1055,0.659,-545,-938
23045,24645,1600,0,NTB,como a gente sabe que na cultura hebraica,23045,24645,1600,1600,1.0,0,0
24645,25227,582,0,GE-Phrase,204,23590,25583,1993,582,1.0,1055,-356
24645,25227,582,0,NTB,foi também,24645,25227,582,582,1.0,0,0
25227,26200,973,0,GE-Phrase,204,23590,25583,1993,356,0.366,1637,617
25227,26200,973,0,GE-Phrase,205,25583,27102,1519,617,0.634,-356,-902
25227,26200,973,0,NTB,a questão da procedência,25227,26200,973,973,1.0,0,0
26200,26302,102,0,GE-Phrase,205,25583,27102,1519,102,1.0,617,-800
26200,26302,102,0,NTB,né,26200,26302,102,102,1.0,0,0
26302,27144,842,0,GE-Phrase,205,25583,27102,1519,800,0.95,719,42
26302,27144,842,0,GE-Phrase,206,27102,28175,1073,42,0.05,-800,-1031
26302,27144,842,0,NTB,judaico-cristã,26302,27144,842,842,1.0,0,0
27144,28520,1376,0,GE-Phrase,206,27102,28175,1073,1031,0.749,42,345
27144,28520,1376,0,NTB,por muito tempo,27144,28520,1376,1376,1.0,0,0
43541,44810,1269,0,GE-Phrase,217,43251,44383,1132,842,0.664,290,427
43541,44810,1269,0,GE-Phrase,218,44383,47057,2674,427,0.336,-842,-2247
43541,44810,1269,0,NTB,porque você é filho de nũ sei o que,43541,44810,1269,1269,1.0,0,0
44810,45700,890,0,GE-Phrase,218,44383,47057,2674,890,1.0,427,-1357
44810,45700,890,0,NTB,seu erregê vem,44810,45700,890,890,1.0,0,0
45700,46309,609,0,GE-Phrase,218,44383,47057,2674,609,1.0,1317,-748
45700,46309,609,0,NTB,escrito isso,45700,46309,609,609,1.0,0,0
46309,47266,957,0,GE-Phrase,218,44383,47057,2674,748,0.782,1926,209
46309,47266,957,0,GE-Phrase,219,47057,48898,1841,209,0.218,-748,-1632
46309,47266,957,0,NTB,cê tem certidão de nascimento,46309,47266,957,957,1.0,0,0
12996,13465,469,0,NTB,digamos assim,12996,13465,469,469,1.0,0,0
13465,14522,1057,0,NTB,pelo que a gente tem de,13465,14522,1057,1057,1.0,0,0
14522,15590,1068,0,GE-Phrase,201,14551,15962,1411,1039,0.973,-29,-372
14522,15590,1068,0,NTB,crítica até hoje,14522,15590,1068,1068,1.0,0,0
15590,15763,173,0,GE-Phrase,201,14551,15962,1411,173,1.0,1039,-199
15590,15763,173,0,NTB,né,15590,15763,173,173,1.0,0,0
15763,17363,1600,0,GE-Phrase,201,14551,15962,1411,199,0.124,1212,1401
15763,17363,1600,0,NTB,que consegue entrever isso,15763,17363,1600,1600,1.0,0,0
23045,24645,1600,0,GE-Phrase,203,21244,23590,2346,545,0.341,1801,1055
23045,24645,1600,0,GE-Phrase,204,23590,25583,1993,1055,0.659,-545,-938
23045,24645,1600,0,NTB,como a gente sabe que na cultura hebraica,23045,24645,1600,1600,1.0,0,0
24645,25227,582,0,GE-Phrase,204,23590,25583,1993,582,1.0,1055,-356
24645,25227,582,0,NTB,foi também,24645,25227,582,582,1.0,0,0
25227,26200,973,0,GE-Phrase,204,23590,25583,1993,356,0.366,1637,617
25227,26200,973,0,GE-Phrase,205,25583,27102,1519,617,0.634,-356,-902
25227,26200,973,0,NTB,a questão da procedência,25227,26200,973,973,1.0,0,0
26200,26302,102,0,GE-Phrase,205,25583,27102,1519,102,1.0,617,-800
26200,26302,102,0,NTB,né,26200,26302,102,102,1.0,0,0
26302,27144,842,0,GE-Phrase,205,25583,27102,1519,800,0.95,719,42
26302,27144,842,0,GE-Phrase,206,27102,28175,1073,42,0.05,-800,-1031
26302,27144,842,0,NTB,judaico-cristã,26302,27144,842,842,1.0,0,0
27144,28520,1376,0,GE-Phrase,206,27102,28175,1073,1031,0.749,42,345
27144,28520,1376,0,NTB,por muito tempo,27144,28520,1376,1376,1.0,0,0
43541,44810,1269,0,GE-Phrase,217,43251,44383,1132,842,0.664,290,427
43541,44810,1269,0,GE-Phrase,218,44383,47057,2674,427,0.336,-842,-2247
43541,44810,1269,0,NTB,porque você é filho de nũ sei o que,43541,44810,1269,1269,1.0,0,0
44810,45700,890,0,GE-Phrase,218,44383,47057,2674,890,1.0,427,-1357
44810,45700,890,0,NTB,seu erregê vem,44810,45700,890,890,1.0,0,0
45700,46309,609,0,GE-Phrase,218,44383,47057,2674,609,1.0,1317,-748
45700,46309,609,0,NTB,escrito isso,45700,46309,609,609,1.0,0,0
46309,47266,957,0,GE-Phrase,218,44383,47057,2674,748,0.782,1926,209
46309,47266,957,0,GE-Phrase,219,47057,48898,1841,209,0.218,-748,-1632
46309,47266,957,0,NTB,cê tem certidão de nascimento,46309,47266,957,957,1.0,0,0
12996,13465,469,0,NTB,digamos assim,12996,13465,469,469,1.0,0,0
13465,14522,1057,0,NTB,pelo que a gente tem de,13465,14522,1057,1057,1.0,0,0
14522,15590,1068,0,GE-Phrase,201,14551,15962,1411,1039,0.973,-29,-372
14522,15590,1068,0,NTB,crítica até hoje,14522,15590,1068,1068,1.0,0,0
15590,15763,173,0,GE-Phrase,201,14551,15962,1411,173,1.0,1039,-199
15590,15763,173,0,NTB,né,15590,15763,173,173,1.0,0,0
15763,17363,1600,0,GE-Phrase,201,14551,15962,1411,199,0.124,1212,1401
15763,17363,1600,0,NTB,que consegue entrever isso,15763,17363,1600,1600,1.0,0,0
23045,24645,1600,0,GE-Phrase,203,21244,23590,2346,545,0.341,1801,1055
23045,24645,1600,0,GE-Phrase,204,23590,25583,1993,1055,0.659,-545,-938
23045,24645,1600,0,NTB,como a gente sabe que na cultura hebraica,23045,24645,1600,1600,1.0,0,0
24645,25227,582,0,GE-Phrase,204,23590,25583,1993,582,1.0,1055,-356
24645,25227,582,0,NTB,foi também,24645,25227,582,582,1.0,0,0
25227,26200,973,0,GE-Phrase,204,23590,25583,1993,356,0.366,1637,617
25227,26200,973,0,GE-Phrase,205,25583,27102,1519,617,0.634,-356,-902
25227,26200,973,0,NTB,a questão da procedência,25227,26200,973,973,1.0,0,0
26200,26302,102,0,GE-Phrase,205,25583,27102,1519,102,1.0,617,-800
26200,26302,102,0,NTB,né,26200,26302,102,102,1.0,0,0
26302,27144,842,0,GE-Phrase,205,25583,27102,1519,800,0.95,719,42
26302,27144,842,0,GE-Phrase,206,27102,28175,1073,42,0.05,-800,-1031
26302,27144,842,0,NTB,judaico-cristã,26302,27144,842,842,1.0,0,0
27144,28520,1376,0,GE-Phrase,206,27102,28175,1073,1031,0.749,42,345
27144,28520,1376,0,NTB,por muito tempo,27144,28520,1376,1376,1.0,0,0
43541,44810,1269,0,GE-Phrase,217,43251,44383,1132,842,0.664,290,427
43541,44810,1269,0,GE-Phrase,218,44383,47057,2674,427,0.336,-842,-2247
43541,44810,1269,0,NTB,porque você é filho de nũ sei o que,43541,44810,1269,1269,1.0,0,0
44810,45700,890,0,GE-Phrase,218,44383,47057,2674,890,1.0,427,-1357
44810,45700,890,0,NTB,seu erregê vem,44810,45700,890,890,1.0,0,0
45700,46309,609,0,GE-Phrase,218,44383,47057,2674,609,1.0,1317,-748
45700,46309,609,0,NTB,escrito isso,45700,46309,609,609,1.0,0,0
46309,47266,957,0,GE-Phrase,218,44383,47057,2674,748,0.782,1926,209
46309,47266,957,0,GE-Phrase,219,47057,48898,1841,209,0.218,-748,-1632
46309,47266,957,0,NTB,cê tem certidão de nascimento,46309,47266,957,957,1.0,0,0
12996,13465,469,0,NTB,digamos assim,12996,13465,469,469,1.0,0,0
13465,14522,1057,0,NTB,pelo que a gente tem de,13465,14522,1057,1057,1.0,0,0
14522,15590,1068,0,GE-Phrase,201,14551,15962,1411,1039,0.973,-29,-372
14522,15590,1068,0,NTB,crítica até hoje,14522,15590,1068,1068,1.0,0,0
15590,15763,173,0,GE-Phrase,201,14551,15962,1411,173,1.0,1039,-199
15590,15763,173,0,NTB,né,15590,15763,173,173,1.0,0,0
15763,17363,1600,0,GE-Phrase,201,14551,15962,1411,199,0.124,1212,1401
15763,17363,1600,0,NTB,que consegue entrever isso,15763,17363,1600,1600,1.0,0,0
23045,24645,1600,0,GE-Phrase,203,21244,23590,2346,545,0.341,1801,1055
23045,24645,1600,0,GE-Phrase,204,23590,25583,1993,1055,0.659,-545,-938
23045,24645,1600,0,NTB,como a gente sabe que na cultura hebraica,23045,24645,1600,1600,1.0,0,0
24645,25227,582,0,GE-Phrase,204,23590,25583,1993,582,1.0,1055,-356
24645,25227,582,0,NTB,foi também,24645,25227,582,582,1.0,0,0
25227,26200,973,0,GE-Phrase,204,23590,25583,1993,356,0.366,1637,617
25227,26200,973,0,GE-Phrase,205,25583,27102,1519,617,0.634,-356,-902
25227,26200,973,0,NTB,a questão da procedência,25227,26200,973,973,1.0,0,0
26200,26302,102,0,GE-Phrase,205,25583,27102,1519,102,1.0,617,-800
26200,26302,102,0,NTB,né,26200,26302,102,102,1.0,0,0
26302,27144,842,0,GE-Phrase,205,25583,27102,1519,800,0.95,719,42
26302,27144,842,0,GE-Phrase,206,27102,28175,1073,42,0.05,-800,-1031
26302,27144,842,0,NTB,judaico-cristã,26302,27144,842,842,1.0,0,0
27144,28520,1376,0,GE-Phrase,206,27102,28175,1073,1031,0.749,42,345
27144,28520,1376,0,NTB,por muito tempo,27144,28520,1376,1376,1.0,0,0
43541,44810,1269,0,GE-Phrase,217,43251,44383,1132,842,0.664,290,427
43541,44810,1269,0,GE-Phrase,218,44383,47057,2674,427,0.336,-842,-2247
43541,44810,1269,0,NTB,porque você é filho de nũ sei o que,43541,44810,1269,1269,1.0,0,0
44810,45700,890,0,GE-Phrase,218,44383,47057,2674,890,1.0,427,-1357
44810,45700,890,0,NTB,seu erregê vem,44810,45700,890,890,1.0,0,0
45700,46309,609,0,GE-Phrase,218,44383,47057,2674,609,1.0,1317,-748
45700,46309,609,0,NTB,escrito isso,45700,46309,609,609,1.0,0,0
46309,47266,957,0,GE-Phrase,218,44383,47057,2674,748,0.782,1926,209
46309,47266,957,0,GE-Phrase,219,47057,48898,1841,209,0.218,-748,-1632
46309,47266,957,0,NTB,cê tem certidão de nascimento,46309,47266,957,957,1.0,0,0
12996,13465,469,0,NTB,digamos assim,12996,13465,469,469,1.0,0,0
13465,14522,1057,0,NTB,pelo que a gente tem de,13465,14522,1057,1057,1.0,0,0
14522,15590,1068,0,GE-Phrase,201,14551,15962,1411,1039,0.973,-29,-372
14522,15590,1068,0,NTB,crítica até hoje,14522,15590,1068,1068,1.0,0,0
15590,15763,173,0,GE-Phrase,201,14551,15962,1411,173,1.0,1039,-199
15590,15763,173,0,NTB,né,15590,15763,173,173,1.0,0,0
15763,17363,1600,0,GE-Phrase,201,14551,15962,1411,199,0.124,1212,1401
15763,17363,1600,0,NTB,que consegue entrever isso,15763,17363,1600,1600,1.0,0,0
23045,24645,1600,0,GE-Phrase,203,21244,23590,2346,545,0.341,1801,1055
23045,24645,1600,0,GE-Phrase,204,23590,25583,1993,1055,0.659,-545,-938
23045,24645,1600,0,NTB,como a gente sabe que na cultura hebraica,23045,24645,1600,1600,1.0,0,0
24645,25227,582,0,GE-Phrase,204,23590,25583,1993,582,1.0,1055,-356
24645,25227,582,0,NTB,foi também,24645,25227,582,582,1.0,0,0
25227,26200,973,0,GE-Phrase,204,23590,25583,1993,356,0.366,1637,617
25227,26200,973,0,GE-Phrase,205,25583,27102,1519,617,0.634,-356,-902
25227,26200,973,0,NTB,a questão da procedência,25227,26200,973,973,1.0,0,0
26200,26302,102,0,GE-Phrase,205,25583,27102,1519,102,1.0,617,-800
26200,26302,102,0,NTB,né,26200,26302,102,102,1.0,0,0
26302,27144,842,0,GE-Phrase,205,25583,27102,1519,800,0.95,719,42
26302,27144,842,0,GE-Phrase,206,27102,28175,1073,42,0.05,-800,-1031
26302,27144,842,0,NTB,judaico-cristã,26302,27144,842,842,1.0,0,0
27144,28520,1376,0,GE-Phrase,206,27102,28175,1073,1031,0.749,42,345
27144,28520,1376,0,NTB,por muito tempo,27144,28520,1376,1376,1.0,0,0
43541,44810,1269,0,GE-Phrase,217,43251,44383,1132,842,0.664,290,427
43541,44810,1269,0,GE-Phrase,218,44383,47057,2674,427,0.336,-842,-2247
43541,44810,1269,0,NTB,porque você é filho de nũ sei o que,43541,44810,1269,1269,1.0,0,0
44810,45700,890,0,GE-Phrase,218,44383,47057,2674,890,1.0,427,-1357
44810,45700,890,0,NTB,seu erregê vem,44810,45700,890,890,1.0,0,0
45700,46309,609,0,GE-Phrase,218,44383,47057,2674,609,1.0,1317,-748
45700,46309,609,0,NTB,escrito isso,45700,46309,609,609,1.0,0,0
46309,47266,957,0,GE-Phrase,218,44383,47057,2674,748,0.782,1926,209
46309,47266,957,0,GE-Phrase,219,47057,48898,1841,209,0.218,-748,-1632
46309,47266,957,0,NTB,cê tem certidão de nascimento,46309,47266,957,957,1.0,0,0
12996,13465,469,0,NTB,digamos assim,12996,13465,469,469,1.0,0,0
13465,14522,1057,0,NTB,pelo que a gente tem de,13465,14522,1057,1057,1.0,0,0
14522,15590,1068,0,GE-Phrase,201,14551,15962,1411,1039,0.973,-29,-372
14522,15590,1068,0,NTB,crítica até hoje,14522,15590,1068,1068,1.0,0,0
15590,15763,173,0,GE-Phrase,201,14551,15962,1411,173,1.0,1039,-199
15590,15763,173,0,NTB,né,15590,15763,173,173,1.0,0,0
15763,17363,1600,0,GE-Phrase,201,14551,15962,1411,199,0.124,1212,1401
15763,17363,1600,0,NTB,que consegue entrever isso,15763,17363,1600,1600,1.0,0,0
23045,24645,1600,0,GE-Phrase,203,21244,23590,2346,545,0.341,1801,1055
23045,24645,1600,0,GE-Phrase,204,23590,25583,1993,1055,0.659,-545,-938
23045,24645,1600,0,NTB,como a gente sabe que na cultura hebraica,23045,24645,1600,1600,1.0,0,0
24645,25227,582,0,GE-Phrase,204,23590,25583,1993,582,1.0,1055,-356
24645,25227,582,0,NTB,foi também,24645,25227,582,582,1.0,0,0
25227,26200,973,0,GE-Phrase,204,23590,25583,1993,356,0.366,1637,617
25227,26200,973,0,GE-Phrase,205,25583,27102,1519,617,0.634,-356,-902
25227,26200,973,0,NTB,a questão da procedência,25227,26200,973,973,1.0,0,0
26200,26302,102,0,GE-Phrase,205,25583,27102,1519,102,1.0,617,-800
26200,26302,102,0,NTB,né,26200,26302,102,102,1.0,0,0
26302,27144,842,0,GE-Phrase,205,25583,27102,1519,800,0.95,719,42
26302,27144,842,0,GE-Phrase,206,27102,28175,1073,42,0.05,-800,-1031
26302,27144,842,0,NTB,judaico-cristã,26302,27144,842,842,1.0,0,0
27144,28520,1376,0,GE-Phrase,206,27102,28175,1073,1031,0.749,42,345
27144,28520,1376,0,NTB,por muito tempo,27144,28520,1376,1376,1.0,0,0
43541,44810,1269,0,GE-Phrase,217,43251,44383,1132,842,0.664,290,427
43541,44810,1269,0,GE-Phrase,218,44383,47057,2674,427,0.336,-842,-2247
43541,44810,1269,0,NTB,porque você é filho de nũ sei o que,43541,44810,1269,1269,1.0,0,0
44810,45700,890,0,GE-Phrase,218,44383,47057,2674,890,1.0,427,-1357
44810,45700,890,0,NTB,seu erregê vem,44810,45700,890,890,1.0,0,0
45700,46309,609,0,GE-Phrase,218,44383,47057,2674,609,1.0,1317,-748
45700,46309,609,0,NTB,escrito isso,45700,46309,609,609,1.0,0,0
46309,47266,957,0,GE-Phrase,218,44383,47057,2674,748,0.782,1926,209
46309,47266,957,0,GE-Phrase,219,47057,48898,1841,209,0.218,-748,-1632
46309,47266,957,0,NTB,cê tem certidão de nascimento,46309,47266,957,957,1.0,0,0
12996,13465,469,0,NTB,digamos assim,12996,13465,469,469,1.0,0,0
13465,14522,1057,0,NTB,pelo que a gente tem de,13465,14522,1057,1057,1.0,0,0
14522,15590,1068,0,GE-Phrase,201,14551,15962,1411,1039,0.973,-29,-372
14522,15590,1068,0,NTB,crítica até hoje,14522,15590,1068,1068,1.0,0,0
15590,15763,173,0,GE-Phrase,201,14551,15962,1411,173,1.0,1039,-199
15590,15763,173,0,NTB,né,15590,15763,173,173,1.0,0,0
15763,17363,1600,0,GE-Phrase,201,14551,15962,1411,199,0.124,1212,1401
15763,17363,1600,0,NTB,que consegue entrever isso,15763,17363,1600,1600,1.0,0,0
23045,24645,1600,0,GE-Phrase,203,21244,23590,2346,545,0.341,1801,1055
23045,24645,1600,0,GE-Phrase,204,23590,25583,1993,1055,0.659,-545,-938
23045,24645,1600,0,NTB,como a gente sabe que na cultura hebraica,23045,24645,1600,1600,1.0,0,0
24645,25227,582,0,GE-Phrase,204,23590,25583,1993,582,1.0,1055,-356
24645,25227,582,0,NTB,foi também,24645,25227,582,582,1.0,0,0
25227,26200,973,0,GE-Phrase,204,23590,25583,1993,356,0.366,1637,617
25227,26200,973,0,GE-Phrase,205,25583,27102,1519,617,0.634,-356,-902
25227,26200,973,0,NTB,a questão da procedência,25227,26200,973,973,1.0,0,0
26200,26302,102,0,GE-Phrase,205,25583,27102,1519,102,1.0,617,-800
26200,26302,102,0,NTB,né,26200,26302,102,102,1.0,0,0
26302,27144,842,0,GE-Phrase,205,25583,27102,1519,800,0.95,719,42
26302,27144,842,0,GE-Phrase,206,27102,28175,1073,42,0.05,-800,-1031
26302,27144,842,0,NTB,judaico-cristã,26302,27144,842,842,1.0,0,0
27144,28520,1376,0,GE-Phrase,206,27102,28175,1073,1031,0.749,42,345
27144,28520,1376,0,NTB,por muito tempo,27144,28520,1376,1376,1.0,0,0
43541,44810,1269,0,GE-Phrase,217,43251,44383,1132,842,0.664,290,427
43541,44810,1269,0,GE-Phrase,218,44383,47057,2674,427,0.336,-842,-2247
43541,44810,1269,0,NTB,porque você é filho de nũ sei o que,43541,44810,1269,1269,1.0,0,0
44810,45700,890,0,GE-Phrase,218,44383,47057,2674,890,1.0,427,-1357
44810,45700,890,0,NTB,seu erregê vem,44810,45700,890,890,1.0,0,0
45700,46309,609,0,GE-Phrase,218,44383,47057,2674,609,1.0,1317,-748
45700,46309,609,0,NTB,escrito isso,45700,46309,609,609,1.0,0,0
46309,47266,957,0,GE-Phrase,218,44383,47057,2674,748,0.782,1926,209
46309,47266,957,0,GE-Phrase,219,47057,48898,1841,209,0.218,-748,-1632
46309,47266,957,0,NTB,cê tem certidão de nascimento,46309,47266,957,957,1.0,0,0
12996,13465,469,0,NTB,digamos assim,12996,13465,469,469,1.0,0,0
13465,14522,1057,0,NTB,pelo que a gente tem de,13465,14522,1057,1057,1.0,0,0
14522,15590,1068,0,GE-Phrase,201,14551,15962,1411,1039,0.973,-29,-372
14522,15590,1068,0,NTB,crítica até hoje,14522,15590,1068,1068,1.0,0,0
15590,15763,173,0,GE-Phrase,201,14551,15962,1411,173,1.0,1039,-199
15590,15763,173,0,NTB,né,15590,15763,173,173,1.0,0,0
15763,17363,1600,0,GE-Phrase,201,14551,15962,1411,199,0.124,1212,1401
15763,17363,1600,0,NTB,que consegue entrever isso,15763,17363,1600,1600,1.0,0,0
23045,24645,1600,0,GE-Phrase,203,21244,23590,2346,545,0.341,1801,1055
23045,24645,1600,0,GE-Phrase,204,23590,25583,1993,1055,0.659,-545,-938
23045,24645,1600,0,NTB,como a gente sabe que na cultura hebraica,23045,24645,1600,1600,1.0,0,0
24645,25227,582,0,GE-Phrase,204,23590,25583,1993,582,1.0,1055,-356
24645,25227,582,0,NTB,foi também,24645,25227,582,582,1.0,0,0
25227,26200,973,0,GE-Phrase,204,23590,25583,1993,356,0.366,1637,617
25227,26200,973,0,GE-Phrase,205,25583,27102,1519,617,0.634,-356,-902
25227,26200,973,0,NTB,a questão da procedência,25227,26200,973,973,1.0,0,0
26200,26302,102,0,GE-Phrase,205,25583,27102,1519,102,1.0,617,-800
26200,26302,102,0,NTB,né,26200,26302,102,102,1.0,0,0
26302,27144,842,0,GE-Phrase,205,25583,27102,1519,800,0.95,719,42
26302,27144,842,0,GE-Phrase,206,27102,28175,1073,42,0.05,-800,-1031
26302,27144,842,0,NTB,judaico-cristã,26302,27144,842,842,1.0,0,0
27144,28520,1376,0,GE-Phrase,206,27102,28175,1073,1031,0.749,42,345
27144,28520,1376,0,NTB,por muito tempo,27144,28520,1376,1376,1.0,0,0
43541,44810,1269,0,GE-Phrase,217,43251,44383,1132,842,0.664,290,427
43541,44810,1269,0,GE-Phrase,218,44383,47057,2674,427,0.336,-842,-2247
43541,44810,1269,0,NTB,porque você é filho de nũ sei o que,43541,44810,1269,1269,1.0,0,0
44810,45700,890,0,GE-Phrase,218,44383,47057,2674,890,1.0,427,-1357
44810,45700,890,0,NTB,seu erregê vem,44810,45700,890,890,1.0,0,0
45700,46309,609,0,GE-Phrase,218,44383,47057,2674,609,1.0,1317,-748
45700,46309,609,0,NTB,escrito isso,45700,46309,609,609,1.0,0,0
46309,47266,957,0,GE-Phrase,218,44383,47057,2674,748,0.782,1926,209
46309,47266,957,0,GE-Phrase,219,47057,48898,1841,209,0.218,-748,-1632
46309,47266,957,0,NTB,cê tem certidão de nascimento,46309,47266,957,957,1.0,0,0
12996,13465,469,0,NTB,digamos assim,12996,13465,469,469,1.0,0,0
13465,14522,1057,0,NTB,pelo que a gente tem de,13465,14522,1057,1057,1.0,0,0
14522,15590,1068,0,GE-Phrase,201,14551,15962,1411,1039,0.973,-29,-372
14522,15590,1068,0,NTB,crítica até hoje,14522,15590,1068,1068,1.0,0,0
15590,15763,173,0,GE-Phrase,201,14551,15962,1411,173,1.0,1039,-199
15590,15763,173,0,NTB,né,15590,15763,173,173,1.0,0,0
15763,17363,1600,0,GE-Phrase,201,14551,15962,1411,199,0.124,1212,1401
15763,17363,1600,0,NTB,que consegue entrever isso,15763,17363,1600,1600,1.0,0,0
23045,24645,1600,0,GE-Phrase,203,21244,23590,2346,545,0.341,1801,1055
23045,24645,1600,0,GE-Phrase,204,23590,25583,1993,1055,0.659,-545,-938
23045,24645,1600,0,NTB,como a gente sabe que na cultura hebraica,23045,24645,1600,1600,1.0,0,0
24645,25227,582,0,GE-Phrase,204,23590,25583,1993,582,1.0,1055,-356
24645,25227,582,0,NTB,foi também,24645,25227,582,582,1.0,0,0
25227,26200,973,0,GE-Phrase,204,23590,25583,1993,356,0.366,1637,617
25227,26200,973,0,GE-Phrase,205,25583,27102,1519,617,0.634,-356,-902
25227,26200,973,0,NTB,a questão da procedência,25227,26200,973,973,1.0,0,0
26200,26302,102,0,GE-Phrase,205,25583,27102,1519,102,1.0,617,-800
26200,26302,102,0,NTB,né,26200,26302,102,102,1.0,0,0
26302,27144,842,0,GE-Phrase,205,25583,27102,1519,800,0.95,719,42
26302,27144,842,0,GE-Phrase,206,27102,28175,1073,42,0.05,-800,-1031
26302,27144,842,0,NTB,judaico-cristã,26302,27144,842,842,1.0,0,0
27144,28520,1376,0,GE-Phrase,206,27102,28175,1073,1031,0.749,42,345
27144,28520,1376,0,NTB,por muito tempo,27144,28520,1376,1376,1.0,0,0
43541,44810,1269,0,GE-Phrase,217,43251,44383,1132,842,0.664,290,427
43541,44810,1269,0,GE-Phrase,218,44383,47057,2674,427,0.336,-842,-2247
43541,44810,1269,0,NTB,porque você é filho de nũ sei o que,43541,44810,1269,1269,1.0,0,0
44810,45700,890,0,GE-Phrase,218,44383,47057,2674,890,1.0,427,-1357
44810,45700,890,0,NTB,seu erregê vem,44810,45700,890,890,1.0,0,0
45700,46309,609,0,GE-Phrase,218,44383,47057,2674,609,1.0,1317,-748
45700,46309,609,0,NTB,escrito isso,45700,46309,609,609,1.0,0,0
46309,47266,957,0,GE-Phrase,218,44383,47057,2674,748,0.782,1926,209
46309,47266,957,0,GE-Phrase,219,47057,48898,1841,209,0.218,-748,-1632
46309,47266,957,0,NTB,cê tem certidão de nascimento,46309,47266,957,957,1.0,0,0
12996,13465,469,0,NTB,digamos assim,12996,13465,469,469,1.0,0,0
13465,14522,1057,0,NTB,pelo que a gente tem de,13465,14522,1057,1057,1.0,0,0
14522,15590,1068,0,GE-Phrase,201,14551,15962,1411,1039,0.973,-29,-372
14522,15590,1068,0,NTB,crítica até hoje,14522,15590,1068,1068,1.0,0,0
15590,15763,173,0,GE-Phrase,201,14551,15962,1411,173,1.0,1039,-199
15590,15763,173,0,NTB,né,15590,15763,173,173,1.0,0,0
15763,17363,1600,0,GE-Phrase,201,14551,15962,1411,199,0.124,1212,1401
15763,17363,1600,0,NTB,que consegue entrever isso,15763,17363,1600,1600,1.0,0,0
23045,24645,1600,0,GE-Phrase,203,21244,23590,2346,545,0.341,1801,1055
23045,24645,1600,0,GE-Phrase,204,23590,25583,1993,1055,0.659,-545,-938
23045,24645,1600,0,NTB,como a gente sabe que na cultura hebraica,23045,24645,1600,1600,1.0,0,0
24645,25227,582,0,GE-Phrase,204,23590,25583,1993,582,1.0,1055,-356
24645,25227,582,0,NTB,foi também,24645,25227,582,582,1.0,0,0
25227,26200,973,0,GE-Phrase,204,23590,25583,1993,356,0.366,1637,617
25227,26200,973,0,GE-Phrase,205,25583,27102,1519,617,0.634,-356,-902
25227,26200,973,0,NTB,a questão da procedência,25227,26200,973,973,1.0,0,0
26200,26302,102,0,GE-Phrase,205,25583,27102,1519,102,1.0,617,-800
26200,26302,102,0,NTB,né,26200,26302,102,102,1.0,0,0
26302,27144,842,0,GE-Phrase,205,25583,27102,1519,800,0.95,719,42
26302,27144,842,0,GE-Phrase,206,27102,28175,1073,42,0.05,-800,-1031
26302,27144,842,0,NTB,judaico-cristã,26302,27144,842,842,1.0,0,0
27144,28520,1376,0,GE-Phrase,206,27102,28175,1073,1031,0.749,42,345
27144,28520,1376,0,NTB,por muito tempo,27144,28520,1376,1376,1.0,0,0
43541,44810,1269,0,GE-Phrase,217,43251,44383,1132,842,0.664,290,427
43541,44810,1269,0,GE-Phrase,218,44383,47057,2674,427,0.336,-842,-2247
43541,44810,1269,0,NTB,porque você é filho de nũ sei o que,43541,44810,1269,1269,1.0,0,0
44810,45700,890,0,GE-Phrase,218,44383,47057,2674,890,1.0,427,-1357
44810,45700,890,0,NTB,seu erregê vem,44810,45700,890,890,1.0,0,0
45700,46309,609,0,GE-Phrase,218,44383,47057,2674,609,1.0,1317,-748
45700,46309,609,0,NTB,escrito isso,45700,46309,609,609,1.0,0,0
46309,47266,957,0,GE-Phrase,218,44383,47057,2674,748,0.782,1926,209
46309,47266,957,0,GE-Phrase,219,47057,48898,1841,209,0.218,-748,-1632
46309,47266,957,0,NTB,cê tem certidão de nascimento,46309,47266,957,957,1.0,0,0
12996,13465,469,0,NTB,digamos assim,12996,13465,469,469,1.0,0,0
13465,14522,1057,0,NTB,pelo que a gente tem de,13465,14522,1057,1057,1.0,0,0
14522,15590,1068,0,GE-Phrase,201,14551,15962,1411,1039,0.973,-29,-372
14522,15590,1068,0,NTB,crítica até hoje,14522,15590,1068,1068,1.0,0,0
15590,15763,173,0,GE-Phrase,201,14551,15962,1411,173,1.0,1039,-199
15590,15763,173,0,NTB,né,15590,15763,173,173,1.0,0,0
15763,17363,1600,0,GE-Phrase,201,14551,15962,1411,199,0.124,1212,1401
15763,17363,1600,0,NTB,que consegue entrever isso,15763,17363,1600,1600,1.0,0,0
23045,24645,1600,0,GE-Phrase,203,21244,23590,2346,545,0.341,1801,1055
23045,24645,1600,0,GE-Phrase,204,23590,25583,1993,1055,0.659,-545,-938
23045,24645,1600,0,NTB,como a gente sabe que na cultura hebraica,23045,24645,1600,1600,1.0,0,0
24645,25227,582,0,GE-Phrase,204,23590,25583,1993,582,1.0,1055,-356
24645,25227,582,0,NTB,foi também,24645,25227,582,582,1.0,0,0
25227,26200,973,0,GE-Phrase,204,23590,25583,1993,356,0.366,1637,617
25227,26200,973,0,GE-Phrase,205,25583,27102,1519,617,0.634,-356,-902
25227,26200,973,0,NTB,a questão da procedência,25227,26200,973,973,1.0,0,0
26200,26302,102,0,GE-Phrase,205,25583,27102,1519,102,1.0,617,-800
26200,26302,102,0,NTB,né,26200,26302,102,102,1.0,0,0
26302,27144,842,0,GE-Phrase,205,25583,27102,1519,800,0.95,719,42
26302,27144,842,0,GE-Phrase,206,27102,28175,1073,42,0.05,-800,-1031
26302,27144,842,0,NTB,judaico-cristã,26302,27144,842,842,1.0,0,0
27144,28520,1376,0,GE-Phrase,206,27102,28175,1073,1031,0.749,42,345
27144,28520,1376,0,NTB,por muito tempo,27144,28520,1376,1376,1.0,0,0
43541,44810,1269,0,GE-Phrase,217,43251,44383,1132,842,0.664,290,427
43541,44810,1269,0,GE-Phrase,218,44383,47057,2674,427,0.336,-842,-2247
43541,44810,1269,0,NTB,porque você é filho de nũ sei o que,43541,44810,1269,1269,1.0,0,0
44810,45700,890,0,GE-Phrase,218,44383,47057,2674,890,1.0,427,-1357
44810,45700,890,0,NTB,seu erregê vem,44810,45700,890,890,1.0,0,0
45700,46309,609,0,GE-Phrase,218,44383,47057,2674,609,1.0,1317,-748
45700,46309,609,0,NTB,escrito isso,45700,46309,609,609,1.0,0,0
46309,47266,957,0,GE-Phrase,218,44383,47057,2674,748,0.782,1926,209
46309,47266,957,0,GE-Phrase,219,47057,48898,1841,209,0.218,-748,-1632
46309,47266,957,0,NTB,cê tem certidão de nascimento,46309,47266,957,957,1.0,0,0
12996,13465,469,0,NTB,digamos assim,12996,13465,469,469,1.0,0,0
13465,14522,1057,0,NTB,pelo que a gente tem de,13465,14522,1057,1057,1.0,0,0
14522,15590,1068,0,GE-Phrase,201,14551,15962,1411,1039,0.973,-29,-372
14522,15590,1068,0,NTB,crítica até hoje,14522,15590,1068,1068,1.0,0,0
15590,15763,173,0,GE-Phrase,201,14551,15962,1411,173,1.0,1039,-199
15590,15763,173,0,NTB,né,15590,15763,173,173,1.0,0,0
15763,17363,1600,0,GE-Phrase,201,14551,15962,1411,199,0.124,1212,1401
15763,17363,1600,0,NTB,que consegue entrever isso,15763,17363,1600,1600,1.0,0,0
23045,24645,1600,0,GE-Phrase,203,21244,23590,2346,545,0.341,1801,1055
23045,24645,1600,0,GE-Phrase,204,23590,25583,1993,1055,0.659,-545,-938
23045,24645,1600,0,NTB,como a gente sabe que na cultura hebraica,23045,24645,1600,1600,1.0,0,0
24645,25227,582,0,GE-Phrase,204,23590,25583,1993,582,1.0,1055,-356
24645,25227,582,0,NTB,foi também,24645,25227,582,582,1.0,0,0
25227,26200,973,0,GE-Phrase,204,23590,25583,1993,356,0.366,1637,617
25227,26200,973,0,GE-Phrase,205,25583,27102,1519,617,0.634,-356,-902
25227,26200,973,0,NTB,a questão da procedência,25227,26200,973,973,1.0,0,0
26200,26302,102,0,GE-Phrase,205,25583,27102,1519,102,1.0,617,-800
26200,26302,102,0,NTB,né,26200,26302,102,102,1.0,0,0
26302,27144,842,0,GE-Phrase,205,25583,27102,1519,800,0.95,719,42
26302,27144,842,0,GE-Phrase,206,27102,28175,1073,42,0.05,-800,-1031
26302,27144,842,0,NTB,judaico-cristã,26302,27144,842,842,1.0,0,0
27144,28520,1376,0,GE-Phrase,206,27102,28175,1073,1031,0.749,42,345
27144,28520,1376,0,NTB,por muito tempo,27144,28520,1376,1376,1.0,0,0
43541,44810,1269,0,GE-Phrase,217,43251,44383,1132,842,0.664,290,427
43541,44810,1269,0,GE-Phrase,218,44383,47057,2674,427,0.336,-842,-2247
43541,44810,1269,0,NTB,porque você é filho de nũ sei o que,43541,44810,1269,1269,1.0,0,0
44810,45700,890,0,GE-Phrase,218,44383,47057,2674,890,1.0,427,-1357
44810,45700,890,0,NTB,seu erregê vem,44810,45700,890,890,1.0,0,0
45700,46309,609,0,GE-Phrase,218,44383,47057,2674,609,1.0,1317,-748
45700,46309,609,0,NTB,escrito isso,45700,46309,609,609,1.0,0,0
46309,47266,957,0,GE-Phrase,218,44383,47057,2674,748,0.782,1926,209
46309,47266,957,0,GE-Phrase,219,47057,48898,1841,209,0.218,-748,-1632
46309,47266,957,0,NTB,cê tem certidão de nascimento,46309,47266,957,957,1.0,0,0
12996,13465,469,0,NTB,digamos assim,12996,13465,469,469,1.0,0,0
13465,14522,1057,0,NTB,pelo que a gente tem de,13465,14522,1057,1057,1.0,0,0
14522,15590,1068,0,GE-Phrase,201,14551,15962,1411,1039,0.973,-29,-372
14522,15590,1068,0,NTB,crítica até hoje,14522,15590,1068,1068,1.0,0,0
15590,15763,173,0,GE-Phrase,201,14551,15962,1411,173,1.0,1039,-199
15590,15763,173,0,NTB,né,15590,15763,173,173,1.0,0,0
15763,17363,1600,0,GE-Phrase,201,14551,15962,1411,199,0.124,1212,1401
15763,17363,1600,0,NTB,que consegue entrever isso,15763,17363,1600,1600,1.0,0,0
23045,24645,1600,0,GE-Phrase,203,21244,23590,2346,545,0.341,1801,1055
23045,24645,1600,0,GE-Phrase,204,23590,25583,1993,1055,0.659,-545,-938
23045,24645,1600,0,NTB,como a gente sabe que na cultura hebraica,23045,24645,1600,1600,1.0,0,0
24645,25227,582,0,GE-Phrase,204,23590,25583,1993,582,1.0,1055,-356
24645,25227,582,0,NTB,foi também,24645,25227,582,582,1.0,0,0
25227,26200,973,0,GE-Phrase,204,23590,25583,1993,356,0.366,1637,617
25227,26200,973,0,GE-Phrase,205,25583,27102,1519,617,0.634,-356,-902
25227,26200,973,0,NTB,a questão da procedência,25227,26200,973,973,1.0,0,0
26200,26302,102,0,GE-Phrase,205,25583,27102,1519,102,1.0,617,-800
26200,26302,102,0,NTB,né,26200,26302,102,102,1.0,0,0
26302,27144,842,0,GE-Phrase,205,25583,27102,1519,800,0.95,719,42
26302,27144,842,0,GE-Phrase,206,27102,28175,1073,42,0.05,-800,-1031
26302,27144,842,0,NTB,judaico-cristã,26302,27144,842,842,1.0,0,0
27144,28520,1376,0,GE-Phrase,206,27102,28175,1073,1031,0.749,42,345
27144,28520,1376,0,NTB,por muito tempo,27144,28520,1376,1376,1.0,0,0
43541,44810,1269,0,GE-Phrase,217,43251,44383,1132,842,0.664,290,427
43541,44810,1269,0,GE-Phrase,218,44383,47057,2674,427,0.336,-842,-2247
43541,44810,1269,0,NTB,porque você é filho de nũ sei o que,43541,44810,1269,1269,1.0,0,0
44810,45700,890,0,GE-Phrase,218,44383,47057,2674,890,1.0,427,-1357
44810,45700,890,0,NTB,seu erregê vem,44810,45700,890,890,1.0,0,0
45700,46309,609,0,GE-Phrase,218,44383,47057,2674,609,1.0,1317,-748
45700,46309,609,0,NTB,escrito isso,45700,46309,609,609,1.0,0,0
46309,47266,957,0,GE-Phrase,218,44383,47057,2674,748,0.782,1926,209
46309,47266,957,0,GE-Phrase,219,47057,48898,1841,209,0.218,-748,-1632
46309,47266,957,0,NTB,cê tem certidão de nascimento,46309,47266,957,957,1.0,0,0
12996,13465,469,0,NTB,digamos assim,12996,13465,469,469,1.0,0,0
13465,14522,1057,0,NTB,pelo que a gente tem de,13465,14522,1057,1057,1.0,0,0
14522,15590,1068,0,GE-Phrase,201,14551,15962,1411,1039,0.973,-29,-372
14522,15590,1068,0,NTB,crítica até hoje,14522,15590,1068,1068,1.0,0,0
15590,15763,173,0,GE-Phrase,201,14551,15962,1411,173,1.0,1039,-199
15590,15763,173,0,NTB,né,15590,15763,173,173,1.0,0,0
15763,17363,1600,0,GE-Phrase,201,14551,15962,1411,199,0.124,1212,1401
15763,17363,1600,0,NTB,que consegue entrever isso,15763,17363,1600,1600,1.0,0,0
23045,24645,1600,0,GE-Phrase,203,21244,23590,2346,545,0.341,1801,1055
23045,24645,1600,0,GE-Phrase,204,23590,25583,1993,1055,0.659,-545,-938
23045,24645,1600,0,NTB,como a gente sabe que na cultura hebraica,23045,24645,1600,1600,1.0,0,0
24645,25227,582,0,GE-Phrase,204,23590,25583,1993,582,1.0,1055,-356
24645,25227,582,0,NTB,foi também,24645,25227,582,582,1.0,0,0
25227,26200,973,0,GE-Phrase,204,23590,25583,1993,356,0.366,1637,617
25227,26200,973,0,GE-Phrase,205,25583,27102,1519,617,0.634,-356,-902
25227,26200,973,0,NTB,a questão da procedência,25227,26200,973,973,1.0,0,0
26200,26302,102,0,GE-Phrase,205,25583,27102,1519,102,1.0,617,-800
26200,26302,102,0,NTB,né,26200,26302,102,102,1.0,0,0
26302,27144,842,0,GE-Phrase,205,25583,27102,1519,800,0.95,719,42
26302,27144,842,0,GE-Phrase,206,27102,28175,1073,42,0.05,-800,-1031
26302,27144,842,0,NTB,judaico-cristã,26302,27144,842,842,1.0,0,0
27144,28520,1376,0,GE-Phrase,206,27102,28175,1073,1031,0.749,42,345
27144,28520,1376,0,NTB,por muito tempo,27144,28520,1376,1376,1.0,0,0
43541,44810,1269,0,GE-Phrase,217,43251,44383,1132,842,0.664,290,427
43541,44810,1269,0,GE-Phrase,218,44383,47057,2674,427,0.336,-842,-2247
43541,44810,1269,0,NTB,porque você é filho de nũ sei o que,43541,44810,1269,1269,1.0,0,0
44810,45700,890,0,GE-Phrase,218,44383,47057,2674,890,1.0,427,-1357
44810,45700,890,0,NTB,seu erregê vem,44810,45700,890,890,1.0,0,0
45700,46309,609,0,GE-Phrase,218,44383,47057,2674,609,1.0,1317,-748
45700,46309,609,0,NTB,escrito isso,45700,46309,609,609,1.0,0,0
46309,47266,957,0,GE-Phrase,218,44383,47057,2674,748,0.782,1926,209
46309,47266,957,0,GE-Phrase,219,47057,48898,1841,209,0.218,-748,-1632
46309,47266,957,0,NTB,cê tem certidão de nascimento,46309,47266,957,957,1.0,0,0
12996,13465,469,0,NTB,digamos assim,12996,13465,469,469,1.0,0,0
13465,14522,1057,0,NTB,pelo que a gente tem de,13465,14522,1057,1057,1.0,0,0
14522,15590,1068,0,GE-Phrase,201,14551,15962,1411,1039,0.973,-29,-372
14522,15590,1068,0,NTB,crítica até hoje,14522,15590,1068,1068,1.0,0,0
15590,15763,173,0,GE-Phrase,201,14551,15962,1411,173,1.0,1039,-199
15590,15763,173,0,NTB,né,15590,15763,173,173,1.0,0,0
15763,17363,1600,0,GE-Phrase,201,14551,15962,1411,199,0.124,1212,1401
15763,17363,1600,0,NTB,que consegue entrever isso,15763,17363,1600,1600,1.0,0,0
23045,24645,1600,0,GE-Phrase,203,21244,23590,2346,545,0.341,1801,1055
23045,24645,1600,0,GE-Phrase,204,23590,25583,1993,1055,0.659,-545,-938
23045,24645,1600,0,NTB,como a gente sabe que na cultura hebraica,23045,24645,1600,1600,1.0,0,0
24645,25227,582,0,GE-Phrase,204,23590,25583,1993,582,1.0,1055,-356
24645,25227,582,0,NTB,foi também,24645,25227,582,582,1.0,0,0
25227,26200,973,0,GE-Phrase,204,23590,25583,1993,356,0.366,1637,617
25227,26200,973,0,GE-Phrase,205,25583,27102,1519,617,0.634,-356,-902
25227,26200,973,0,NTB,a questão da procedência,25227,26200,973,973,1.0,0,0
26200,26302,102,0,GE-Phrase,205,25583,27102,1519,102,1.0,617,-800
26200,26302,102,0,NTB,né,26200,26302,102,102,1.0,0,0
26302,27144,842,0,GE-Phrase,205,25583,27102,1519,800,0.95,719,42
26302,27144,842,0,GE-Phrase,206,27102,28175,1073,42,0.05,-800,-1031
26302,27144,842,0,NTB,judaico-cristã,26302,27144,842,842,1.0,0,0
27144,28520,1376,0,GE-Phrase,206,27102,28175,1073,1031,0.749,42,345
27144,28520,1376,0,NTB,por muito tempo,27144,28520,1376,1376,1.0,0,0
43541,44810,1269,0,GE-Phrase,217,43251,44383,1132,842,0.664,290,427
43541,44810,1269,0,GE-Phrase,218,44383,47057,2674,427,0.336,-842,-2247
43541,44810,1269,0,NTB,porque você é filho de nũ sei o que,43541,44810,1269,1269,1.0,0,0
44810,45700,890,0,GE-Phrase,218,44383,47057,2674,890,1.0,427,-1357
44810,45700,890,0,NTB,seu erregê vem,44810,45700,890,890,1.0,0,0
45700,46309,609,0,GE-Phrase,218,44383,47057,2674,609,1.0,1317,-748
45700,46309,609,0,NTB,escrito isso,45700,46309,609,609,1.0,0,0
46309,47266,957,0,GE-Phrase,218,44383,47057,2674,748,0.782,1926,209
46309,47266,957,0,GE-Phrase,219,47057,48898,1841,209,0.218,-748,-1632
46309,47266,957,0,NTB,cê tem certidão de nascimento,46309,47266,957,957,1.0,0,0
12996,13465,469,0,NTB,digamos assim,12996,13465,469,469,1.0,0,0
13465,14522,1057,0,NTB,pelo que a gente tem de,13465,14522,1057,1057,1.0,0,0
14522,15590,1068,0,GE-Phrase,201,14551,15962,1411,1039,0.973,-29,-372
14522,15590,1068,0,NTB,crítica até hoje,14522,15590,1068,1068,1.0,0,0
15590,15763,173,0,GE-Phrase,201,14551,15962,1411,173,1.0,1039,-199
15590,15763,173,0,NTB,né,15590,15763,173,173,1.0,0,0
15763,17363,1600,0,GE-Phrase,201,14551,15962,1411,199,0.124,1212,1401
15763,17363,1600,0,NTB,que consegue entrever isso,15763,17363,1600,1600,1.0,0,0
23045,24645,1600,0,GE-Phrase,203,21244,23590,2346,545,0.341,1801,1055
23045,24645,1600,0,GE-Phrase,204,23590,25583,1993,1055,0.659,-545,-938
23045,24645,1600,0,NTB,como a gente sabe que na cultura hebraica,23045,24645,1600,1600,1.0,0,0
24645,25227,582,0,GE-Phrase,204,23590,25583,1993,582,1.0,1055,-356
24645,25227,582,0,NTB,foi também,24645,25227,582,582,1.0,0,0
25227,26200,973,0,GE-Phrase,204,23590,25583,1993,356,0.366,1637,617
25227,26200,973,0,GE-Phrase,205,25583,27102,1519,617,0.634,-356,-902
25227,26200,973,0,NTB,a questão da procedência,25227,26200,973,973,1.0,0,0
26200,26302,102,0,GE-Phrase,205,25583,27102,1519,102,1.0,617,-800
26200,26302,102,0,NTB,né,26200,26302,102,102,1.0,0,0
26302,27144,842,0,GE-Phrase,205,25583,27102,1519,800,0.95,719,42
26302,27144,842,0,GE-Phrase,206,27102,28175,1073,42,0.05,-800,-1031
26302,27144,842,0,NTB,judaico-cristã,26302,27144,842,842,1.0,0,0
27144,28520,1376,0,GE-Phrase,206,27102,28175,1073,1031,0.749,42,345
27144,28520,1376,0,NTB,por muito tempo,27144,28520,1376,1376,1.0,0,0
43541,44810,1269,0,GE-Phrase,217,43251,44383,1132,842,0.664,290,427
43541,44810,1269,0,GE-Phrase,218,44383,47057,2674,427,0.336,-842,-2247
43541,44810,1269,0,NTB,porque você é filho de nũ sei o que,43541,44810,1269,1269,1.0,0,0
44810,45700,890,0,GE-Phrase,218,44383,47057,2674,890,1.0,427,-1357
44810,45700,890,0,NTB,seu erregê vem,44810,45700,890,890,1.0,0,0
45700,46309,609,0,GE-Phrase,218,44383,47057,2674,609,1.0,1317,-748
45700,46309,609,0,NTB,escrito isso,45700,46309,609,609,1.0,0,0
46309,47266,957,0,GE-Phrase,218,44383,47057,2674,748,0.782,1926,209
46309,47266,957,0,GE-Phrase,219,47057,48898,1841,209,0.218,-748,-1632
46309,47266,957,0,NTB,cê tem certidão de nascimento,46309,47266,957,957,1.0,0,0
12996,13465,469,0,NTB,digamos assim,12996,13465,469,469,1.0,0,0
13465,14522,1057,0,NTB,pelo que a gente tem de,13465,14522,1057,1057,1.0,0,0
14522,15590,1068,0,GE-Phrase,201,14551,15962,1411,1039,0.973,-29,-372
14522,15590,1068,0,NTB,crítica até hoje,14522,15590,1068,1068,1.0,0,0
15590,15763,173,0,GE-Phrase,201,14551,15962,1411,173,1.0,1039,-199
15590,15763,173,0,NTB,né,15590,15763,173,173,1.0,0,0
15763,17363,1600,0,GE-Phrase,201,14551,15962,1411,199,0.124,1212,1401
15763,17363,1600,0,NTB,que consegue entrever isso,15763,17363,1600,1600,1.0,0,0
23045,24645,1600,0,GE-Phrase,203,21244,23590,2346,545,0.341,1801,1055
23045,24645,1600,0,GE-Phrase,204,23590,25583,1993,1055,0.659,-545,-938
23045,24645,1600,0,NTB,como a gente sabe que na cultura hebraica,23045,24645,1600,1600,1.0,0,0
24645,25227,582,0,GE-Phrase,204,23590,25583,1993,582,1.0,1055,-356
24645,25227,582,0,NTB,foi também,24645,25227,582,582,1.0,0,0
25227,26200,973,0,GE-Phrase,204,23590,25583,1993,356,0.366,1637,617
25227,26200,973,0,GE-Phrase,205,25583,27102,1519,617,0.634,-356,-902
25227,26200,973,0,NTB,a questão da procedência,25227,26200,973,973,1.0,0,0
26200,26302,102,0,GE-Phrase,205,25583,27102,1519,102,1.0,617,-800
26200,26302,102,0,NTB,né,26200,26302,102,102,1.0,0,0
26302,27144,842,0,GE-Phrase,205,25583,27102,1519,800,0.95,719,42
26302,27144,842,0,GE-Phrase,206,27102,28175,1073,42,0.05,-800,-1031
26302,27144,842,0,NTB,judaico-cristã,26302,27144,842,842,1.0,0,0
27144,28520,1376,0,GE-Phrase,206,27102,28175,1073,1031,0.749,42,345
27144,28520,1376,0,NTB,por muito tempo,27144,28520,1376,1376,1.0,0,0
43541,44810,1269,0,GE-Phrase,217,43251,44383,1132,842,0.664,290,427
43541,44810,1269,0,GE-Phrase,218,44383,47057,2674,427,0.336,-842,-2247
43541,44810,1269,0,NTB,porque você é filho de nũ sei o que,43541,44810,1269,1269,1.0,0,0
44810,45700,890,0,GE-Phrase,218,44383,47057,2674,890,1.0,427,-1357
44810,45700,890,0,NTB,seu erregê vem,44810,45700,890,890,1.0,0,0
45700,46309,609,0,GE-Phrase,218,44383,47057,2674,609,1.0,1317,-748
45700,46309,609,0,NTB,escrito isso,45700,46309,609,609,1.0,0,0
46309,47266,957,0,GE-Phrase,218,44383,47057,2674,748,0.782,1926,209
46309,47266,957,0,GE-Phrase,219,47057,48898,1841,209,0.218,-748,-1632
46309,47266,957,0,NTB,cê tem certidão de nascimento,46309,47266,957,957,1.0,0,0
12996,13465,469,0,NTB,digamos assim,12996,13465,469,469,1.0,0,0
13465,14522,1057,0,NTB,pelo que a gente tem de,13465,14522,1057,1057,1.0,0,0
14522,15590,1068,0,GE-Phrase,201,14551,15962,1411,1039,0.973,-29,-372
14522,15590,1068,0,NTB,crítica até hoje,14522,15590,1068,1068,1.0,0,0
15590,15763,173,0,GE-Phrase,201,14551,15962,1411,173,1.0,1039,-199
15590,15763,173,0,NTB,né,15590,15763,173,173,1.0,0,0
15763,17363,1600,0,GE-Phrase,201,14551,15962,1411,199,0.124,1212,1401
15763,17363,1600,0,NTB,que consegue entrever isso,15763,17363,1600,1600,1.0,0,0
23045,24645,1600,0,GE-Phrase,203,21244,23590,2346,545,0.341,1801,1055
23045,24645,1600,0,GE-Phrase,204,23590,25583,1993,1055,0.659,-545,-938
23045,24645,1600,0,NTB,como a gente sabe que na cultura hebraica,23045,24645,1600,1600,1.0,0,0
24645,25227,582,0,GE-Phrase,204,23590,25583,1993,582,1.0,1055,-356
24645,25227,582,0,NTB,foi também,24645,25227,582,582,1.0,0,0
25227,26200,973,0,GE-Phrase,204,23590,25583,1993,356,0.366,1637,617
25227,26200,973,0,GE-Phrase,205,25583,27102,1519,617,0.634,-356,-902
25227,26200,973,0,NTB,a questão da procedência,25227,26200,973,973,1.0,0,0
26200,26302,102,0,GE-Phrase,205,25583,27102,1519,102,1.0,617,-800
26200,26302,102,0,NTB,né,26200,26302,102,102,1.0,0,0
26302,27144,842,0,GE-Phrase,205,25583,27102,1519,800,0.95,719,42
26302,27144,842,0,GE-Phrase,206,27102,28175,1073,42,0.05,-800,-1031
26302,27144,842,0,NTB,judaico-cristã,26302,27144,842,842,1.0,0,0
27144,28520,1376,0,GE-Phrase,206,27102,28175,1073,1031,0.749,42,345
27144,28520,1376,0,NTB,por muito tempo,27144,28520,1376,1376,1.0,0,0
43541,44810,1269,0,GE-Phrase,217,43251,44383,1132,842,0.664,290,427
43541,44810,1269,0,GE-Phrase,218,44383,47057,2674,427,0.336,-842,-2247
43541,44810,1269,0,NTB,porque você é filho de nũ sei o que,43541,44810,1269,1269,1.0,0,0
44810,45700,890,0,GE-Phrase,218,44383,47057,2674,890,1.0,427,-1357
44810,45700,890,0,NTB,seu erregê vem,44810,45700,890,890,1.0,0,0
45700,46309,609,0,GE-Phrase,218,44383,47057,2674,609,1.0,1317,-748
45700,46309,609,0,NTB,escrito isso,45700,46309,609,609,1.0,0,0
46309,47266,957,0,GE-Phrase,218,44383,47057,2674,748,0.782,1926,209
46309,47266,957,0,GE-Phrase,219,47057,48898,1841,209,0.218,-748,-1632
46309,47266,957,0,NTB,cê tem certidão de nascimento,46309,47266,957,957,1.0,0,0
12996,13465,469,0,NTB,digamos assim,12996,13465,469,469,1.0,0,0
13465,14522,1057,0,NTB,pelo que a gente tem de,13465,14522,1057,1057,1.0,0,0
14522,15590,1068,0,GE-Phrase,201,14551,15962,1411,1039,0.973,-29,-372
14522,15590,1068,0,NTB,crítica até hoje,14522,15590,1068,1068,1.0,0,0
15590,15763,173,0,GE-Phrase,201,14551,15962,1411,173,1.0,1039,-199
15590,15763,173,0,NTB,né,15590,15763,173,173,1.0,0,0
15763,17363,1600,0,GE-Phrase,201,14551,15962,1411,199,0.124,1212,1401
15763,17363,1600,0,NTB,que consegue entrever isso,15763,17363,1600,1600,1.0,0,0
23045,24645,1600,0,GE-Phrase,203,21244,23590,2346,545,0.341,1801,1055
23045,24645,1600,0,GE-Phrase,204,23590,25583,1993,1055,0.659,-545,-938
23045,24645,1600,0,NTB,como a gente sabe que na cultura hebraica,23045,24645,1600,1600,1.0,0,0
24645,25227,582,0,GE-Phrase,204,23590,25583,1993,582,1.0,1055,-356
24645,25227,582,0,NTB,foi também,24645,25227,582,582,1.0,0,0
25227,26200,973,0,GE-Phrase,204,23590,25583,1993,356,0.366,1637,617
25227,26200,973,0,GE-Phrase,205,25583,27102,1519,617,0.634,-356,-902
25227,26200,973,0,NTB,a questão da procedência,25227,26200,973,973,1.0,0,0
26200,26302,102,0,GE-Phrase,205,25583,27102,1519,102,1.0,617,-800
26200,26302,102,0,NTB,né,26200,26302,102,102,1.0,0,0
26302,27144,842,0,GE-Phrase,205,25583,27102,1519,800,0.95,719,42
26302,27144,842,0,GE-Phrase,206,27102,28175,1073,42,0.05,-800,-1031
26302,27144,842,0,NTB,judaico-cristã,26302,27144,842,842,1.0,0,0
27144,28520,1376,0,GE-Phrase,206,27102,28175,1073,1031,0.749,42,345
27144,28520,1376,0,NTB,por muito tempo,27144,28520,1376,1376,1.0,0,0
43541,44810,1269,0,GE-Phrase,217,43251,44383,1132,842,0.664,290,427
43541,44810,1269,0,GE-Phrase,218,44383,47057,2674,427,0.336,-842,-2247
43541,44810,1269,0,NTB,porque você é filho de nũ sei o que,43541,44810,1269,1269,1.0,0,0
44810,45700,890,0,GE-Phrase,218,44383,47057,2674,890,1.0,427,-1357
44810,45700,890,0,NTB,seu erregê vem,44810,45700,890,890,1.0,0,0
45700,46309,609,0,GE-Phrase,218,44383,47057,2674,609,1.0,1317,-748
45700,46309,609,0,NTB,escrito isso,45700,46309,609,609,1.0,0,0
46309,47266,957,0,GE-Phrase,218,44383,47057,2674,748,0.782,1926,209
46309,47266,957,0,GE-Phrase,219,47057,48898,1841,209,0.218,-748,-1632
46309,47266,957,0,NTB,cê tem certidão de nascimento,46309,47266,957,957,1.0,0,0
12996,13465,469,0,NTB,digamos assim,12996,13465,469,469,1.0,0,0
13465,14522,1057,0,NTB,pelo que a gente tem de,13465,14522,1057,1057,1.0,0,0
14522,15590,1068,0,GE-Phrase,201,14551,15962,1411,1039,0.973,-29,-372
14522,15590,1068,0,NTB,crítica até hoje,14522,15590,1068,1068,1.0,0,0
15590,15763,173,0,GE-Phrase,201,14551,15962,1411,173,1.0,1039,-199
15590,15763,173,0,NTB,né,15590,15763,173,173,1.0,0,0
15763,17363,1600,0,GE-Phrase,201,14551,15962,1411,199,0.124,1212,1401
15763,17363,1600,0,NTB,que consegue entrever isso,15763,17363,1600,1600,1.0,0,0
23045,24645,1600,0,GE-Phrase,203,21244,23590,2346,545,0.341,1801,1055
23045,24645,1600,0,GE-Phrase,204,23590,25583,1993,1055,0.659,-545,-938
23045,24645,1600,0,NTB,como a gente sabe que na cultura hebraica,23045,24645,1600,1600,1.0,0,0
24645,25227,582,0,GE-Phrase,204,23590,25583,1993,582,1.0,1055,-356
24645,25227,582,0,NTB,foi também,24645,25227,582,582,1.0,0,0
25227,26200,973,0,GE-Phrase,204,23590,25583,1993,356,0.366,1637,617
25227,26200,973,0,GE-Phrase,205,25583,27102,1519,617,0.634,-356,-902
25227,26200,973,0,NTB,a questão da procedência,25227,26200,973,973,1.0,0,0
26200,26302,102,0,GE-Phrase,205,25583,27102,1519,102,1.0,617,-800
26200,26302,102,0,NTB,né,26200,26302,102,102,1.0,0,0
26302,27144,842,0,GE-Phrase,205,25583,27102,1519,800,0.95,719,42
26302,27144,842,0,GE-Phrase,206,27102,28175,1073,42,0.05,-800,-1031
26302,27144,842,0,NTB,judaico-cristã,26302,27144,842,842,1.0,0,0
27144,28520,1376,0,GE-Phrase,206,27102,28175,1073,1031,0.749,42,345
27144,28520,1376,0,NTB,por muito tempo,27144,28520,1376,1376,1.0,0,0
43541,44810,1269,0,GE-Phrase,217,43251,44383,1132,842,0.664,290,427
43541,44810,1269,0,GE-Phrase,218,44383,47057,2674,427,0.336,-842,-2247
43541,44810,1269,0,NTB,porque você é filho de nũ sei o que,43541,44810,1269,1269,1.0,0,0
44810,45700,890,0,GE-Phrase,218,44383,47057,2674,890,1.0,427,-1357
44810,45700,890,0,NTB,seu erregê vem,44810,45700,890,890,1.0,0,0
45700,46309,609,0,GE-Phrase,218,44383,47057,2674,609,1.0,1317,-748
45700,46309,609,0,NTB,escrito isso,45700,46309,609,609,1.0,0,0
46309,47266,957,0,GE-Phrase,218,44383,47057,2674,748,0.782,1926,209
46309,47266,957,0,GE-Phrase,219,47057,48898,1841,209,0.218,-748,-1632
46309,47266,957,0,NTB,cê tem certidão de nascimento,46309,47266,957,957,1.0,0,0
12996,13465,469,0,NTB,digamos assim,12996,13465,469,469,1.0,0,0
13465,14522,1057,0,NTB,pelo que a gente tem de,13465,14522,1057,1057,1.0,0,0
14522,15590,1068,0,GE-Phrase,201,14551,15962,1411,1039,0.973,-29,-372
14522,15590,1068,0,NTB,crítica até hoje,14522,15590,1068,1068,1.0,0,0
15590,15763,173,0,GE-Phrase,201,14551,15962,1411,173,1.0,1039,-199
15590,15763,173,0,NTB,né,15590,15763,173,173,1.0,0,0
15763,17363,1600,0,GE-Phrase,201,14551,15962,1411,199,0.124,1212,1401
15763,17363,1600,0,NTB,que consegue entrever isso,15763,17363,1600,1600,1.0,0,0
23045,24645,1600,0,GE-Phrase,203,21244,23590,2346,545,0.341,1801,1055
23045,24645,1600,0,GE-Phrase,204,23590,25583,1993,1055,0.659,-545,-938
23045,24645,1600,0,NTB,como a gente sabe que na cultura hebraica,23045,24645,1600,1600,1.0,0,0
24645,25227,582,0,GE-Phrase,204,23590,25583,1993,582,1.0,1055,-356
24645,25227,582,0,NTB,foi também,24645,25227,582,582,1.0,0,0
25227,26200,973,0,GE-Phrase,204,23590,25583,1993,356,0.366,1637,617
25227,26200,973,0,GE-Phrase,205,25583,27102,1519,617,0.634,-356,-902
25227,26200,973,0,NTB,a questão da procedência,25227,26200,973,973,1.0,0,0
26200,26302,102,0,GE-Phrase,205,25583,27102,1519,102,1.0,617,-800
26200,26302,102,0,NTB,né,26200,26302,102,102,1.0,0,0
26302,27144,842,0,GE-Phrase,205,25583,27102,1519,800,0.95,719,42
26302,27144,842,0,GE-Phrase,206,27102,28175,1073,42,0.05,-800,-1031
26302,27144,842,0,NTB,judaico-cristã,26302,27144,842,842,1.0,0,0
27144,28520,1376,0,GE-Phrase,206,27102,28175,1073,1031,0.749,42,345
27144,28520,1376,0,NTB,por muito tempo,27144,28520,1376,1376,1.0,0,0
43541,44810,1269,0,GE-Phrase,217,43251,44383,1132,842,0.664,290,427
43541,44810,1269,0,GE-Phrase,218,44383,47057,2674,427,0.336,-842,-2247
43541,44810,1269,0,NTB,porque você é filho de nũ sei o que,43541,44810,1269,1269,1.0,0,0
44810,45700,890,0,GE-Phrase,218,44383,47057,2674,890,1.0,427,-1357
44810,45700,890,0,NTB,seu erregê vem,44810,45700,890,890,1.0,0,0
45700,46309,609,0,GE-Phrase,218,44383,47057,2674,609,1.0,1317,-748
45700,46309,609,0,NTB,escrito isso,45700,46309,609,609,1.0,0,0
46309,47266,957,0,GE-Phrase,218,44383,47057,2674,748,0.782,1926,209
46309,47266,957,0,GE-Phrase,219,47057,48898,1841,209,0.218,-748,-1632
46309,47266,957,0,NTB,cê tem certidão de nascimento,46309,47266,957,957,1.0,0,0
12996,13465,469,0,NTB,digamos assim,12996,13465,469,469,1.0,0,0
13465,14522,1057,0,NTB,pelo que a gente tem de,13465,14522,1057,1057,1.0,0,0
14522,15590,1068,0,GE-Phrase,201,14551,15962,1411,1039,0.973,-29,-372
14522,15590,1068,0,NTB,crítica até hoje,14522,15590,1068,1068,1.0,0,0
15590,15763,173,0,GE-Phrase,201,14551,15962,1411,173,1.0,1039,-199
15590,15763,173,0,NTB,né,15590,15763,173,173,1.0,0,0
15763,17363,1600,0,GE-Phrase,201,14551,15962,1411,199,0.124,1212,1401
15763,17363,1600,0,NTB,que consegue entrever isso,15763,17363,1600,1600,1.0,0,0
23045,24645,1600,0,GE-Phrase,203,21244,23590,2346,545,0.341,1801,1055
23045,24645,1600,0,GE-Phrase,204,23590,25583,1993,1055,0.659,-545,-938
23045,24645,1600,0,NTB,como a gente sabe que na cultura hebraica,23045,24645,1600,1600,1.0,0,0
24645,25227,582,0,GE-Phrase,204,23590,25583,1993,582,1.0,1055,-356
24645,25227,582,0,NTB,foi também,24645,25227,582,582,1.0,0,0
25227,26200,973,0,GE-Phrase,204,23590,25583,1993,356,0.366,1637,617
25227,26200,973,0,GE-Phrase,205,25583,27102,1519,617,0.634,-356,-902
25227,26200,973,0,NTB,a questão da procedência,25227,26200,973,973,1.0,0,0
26200,26302,102,0,GE-Phrase,205,25583,27102,1519,102,1.0,617,-800
26200,26302,102,0,NTB,né,26200,26302,102,102,1.0,0,0
26302,27144,842,0,GE-Phrase,205,25583,27102,1519,800,0.95,719,42
26302,27144,842,0,GE-Phrase,206,27102,28175,1073,42,0.05,-800,-1031
26302,27144,842,0,NTB,judaico-cristã,26302,27144,842,842,1.0,0,0
27144,28520,1376,0,GE-Phrase,206,27102,28175,1073,1031,0.749,42,345
27144,28520,1376,0,NTB,por muito tempo,27144,28520,1376,1376,1.0,0,0
43541,44810,1269,0,GE-Phrase,217,43251,44383,1132,842,0.664,290,427
43541,44810,1269,0,GE-Phrase,218,44383,47057,2674,427,0.336,-842,-2247
43541,44810,1269,0,NTB,porque você é filho de nũ sei o que,43541,44810,1269,1269,1.0,0,0
44810,45700,890,0,GE-Phrase,218,44383,47057,2674,890,1.0,427,-1357
44810,45700,890,0,NTB,seu erregê vem,44810,45700,890,890,1.0,0,0
45700,46309,609,0,GE-Phrase,218,44383,47057,2674,609,1.0,1317,-748
45700,46309,609,0,NTB,escrito isso,45700,46309,609,609,1.0,0,0
46309,47266,957,0,GE-Phrase,218,44383,47057,2674,748,0.782,1926,209
46309,47266,957,0,GE-Phrase,219,47057,48898,1841,209,0.218,-748,-1632
46309,47266,957,0,NTB,cê tem certidão de nascimento,46309,47266,957,957,1.0,0,0
12996,13465,469,0,NTB,digamos assim,12996,13465,469,469,1.0,0,0
13465,14522,1057,0,NTB,pelo que a gente tem de,13465,14522,1057,1057,1.0,0,0
14522,15590,1068,0,GE-Phrase,201,14551,15962,1411,1039,0.973,-29,-372
14522,15590,1068,0,NTB,crítica até hoje,14522,15590,1068,1068,1.0,0,0
15590,15763,173,0,GE-Phrase,201,14551,15962,1411,173,1.0,1039,-199
15590,15763,173,0,NTB,né,15590,15763,173,173,1.0,0,0
15763,17363,1600,0,GE-Phrase,201,14551,15962,1411,199,0.124,1212,1401
15763,17363,1600,0,NTB,que consegue entrever isso,15763,17363,1600,1600,1.0,0,0
23045,24645,1600,0,GE-Phrase,203,21244,23590,2346,545,0.341,1801,1055
23045,24645,1600,0,GE-Phrase,204,23590,25583,1993,1055,0.659,-545,-938
23045,24645,1600,0,NTB,como a gente sabe que na cultura hebraica,23045,24645,1600,1600,1.0,0,0
24645,25227,582,0,GE-Phrase,204,23590,25583,1993,582,1.0,1055,-356
24645,25227,582,0,NTB,foi também,24645,25227,582,582,1.0,0,0
25227,26200,973,0,GE-Phrase,204,23590,25583,1993,356,0.366,1637,617
25227,26200,973,0,GE-Phrase,205,25583,27102,1519,617,0.634,-356,-902
25227,26200,973,0,NTB,a questão da procedência,25227,26200,973,973,1.0,0,0
26200,26302,102,0,GE-Phrase,205,25583,27102,1519,102,1.0,617,-800
26200,26302,102,0,NTB,né,26200,26302,102,102,1.0,0,0
26302,27144,842,0,GE-Phrase,205,25583,27102,1519,800,0.95,719,42
26302,27144,842,0,GE-Phrase,206,27102,28175,1073,42,0.05,-800,-1031
26302,27144,842,0,NTB,judaico-cristã,26302,27144,842,842,1.0,0,0
27144,28520,1376,0,GE-Phrase,206,27102,28175,1073,1031,0.749,42,345
27144,28520,1376,0,NTB,por muito tempo,27144,28520,1376,1376,1.0,0,0
43541,44810,1269,0,GE-Phrase,217,43251,44383,1132,842,0.664,290,427
43541,44810,1269,0,GE-Phrase,218,44383,47057,2674,427,0.336,-842,-2247
43541,44810,1269,0,NTB,porque você é filho de nũ sei o que,43541,44810,1269,1269,1.0,0,0
44810,45700,890,0,GE-Phrase,218,44383,47057,2674,890,1.0,427,-1357
44810,45700,890,0,NTB,seu erregê vem,44810,45700,890,890,1.0,0,0
45700,46309,609,0,GE-Phrase,218,44383,47057,2674,609,1.0,1317,-748
45700,46309,609,0,NTB,escrito isso,45700,46309,609,609,1.0,0,0
46309,47266,957,0,GE-Phrase,218,44383,47057,2674,748,0.782,1926,209
46309,47266,957,0,GE-Phrase,219,47057,48898,1841,209,0.218,-748,-1632
46309,47266,957,0,NTB,cê tem certidão de nascimento,46309,47266,957,957,1.0,0,0
12996,13465,469,0,NTB,digamos assim,12996,13465,469,469,1.0,0,0
13465,14522,1057,0,NTB,pelo que a gente tem de,13465,14522,1057,1057,1.0,0,0
14522,15590,1068,0,GE-Phrase,201,14551,15962,1411,1039,0.973,-29,-372
14522,15590,1068,0,NTB,crítica até hoje,14522,15590,1068,1068,1.0,0,0
15590,15763,173,0,GE-Phrase,201,14551,15962,1411,173,1.0,1039,-199
15590,15763,173,0,NTB,né,15590,15763,173,173,1.0,0,0
15763,17363,1600,0,GE-Phrase,201,14551,15962,1411,199,0.124,1212,1401
15763,17363,1600,0,NTB,que consegue entrever isso,15763,17363,1600,1600,1.0,0,0
23045,24645,1600,0,GE-Phrase,203,21244,23590,2346,545,0.341,1801,1055
23045,24645,1600,0,GE-Phrase,204,23590,25583,1993,1055,0.659,-545,-938
23045,24645,1600,0,NTB,como a gente sabe que na cultura hebraica,23045,24645,1600,1600,1.0,0,0
24645,25227,582,0,GE-Phrase,204,23590,25583,1993,582,1.0,1055,-356
24645,25227,582,0,NTB,foi também,24645,25227,582,582,1.0,0,0
25227,26200,973,0,GE-Phrase,204,23590,25583,1993,356,0.366,1637,617
25227,26200,973,0,GE-Phrase,205,25583,27102,1519,617,0.634,-356,-902
25227,26200,973,0,NTB,a questão da procedência,25227,26200,973,973,1.0,0,0
26200,26302,102,0,GE-Phrase,205,25583,27102,1519,102,1.0,617,-800
26200,26302,102,0,NTB,né,26200,26302,102,102,1.0,0,0
26302,27144,842,0,GE-Phrase,205,25583,27102,1519,800,0.95,719,42
26302,27144,842,0,GE-Phrase,206,27102,28175,1073,42,0.05,-800,-1031
26302,27144,842,0,NTB,judaico-cristã,26302,27144,842,842,1.0,0,0
27144,28520,1376,0,GE-Phrase,206,27102,28175,1073,1031,0.749,42,345
27144,28520,1376,0,NTB,por muito tempo,27144,28520,1376,1376,1.0,0,0
43541,44810,1269,0,GE-Phrase,217,43251,44383,1132,842,0.664,290,427
43541,44810,1269,0,GE-Phrase,218,44383,47057,2674,427,0.336,-842,-2247
43541,44810,1269,0,NTB,porque você é filho de nũ sei o que,43541,44810,1269,1269,1.0,0,0
44810,45700,890,0,GE-Phrase,218,44383,47057,2674,890,1.0,427,-1357
44810,45700,890,0,NTB,seu erregê vem,44810,45700,890,890,1.0,0,0
45700,46309,609,0,GE-Phrase,218,44383,47057,2674,609,1.0,1317,-748
45700,46309,609,0,NTB,escrito isso,45700,46309,609,609,1.0,0,0
46309,47266,957,0,GE-Phrase,218,44383,47057,2674,748,0.782,1926,209
46309,47266,957,0,GE-Phrase,219,47057,48898,1841,209,0.218,-748,-1632
46309,47266,957,0,NTB,cê tem certidão de nascimento,46309,47266,957,957,1.0,0,0
12996,13465,469,0,NTB,digamos assim,12996,13465,469,469,1.0,0,0
13465,14522,1057,0,NTB,pelo que a gente tem de,13465,14522,1057,1057,1.0,0,0
14522,15590,1068,0,GE-Phrase,201,14551,15962,1411,1039,0.973,-29,-372
14522,15590,1068,0,NTB,crítica até hoje,14522,15590,1068,1068,1.0,0,0
15590,15763,173,0,GE-Phrase,201,14551,15962,1411,173,1.0,1039,-199
15590,15763,173,0,NTB,né,15590,15763,173,173,1.0,0,0
15763,17363,1600,0,GE-Phrase,201,14551,15962,1411,199,0.124,1212,1401
15763,17363,1600,0,NTB,que consegue entrever isso,15763,17363,1600,1600,1.0,0,0
23045,24645,1600,0,GE-Phrase,203,21244,23590,2346,545,0.341,1801,1055
23045,24645,1600,0,GE-Phrase,204,23590,25583,1993,1055,0.659,-545,-938
23045,24645,1600,0,NTB,como a gente sabe que na cultura hebraica,23045,24645,1600,1600,1.0,0,0
24645,25227,582,0,GE-Phrase,204,23590,25583,1993,582,1.0,1055,-356
24645,25227,582,0,NTB,foi também,24645,25227,582,582,1.0,0,0
25227,26200,973,0,GE-Phrase,204,23590,25583,1993,356,0.366,1637,617
25227,26200,973,0,GE-Phrase,205,25583,27102,1519,617,0.634,-356,-902
25227,26200,973,0,NTB,a questão da procedência,25227,26200,973,973,1.0,0,0
26200,26302,102,0,GE-Phrase,205,25583,27102,1519,102,1.0,617,-800
26200,26302,102,0,NTB,né,26200,26302,102,102,1.0,0,0
26302,27144,842,0,GE-Phrase,205,25583,27102,1519,800,0.95,719,42
26302,27144,842,0,GE-Phrase,206,27102,28175,1073,42,0.05,-800,-1031
26302,27144,842,0,NTB,judaico-cristã,26302,27144,842,842,1.0,0,0
27144,28520,1376,0,GE-Phrase,206,27102,28175,1073,1031,0.749,42,345
27144,28520,1376,0,NTB,por muito tempo,27144,28520,1376,1376,1.0,0,0
43541,44810,1269,0,GE-Phrase,217,43251,44383,1132,842,0.664,290,427
43541,44810,1269,0,GE-Phrase,218,44383,47057,2674,427,0.336,-842,-2247
43541,44810,1269,0,NTB,porque você é filho de nũ sei o que,43541,44810,1269,1269,1.0,0,0
44810,45700,890,0,GE-Phrase,218,44383,47057,2674,890,1.0,427,-1357
44810,45700,890,0,NTB,seu erregê vem,44810,45700,890,890,1.0,0,0
45700,46309,609,0,GE-Phrase,218,44383,47057,2674,609,1.0,1317,-748
45700,46309,609,0,NTB,escrito isso,45700,46309,609,609,1.0,0,0
46309,47266,957,0,GE-Phrase,218,44383,47057,2674,748,0.782,1926,209
46309,47266,957,0,GE-Phrase,219,47057,48898,1841,209,0.218,-748,-1632
46309,47266,957,0,NTB,cê tem certidão de nascimento,46309,47266,957,957,1.0,0,0
12996,13465,469,0,NTB,digamos assim,12996,13465,469,469,1.0,0,0
13465,14522,1057,0,NTB,pelo que a gente tem de,13465,14522,1057,1057,1.0,0,0
14522,15590,1068,0,GE-Phrase,201,14551,15962,1411,1039,0.973,-29,-372
14522,15590,1068,0,NTB,crítica até hoje,14522,15590,1068,1068,1.0,0,0
15590,15763,173,0,GE-Phrase,201,14551,15962,1411,173,1.0,1039,-199
15590,15763,173,0,NTB,né,15590,15763,173,173,1.0,0,0
15763,17363,1600,0,GE-Phrase,201,14551,15962,1411,199,0.124,1212,1401
15763,17363,1600,0,NTB,que consegue entrever isso,15763,17363,1600,1600,1.0,0,0
23045,24645,1600,0,GE-Phrase,203,21244,23590,2346,545,0.341,1801,1055
23045,24645,1600,0,GE-Phrase,204,23590,25583,1993,1055,0.659,-545,-938
23045,24645,1600,0,NTB,como a gente sabe que na cultura hebraica,23045,24645,1600,1600,1.0,0,0
24645,25227,582,0,GE-Phrase,204,23590,25583,1993,582,1.0,1055,-356
24645,25227,582,0,NTB,foi também,24645,25227,582,582,1.0,0,0
25227,26200,973,0,GE-Phrase,204,23590,25583,1993,356,0.366,1637,617
25227,26200,973,0,GE-Phrase,205,25583,27102,1519,617,0.634,-356,-902
25227,26200,973,0,NTB,a questão da procedência,25227,26200,973,973,1.0,0,0
26200,26302,102,0,GE-Phrase,205,25583,27102,1519,102,1.0,617,-800
26200,26302,102,0,NTB,né,26200,26302,102,102,1.0,0,0
26302,27144,842,0,GE-Phrase,205,25583,27102,1519,800,0.95,719,42
26302,27144,842,0,GE-Phrase,206,27102,28175,1073,42,0.05,-800,-1031
26302,27144,842,0,NTB,judaico-cristã,26302,27144,842,842,1.0,0,0
27144,28520,1376,0,GE-Phrase,206,27102,28175,1073,1031,0.749,42,345
27144,28520,1376,0,NTB,por muito tempo,27144,28520,1376,1376,1.0,0,0
43541,44810,1269,0,GE-Phrase,217,43251,44383,1132,842,0.664,290,427
43541,44810,1269,0,GE-Phrase,218,44383,47057,2674,427,0.336,-842,-2247
43541,44810,1269,0,NTB,porque você é filho de nũ sei o que,43541,44810,1269,1269,1.0,0,0
44810,45700,890,0,GE-Phrase,218,44383,47057,2674,890,1.0,427,-1357
44810,45700,890,0,NTB,seu erregê vem,44810,45700,890,890,1.0,0,0
45700,46309,609,0,GE-Phrase,218,44383,47057,2674,609,1.0,1317,-748
45700,46309,609,0,NTB,escrito isso,45700,46309,609,609,1.0,0,0
46309,47266,957,0,GE-Phrase,218,44383,47057,2674,748,0.782,1926,209
46309,47266,957,0,GE-Phrase,219,47057,48898,1841,209,0.218,-748,-1632
46309,47266,957,0,NTB,cê tem certidão de nascimento,46309,47266,957,957,1.0,0,0
12996,13465,469,0,NTB,digamos assim,12996,13465,469,469,1.0,0,0
13465,14522,1057,0,NTB,pelo que a gente tem de,13465,14522,1057,1057,1.0,0,0
14522,15590,1068,0,GE-Phrase,201,14551,15962,1411,1039,0.973,-29,-372
14522,15590,1068,0,NTB,crítica até hoje,14522,15590,1068,1068,1.0,0,0
15590,15763,173,0,GE-Phrase,201,14551,15962,1411,173,1.0,1039,-199
15590,15763,173,0,NTB,né,15590,15763,173,173,1.0,0,0
15763,17363,1600,0,GE-Phrase,201,14551,15962,1411,199,0.124,1212,1401
15763,17363,1600,0,NTB,que consegue entrever isso,15763,17363,1600,1600,1.0,0,0
23045,24645,1600,0,GE-Phrase,203,21244,23590,2346,545,0.341,1801,1055
23045,24645,1600,0,GE-Phrase,204,23590,25583,1993,1055,0.659,-545,-938
23045,24645,1600,0,NTB,como a gente sabe que na cultura hebraica,23045,24645,1600,1600,1.0,0,0
24645,25227,582,0,GE-Phrase,204,23590,25583,1993,582,1.0,1055,-356
24645,25227,582,0,NTB,foi também,24645,25227,582,582,1.0,0,0
25227,26200,973,0,GE-Phrase,204,23590,25583,1993,356,0.366,1637,617
25227,26200,973,0,GE-Phrase,205,25583,27102,1519,617,0.634,-356,-902
25227,26200,973,0,NTB,a questão da procedência,25227,26200,973,973,1.0,0,0
26200,26302,102,0,GE-Phrase,205,25583,27102,1519,102,1.0,617,-800
26200,26302,102,0,NTB,né,26200,26302,102,102,1.0,0,0
26302,27144,842,0,GE-Phrase,205,25583,27102,1519,800,0.95,719,42
26302,27144,842,0,GE-Phrase,206,27102,28175,1073,42,0.05,-800,-1031
26302,27144,842,0,NTB,judaico-cristã,26302,27144,842,842,1.0,0,0
27144,28520,1376,0,GE-Phrase,206,27102,28175,1073,1031,0.749,42,345
27144,28520,1376,0,NTB,por muito tempo,27144,28520,1376,1376,1.0,0,0
43541,44810,1269,0,GE-Phrase,217,43251,44383,1132,842,0.664,290,427
43541,44810,1269,0,GE-Phrase,218,44383,47057,2674,427,0.336,-842,-2247
43541,44810,1269,0,NTB,porque você é filho de nũ sei o que,43541,44810,1269,1269,1.0,0,0
44810,45700,890,0,GE-Phrase,218,44383,47057,2674,890,1.0,427,-1357
44810,45700,890,0,NTB,seu erregê vem,44810,45700,890,890,1.0,0,0
45700,46309,609,0,GE-Phrase,218,44383,47057,2674,609,1.0,1317,-748
45700,46309,609,0,NTB,escrito isso,45700,46309,609,609,1.0,0,0
46309,47266,957,0,GE-Phrase,218,44383,47057,2674,748,0.782,1926,209
46309,47266,957,0,GE-Phrase,219,47057,48898,1841,209,0.218,-748,-1632
46309,47266,957,0,NTB,cê tem certidão de nascimento,46309,47266,957,957,1.0,0,0
12996,13465,469,0,NTB,digamos assim,12996,13465,469,469,1.0,0,0
13465,14522,1057,0,NTB,pelo que a gente tem de,13465,14522,1057,1057,1.0,0,0
14522,15590,1068,0,GE-Phrase,201,14551,15962,1411,1039,0.973,-29,-372
14522,15590,1068,0,NTB,crítica até hoje,14522,15590,1068,1068,1.0,0,0
15590,15763,173,0,GE-Phrase,201,14551,15962,1411,173,1.0,1039,-199
15590,15763,173,0,NTB,né,15590,15763,173,173,1.0,0,0
15763,17363,1600,0,GE-Phrase,201,14551,15962,1411,199,0.124,1212,1401
15763,17363,1600,0,NTB,que consegue entrever isso,15763,17363,1600,1600,1.0,0,0
23045,24645,1600,0,GE-Phrase,203,21244,23590,2346,545,0.341,1801,1055
23045,24645,1600,0,GE-Phrase,204,23590,25583,1993,1055,0.659,-545,-938
23045,24645,1600,0,NTB,como a gente sabe que na cultura hebraica,23045,24645,1600,1600,1.0,0,0
24645,25227,582,0,GE-Phrase,204,23590,25583,1993,582,1.0,1055,-356
24645,25227,582,0,NTB,foi também,24645,25227,582,582,1.0,0,0
25227,26200,973,0,GE-Phrase,204,23590,25583,1993,356,0.366,1637,617
25227,26200,973,0,GE-Phrase,205,25583,27102,1519,617,0.634,-356,-902
25227,26200,973,0,NTB,a questão da procedência,25227,26200,973,973,1.0,0,0
26200,26302,102,0,GE-Phrase,205,25583,27102,1519,102,1.0,617,-800
26200,26302,102,0,NTB,né,26200,26302,102,102,1.0,0,0
26302,27144,842,0,GE-Phrase,205,25583,27102,1519,800,0.95,719,42
26302,27144,842,0,GE-Phrase,206,27102,28175,1073,42,0.05,-800,-1031
26302,27144,842,0,NTB,judaico-cristã,26302,27144,842,842,1.0,0,0
27144,28520,1376,0,GE-Phrase,206,27102,28175,1073,1031,0.749,42,345
27144,28520,1376,0,NTB,por muito tempo,27144,28520,1376,1376,1.0,0,0
43541,44810,1269,0,GE-Phrase,217,43251,44383,1132,842,0.664,290,427
43541,44810,1269,0,GE-Phrase,218,44383,47057,2674,427,0.336,-842,-2247
43541,44810,1269,0,NTB,porque você é filho de nũ sei o que,43541,44810,1269,1269,1.0,0,0
44810,45700,890,0,GE-Phrase,218,44383,47057,2674,890,1.0,427,-1357
44810,45700,890,0,NTB,seu erregê vem,44810,45700,890,890,1.0,0,0
45700,46309,609,0,GE-Phrase,218,44383,47057,2674,609,1.0,1317,-748
45700,46309,609,0,NTB,escrito isso,45700,46309,609,609,1.0,0,0
46309,47266,957,0,GE-Phrase,218,44383,47057,2674,748,0.782,1926,209
46309,47266,957,0,GE-Phrase,219,47057,48898,1841,209,0.218,-748,-1632
46309,47266,957,0,NTB,cê tem certidão de nascimento,46309,47266,957,957,1.0,0,0
12996,13465,469,0,NTB,digamos assim,12996,13465,469,469,1.0,0,0
13465,14522,1057,0,NTB,pelo que a gente tem de,13465,14522,1057,1057,1.0,0,0
14522,15590,1068,0,GE-Phrase,201,14551,15962,1411,1039,0.973,-29,-372
14522,15590,1068,0,NTB,crítica até hoje,14522,15590,1068,1068,1.0,0,0
15590,15763,173,0,GE-Phrase,201,14551,15962,1411,173,1.0,1039,-199
15590,15763,173,0,NTB,né,15590,15763,173,173,1.0,0,0
15763,17363,1600,0,GE-Phrase,201,14551,15962,1411,199,0.124,1212,1401
15763,17363,1600,0,NTB,que consegue entrever isso,15763,17363,1600,1600,1.0,0,0
23045,24645,1600,0,GE-Phrase,203,21244,23590,2346,545,0.341,1801,1055
23045,24645,1600,0,GE-Phrase,204,23590,25583,1993,1055,0.659,-545,-938
23045,24645,1600,0,NTB,como a gente sabe que na cultura hebraica,23045,24645,1600,1600,1.0,0,0
24645,25227,582,0,GE-Phrase,204,23590,25583,1993,582,1.0,1055,-356
24645,25227,582,0,NTB,foi também,24645,25227,582,582,1.0,0,0
25227,26200,973,0,GE-Phrase,204,23590,25583,1993,356,0.366,1637,617
25227,26200,973,0,GE-Phrase,205,25583,27102,1519,617,0.634,-356,-902
25227,26200,973,0,NTB,a questão da procedência,25227,26200,973,973,1.0,0,0
26200,26302,102,0,GE-Phrase,205,25583,27102,1519,102,1.0,617,-800
26200,26302,102,0,NTB,né,26200,26302,102,102,1.0,0,0
26302,27144,842,0,GE-Phrase,205,25583,27102,1519,800,0.95,719,42
26302,27144,842,0,GE-Phrase,206,27102,28175,1073,42,0.05,-800,-1031
26302,27144,842,0,NTB,judaico-cristã,26302,27144,842,842,1.0,0,0
27144,28520,1376,0,GE-Phrase,206,27102,28175,1073,1031,0.749,42,345
27144,28520,1376,0,NTB,por muito tempo,27144,28520,1376,1376,1.0,0,0
43541,44810,1269,0,GE-Phrase,217,43251,44383,1132,842,0.664,290,427
43541,44810,1269,0,GE-Phrase,218,44383,47057,2674,427,0.336,-842,-2247
43541,44810,1269,0,NTB,porque você é filho de nũ sei o que,43541,44810,1269,1269,1.0,0,0
44810,45700,890,0,GE-Phrase,218,44383,47057,2674,890,1.0,427,-1357
44810,45700,890,0,NTB,seu erregê vem,44810,45700,890,890,1.0,0,0
45700,46309,609,0,GE-Phrase,218,44383,47057,2674,609,1.0,1317,-748
45700,46309,609,0,NTB,escrito isso,45700,46309,609,609,1.0,0,0
46309,47266,957,0,GE-Phrase,218,44383,47057,2674,748,0.782,1926,209
46309,47266,957,0,GE-Phrase,219,47057,48898,1841,209,0.218,-748,-1632
46309,47266,957,0,NTB,cê tem certidão de nascimento,46309,47266,957,957,1.0,0,0
12996,13465,469,0,NTB,digamos assim,12996,13465,469,469,1.0,0,0
13465,14522,1057,0,NTB,pelo que a gente tem de,13465,14522,1057,1057,1.0,0,0
14522,15590,1068,0,GE-Phrase,201,14551,15962,1411,1039,0.973,-29,-372
14522,15590,1068,0,NTB,crítica até hoje,14522,15590,1068,1068,1.0,0,0
15590,15763,173,0,GE-Phrase,201,14551,15962,1411,173,1.0,1039,-199
15590,15763,173,0,NTB,né,15590,15763,173,173,1.0,0,0
15763,17363,1600,0,GE-Phrase,201,14551,15962,1411,199,0.124,1212,1401
15763,17363,1600,0,NTB,que consegue entrever isso,15763,17363,1600,1600,1.0,0,0
23045,24645,1600,0,GE-Phrase,203,21244,23590,2346,545,0.341,1801,1055
23045,24645,1600,0,GE-Phrase,204,23590,25583,1993,1055,0.659,-545,-938
23045,24645,1600,0,NTB,como a gente sabe que na cultura hebraica,23045,24645,1600,1600,1.0,0,0
24645,25227,582,0,GE-Phrase,204,23590,25583,1993,582,1.0,1055,-356
24645,25227,582,0,NTB,foi também,24645,25227,582,582,1.0,0,0
25227,26200,973,0,GE-Phrase,204,23590,25583,1993,356,0.366,1637,617
25227,26200,973,0,GE-Phrase,205,25583,27102,1519,617,0.634,-356,-902
25227,26200,973,0,NTB,a questão da procedência,25227,26200,973,973,1.0,0,0
26200,26302,102,0,GE-Phrase,205,25583,27102,1519,102,1.0,617,-800
26200,26302,102,0,NTB,né,26200,26302,102,102,1.0,0,0
26302,27144,842,0,GE-Phrase,205,25583,27102,1519,800,0.95,719,42
26302,27144,842,0,GE-Phrase,206,27102,28175,1073,42,0.05,-800,-1031
26302,27144,842,0,NTB,judaico-cristã,26302,27144,842,842,1.0,0,0
27144,28520,1376,0,GE-Phrase,206,27102,28175,1073,1031,0.749,42,345
27144,28520,1376,0,NTB,por muito tempo,27144,28520,1376,1376,1.0,0,0
43541,44810,1269,0,GE-Phrase,217,43251,44383,1132,842,0.664,290,427
43541,44810,1269,0,GE-Phrase,218,44383,47057,2674,427,0.336,-842,-2247
43541,44810,1269,0,NTB,porque você é filho de nũ sei o que,43541,44810,1269,1269,1.0,0,0
44810,45700,890,0,GE-Phrase,218,44383,47057,2674,890,1.0,427,-1357
44810,45700,890,0,NTB,seu erregê vem,44810,45700,890,890,1.0,0,0
45700,46309,609,0,GE-Phrase,218,44383,47057,2674,609,1.0,1317,-748
45700,46309,609,0,NTB,escrito isso,45700,46309,609,609,1.0,0,0
46309,47266,957,0,GE-Phrase,218,44383,47057,2674,748,0.782,1926,209
46309,47266,957,0,GE-Phrase,219,47057,48898,1841,209,0.218,-748,-1632
46309,47266,957,0,NTB,cê tem certidão de nascimento,46309,47266,957,957,1.0,0,0
12996,13465,469,0,NTB,digamos assim,12996,13465,469,469,1.0,0,0
13465,14522,1057,0,NTB,pelo que a gente tem de,13465,14522,1057,1057,1.0,0,0
14522,15590,1068,0,GE-Phrase,201,14551,15962,1411,1039,0.973,-29,-372
14522,15590,1068,0,NTB,crítica até hoje,14522,15590,1068,1068,1.0,0,0
15590,15763,173,0,GE-Phrase,201,14551,15962,1411,173,1.0,1039,-199
15590,15763,173,0,NTB,né,15590,15763,173,173,1.0,0,0
15763,17363,1600,0,GE-Phrase,201,14551,15962,1411,199,0.124,1212,1401
15763,17363,1600,0,NTB,que consegue entrever isso,15763,17363,1600,1600,1.0,0,0
23045,24645,1600,0,GE-Phrase,203,21244,23590,2346,545,0.341,1801,1055
23045,24645,1600,0,GE-Phrase,204,23590,25583,1993,1055,0.659,-545,-938
23045,24645,1600,0,NTB,como a gente sabe que na cultura hebraica,23045,24645,1600,1600,1.0,0,0
24645,25227,582,0,GE-Phrase,204,23590,25583,1993,582,1.0,1055,-356
24645,25227,582,0,NTB,foi também,24645,25227,582,582,1.0,0,0
25227,26200,973,0,GE-Phrase,204,23590,25583,1993,356,0.366,1637,617
25227,26200,973,0,GE-Phrase,205,25583,27102,1519,617,0.634,-356,-902
25227,26200,973,0,NTB,a questão da procedência,25227,26200,973,973,1.0,0,0
26200,26302,102,0,GE-Phrase,205,25583,27102,1519,102,1.0,617,-800
26200,26302,102,0,NTB,né,26200,26302,102,102,1.0,0,0
26302,27144,842,0,GE-Phrase,205,25583,27102,1519,800,0.95,719,42
26302,27144,842,0,GE-Phrase,206,27102,28175,1073,42,0.05,-800,-1031
26302,27144,842,0,NTB,judaico-cristã,26302,27144,842,842,1.0,0,0
27144,28520,1376,0,GE-Phrase,206,27102,28175,1073,1031,0.749,42,345
27144,28520,1376,0,NTB,por muito tempo,27144,28520,1376,1376,1.0,0,0
43541,44810,1269,0,GE-Phrase,217,43251,44383,1132,842,0.664,290,427
43541,44810,1269,0,GE-Phrase,218,44383,47057,2674,427,0.336,-842,-2247
43541,44810,1269,0,NTB,porque você é filho de nũ sei o que,43541,44810,1269,1269,1.0,0,0
44810,45700,890,0,GE-Phrase,218,44383,47057,2674,890,1.0,427,-1357
44810,45700,890,0,NTB,seu erregê vem,44810,45700,890,890,1.0,0,0
45700,46309,609,0,GE-Phrase,218,44383,47057,2674,609,1.0,1317,-748
45700,46309,609,0,NTB,escrito isso,45700,46309,609,609,1.0,0,0
46309,47266,957,0,GE-Phrase,218,44383,47057,2674,748,0.782,1926,209
46309,47266,957,0,GE-Phrase,219,47057,48898,1841,209,0.218,-748,-1632
46309,47266,957,0,NTB,cê tem certidão de nascimento,46309,47266,957,957,1.0,0,0
12996,13465,469,0,NTB,digamos assim,12996,13465,469,469,1.0,0,0
13465,14522,1057,0,NTB,pelo que a gente tem de,13465,14522,1057,1057,1.0,0,0
14522,15590,1068,0,GE-Phrase,201,14551,15962,1411,1039,0.973,-29,-372
14522,15590,1068,0,NTB,crítica até hoje,14522,15590,1068,1068,1.0,0,0
15590,15763,173,0,GE-Phrase,201,14551,15962,1411,173,1.0,1039,-199
15590,15763,173,0,NTB,né,15590,15763,173,173,1.0,0,0
15763,17363,1600,0,GE-Phrase,201,14551,15962,1411,199,0.124,1212,1401
15763,17363,1600,0,NTB,que consegue entrever isso,15763,17363,1600,1600,1.0,0,0
23045,24645,1600,0,GE-Phrase,203,21244,23590,2346,545,0.341,1801,1055
23045,24645,1600,0,GE-Phrase,204,23590,25583,1993,1055,0.659,-545,-938
23045,24645,1600,0,NTB,como a gente sabe que na cultura hebraica,23045,24645,1600,1600,1.0,0,0
24645,25227,582,0,GE-Phrase,204,23590,25583,1993,582,1.0,1055,-356
24645,25227,582,0,NTB,foi também,24645,25227,582,582,1.0,0,0
25227,26200,973,0,GE-Phrase,204,23590,25583,1993,356,0.366,1637,617
25227,26200,973,0,GE-Phrase,205,25583,27102,1519,617,0.634,-356,-902
25227,26200,973,0,NTB,a questão da procedência,25227,26200,973,973,1.0,0,0
26200,26302,102,0,GE-Phrase,205,25583,27102,1519,102,1.0,617,-800
26200,26302,102,0,NTB,né,26200,26302,102,102,1.0,0,0
26302,27144,842,0,GE-Phrase,205,25583,27102,1519,800,0.95,719,42
26302,27144,842,0,GE-Phrase,206,27102,28175,1073,42,0.05,-800,-1031
26302,27144,842,0,NTB,judaico-cristã,26302,27144,842,842,1.0,0,0
27144,28520,1376,0,GE-Phrase,206,27102,28175,1073,1031,0.749,42,345
27144,28520,1376,0,NTB,por muito tempo,27144,28520,1376,1376,1.0,0,0
43541,44810,1269,0,GE-Phrase,217,43251,44383,1132,842,0.664,290,427
43541,44810,1269,0,GE-Phrase,218,44383,47057,2674,427,0.336,-842,-2247
43541,44810,1269,0,NTB,porque você é filho de nũ sei o que,43541,44810,1269,1269,1.0,0,0
44810,45700,890,0,GE-Phrase,218,44383,47057,2674,890,1.0,427,-1357
44810,45700,890,0,NTB,seu erregê vem,44810,45700,890,890,1.0,0,0
45700,46309,609,0,GE-Phrase,218,44383,47057,2674,609,1.0,1317,-748
45700,46309,609,0,NTB,escrito isso,45700,46309,609,609,1.0,0,0
46309,47266,957,0,GE-Phrase,218,44383,47057,2674,748,0.782,1926,209
46309,47266,957,0,GE-Phrase,219,47057,48898,1841,209,0.218,-748,-1632
46309,47266,957,0,NTB,cê tem certidão de nascimento,46309,47266,957,957,1.0,0,0
12996,13465,469,0,NTB,digamos assim,12996,13465,469,469,1.0,0,0
13465,14522,1057,0,NTB,pelo que a gente tem de,13465,14522,1057,1057,1.0,0,0
14522,15590,1068,0,GE-Phrase,201,14551,15962,1411,1039,0.973,-29,-372
14522,15590,1068,0,NTB,crítica até hoje,14522,15590,1068,1068,1.0,0,0
15590,15763,173,0,GE-Phrase,201,14551,15962,1411,173,1.0,1039,-199
15590,15763,173,0,NTB,né,15590,15763,173,173,1.0,0,0
15763,17363,1600,0,GE-Phrase,201,14551,15962,1411,199,0.124,1212,1401
15763,17363,1600,0,NTB,que consegue entrever isso,15763,17363,1600,1600,1.0,0,0
23045,24645,1600,0,GE-Phrase,203,21244,23590,2346,545,0.341,1801,1055
23045,24645,1600,0,GE-Phrase,204,23590,25583,1993,1055,0.659,-545,-938
23045,24645,1600,0,NTB,como a gente sabe que na cultura hebraica,23045,24645,1600,1600,1.0,0,0
24645,25227,582,0,GE-Phrase,204,23590,25583,1993,582,1.0,1055,-356
24645,25227,582,0,NTB,foi também,24645,25227,582,582,1.0,0,0
25227,26200,973,0,GE-Phrase,204,23590,25583,1993,356,0.366,1637,617
25227,26200,973,0,GE-Phrase,205,25583,27102,1519,617,0.634,-356,-902
25227,26200,973,0,NTB,a questão da procedência,25227,26200,973,973,1.0,0,0
26200,26302,102,0,GE-Phrase,205,25583,27102,1519,102,1.0,617,-800
26200,26302,102,0,NTB,né,26200,26302,102,102,1.0,0,0
26302,27144,842,0,GE-Phrase,205,25583,27102,1519,800,0.95,719,42
26302,27144,842,0,GE-Phrase,206,27102,28175,1073,42,0.05,-800,-1031
26302,27144,842,0,NTB,judaico-cristã,26302,27144,842,842,1.0,0,0
27144,28520,1376,0,GE-Phrase,206,27102,28175,1073,1031,0.749,42,345
27144,28520,1376,0,NTB,por muito tempo,27144,28520,1376,1376,1.0,0,0
43541,44810,1269,0,GE-Phrase,217,43251,44383,1132,842,0.664,290,427
43541,44810,1269,0,GE-Phrase,218,44383,47057,2674,427,0.336,-842,-2247
43541,44810,1269,0,NTB,porque você é filho de nũ sei o que,43541,44810,1269,1269,1.0,0,0
44810,45700,890,0,GE-Phrase,218,44383,47057,2674,890,1.0,427,-1357
44810,45700,890,0,NTB,seu erregê vem,44810,45700,890,890,1.0,0,0
45700,46309,609,0,GE-Phrase,218,44383,47057,2674,609,1.0,1317,-748
45700,46309,609,0,NTB,escrito isso,45700,46309,609,609,1.0,0,0
46309,47266,957,0,GE-Phrase,218,44383,47057,2674,748,0.782,1926,209
46309,47266,957,0,GE-Phrase,219,47057,48898,1841,209,0.218,-748,-1632
46309,47266,957,0,NTB,cê tem certidão de nascimento,46309,47266,957,957,1.0,0,0
12996,13465,469,0,NTB,digamos assim,12996,13465,469,469,1.0,0,0
13465,14522,1057,0,NTB,pelo que a gente tem de,13465,14522,1057,1057,1.0,0,0
14522,15590,1068,0,GE-Phrase,201,14551,15962,1411,1039,0.973,-29,-372
14522,15590,1068,0,NTB,crítica até hoje,14522,15590,1068,1068,1.0,0,0
15590,15763,173,0,GE-Phrase,201,14551,15962,1411,173,1.0,1039,-199
15590,15763,173,0,NTB,né,15590,15763,173,173,1.0,0,0
15763,17363,1600,0,GE-Phrase,201,14551,15962,1411,199,0.124,1212,1401
15763,17363,1600,0,NTB,que consegue entrever isso,15763,17363,1600,1600,1.0,0,0
23045,24645,1600,0,GE-Phrase,203,21244,23590,2346,545,0.341,1801,1055
23045,24645,1600,0,GE-Phrase,204,23590,25583,1993,1055,0.659,-545,-938
23045,24645,1600,0,NTB,como a gente sabe que na cultura hebraica,23045,24645,1600,1600,1.0,0,0
24645,25227,582,0,GE-Phrase,204,23590,25583,1993,582,1.0,1055,-356
24645,25227,582,0,NTB,foi também,24645,25227,582,582,1.0,0,0
25227,26200,973,0,GE-Phrase,204,23590,25583,1993,356,0.366,1637,617
25227,26200,973,0,GE-Phrase,205,25583,27102,1519,617,0.634,-356,-902
25227,26200,973,0,NTB,a questão da procedência,25227,26200,973,973,1.0,0,0
26200,26302,102,0,GE-Phrase,205,25583,27102,1519,102,1.0,617,-800
26200,26302,102,0,NTB,né,26200,26302,102,102,1.0,0,0
26302,27144,842,0,GE-Phrase,205,25583,27102,1519,800,0.95,719,42
26302,27144,842,0,GE-Phrase,206,27102,28175,1073,42,0.05,-800,-1031
26302,27144,842,0,NTB,judaico-cristã,26302,27144,842,842,1.0,0,0
27144,28520,1376,0,GE-Phrase,206,27102,28175,1073,1031,0.749,42,345
27144,28520,1376,0,NTB,por muito tempo,27144,28520,1376,1376,1.0,0,0
43541,44810,1269,0,GE-Phrase,217,43251,44383,1132,842,0.664,290,427
43541,44810,1269,0,GE-Phrase,218,44383,47057,2674,427,0.336,-842,-2247
43541,44810,1269,0,NTB,porque você é filho de nũ sei o que,43541,44810,1269,1269,1.0,0,0
44810,45700,890,0,GE-Phrase,218,44383,47057,2674,890,1.0,427,-1357
44810,45700,890,0,NTB,seu erregê vem,44810,45700,890,890,1.0,0,0
45700,46309,609,0,GE-Phrase,218,44383,47057,2674,609,1.0,1317,-748
45700,46309,609,0,NTB,escrito isso,45700,46309,609,609,1.0,0,0
46309,47266,957,0,GE-Phrase,218,44383,47057,2674,748,0.782,1926,209
46309,47266,957,0,GE-Phrase,219,47057,48898,1841,209,0.218,-748,-1632
46309,47266,957,0,NTB,cê tem certidão de nascimento,46309,47266,957,957,1.0,0,0
12996,13465,469,0,NTB,digamos assim,12996,13465,469,469,1.0,0,0
13465,14522,1057,0,NTB,pelo que a gente tem de,13465,14522,1057,1057,1.0,0,0
14522,15590,1068,0,GE-Phrase,201,14551,15962,1411,1039,0.973,-29,-372
14522,15590,1068,0,NTB,crítica até hoje,14522,15590,1068,1068,1.0,0,0
15590,15763,173,0,GE-Phrase,201,14551,15962,1411,173,1.0,1039,-199
15590,15763,173,0,NTB,né,15590,15763,173,173,1.0,0,0
15763,17363,1600,0,GE-Phrase,201,14551,15962,1411,199,0.124,1212,1401
15763,17363,1600,0,NTB,que consegue entrever isso,15763,17363,1600,1600,1.0,0,0
23045,24645,1600,0,GE-Phrase,203,21244,23590,2346,545,0.341,1801,1055
23045,24645,1600,0,GE-Phrase,204,23590,25583,1993,1055,0.659,-545,-938
23045,24645,1600,0,NTB,como a gente sabe que na cultura hebraica,23045,24645,1600,1600,1.0,0,0
24645,25227,582,0,GE-Phrase,204,23590,25583,1993,582,1.0,1055,-356
24645,25227,582,0,NTB,foi também,24645,25227,582,582,1.0,0,0
25227,26200,973,0,GE-Phrase,204,23590,25583,1993,356,0.366,1637,617
25227,26200,973,0,GE-Phrase,205,25583,27102,1519,617,0.634,-356,-902
25227,26200,973,0,NTB,a questão da procedência,25227,26200,973,973,1.0,0,0
26200,26302,102,0,GE-Phrase,205,25583,27102,1519,102,1.0,617,-800
26200,26302,102,0,NTB,né,26200,26302,102,102,1.0,0,0
26302,27144,842,0,GE-Phrase,205,25583,27102,1519,800,0.95,719,42
26302,27144,842,0,GE-Phrase,206,27102,28175,1073,42,0.05,-800,-1031
26302,27144,842,0,NTB,judaico-cristã,26302,27144,842,842,1.0,0,0
27144,28520,1376,0,GE-Phrase,206,27102,28175,1073,1031,0.749,42,345
27144,28520,1376,0,NTB,por muito tempo,27144,28520,1376,1376,1.0,0,0
43541,44810,1269,0,GE-Phrase,217,43251,44383,1132,842,0.664,290,427
43541,44810,1269,0,GE-Phrase,218,44383,47057,2674,427,0.336,-842,-2247
43541,44810,1269,0,NTB,porque você é filho de nũ sei o que,43541,44810,1269,1269,1.0,0,0
44810,45700,890,0,GE-Phrase,218,44383,47057,2674,890,1.0,427,-1357
44810,45700,890,0,NTB,seu erregê vem,44810,45700,890,890,1.0,0,0
45700,46309,609,0,GE-Phrase,218,44383,47057,2674,609,1.0,1317,-748
45700,46309,609,0,NTB,escrito isso,45700,46309,609,609,1.0,0,0
46309,47266,957,0,GE-Phrase,218,44383,47057,2674,748,0.782,1926,209
46309,47266,957,0,GE-Phrase,219,47057,48898,1841,209,0.218,-748,-1632
46309,47266,957,0,NTB,cê tem certidão de nascimento,46309,47266,957,957,1.0,0,0
12996,13465,469,0,NTB,digamos assim,12996,13465,469,469,1.0,0,0
13465,14522,1057,0,NTB,pelo que a gente tem de,13465,14522,1057,1057,1.0,0,0
14522,15590,1068,0,GE-Phrase,201,14551,15962,1411,1039,0.973,-29,-372
14522,15590,1068,0,NTB,crítica até hoje,14522,15590,1068,1068,1.0,0,0
15590,15763,173,0,GE-Phrase,201,14551,15962,1411,173,1.0,1039,-199
15590,15763,173,0,NTB,né,15590,15763,173,173,1.0,0,0
15763,17363,1600,0,GE-Phrase,201,14551,15962,1411,199,0.124,1212,1401
15763,17363,1600,0,NTB,que consegue entrever isso,15763,17363,1600,1600,1.0,0,0
23045,24645,1600,0,GE-Phrase,203,21244,23590,2346,545,0.341,1801,1055
23045,24645,1600,0,GE-Phrase,204,23590,25583,1993,1055,0.659,-545,-938
23045,24645,1600,0,NTB,como a gente sabe que na cultura hebraica,23045,24645,1600,1600,1.0,0,0
24645,25227,582,0,GE-Phrase,204,23590,25583,1993,582,1.0,1055,-356
24645,25227,582,0,NTB,foi também,24645,25227,582,582,1.0,0,0
25227,26200,973,0,GE-Phrase,204,23590,25583,1993,356,0.366,1637,617
25227,26200,973,0,GE-Phrase,205,25583,27102,1519,617,0.634,-356,-902
25227,26200,973,0,NTB,a questão da procedência,25227,26200,973,973,1.0,0,0
26200,26302,102,0,GE-Phrase,205,25583,27102,1519,102,1.0,617,-800
26200,26302,102,0,NTB,né,26200,26302,102,102,1.0,0,0
26302,27144,842,0,GE-Phrase,205,25583,27102,1519,800,0.95,719,42
26302,27144,842,0,GE-Phrase,206,27102,28175,1073,42,0.05,-800,-1031
26302,27144,842,0,NTB,judaico-cristã,26302,27144,842,842,1.0,0,0
27144,28520,1376,0,GE-Phrase,206,27102,28175,1073,1031,0.749,42,345
27144,28520,1376,0,NTB,por muito tempo,27144,28520,1376,1376,1.0,0,0
43541,44810,1269,0,GE-Phrase,217,43251,44383,1132,842,0.664,290,427
43541,44810,1269,0,GE-Phrase,218,44383,47057,2674,427,0.336,-842,-2247
43541,44810,1269,0,NTB,porque você é filho de nũ sei o que,43541,44810,1269,1269,1.0,0,0
44810,45700,890,0,GE-Phrase,218,44383,47057,2674,890,1.0,427,-1357
44810,45700,890,0,NTB,seu erregê vem,44810,45700,890,890,1.0,0,0
45700,46309,609,0,GE-Phrase,218,44383,47057,2674,609,1.0,1317,-748
45700,46309,609,0,NTB,escrito isso,45700,46309,609,609,1.0,0,0
46309,47266,957,0,GE-Phrase,218,44383,47057,2674,748,0.782,1926,209
46309,47266,957,0,GE-Phrase,219,47057,48898,1841,209,0.218,-748,-1632
46309,47266,957,0,NTB,cê tem certidão de nascimento,46309,47266,957,957,1.0,0,0
12996,13465,469,0,NTB,digamos assim,12996,13465,469,469,1.0,0,0
13465,14522,1057,0,NTB,pelo que a gente tem de,13465,14522,1057,1057,1.0,0,0
14522,15590,1068,0,GE-Phrase,201,14551,15962,1411,1039,0.973,-29,-372
14522,15590,1068,0,NTB,crítica até hoje,14522,15590,1068,1068,1.0,0,0
15590,15763,173,0,GE-Phrase,201,14551,15962,1411,173,1.0,1039,-199
15590,15763,173,0,NTB,né,15590,15763,173,173,1.0,0,0
15763,17363,1600,0,GE-Phrase,201,14551,15962,1411,199,0.124,1212,1401
15763,17363,1600,0,NTB,que consegue entrever isso,15763,17363,1600,1600,1.0,0,0
23045,24645,1600,0,GE-Phrase,203,21244,23590,2346,545,0.341,1801,1055
23045,24645,1600,0,GE-Phrase,204,23590,25583,1993,1055,0.659,-545,-938
23045,24645,1600,0,NTB,como a gente sabe que na cultura hebraica,23045,24645,1600,1600,1.0,0,0
24645,25227,582,0,GE-Phrase,204,23590,25583,1993,582,1.0,1055,-356
24645,25227,582,0,NTB,foi também,24645,25227,582,582,1.0,0,0
25227,26200,973,0,GE-Phrase,204,23590,25583,1993,356,0.366,1637,617
25227,26200,973,0,GE-Phrase,205,25583,27102,1519,617,0.634,-356,-902
25227,26200,973,0,NTB,a questão da procedência,25227,26200,973,973,1.0,0,0
26200,26302,102,0,GE-Phrase,205,25583,27102,1519,102,1.0,617,-800
26200,26302,102,0,NTB,né,26200,26302,102,102,1.0,0,0
26302,27144,842,0,GE-Phrase,205,25583,27102,1519,800,0.95,719,42
26302,27144,842,0,GE-Phrase,206,27102,28175,1073,42,0.05,-800,-1031
26302,27144,842,0,NTB,judaico-cristã,26302,27144,842,842,1.0,0,0
27144,28520,1376,0,GE-Phrase,206,27102,28175,1073,1031,0.749,42,345
27144,28520,1376,0,NTB,por muito tempo,27144,28520,1376,1376,1.0,0,0
43541,44810,1269,0,GE-Phrase,217,43251,44383,1132,842,0.664,290,427
43541,44810,1269,0,GE-Phrase,218,44383,47057,2674,427,0.336,-842,-2247
43541,44810,1269,0,NTB,porque você é filho de nũ sei o que,43541,44810,1269,1269,1.0,0,0
44810,45700,890,0,GE-Phrase,218,44383,47057,2674,890,1.0,427,-1357
44810,45700,890,0,NTB,seu erregê vem,44810,45700,890,890,1.0,0,0
45700,46309,609,0,GE-Phrase,218,44383,47057,2674,609,1.0,1317,-748
45700,46309,609,0,NTB,escrito isso,45700,46309,609,609,1.0,0,0
46309,47266,957,0,GE-Phrase,218,44383,47057,2674,748,0.782,1926,209
46309,47266,957,0,GE-Phrase,219,47057,48898,1841,209,0.218,-748,-1632
46309,47266,957,0,NTB,cê tem certidão de nascimento,46309,47266,957,957,1.0,0,0
12996,13465,469,0,NTB,digamos assim,12996,13465,469,469,1.0,0,0
13465,14522,1057,0,NTB,pelo que a gente tem de,13465,14522,1057,1057,1.0,0,0
14522,15590,1068,0,GE-Phrase,201,14551,15962,1411,1039,0.973,-29,-372
14522,15590,1068,0,NTB,crítica até hoje,14522,15590,1068,1068,1.0,0,0
15590,15763,173,0,GE-Phrase,201,14551,15962,1411,173,1.0,1039,-199
15590,15763,173,0,NTB,né,15590,15763,173,173,1.0,0,0
15763,17363,1600,0,GE-Phrase,201,14551,15962,1411,199,0.124,1212,1401
15763,17363,1600,0,NTB,que consegue entrever isso,15763,17363,1600,1600,1.0,0,0
23045,24645,1600,0,GE-Phrase,203,21244,23590,2346,545,0.341,1801,1055
23045,24645,1600,0,GE-Phrase,204,23590,25583,1993,1055,0.659,-545,-938
23045,24645,1600,0,NTB,como a gente sabe que na cultura hebraica,23045,24645,1600,1600,1.0,0,0
24645,25227,582,0,GE-Phrase,204,23590,25583,1993,582,1.0,1055,-356
24645,25227,582,0,NTB,foi também,24645,25227,582,582,1.0,0,0
25227,26200,973,0,GE-Phrase,204,23590,25583,1993,356,0.366,1637,617
25227,26200,973,0,GE-Phrase,205,25583,27102,1519,617,0.634,-356,-902
25227,26200,973,0,NTB,a questão da procedência,25227,26200,973,973,1.0,0,0
26200,26302,102,0,GE-Phrase,205,25583,27102,1519,102,1.0,617,-800
26200,26302,102,0,NTB,né,26200,26302,102,102,1.0,0,0
26302,27144,842,0,GE-Phrase,205,25583,27102,1519,800,0.95,719,42
26302,27144,842,0,GE-Phrase,206,27102,28175,1073,42,0.05,-800,-1031
26302,27144,842,0,NTB,judaico-cristã,26302,27144,842,842,1.0,0,0
27144,28520,1376,0,GE-Phrase,206,27102,28175,1073,1031,0.749,42,345
27144,28520,1376,0,NTB,por muito tempo,27144,28520,1376,1376,1.0,0,0
43541,44810,1269,0,GE-Phrase,217,43251,44383,1132,842,0.664,290,427
43541,44810,1269,0,GE-Phrase,218,44383,47057,2674,427,0.336,-842,-2247
43541,44810,1269,0,NTB,porque você é filho de nũ sei o que,43541,44810,1269,1269,1.0,0,0
44810,45700,890,0,GE-Phrase,218,44383,47057,2674,890,1.0,427,-1357
44810,45700,890,0,NTB,seu erregê vem,44810,45700,890,890,1.0,0,0
45700,46309,609,0,GE-Phrase,218,44383,47057,2674,609,1.0,1317,-748
45700,46309,609,0,NTB,escrito isso,45700,46309,609,609,1.0,0,0
46309,47266,957,0,GE-Phrase,218,44383,47057,2674,748,0.782,1926,209
46309,47266,957,0,GE-Phrase,219,47057,48898,1841,209,0.218,-748,-1632
46309,47266,957,0,NTB,cê tem certidão de nascimento,46309,47266,957,957,1.0,0,0
12996,13465,469,0,NTB,digamos assim,12996,13465,469,469,1.0,0,0
13465,14522,1057,0,NTB,pelo que a gente tem de,13465,14522,1057,1057,1.0,0,0
14522,15590,1068,0,GE-Phrase,201,14551,15962,1411,1039,0.973,-29,-372
14522,15590,1068,0,NTB,crítica até hoje,14522,15590,1068,1068,1.0,0,0
15590,15763,173,0,GE-Phrase,201,14551,15962,1411,173,1.0,1039,-199
15590,15763,173,0,NTB,né,15590,15763,173,173,1.0,0,0
15763,17363,1600,0,GE-Phrase,201,14551,15962,1411,199,0.124,1212,1401
15763,17363,1600,0,NTB,que consegue entrever isso,15763,17363,1600,1600,1.0,0,0
23045,24645,1600,0,GE-Phrase,203,21244,23590,2346,545,0.341,1801,1055
23045,24645,1600,0,GE-Phrase,204,23590,25583,1993,1055,0.659,-545,-938
23045,24645,1600,0,NTB,como a gente sabe que na cultura hebraica,23045,24645,1600,1600,1.0,0,0
24645,25227,582,0,GE-Phrase,204,23590,25583,1993,582,1.0,1055,-356
24645,25227,582,0,NTB,foi também,24645,25227,582,582,1.0,0,0
25227,26200,973,0,GE-Phrase,204,23590,25583,1993,356,0.366,1637,617
25227,26200,973,0,GE-Phrase,205,25583,27102,1519,617,0.634,-356,-902
25227,26200,973,0,NTB,a questão da procedência,25227,26200,973,973,1.0,0,0
26200,26302,102,0,GE-Phrase,205,25583,27102,1519,102,1.0,617,-800
26200,26302,102,0,NTB,né,26200,26302,102,102,1.0,0,0
26302,27144,842,0,GE-Phrase,205,25583,27102,1519,800,0.95,719,42
26302,27144,842,0,GE-Phrase,206,27102,28175,1073,42,0.05,-800,-1031
26302,27144,842,0,NTB,judaico-cristã,26302,27144,842,842,1.0,0,0
27144,28520,1376,0,GE-Phrase,206,27102,28175,1073,1031,0.749,42,345
27144,28520,1376,0,NTB,por muito tempo,27144,28520,1376,1376,1.0,0,0
43541,44810,1269,0,GE-Phrase,217,43251,44383,1132,842,0.664,290,427
43541,44810,1269,0,GE-Phrase,218,44383,47057,2674,427,0.336,-842,-2247
43541,44810,1269,0,NTB,porque você é filho de nũ sei o que,43541,44810,1269,1269,1.0,0,0
44810,45700,890,0,GE-Phrase,218,44383,47057,2674,890,1.0,427,-1357
44810,45700,890,0,NTB,seu erregê vem,44810,45700,890,890,1.0,0,0
45700,46309,609,0,GE-Phrase,218,44383,47057,2674,609,1.0,1317,-748
45700,46309,609,0,NTB,escrito isso,45700,46309,609,609,1.0,0,0
46309,47266,957,0,GE-Phrase,218,44383,47057,2674,748,0.782,1926,209
46309,47266,957,0,GE-Phrase,219,47057,48898,1841,209,0.218,-748,-1632
46309,47266,957,0,NTB,cê tem certidão de nascimento,46309,47266,957,957,1.0,0,0
12996,13465,469,0,NTB,digamos assim,12996,13465,469,469,1.0,0,0
13465,14522,1057,0,NTB,pelo que a gente tem de,13465,14522,1057,1057,1.0,0,0
14522,15590,1068,0,GE-Phrase,201,14551,15962,1411,1039,0.973,-29,-372
14522,15590,1068,0,NTB,crítica até hoje,14522,15590,1068,1068,1.0,0,0
15590,15763,173,0,GE-Phrase,201,14551,15962,1411,173,1.0,1039,-199
15590,15763,173,0,NTB,né,15590,15763,173,173,1.0,0,0
15763,17363,1600,0,GE-Phrase,201,14551,15962,1411,199,0.124,1212,1401
15763,17363,1600,0,NTB,que consegue entrever isso,15763,17363,1600,1600,1.0,0,0
23045,24645,1600,0,GE-Phrase,203,21244,23590,2346,545,0.341,1801,1055
23045,24645,1600,0,GE-Phrase,204,23590,25583,1993,1055,0.659,-545,-938
23045,24645,1600,0,NTB,como a gente sabe que na cultura hebraica,23045,24645,1600,1600,1.0,0,0
24645,25227,582,0,GE-Phrase,204,23590,25583,1993,582,1.0,1055,-356
24645,25227,582,0,NTB,foi também,24645,25227,582,582,1.0,0,0
25227,26200,973,0,GE-Phrase,204,23590,25583,1993,356,0.366,1637,617
25227,26200,973,0,GE-Phrase,205,25583,27102,1519,617,0.634,-356,-902
25227,26200,973,0,NTB,a questão da procedência,25227,26200,973,973,1.0,0,0
26200,26302,102,0,GE-Phrase,205,25583,27102,1519,102,1.0,617,-800
26200,26302,102,0,NTB,né,26200,26302,102,102,1.0,0,0
26302,27144,842,0,GE-Phrase,205,25583,27102,1519,800,0.95,719,42
26302,27144,842,0,GE-Phrase,206,27102,28175,1073,42,0.05,-800,-1031
26302,27144,842,0,NTB,judaico-cristã,26302,27144,842,842,1.0,0,0
27144,28520,1376,0,GE-Phrase,206,27102,28175,1073,1031,0.749,42,345
27144,28520,1376,0,NTB,por muito tempo,27144,28520,1376,1376,1.0,0,0
43541,44810,1269,0,GE-Phrase,217,43251,44383,1132,842,0.664,290,427
43541,44810,1269,0,GE-Phrase,218,44383,47057,2674,427,0.336,-842,-2247
43541,44810,1269,0,NTB,porque você é filho de nũ sei o que,43541,44810,1269,1269,1.0,0,0
44810,45700,890,0,GE-Phrase,218,44383,47057,2674,890,1.0,427,-1357
44810,45700,890,0,NTB,seu erregê vem,44810,45700,890,890,1.0,0,0
45700,46309,609,0,GE-Phrase,218,44383,47057,2674,609,1.0,1317,-748
45700,46309,609,0,NTB,escrito isso,45700,46309,609,609,1.0,0,0
46309,47266,957,0,GE-Phrase,218,44383,47057,2674,748,0.782,1926,209
46309,47266,957,0,GE-Phrase,219,47057,48898,1841,209,0.218,-748,-1632
46309,47266,957,0,NTB,cê tem certidão de nascimento,46309,47266,957,957,1.0,0,0
12996,13465,469,0,NTB,digamos assim,12996,13465,469,469,1.0,0,0
13465,14522,1057,0,NTB,pelo que a gente tem de,13465,14522,1057,1057,1.0,0,0
14522,15590,1068,0,GE-Phrase,201,14551,15962,1411,1039,0.973,-29,-372
14522,15590,1068,0,NTB,crítica até hoje,14522,15590,1068,1068,1.0,0,0
15590,15763,173,0,GE-Phrase,201,14551,15962,1411,173,1.0,1039,-199
15590,15763,173,0,NTB,né,15590,15763,173,173,1.0,0,0
15763,17363,1600,0,GE-Phrase,201,14551,15962,1411,199,0.124,1212,1401
15763,17363,1600,0,NTB,que consegue entrever isso,15763,17363,1600,1600,1.0,0,0
23045,24645,1600,0,GE-Phrase,203,21244,23590,2346,545,0.341,1801,1055
23045,24645,1600,0,GE-Phrase,204,23590,25583,1993,1055,0.659,-545,-938
23045,24645,1600,0,NTB,como a gente sabe que na cultura hebraica,23045,24645,1600,1600,1.0,0,0
24645,25227,582,0,GE-Phrase,204,23590,25583,1993,582,1.0,1055,-356
24645,25227,582,0,NTB,foi também,24645,25227,582,582,1.0,0,0
25227,26200,973,0,GE-Phrase,204,23590,25583,1993,356,0.366,1637,617
25227,26200,973,0,GE-Phrase,205,25583,27102,1519,617,0.634,-356,-902
25227,26200,973,0,NTB,a questão da procedência,25227,26200,973,973,1.0,0,0
26200,26302,102,0,GE-Phrase,205,25583,27102,1519,102,1.0,617,-800
26200,26302,102,0,NTB,né,26200,26302,102,102,1.0,0,0
26302,27144,842,0,GE-Phrase,205,25583,27102,1519,800,0.95,719,42
26302,27144,842,0,GE-Phrase,206,27102,28175,1073,42,0.05,-800,-1031
26302,27144,842,0,NTB,judaico-cristã,26302,27144,842,842,1.0,0,0
27144,28520,1376,0,GE-Phrase,206,27102,28175,1073,1031,0.749,42,345
27144,28520,1376,0,NTB,por muito tempo,27144,28520,1376,1376,1.0,0,0
43541,44810,1269,0,GE-Phrase,217,43251,44383,1132,842,0.664,290,427
43541,44810,1269,0,GE-Phrase,218,44383,47057,2674,427,0.336,-842,-2247
43541,44810,1269,0,NTB,porque você é filho de nũ sei o que,43541,44810,1269,1269,1.0,0,0
44810,45700,890,0,GE-Phrase,218,44383,47057,2674,890,1.0,427,-1357
44810,45700,890,0,NTB,seu erregê vem,44810,45700,890,890,1.0,0,0
45700,46309,609,0,GE-Phrase,218,44383,47057,2674,609,1.0,1317,-748
45700,46309,609,0,NTB,escrito isso,45700,46309,609,609,1.0,0,0
46309,47266,957,0,GE-Phrase,218,44383,47057,2674,748,0.782,1926,209
46309,47266,957,0,GE-Phrase,219,47057,48898,1841,209,0.218,-748,-1632
46309,47266,957,0,NTB,cê tem certidão de nascimento,46309,47266,957,957,1.0,0,0
12996,13465,469,0,NTB,digamos assim,12996,13465,469,469,1.0,0,0
13465,14522,1057,0,NTB,pelo que a gente tem de,13465,14522,1057,1057,1.0,0,0
14522,15590,1068,0,GE-Phrase,201,14551,15962,1411,1039,0.973,-29,-372
14522,15590,1068,0,NTB,crítica até hoje,14522,15590,1068,1068,1.0,0,0
15590,15763,173,0,GE-Phrase,201,14551,15962,1411,173,1.0,1039,-199
15590,15763,173,0,NTB,né,15590,15763,173,173,1.0,0,0
15763,17363,1600,0,GE-Phrase,201,14551,15962,1411,199,0.124,1212,1401
15763,17363,1600,0,NTB,que consegue entrever isso,15763,17363,1600,1600,1.0,0,0
23045,24645,1600,0,GE-Phrase,203,21244,23590,2346,545,0.341,1801,1055
23045,24645,1600,0,GE-Phrase,204,23590,25583,1993,1055,0.659,-545,-938
23045,24645,1600,0,NTB,como a gente sabe que na cultura hebraica,23045,24645,1600,1600,1.0,0,0
24645,25227,582,0,GE-Phrase,204,23590,25583,1993,582,1.0,1055,-356
24645,25227,582,0,NTB,foi também,24645,25227,582,582,1.0,0,0
25227,26200,973,0,GE-Phrase,204,23590,25583,1993,356,0.366,1637,617
25227,26200,973,0,GE-Phrase,205,25583,27102,1519,617,0.634,-356,-902
25227,26200,973,0,NTB,a questão da procedência,25227,26200,973,973,1.0,0,0
26200,26302,102,0,GE-Phrase,205,25583,27102,1519,102,1.0,617,-800
26200,26302,102,0,NTB,né,26200,26302,102,102,1.0,0,0
26302,27144,842,0,GE-Phrase,205,25583,27102,1519,800,0.95,719,42
26302,27144,842,0,GE-Phrase,206,27102,28175,1073,42,0.05,-800,-1031
26302,27144,842,0,NTB,judaico-cristã,26302,27144,842,842,1.0,0,0
27144,28520,1376,0,GE-Phrase,206,27102,28175,1073,1031,0.749,42,345
27144,28520,1376,0,NTB,por muito tempo,27144,28520,1376,1376,1.0,0,0
43541,44810,1269,0,GE-Phrase,217,43251,44383,1132,842,0.664,290,427
43541,44810,1269,0,GE-Phrase,218,44383,47057,2674,427,0.336,-842,-2247
43541,44810,1269,0,NTB,porque você é filho de nũ sei o que,43541,44810,1269,1269,1.0,0,0
44810,45700,890,0,GE-Phrase,218,44383,47057,2674,890,1.0,427,-1357
44810,45700,890,0,NTB,seu erregê vem,44810,45700,890,890,1.0,0,0
45700,46309,609,0,GE-Phrase,218,44383,47057,2674,609,1.0,1317,-748
45700,46309,609,0,NTB,escrito isso,45700,46309,609,609,1.0,0,0
46309,47266,957,0,GE-Phrase,218,44383,47057,2674,748,0.782,1926,209
46309,47266,957,0,GE-Phrase,219,47057,48898,1841,209,0.218,-748,-1632
46309,47266,957,0,NTB,cê tem certidão de nascimento,46309,47266,957,957,1.0,0,0
12996,13465,469,0,NTB,digamos assim,12996,13465,469,469,1.0,0,0
13465,14522,1057,0,NTB,pelo que a gente tem de,13465,14522,1057,1057,1.0,0,0
14522,15590,1068,0,GE-Phrase,201,14551,15962,1411,1039,0.973,-29,-372
14522,15590,1068,0,NTB,crítica até hoje,14522,15590,1068,1068,1.0,0,0
15590,15763,173,0,GE-Phrase,201,14551,15962,1411,173,1.0,1039,-199
15590,15763,173,0,NTB,né,15590,15763,173,173,1.0,0,0
15763,17363,1600,0,GE-Phrase,201,14551,15962,1411,199,0.124,1212,1401
15763,17363,1600,0,NTB,que consegue entrever isso,15763,17363,1600,1600,1.0,0,0
23045,24645,1600,0,GE-Phrase,203,21244,23590,2346,545,0.341,1801,1055
23045,24645,1600,0,GE-Phrase,204,23590,25583,1993,1055,0.659,-545,-938
23045,24645,1600,0,NTB,como a gente sabe que na cultura hebraica,23045,24645,1600,1600,1.0,0,0
24645,25227,582,0,GE-Phrase,204,23590,25583,1993,582,1.0,1055,-356
24645,25227,582,0,NTB,foi também,24645,25227,582,582,1.0,0,0
25227,26200,973,0,GE-Phrase,204,23590,25583,1993,356,0.366,1637,617
25227,26200,973,0,GE-Phrase,205,25583,27102,1519,617,0.634,-356,-902
25227,26200,973,0,NTB,a questão da procedência,25227,26200,973,973,1.0,0,0
26200,26302,102,0,GE-Phrase,205,25583,27102,1519,102,1.0,617,-800
26200,26302,102,0,NTB,né,26200,26302,102,102,1.0,0,0
26302,27144,842,0,GE-Phrase,205,25583,27102,1519,800,0.95,719,42
26302,27144,842,0,GE-Phrase,206,27102,28175,1073,42,0.05,-800,-1031
26302,27144,842,0,NTB,judaico-cristã,26302,27144,842,842,1.0,0,0
27144,28520,1376,0,GE-Phrase,206,27102,28175,1073,1031,0.749,42,345
27144,28520,1376,0,NTB,por muito tempo,27144,28520,1376,1376,1.0,0,0
43541,44810,1269,0,GE-Phrase,217,43251,44383,1132,842,0.664,290,427
43541,44810,1269,0,GE-Phrase,218,44383,47057,2674,427,0.336,-842,-2247
43541,44810,1269,0,NTB,porque você é filho de nũ sei o que,43541,44810,1269,1269,1.0,0,0
44810,45700,890,0,GE-Phrase,218,44383,47057,2674,890,1.0,427,-1357
44810,45700,890,0,NTB,seu erregê vem,44810,45700,890,890,1.0,0,0
45700,46309,609,0,GE-Phrase,218,44383,47057,2674,609,1.0,1317,-748
45700,46309,609,0,NTB,escrito isso,45700,46309,609,609,1.0,0,0
46309,47266,957,0,GE-Phrase,218,44383,47057,2674,748,0.782,1926,209
46309,47266,957,0,GE-Phrase,219,47057,48898,1841,209,0.218,-748,-1632
46309,47266,957,0,NTB,cê tem certidão de nascimento,46309,47266,957,957,1.0,0,0
12996,13465,469,0,NTB,digamos assim,12996,13465,469,469,1.0,0,0
13465,14522,1057,0,NTB,pelo que a gente tem de,13465,14522,1057,1057,1.0,0,0
14522,15590,1068,0,GE-Phrase,201,14551,15962,1411,1039,0.973,-29,-372
14522,15590,1068,0,NTB,crítica até hoje,14522,15590,1068,1068,1.0,0,0
15590,15763,173,0,GE-Phrase,201,14551,15962,1411,173,1.0,1039,-199
15590,15763,173,0,NTB,né,15590,15763,173,173,1.0,0,0
15763,17363,1600,0,GE-Phrase,201,14551,15962,1411,199,0.124,1212,1401
15763,17363,1600,0,NTB,que consegue entrever isso,15763,17363,1600,1600,1.0,0,0
23045,24645,1600,0,GE-Phrase,203,21244,23590,2346,545,0.341,1801,1055
23045,24645,1600,0,GE-Phrase,204,23590,25583,1993,1055,0.659,-545,-938
23045,24645,1600,0,NTB,como a gente sabe que na cultura hebraica,23045,24645,1600,1600,1.0,0,0
24645,25227,582,0,GE-Phrase,204,23590,25583,1993,582,1.0,1055,-356
24645,25227,582,0,NTB,foi também,24645,25227,582,582,1.0,0,0
25227,26200,973,0,GE-Phrase,204,23590,25583,1993,356,0.366,1637,617
25227,26200,973,0,GE-Phrase,205,25583,27102,1519,617,0.634,-356,-902
25227,26200,973,0,NTB,a questão da procedência,25227,26200,973,973,1.0,0,0
26200,26302,102,0,GE-Phrase,205,25583,27102,1519,102,1.0,617,-800
26200,26302,102,0,NTB,né,26200,26302,102,102,1.0,0,0
26302,27144,842,0,GE-Phrase,205,25583,27102,1519,800,0.95,719,42
26302,27144,842,0,GE-Phrase,206,27102,28175,1073,42,0.05,-800,-1031
26302,27144,842,0,NTB,judaico-cristã,26302,27144,842,842,1.0,0,0
27144,28520,1376,0,GE-Phrase,206,27102,28175,1073,1031,0.749,42,345
27144,28520,1376,0,NTB,por muito tempo,27144,28520,1376,1376,1.0,0,0
43541,44810,1269,0,GE-Phrase,217,43251,44383,1132,842,0.664,290,427
43541,44810,1269,0,GE-Phrase,218,44383,47057,2674,427,0.336,-842,-2247
43541,44810,1269,0,NTB,porque você é filho de nũ sei o que,43541,44810,1269,1269,1.0,0,0
44810,45700,890,0,GE-Phrase,218,44383,47057,2674,890,1.0,427,-1357
44810,45700,890,0,NTB,seu erregê vem,44810,45700,890,890,1.0,0,0
45700,46309,609,0,GE-Phrase,218,44383,47057,2674,609,1.0,1317,-748
45700,46309,609,0,NTB,escrito isso,45700,46309,609,609,1.0,0,0
46309,47266,957,0,GE-Phrase,218,44383,47057,2674,748,0.782,1926,209
46309,47266,957,0,GE-Phrase,219,47057,48898,1841,209,0.218,-748,-1632
46309,47266,957,0,NTB,cê tem certidão de nascimento,46309,47266,957,957,1.0,0,0
12996,13465,469,0,NTB,digamos assim,12996,13465,469,469,1.0,0,0
13465,14522,1057,0,NTB,pelo que a gente tem de,13465,14522,1057,1057,1.0,0,0
14522,15590,1068,0,GE-Phrase,201,14551,15962,1411,1039,0.973,-29,-372
14522,15590,1068,0,NTB,crítica até hoje,14522,15590,1068,1068,1.0,0,0
15590,15763,173,0,GE-Phrase,201,14551,15962,1411,173,1.0,1039,-199
15590,15763,173,0,NTB,né,15590,15763,173,173,1.0,0,0
15763,17363,1600,0,GE-Phrase,201,14551,15962,1411,199,0.124,1212,1401
15763,17363,1600,0,NTB,que consegue entrever isso,15763,17363,1600,1600,1.0,0,0
23045,24645,1600,0,GE-Phrase,203,21244,23590,2346,545,0.341,1801,1055
23045,24645,1600,0,GE-Phrase,204,23590,25583,1993,1055,0.659,-545,-938
23045,24645,1600,0,NTB,como a gente sabe que na cultura hebraica,23045,24645,1600,1600,1.0,0,0
24645,25227,582,0,GE-Phrase,204,23590,25583,1993,582,1.0,1055,-356
24645,25227,582,0,NTB,foi também,24645,25227,582,582,1.0,0,0
25227,26200,973,0,GE-Phrase,204,23590,25583,1993,356,0.366,1637,617
25227,26200,973,0,GE-Phrase,205,25583,27102,1519,617,0.634,-356,-902
25227,26200,973,0,NTB,a questão da procedência,25227,26200,973,973,1.0,0,0
26200,26302,102,0,GE-Phrase,205,25583,27102,1519,102,1.0,617,-800
26200,26302,102,0,NTB,né,26200,26302,102,102,1.0,0,0
26302,27144,842,0,GE-Phrase,205,25583,27102,1519,800,0.95,719,42
26302,27144,842,0,GE-Phrase,206,27102,28175,1073,42,0.05,-800,-1031
26302,27144,842,0,NTB,judaico-cristã,26302,27144,842,842,1.0,0,0
27144,28520,1376,0,GE-Phrase,206,27102,28175,1073,1031,0.749,42,345
27144,28520,1376,0,NTB,por muito tempo,27144,28520,1376,1376,1.0,0,0
43541,44810,1269,0,GE-Phrase,217,43251,44383,1132,842,0.664,290,427
43541,44810,1269,0,GE-Phrase,218,44383,47057,2674,427,0.336,-842,-2247
43541,44810,1269,0,NTB,porque você é filho de nũ sei o que,43541,44810,1269,1269,1.0,0,0
44810,45700,890,0,GE-Phrase,218,44383,47057,2674,890,1.0,427,-1357
44810,45700,890,0,NTB,seu erregê vem,44810,45700,890,890,1.0,0,0
45700,46309,609,0,GE-Phrase,218,44383,47057,2674,609,1.0,1317,-748
45700,46309,609,0,NTB,escrito isso,45700,46309,609,609,1.0,0,0
46309,47266,957,0,GE-Phrase,218,44383,47057,2674,748,0.782,1926,209
46309,47266,957,0,GE-Phrase,219,47057,48898,1841,209,0.218,-748,-1632
46309,47266,957,0,NTB,cê tem certidão de nascimento,46309,47266,957,957,1.0,0,0
12996,13465,469,0,NTB,digamos assim,12996,13465,469,469,1.0,0,0
13465,14522,1057,0,NTB,pelo que a gente tem de,13465,14522,1057,1057,1.0,0,0
14522,15590,1068,0,GE-Phrase,201,14551,15962,1411,1039,0.973,-29,-372
14522,15590,1068,0,NTB,crítica até hoje,14522,15590,1068,1068,1.0,0,0
15590,15763,173,0,GE-Phrase,201,14551,15962,1411,173,1.0,1039,-199
15590,15763,173,0,NTB,né,15590,15763,173,173,1.0,0,0
15763,17363,1600,0,GE-Phrase,201,14551,15962,1411,199,0.124,1212,1401
15763,17363,1600,0,NTB,que consegue entrever isso,15763,17363,1600,1600,1.0,0,0
23045,24645,1600,0,GE-Phrase,203,21244,23590,2346,545,0.341,1801,1055
23045,24645,1600,0,GE-Phrase,204,23590,25583,1993,1055,0.659,-545,-938
23045,24645,1600,0,NTB,como a gente sabe que na cultura hebraica,23045,24645,1600,1600,1.0,0,0
24645,25227,582,0,GE-Phrase,204,23590,25583,1993,582,1.0,1055,-356
24645,25227,582,0,NTB,foi também,24645,25227,582,582,1.0,0,0
25227,26200,973,0,GE-Phrase,204,23590,25583,1993,356,0.366,1637,617
25227,26200,973,0,GE-Phrase,205,25583,27102,1519,617,0.634,-356,-902
25227,26200,973,0,NTB,a questão da procedência,25227,26200,973,973,1.0,0,0
26200,26302,102,0,GE-Phrase,205,25583,27102,1519,102,1.0,617,-800
26200,26302,102,0,NTB,né,26200,26302,102,102,1.0,0,0
26302,27144,842,0,GE-Phrase,205,25583,27102,1519,800,0.95,719,42
26302,27144,842,0,GE-Phrase,206,27102,28175,1073,42,0.05,-800,-1031
26302,27144,842,0,NTB,judaico-cristã,26302,27144,842,842,1.0,0,0
27144,28520,1376,0,GE-Phrase,206,27102,28175,1073,1031,0.749,42,345
27144,28520,1376,0,NTB,por muito tempo,27144,28520,1376,1376,1.0,0,0
43541,44810,1269,0,GE-Phrase,217,43251,44383,1132,842,0.664,290,427
43541,44810,1269,0,GE-Phrase,218,44383,47057,2674,427,0.336,-842,-2247
43541,44810,1269,0,NTB,porque você é filho de nũ sei o que,43541,44810,1269,1269,1.0,0,0
44810,45700,890,0,GE-Phrase,218,44383,47057,2674,890,1.0,427,-1357
44810,45700,890,0,NTB,seu erregê vem,44810,45700,890,890,1.0,0,0
45700,46309,609,0,GE-Phrase,218,44383,47057,2674,609,1.0,1317,-748
45700,46309,609,0,NTB,escrito isso,45700,46309,609,609,1.0,0,0
46309,47266,957,0,GE-Phrase,218,44383,47057,2674,748,0.782,1926,209
46309,47266,957,0,GE-Phrase,219,47057,48898,1841,209,0.218,-748,-1632
46309,47266,957,0,NTB,cê tem certidão de nascimento,46309,47266,957,957,1.0,0,0
12996,13465,469,0,NTB,digamos assim,12996,13465,469,469,1.0,0,0
13465,14522,1057,0,NTB,pelo que a gente tem de,13465,14522,1057,1057,1.0,0,0
14522,15590,1068,0,GE-Phrase,201,14551,15962,1411,1039,0.973,-29,-372
14522,15590,1068,0,NTB,crítica até hoje,14522,15590,1068,1068,1.0,0,0
15590,15763,173,0,GE-Phrase,201,14551,15962,1411,173,1.0,1039,-199
15590,15763,173,0,NTB,né,15590,15763,173,173,1.0,0,0
15763,17363,1600,0,GE-Phrase,201,14551,15962,1411,199,0.124,1212,1401
15763,17363,1600,0,NTB,que consegue entrever isso,15763,17363,1600,1600,1.0,0,0
23045,24645,1600,0,GE-Phrase,203,21244,23590,2346,545,0.341,1801,1055
23045,24645,1600,0,GE-Phrase,204,23590,25583,1993,1055,0.659,-545,-938
23045,24645,1600,0,NTB,como a gente sabe que na cultura hebraica,23045,24645,1600,1600,1.0,0,0
24645,25227,582,0,GE-Phrase,204,23590,25583,1993,582,1.0,1055,-356
24645,25227,582,0,NTB,foi também,24645,25227,582,582,1.0,0,0
25227,26200,973,0,GE-Phrase,204,23590,25583,1993,356,0.366,1637,617
25227,26200,973,0,GE-Phrase,205,25583,27102,1519,617,0.634,-356,-902
25227,26200,973,0,NTB,a questão da procedência,25227,26200,973,973,1.0,0,0
26200,26302,102,0,GE-Phrase,205,25583,27102,1519,102,1.0,617,-800
26200,26302,102,0,NTB,né,26200,26302,102,102,1.0,0,0
26302,27144,842,0,GE-Phrase,205,25583,27102,1519,800,0.95,719,42
26302,27144,842,0,GE-Phrase,206,27102,28175,1073,42,0.05,-800,-1031
26302,27144,842,0,NTB,judaico-cristã,26302,27144,842,842,1.0,0,0
27144,28520,1376,0,GE-Phrase,206,27102,28175,1073,1031,0.749,42,345
27144,28520,1376,0,NTB,por muito tempo,27144,28520,1376,1376,1.0,0,0
43541,44810,1269,0,GE-Phrase,217,43251,44383,1132,842,0.664,290,427
43541,44810,1269,0,GE-Phrase,218,44383,47057,2674,427,0.336,-842,-2247
43541,44810,1269,0,NTB,porque você é filho de nũ sei o que,43541,44810,1269,1269,1.0,0,0
44810,45700,890,0,GE-Phrase,218,44383,47057,2674,890,1.0,427,-1357
44810,45700,890,0,NTB,seu erregê vem,44810,45700,890,890,1.0,0,0
45700,46309,609,0,GE-Phrase,218,44383,47057,2674,609,1.0,1317,-748
45700,46309,609,0,NTB,escrito isso,45700,46309,609,609,1.0,0,0
46309,47266,957,0,GE-Phrase,218,44383,47057,2674,748,0.782,1926,209
46309,47266,957,0,GE-Phrase,219,47057,48898,1841,209,0.218,-748,-1632
46309,47266,957,0,NTB,cê tem certidão de nascimento,46309,47266,957,957,1.0,0,0
12996,13465,469,0,NTB,digamos assim,12996,13465,469,469,1.0,0,0
13465,14522,1057,0,NTB,pelo que a gente tem de,13465,14522,1057,1057,1.0,0,0
14522,15590,1068,0,GE-Phrase,201,14551,15962,1411,1039,0.973,-29,-372
14522,15590,1068,0,NTB,crítica até hoje,14522,15590,1068,1068,1.0,0,0
15590,15763,173,0,GE-Phrase,201,14551,15962,1411,173,1.0,1039,-199
15590,15763,173,0,NTB,né,15590,15763,173,173,1.0,0,0
15763,17363,1600,0,GE-Phrase,201,14551,15962,1411,199,0.124,1212,1401
15763,17363,1600,0,NTB,que consegue entrever isso,15763,17363,1600,1600,1.0,0,0
23045,24645,1600,0,GE-Phrase,203,21244,23590,2346,545,0.341,1801,1055
23045,24645,1600,0,GE-Phrase,204,23590,25583,1993,1055,0.659,-545,-938
23045,24645,1600,0,NTB,como a gente sabe que na cultura hebraica,23045,24645,1600,1600,1.0,0,0
24645,25227,582,0,GE-Phrase,204,23590,25583,1993,582,1.0,1055,-356
24645,25227,582,0,NTB,foi também,24645,25227,582,582,1.0,0,0
25227,26200,973,0,GE-Phrase,204,23590,25583,1993,356,0.366,1637,617
25227,26200,973,0,GE-Phrase,205,25583,27102,1519,617,0.634,-356,-902
25227,26200,973,0,NTB,a questão da procedência,25227,26200,973,973,1.0,0,0
26200,26302,102,0,GE-Phrase,205,25583,27102,1519,102,1.0,617,-800
26200,26302,102,0,NTB,né,26200,26302,102,102,1.0,0,0
26302,27144,842,0,GE-Phrase,205,25583,27102,1519,800,0.95,719,42
26302,27144,842,0,GE-Phrase,206,27102,28175,1073,42,0.05,-800,-1031
26302,27144,842,0,NTB,judaico-cristã,26302,27144,842,842,1.0,0,0
27144,28520,1376,0,GE-Phrase,206,27102,28175,1073,1031,0.749,42,345
27144,28520,1376,0,NTB,por muito tempo,27144,28520,1376,1376,1.0,0,0
43541,44810,1269,0,GE-Phrase,217,43251,44383,1132,842,0.664,290,427
43541,44810,1269,0,GE-Phrase,218,44383,47057,2674,427,0.336,-842,-2247
43541,44810,1269,0,NTB,porque você é filho de nũ sei o que,43541,44810,1269,1269,1.0,0,0
44810,45700,890,0,GE-Phrase,218,44383,47057,2674,890,1.0,427,-1357
44810,45700,890,0,NTB,seu erregê vem,44810,45700,890,890,1.0,0,0
45700,46309,609,0,GE-Phrase,218,44383,47057,2674,609,1.0,1317,-748
45700,46309,609,0,NTB,escrito isso,45700,46309,609,609,1.0,0,0
46309,47266,957,0,GE-Phrase,218,44383,47057,2674,748,0.782,1926,209
46309,47266,957,0,GE-Phrase,219,47057,48898,1841,209,0.218,-748,-1632
46309,47266,957,0,NTB,cê tem certidão de nascimento,46309,47266,957,957,1.0,0,0
12996,13465,469,0,NTB,digamos assim,12996,13465,469,469,1.0,0,0
13465,14522,1057,0,NTB,pelo que a gente tem de,13465,14522,1057,1057,1.0,0,0
14522,15590,1068,0,GE-Phrase,201,14551,15962,1411,1039,0.973,-29,-372
14522,15590,1068,0,NTB,crítica até hoje,14522,15590,1068,1068,1.0,0,0
15590,15763,173,0,GE-Phrase,201,14551,15962,1411,173,1.0,1039,-199
15590,15763,173,0,NTB,né,15590,15763,173,173,1.0,0,0
15763,17363,1600,0,GE-Phrase,201,14551,15962,1411,199,0.124,1212,1401
15763,17363,1600,0,NTB,que consegue entrever isso,15763,17363,1600,1600,1.0,0,0
23045,24645,1600,0,GE-Phrase,203,21244,23590,2346,545,0.341,1801,1055
23045,24645,1600,0,GE-Phrase,204,23590,25583,1993,1055,0.659,-545,-938
23045,24645,1600,0,NTB,como a gente sabe que na cultura hebraica,23045,24645,1600,1600,1.0,0,0
24645,25227,582,0,GE-Phrase,204,23590,25583,1993,582,1.0,1055,-356
24645,25227,582,0,NTB,foi também,24645,25227,582,582,1.0,0,0
25227,26200,973,0,GE-Phrase,204,23590,25583,1993,356,0.366,1637,617
25227,26200,973,0,GE-Phrase,205,25583,27102,1519,617,0.634,-356,-902
25227,26200,973,0,NTB,a questão da procedência,25227,26200,973,973,1.0,0,0
26200,26302,102,0,GE-Phrase,205,25583,27102,1519,102,1.0,617,-800
26200,26302,102,0,NTB,né,26200,26302,102,102,1.0,0,0
26302,27144,842,0,GE-Phrase,205,25583,27102,1519,800,0.95,719,42
26302,27144,842,0,GE-Phrase,206,27102,28175,1073,42,0.05,-800,-1031
26302,27144,842,0,NTB,judaico-cristã,26302,27144,842,842,1.0,0,0
27144,28520,1376,0,GE-Phrase,206,27102,28175,1073,1031,0.749,42,345
27144,28520,1376,0,NTB,por muito tempo,27144,28520,1376,1376,1.0,0,0
43541,44810,1269,0,GE-Phrase,217,43251,44383,1132,842,0.664,290,427
43541,44810,1269,0,GE-Phrase,218,44383,47057,2674,427,0.336,-842,-2247
43541,44810,1269,0,NTB,porque você é filho de nũ sei o que,43541,44810,1269,1269,1.0,0,0
44810,45700,890,0,GE-Phrase,218,44383,47057,2674,890,1.0,427,-1357
44810,45700,890,0,NTB,seu erregê vem,44810,45700,890,890,1.0,0,0
45700,46309,609,0,GE-Phrase,218,44383,47057,2674,609,1.0,1317,-748
45700,46309,609,0,NTB,escrito isso,45700,46309,609,609,1.0,0,0
46309,47266,957,0,GE-Phrase,218,44383,47057,2674,748,0.782,1926,209
46309,47266,957,0,GE-Phrase,219,47057,48898,1841,209,0.218,-748,-1632
46309,47266,957,0,NTB,cê tem certidão de nascimento,46309,47266,957,957,1.0,0,0
12996,13465,469,0,NTB,digamos assim,12996,13465,469,469,1.0,0,0
13465,14522,1057,0,NTB,pelo que a gente tem de,13465,14522,1057,1057,1.0,0,0
14522,15590,1068,0,GE-Phrase,201,14551,15962,1411,1039,0.973,-29,-372
14522,15590,1068,0,NTB,crítica até hoje,14522,15590,1068,1068,1.0,0,0
15590,15763,173,0,GE-Phrase,201,14551,15962,1411,173,1.0,1039,-199
15590,15763,173,0,NTB,né,15590,15763,173,173,1.0,0,0
15763,17363,1600,0,GE-Phrase,201,14551,15962,1411,199,0.124,1212,1401
15763,17363,1600,0,NTB,que consegue entrever isso,15763,17363,1600,1600,1.0,0,0
23045,24645,1600,0,GE-Phrase,203,21244,23590,2346,545,0.341,1801,1055
23045,24645,1600,0,GE-Phrase,204,23590,25583,1993,1055,0.659,-545,-938
23045,24645,1600,0,NTB,como a gente sabe que na cultura hebraica,23045,24645,1600,1600,1.0,0,0
24645,25227,582,0,GE-Phrase,204,23590,25583,1993,582,1.0,1055,-356
24645,25227,582,0,NTB,foi também,24645,25227,582,582,1.0,0,0
25227,26200,973,0,GE-Phrase,204,23590,25583,1993,356,0.366,1637,617
25227,26200,973,0,GE-Phrase,205,25583,27102,1519,617,0.634,-356,-902
25227,26200,973,0,NTB,a questão da procedência,25227,26200,973,973,1.0,0,0
26200,26302,102,0,GE-Phrase,205,25583,27102,1519,102,1.0,617,-800
26200,26302,102,0,NTB,né,26200,26302,102,102,1.0,0,0
26302,27144,842,0,GE-Phrase,205,25583,27102,1519,800,0.95,719,42
26302,27144,842,0,GE-Phrase,206,27102,28175,1073,42,0.05,-800,-1031
26302,27144,842,0,NTB,judaico-cristã,26302,27144,842,842,1.0,0,0
27144,28520,1376,0,GE-Phrase,206,27102,28175,1073,1031,0.749,42,345
27144,28520,1376,0,NTB,por muito tempo,27144,28520,1376,1376,1.0,0,0
43541,44810,1269,0,GE-Phrase,217,43251,44383,1132,842,0.664,290,427
43541,44810,1269,0,GE-Phrase,218,44383,47057,2674,427,0.336,-842,-2247
43541,44810,1269,0,NTB,porque você é filho de nũ sei o que,43541,44810,1269,1269,1.0,0,0
44810,45700,890,0,GE-Phrase,218,44383,47057,2674,890,1.0,427,-1357
44810,45700,890,0,NTB,seu erregê vem,44810,45700,890,890,1.0,0,0
45700,46309,609,0,GE-Phrase,218,44383,47057,2674,609,1.0,1317,-748
45700,46309,609,0,NTB,escrito isso,45700,46309,609,609,1.0,0,0
46309,47266,957,0,GE-Phrase,218,44383,47057,2674,748,0.782,1926,209
46309,47266,957,0,GE-Phrase,219,47057,48898,1841,209,0.218,-748,-1632
46309,47266,957,0,NTB,cê tem certidão de nascimento,46309,47266,957,957,1.0,0,0
12996,13465,469,0,NTB,digamos assim,12996,13465,469,469,1.0,0,0
13465,14522,1057,0,NTB,pelo que a gente tem de,13465,14522,1057,1057,1.0,0,0
14522,15590,1068,0,GE-Phrase,201,14551,15962,1411,1039,0.973,-29,-372
14522,15590,1068,0,NTB,crítica até hoje,14522,15590,1068,1068,1.0,0,0
15590,15763,173,0,GE-Phrase,201,14551,15962,1411,173,1.0,1039,-199
15590,15763,173,0,NTB,né,15590,15763,173,173,1.0,0,0
15763,17363,1600,0,GE-Phrase,201,14551,15962,1411,199,0.124,1212,1401
15763,17363,1600,0,NTB,que consegue entrever isso,15763,17363,1600,1600,1.0,0,0
23045,24645,1600,0,GE-Phrase,203,21244,23590,2346,545,0.341,1801,1055
23045,24645,1600,0,GE-Phrase,204,23590,25583,1993,1055,0.659,-545,-938
23045,24645,1600,0,NTB,como a gente sabe que na cultura hebraica,23045,24645,1600,1600,1.0,0,0
24645,25227,582,0,GE-Phrase,204,23590,25583,1993,582,1.0,1055,-356
24645,25227,582,0,NTB,foi também,24645,25227,582,582,1.0,0,0
25227,26200,973,0,GE-Phrase,204,23590,25583,1993,356,0.366,1637,617
25227,26200,973,0,GE-Phrase,205,25583,27102,1519,617,0.634,-356,-902
25227,26200,973,0,NTB,a questão da procedência,25227,26200,973,973,1.0,0,0
26200,26302,102,0,GE-Phrase,205,25583,27102,1519,102,1.0,617,-800
26200,26302,102,0,NTB,né,26200,26302,102,102,1.0,0,0
26302,27144,842,0,GE-Phrase,205,25583,27102,1519,800,0.95,719,42
26302,27144,842,0,GE-Phrase,206,27102,28175,1073,42,0.05,-800,-1031
26302,27144,842,0,NTB,judaico-cristã,26302,27144,842,842,1.0,0,0
27144,28520,1376,0,GE-Phrase,206,27102,28175,1073,1031,0.749,42,345
27144,28520,1376,0,NTB,por muito tempo,27144,28520,1376,1376,1.0,0,0
43541,44810,1269,0,GE-Phrase,217,43251,44383,1132,842,0.664,290,427
43541,44810,1269,0,GE-Phrase,218,44383,47057,2674,427,0.336,-842,-2247
43541,44810,1269,0,NTB,porque você é filho de nũ sei o que,43541,44810,1269,1269,1.0,0,0
44810,45700,890,0,GE-Phrase,218,44383,47057,2674,890,1.0,427,-1357
44810,45700,890,0,NTB,seu erregê vem,44810,45700,890,890,1.0,0,0
45700,46309,609,0,GE-Phrase,218,44383,47057,2674,609,1.0,1317,-748
45700,46309,609,0,NTB,escrito isso,45700,46309,609,609,1.0,0,0
46309,47266,957,0,GE-Phrase,218,44383,47057,2674,748,0.782,1926,209
46309,47266,957,0,GE-Phrase,219,47057,48898,1841,209,0.218,-748,-1632
46309,47266,957,0,NTB,cê tem certidão de nascimento,46309,47266,957,957,1.0,0,0
12996,13465,469,0,NTB,digamos assim,12996,13465,469,469,1.0,0,0
13465,14522,1057,0,NTB,pelo que a gente tem de,13465,14522,1057,1057,1.0,0,0
14522,15590,1068,0,GE-Phrase,201,14551,15962,1411,1039,0.973,-29,-372
14522,15590,1068,0,NTB,crítica até hoje,14522,15590,1068,1068,1.0,0,0
15590,15763,173,0,GE-Phrase,201,14551,15962,1411,173,1.0,1039,-199
15590,15763,173,0,NTB,né,15590,15763,173,173,1.0,0,0
15763,17363,1600,0,GE-Phrase,201,14551,15962,1411,199,0.124,1212,1401
15763,17363,1600,0,NTB,que consegue entrever isso,15763,17363,1600,1600,1.0,0,0
23045,24645,1600,0,GE-Phrase,203,21244,23590,2346,545,0.341,1801,1055
23045,24645,1600,0,GE-Phrase,204,23590,25583,1993,1055,0.659,-545,-938
23045,24645,1600,0,NTB,como a gente sabe que na cultura hebraica,23045,24645,1600,1600,1.0,0,0
24645,25227,582,0,GE-Phrase,204,23590,25583,1993,582,1.0,1055,-356
24645,25227,582,0,NTB,foi também,24645,25227,582,582,1.0,0,0
25227,26200,973,0,GE-Phrase,204,23590,25583,1993,356,0.366,1637,617
25227,26200,973,0,GE-Phrase,205,25583,27102,1519,617,0.634,-356,-902
25227,26200,973,0,NTB,a questão da procedência,25227,26200,973,973,1.0,0,0
26200,26302,102,0,GE-Phrase,205,25583,27102,1519,102,1.0,617,-800
26200,26302,102,0,NTB,né,26200,26302,102,102,1.0,0,0
26302,27144,842,0,GE-Phrase,205,25583,27102,1519,800,0.95,719,42
26302,27144,842,0,GE-Phrase,206,27102,28175,1073,42,0.05,-800,-1031
26302,27144,842,0,NTB,judaico-cristã,26302,27144,842,842,1.0,0,0
27144,28520,1376,0,GE-Phrase,206,27102,28175,1073,1031,0.749,42,345
27144,28520,1376,0,NTB,por muito tempo,27144,28520,1376,1376,1.0,0,0
43541,44810,1269,0,GE-Phrase,217,43251,44383,1132,842,0.664,290,427
43541,44810,1269,0,GE-Phrase,218,44383,47057,2674,427,0.336,-842,-2247
43541,44810,1269,0,NTB,porque você é filho de nũ sei o que,43541,44810,1269,1269,1.0,0,0
44810,45700,890,0,GE-Phrase,218,44383,47057,2674,890,1.0,427,-1357
44810,45700,890,0,NTB,seu erregê vem,44810,45700,890,890,1.0,0,0
45700,46309,609,0,GE-Phrase,218,44383,47057,2674,609,1.0,1317,-748
45700,46309,609,0,NTB,escrito isso,45700,46309,609,609,1.0,0,0
46309,47266,957,0,GE-Phrase,218,44383,47057,2674,748,0.782,1926,209
46309,47266,957,0,GE-Phrase,219,47057,48898,1841,209,0.218,-748,-1632
46309,47266,957,0,NTB,cê tem certidão de nascimento,46309,47266,957,957,1.0,0,0
12996,13465,469,0,NTB,digamos assim,12996,13465,469,469,1.0,0,0
13465,14522,1057,0,NTB,pelo que a gente tem de,13465,14522,1057,1057,1.0,0,0
14522,15590,1068,0,GE-Phrase,201,14551,15962,1411,1039,0.973,-29,-372
14522,15590,1068,0,NTB,crítica até hoje,14522,15590,1068,1068,1.0,0,0
15590,15763,173,0,GE-Phrase,201,14551,15962,1411,173,1.0,1039,-199
15590,15763,173,0,NTB,né,15590,15763,173,173,1.0,0,0
15763,17363,1600,0,GE-Phrase,201,14551,15962,1411,199,0.124,1212,1401
15763,17363,1600,0,NTB,que consegue entrever isso,15763,17363,1600,1600,1.0,0,0
23045,24645,1600,0,GE-Phrase,203,21244,23590,2346,545,0.341,1801,1055
23045,24645,1600,0,GE-Phrase,204,23590,25583,1993,1055,0.659,-545,-938
23045,24645,1600,0,NTB,como a gente sabe que na cultura hebraica,23045,24645,1600,1600,1.0,0,0
24645,25227,582,0,GE-Phrase,204,23590,25583,1993,582,1.0,1055,-356
24645,25227,582,0,NTB,foi também,24645,25227,582,582,1.0,0,0
25227,26200,973,0,GE-Phrase,204,23590,25583,1993,356,0.366,1637,617
25227,26200,973,0,GE-Phrase,205,25583,27102,1519,617,0.634,-356,-902
25227,26200,973,0,NTB,a questão da procedência,25227,26200,973,973,1.0,0,0
26200,26302,102,0,GE-Phrase,205,25583,27102,1519,102,1.0,617,-800
26200,26302,102,0,NTB,né,26200,26302,102,102,1.0,0,0
26302,27144,842,0,GE-Phrase,205,25583,27102,1519,800,0.95,719,42
26302,27144,842,0,GE-Phrase,206,27102,28175,1073,42,0.05,-800,-1031
26302,27144,842,0,NTB,judaico-cristã,26302,27144,842,842,1.0,0,0
27144,28520,1376,0,GE-Phrase,206,27102,28175,1073,1031,0.749,42,345
27144,28520,1376,0,NTB,por muito tempo,27144,28520,1376,1376,1.0,0,0
43541,44810,1269,0,GE-Phrase,217,43251,44383,1132,842,0.664,290,427
43541,44810,1269,0,GE-Phrase,218,44383,47057,2674,427,0.336,-842,-2247
43541,44810,1269,0,NTB,porque você é filho de nũ sei o que,43541,44810,1269,1269,1.0,0,0
44810,45700,890,0,GE-Phrase,218,44383,47057,2674,890,1.0,427,-1357
44810,45700,890,0,NTB,seu erregê vem,44810,45700,890,890,1.0,0,0
45700,46309,609,0,GE-Phrase,218,44383,47057,2674,609,1.0,1317,-748
45700,46309,609,0,NTB,escrito isso,45700,46309,609,609,1.0,0,0
46309,47266,957,0,GE-Phrase,218,44383,47057,2674,748,0.782,1926,209
46309,47266,957,0,GE-Phrase,219,47057,48898,1841,209,0.218,-748,-1632
46309,47266,957,0,NTB,cê tem certidão de nascimento,46309,47266,957,957,1.0,0,0
45843,46185,342,0,GE-Phrase,201,43285,46196,2911,342,1.0,2558,-11
45843,46185,342,0,NTB,por exemplo,45843,46185,342,342,1.0,0,0
46185,48237,2052,0,GE-Phrase,201,43285,46196,2911,11,0.005,2900,2041
46185,48237,2052,0,GE-Phrase,202,46196,50278,4082,2041,0.995,-11,-2041
46185,48237,2052,0,NTB,se eles vão produzir um statement of purpose,46185,48237,2052,2052,1.0,0,0
48982,50259,1277,0,GE-Phrase,202,46196,50278,4082,1277,1.0,2786,-19
48982,50259,1277,0,NTB,a escrita dele,48982,50259,1277,1277,1.0,0,0
89733,90527,794,0,GE-Phrase,223,89435,91263,1828,794,1.0,298,-736
89733,90527,794,0,NTB,basicamente,89733,90527,794,794,1.0,0,0
101775,103364,1589,0,GE-Phrase,226,101601,103369,1768,1589,1.0,174,-5
101775,103364,1589,0,NTB,aí acho que a Elisa faz assim também,101775,103364,1589,1589,1.0,0,0
106867,108194,1327,0,GE-Phrase,229,105764,107960,2196,1093,0.824,1103,234
106867,108194,1327,0,GE-Phrase,230,107960,110406,2446,234,0.176,-1093,-2212
106867,108194,1327,0,NTB,o que é um statement of purpose,106867,108194,1327,1327,1.0,0,0
108194,108671,477,0,GE-Phrase,230,107960,110406,2446,477,1.0,234,-1735
108194,108671,477,0,NTB,vê,108194,108671,477,477,1.0,0,0
108671,109369,698,0,GE-Phrase,230,107960,110406,2446,698,1.0,711,-1037
108671,109369,698,0,NTB,tipo,108671,109369,698,698,1.0,0,0
109369,110382,1013,0,GE-Phrase,230,107960,110406,2446,1013,1.0,1409,-24
109369,110382,1013,0,NTB,exemplos,109369,110382,1013,1013,1.0,0,0
111370,113448,2078,0,GE-Phrase,232,111344,112091,747,721,0.347,26,1357
111370,113448,2078,0,GE-Phrase,233,112091,112627,536,536,0.258,-721,821
111370,113448,2078,0,GE-Phrase,234,112627,113705,1078,821,0.395,-1257,-257
111370,113448,2078,0,NTB,pra que que aquilo é usado,111370,113448,2078,2078,1.0,0,0
124510,125198,688,0,GE-Phrase,241,121878,125705,3827,688,1.0,2632,-507
124510,125198,688,0,NTB,estruturados,124510,125198,688,688,1.0,0,0
125198,125513,315,0,GE-Phrase,241,121878,125705,3827,315,1.0,3320,-192
125198,125513,315,0,NTB,e tal,125198,125513,315,315,1.0,0,0
45843,46185,342,0,GE-Phrase,201,43285,46196,2911,342,1.0,2558,-11
45843,46185,342,0,NTB,por exemplo,45843,46185,342,342,1.0,0,0
46185,48237,2052,0,GE-Phrase,201,43285,46196,2911,11,0.005,2900,2041
46185,48237,2052,0,GE-Phrase,202,46196,50278,4082,2041,0.995,-11,-2041
46185,48237,2052,0,NTB,se eles vão produzir um statement of purpose,46185,48237,2052,2052,1.0,0,0
48982,50259,1277,0,GE-Phrase,202,46196,50278,4082,1277,1.0,2786,-19
48982,50259,1277,0,NTB,a escrita dele,48982,50259,1277,1277,1.0,0,0
89733,90527,794,0,GE-Phrase,223,89435,91263,1828,794,1.0,298,-736
89733,90527,794,0,NTB,basicamente,89733,90527,794,794,1.0,0,0
101775,103364,1589,0,GE-Phrase,226,101601,103369,1768,1589,1.0,174,-5
101775,103364,1589,0,NTB,aí acho que a Elisa faz assim também,101775,103364,1589,1589,1.0,0,0
106867,108194,1327,0,GE-Phrase,229,105764,107960,2196,1093,0.824,1103,234
106867,108194,1327,0,GE-Phrase,230,107960,110406,2446,234,0.176,-1093,-2212
106867,108194,1327,0,NTB,o que é um statement of purpose,106867,108194,1327,1327,1.0,0,0
108194,108671,477,0,GE-Phrase,230,107960,110406,2446,477,1.0,234,-1735
108194,108671,477,0,NTB,vê,108194,108671,477,477,1.0,0,0
108671,109369,698,0,GE-Phrase,230,107960,110406,2446,698,1.0,711,-1037
108671,109369,698,0,NTB,tipo,108671,109369,698,698,1.0,0,0
109369,110382,1013,0,GE-Phrase,230,107960,110406,2446,1013,1.0,1409,-24
109369,110382,1013,0,NTB,exemplos,109369,110382,1013,1013,1.0,0,0
111370,113448,2078,0,GE-Phrase,232,111344,112091,747,721,0.347,26,1357
111370,113448,2078,0,GE-Phrase,233,112091,112627,536,536,0.258,-721,821
111370,113448,2078,0,GE-Phrase,234,112627,113705,1078,821,0.395,-1257,-257
111370,113448,2078,0,NTB,pra que que aquilo é usado,111370,113448,2078,2078,1.0,0,0
124510,125198,688,0,GE-Phrase,241,121878,125705,3827,688,1.0,2632,-507
124510,125198,688,0,NTB,estruturados,124510,125198,688,688,1.0,0,0
125198,125513,315,0,GE-Phrase,241,121878,125705,3827,315,1.0,3320,-192
125198,125513,315,0,NTB,e tal,125198,125513,315,315,1.0,0,0
45843,46185,342,0,GE-Phrase,201,43285,46196,2911,342,1.0,2558,-11
45843,46185,342,0,NTB,por exemplo,45843,46185,342,342,1.0,0,0
46185,48237,2052,0,GE-Phrase,201,43285,46196,2911,11,0.005,2900,2041
46185,48237,2052,0,GE-Phrase,202,46196,50278,4082,2041,0.995,-11,-2041
46185,48237,2052,0,NTB,se eles vão produzir um statement of purpose,46185,48237,2052,2052,1.0,0,0
48982,50259,1277,0,GE-Phrase,202,46196,50278,4082,1277,1.0,2786,-19
48982,50259,1277,0,NTB,a escrita dele,48982,50259,1277,1277,1.0,0,0
89733,90527,794,0,GE-Phrase,223,89435,91263,1828,794,1.0,298,-736
89733,90527,794,0,NTB,basicamente,89733,90527,794,794,1.0,0,0
101775,103364,1589,0,GE-Phrase,226,101601,103369,1768,1589,1.0,174,-5
101775,103364,1589,0,NTB,aí acho que a Elisa faz assim também,101775,103364,1589,1589,1.0,0,0
106867,108194,1327,0,GE-Phrase,229,105764,107960,2196,1093,0.824,1103,234
106867,108194,1327,0,GE-Phrase,230,107960,110406,2446,234,0.176,-1093,-2212
106867,108194,1327,0,NTB,o que é um statement of purpose,106867,108194,1327,1327,1.0,0,0
108194,108671,477,0,GE-Phrase,230,107960,110406,2446,477,1.0,234,-1735
108194,108671,477,0,NTB,vê,108194,108671,477,477,1.0,0,0
108671,109369,698,0,GE-Phrase,230,107960,110406,2446,698,1.0,711,-1037
108671,109369,698,0,NTB,tipo,108671,109369,698,698,1.0,0,0
109369,110382,1013,0,GE-Phrase,230,107960,110406,2446,1013,1.0,1409,-24
109369,110382,1013,0,NTB,exemplos,109369,110382,1013,1013,1.0,0,0
111370,113448,2078,0,GE-Phrase,232,111344,112091,747,721,0.347,26,1357
111370,113448,2078,0,GE-Phrase,233,112091,112627,536,536,0.258,-721,821
111370,113448,2078,0,GE-Phrase,234,112627,113705,1078,821,0.395,-1257,-257
111370,113448,2078,0,NTB,pra que que aquilo é usado,111370,113448,2078,2078,1.0,0,0
124510,125198,688,0,GE-Phrase,241,121878,125705,3827,688,1.0,2632,-507
124510,125198,688,0,NTB,estruturados,124510,125198,688,688,1.0,0,0
125198,125513,315,0,GE-Phrase,241,121878,125705,3827,315,1.0,3320,-192
125198,125513,315,0,NTB,e tal,125198,125513,315,315,1.0,0,0
45843,46185,342,0,GE-Phrase,201,43285,46196,2911,342,1.0,2558,-11
45843,46185,342,0,NTB,por exemplo,45843,46185,342,342,1.0,0,0
46185,48237,2052,0,GE-Phrase,201,43285,46196,2911,11,0.005,2900,2041
46185,48237,2052,0,GE-Phrase,202,46196,50278,4082,2041,0.995,-11,-2041
46185,48237,2052,0,NTB,se eles vão produzir um statement of purpose,46185,48237,2052,2052,1.0,0,0
48982,50259,1277,0,GE-Phrase,202,46196,50278,4082,1277,1.0,2786,-19
48982,50259,1277,0,NTB,a escrita dele,48982,50259,1277,1277,1.0,0,0
89733,90527,794,0,GE-Phrase,223,89435,91263,1828,794,1.0,298,-736
89733,90527,794,0,NTB,basicamente,89733,90527,794,794,1.0,0,0
101775,103364,1589,0,GE-Phrase,226,101601,103369,1768,1589,1.0,174,-5
101775,103364,1589,0,NTB,aí acho que a Elisa faz assim também,101775,103364,1589,1589,1.0,0,0
106867,108194,1327,0,GE-Phrase,229,105764,107960,2196,1093,0.824,1103,234
106867,108194,1327,0,GE-Phrase,230,107960,110406,2446,234,0.176,-1093,-2212
106867,108194,1327,0,NTB,o que é um statement of purpose,106867,108194,1327,1327,1.0,0,0
108194,108671,477,0,GE-Phrase,230,107960,110406,2446,477,1.0,234,-1735
108194,108671,477,0,NTB,vê,108194,108671,477,477,1.0,0,0
108671,109369,698,0,GE-Phrase,230,107960,110406,2446,698,1.0,711,-1037
108671,109369,698,0,NTB,tipo,108671,109369,698,698,1.0,0,0
109369,110382,1013,0,GE-Phrase,230,107960,110406,2446,1013,1.0,1409,-24
109369,110382,1013,0,NTB,exemplos,109369,110382,1013,1013,1.0,0,0
111370,113448,2078,0,GE-Phrase,232,111344,112091,747,721,0.347,26,1357
111370,113448,2078,0,GE-Phrase,233,112091,112627,536,536,0.258,-721,821
111370,113448,2078,0,GE-Phrase,234,112627,113705,1078,821,0.395,-1257,-257
111370,113448,2078,0,NTB,pra que que aquilo é usado,111370,113448,2078,2078,1.0,0,0
124510,125198,688,0,GE-Phrase,241,121878,125705,3827,688,1.0,2632,-507
124510,125198,688,0,NTB,estruturados,124510,125198,688,688,1.0,0,0
125198,125513,315,0,GE-Phrase,241,121878,125705,3827,315,1.0,3320,-192
125198,125513,315,0,NTB,e tal,125198,125513,315,315,1.0,0,0
45843,46185,342,0,GE-Phrase,201,43285,46196,2911,342,1.0,2558,-11
45843,46185,342,0,NTB,por exemplo,45843,46185,342,342,1.0,0,0
46185,48237,2052,0,GE-Phrase,201,43285,46196,2911,11,0.005,2900,2041
46185,48237,2052,0,GE-Phrase,202,46196,50278,4082,2041,0.995,-11,-2041
46185,48237,2052,0,NTB,se eles vão produzir um statement of purpose,46185,48237,2052,2052,1.0,0,0
48982,50259,1277,0,GE-Phrase,202,46196,50278,4082,1277,1.0,2786,-19
48982,50259,1277,0,NTB,a escrita dele,48982,50259,1277,1277,1.0,0,0
89733,90527,794,0,GE-Phrase,223,89435,91263,1828,794,1.0,298,-736
89733,90527,794,0,NTB,basicamente,89733,90527,794,794,1.0,0,0
101775,103364,1589,0,GE-Phrase,226,101601,103369,1768,1589,1.0,174,-5
101775,103364,1589,0,NTB,aí acho que a Elisa faz assim também,101775,103364,1589,1589,1.0,0,0
106867,108194,1327,0,GE-Phrase,229,105764,107960,2196,1093,0.824,1103,234
106867,108194,1327,0,GE-Phrase,230,107960,110406,2446,234,0.176,-1093,-2212
106867,108194,1327,0,NTB,o que é um statement of purpose,106867,108194,1327,1327,1.0,0,0
108194,108671,477,0,GE-Phrase,230,107960,110406,2446,477,1.0,234,-1735
108194,108671,477,0,NTB,vê,108194,108671,477,477,1.0,0,0
108671,109369,698,0,GE-Phrase,230,107960,110406,2446,698,1.0,711,-1037
108671,109369,698,0,NTB,tipo,108671,109369,698,698,1.0,0,0
109369,110382,1013,0,GE-Phrase,230,107960,110406,2446,1013,1.0,1409,-24
109369,110382,1013,0,NTB,exemplos,109369,110382,1013,1013,1.0,0,0
111370,113448,2078,0,GE-Phrase,232,111344,112091,747,721,0.347,26,1357
111370,113448,2078,0,GE-Phrase,233,112091,112627,536,536,0.258,-721,821
111370,113448,2078,0,GE-Phrase,234,112627,113705,1078,821,0.395,-1257,-257
111370,113448,2078,0,NTB,pra que que aquilo é usado,111370,113448,2078,2078,1.0,0,0
124510,125198,688,0,GE-Phrase,241,121878,125705,3827,688,1.0,2632,-507
124510,125198,688,0,NTB,estruturados,124510,125198,688,688,1.0,0,0
125198,125513,315,0,GE-Phrase,241,121878,125705,3827,315,1.0,3320,-192
125198,125513,315,0,NTB,e tal,125198,125513,315,315,1.0,0,0
45843,46185,342,0,GE-Phrase,201,43285,46196,2911,342,1.0,2558,-11
45843,46185,342,0,NTB,por exemplo,45843,46185,342,342,1.0,0,0
46185,48237,2052,0,GE-Phrase,201,43285,46196,2911,11,0.005,2900,2041
46185,48237,2052,0,GE-Phrase,202,46196,50278,4082,2041,0.995,-11,-2041
46185,48237,2052,0,NTB,se eles vão produzir um statement of purpose,46185,48237,2052,2052,1.0,0,0
48982,50259,1277,0,GE-Phrase,202,46196,50278,4082,1277,1.0,2786,-19
48982,50259,1277,0,NTB,a escrita dele,48982,50259,1277,1277,1.0,0,0
89733,90527,794,0,GE-Phrase,223,89435,91263,1828,794,1.0,298,-736
89733,90527,794,0,NTB,basicamente,89733,90527,794,794,1.0,0,0
101775,103364,1589,0,GE-Phrase,226,101601,103369,1768,1589,1.0,174,-5
101775,103364,1589,0,NTB,aí acho que a Elisa faz assim também,101775,103364,1589,1589,1.0,0,0
106867,108194,1327,0,GE-Phrase,229,105764,107960,2196,1093,0.824,1103,234
106867,108194,1327,0,GE-Phrase,230,107960,110406,2446,234,0.176,-1093,-2212
106867,108194,1327,0,NTB,o que é um statement of purpose,106867,108194,1327,1327,1.0,0,0
108194,108671,477,0,GE-Phrase,230,107960,110406,2446,477,1.0,234,-1735
108194,108671,477,0,NTB,vê,108194,108671,477,477,1.0,0,0
108671,109369,698,0,GE-Phrase,230,107960,110406,2446,698,1.0,711,-1037
108671,109369,698,0,NTB,tipo,108671,109369,698,698,1.0,0,0
109369,110382,1013,0,GE-Phrase,230,107960,110406,2446,1013,1.0,1409,-24
109369,110382,1013,0,NTB,exemplos,109369,110382,1013,1013,1.0,0,0
111370,113448,2078,0,GE-Phrase,232,111344,112091,747,721,0.347,26,1357
111370,113448,2078,0,GE-Phrase,233,112091,112627,536,536,0.258,-721,821
111370,113448,2078,0,GE-Phrase,234,112627,113705,1078,821,0.395,-1257,-257
111370,113448,2078,0,NTB,pra que que aquilo é usado,111370,113448,2078,2078,1.0,0,0
124510,125198,688,0,GE-Phrase,241,121878,125705,3827,688,1.0,2632,-507
124510,125198,688,0,NTB,estruturados,124510,125198,688,688,1.0,0,0
125198,125513,315,0,GE-Phrase,241,121878,125705,3827,315,1.0,3320,-192
125198,125513,315,0,NTB,e tal,125198,125513,315,315,1.0,0,0
45843,46185,342,0,GE-Phrase,201,43285,46196,2911,342,1.0,2558,-11
45843,46185,342,0,NTB,por exemplo,45843,46185,342,342,1.0,0,0
46185,48237,2052,0,GE-Phrase,201,43285,46196,2911,11,0.005,2900,2041
46185,48237,2052,0,GE-Phrase,202,46196,50278,4082,2041,0.995,-11,-2041
46185,48237,2052,0,NTB,se eles vão produzir um statement of purpose,46185,48237,2052,2052,1.0,0,0
48982,50259,1277,0,GE-Phrase,202,46196,50278,4082,1277,1.0,2786,-19
48982,50259,1277,0,NTB,a escrita dele,48982,50259,1277,1277,1.0,0,0
89733,90527,794,0,GE-Phrase,223,89435,91263,1828,794,1.0,298,-736
89733,90527,794,0,NTB,basicamente,89733,90527,794,794,1.0,0,0
101775,103364,1589,0,GE-Phrase,226,101601,103369,1768,1589,1.0,174,-5
101775,103364,1589,0,NTB,aí acho que a Elisa faz assim também,101775,103364,1589,1589,1.0,0,0
106867,108194,1327,0,GE-Phrase,229,105764,107960,2196,1093,0.824,1103,234
106867,108194,1327,0,GE-Phrase,230,107960,110406,2446,234,0.176,-1093,-2212
106867,108194,1327,0,NTB,o que é um statement of purpose,106867,108194,1327,1327,1.0,0,0
108194,108671,477,0,GE-Phrase,230,107960,110406,2446,477,1.0,234,-1735
108194,108671,477,0,NTB,vê,108194,108671,477,477,1.0,0,0
108671,109369,698,0,GE-Phrase,230,107960,110406,2446,698,1.0,711,-1037
108671,109369,698,0,NTB,tipo,108671,109369,698,698,1.0,0,0
109369,110382,1013,0,GE-Phrase,230,107960,110406,2446,1013,1.0,1409,-24
109369,110382,1013,0,NTB,exemplos,109369,110382,1013,1013,1.0,0,0
111370,113448,2078,0,GE-Phrase,232,111344,112091,747,721,0.347,26,1357
111370,113448,2078,0,GE-Phrase,233,112091,112627,536,536,0.258,-721,821
111370,113448,2078,0,GE-Phrase,234,112627,113705,1078,821,0.395,-1257,-257
111370,113448,2078,0,NTB,pra que que aquilo é usado,111370,113448,2078,2078,1.0,0,0
124510,125198,688,0,GE-Phrase,241,121878,125705,3827,688,1.0,2632,-507
124510,125198,688,0,NTB,estruturados,124510,125198,688,688,1.0,0,0
125198,125513,315,0,GE-Phrase,241,121878,125705,3827,315,1.0,3320,-192
125198,125513,315,0,NTB,e tal,125198,125513,315,315,1.0,0,0
45843,46185,342,0,GE-Phrase,201,43285,46196,2911,342,1.0,2558,-11
45843,46185,342,0,NTB,por exemplo,45843,46185,342,342,1.0,0,0
46185,48237,2052,0,GE-Phrase,201,43285,46196,2911,11,0.005,2900,2041
46185,48237,2052,0,GE-Phrase,202,46196,50278,4082,2041,0.995,-11,-2041
46185,48237,2052,0,NTB,se eles vão produzir um statement of purpose,46185,48237,2052,2052,1.0,0,0
48982,50259,1277,0,GE-Phrase,202,46196,50278,4082,1277,1.0,2786,-19
48982,50259,1277,0,NTB,a escrita dele,48982,50259,1277,1277,1.0,0,0
89733,90527,794,0,GE-Phrase,223,89435,91263,1828,794,1.0,298,-736
89733,90527,794,0,NTB,basicamente,89733,90527,794,794,1.0,0,0
101775,103364,1589,0,GE-Phrase,226,101601,103369,1768,1589,1.0,174,-5
101775,103364,1589,0,NTB,aí acho que a Elisa faz assim também,101775,103364,1589,1589,1.0,0,0
106867,108194,1327,0,GE-Phrase,229,105764,107960,2196,1093,0.824,1103,234
106867,108194,1327,0,GE-Phrase,230,107960,110406,2446,234,0.176,-1093,-2212
106867,108194,1327,0,NTB,o que é um statement of purpose,106867,108194,1327,1327,1.0,0,0
108194,108671,477,0,GE-Phrase,230,107960,110406,2446,477,1.0,234,-1735
108194,108671,477,0,NTB,vê,108194,108671,477,477,1.0,0,0
108671,109369,698,0,GE-Phrase,230,107960,110406,2446,698,1.0,711,-1037
108671,109369,698,0,NTB,tipo,108671,109369,698,698,1.0,0,0
109369,110382,1013,0,GE-Phrase,230,107960,110406,2446,1013,1.0,1409,-24
109369,110382,1013,0,NTB,exemplos,109369,110382,1013,1013,1.0,0,0
111370,113448,2078,0,GE-Phrase,232,111344,112091,747,721,0.347,26,1357
111370,113448,2078,0,GE-Phrase,233,112091,112627,536,536,0.258,-721,821
111370,113448,2078,0,GE-Phrase,234,112627,113705,1078,821,0.395,-1257,-257
111370,113448,2078,0,NTB,pra que que aquilo é usado,111370,113448,2078,2078,1.0,0,0
124510,125198,688,0,GE-Phrase,241,121878,125705,3827,688,1.0,2632,-507
124510,125198,688,0,NTB,estruturados,124510,125198,688,688,1.0,0,0
125198,125513,315,0,GE-Phrase,241,121878,125705,3827,315,1.0,3320,-192
125198,125513,315,0,NTB,e tal,125198,125513,315,315,1.0,0,0
45843,46185,342,0,GE-Phrase,201,43285,46196,2911,342,1.0,2558,-11
45843,46185,342,0,NTB,por exemplo,45843,46185,342,342,1.0,0,0
46185,48237,2052,0,GE-Phrase,201,43285,46196,2911,11,0.005,2900,2041
46185,48237,2052,0,GE-Phrase,202,46196,50278,4082,2041,0.995,-11,-2041
46185,48237,2052,0,NTB,se eles vão produzir um statement of purpose,46185,48237,2052,2052,1.0,0,0
48982,50259,1277,0,GE-Phrase,202,46196,50278,4082,1277,1.0,2786,-19
48982,50259,1277,0,NTB,a escrita dele,48982,50259,1277,1277,1.0,0,0
89733,90527,794,0,GE-Phrase,223,89435,91263,1828,794,1.0,298,-736
89733,90527,794,0,NTB,basicamente,89733,90527,794,794,1.0,0,0
101775,103364,1589,0,GE-Phrase,226,101601,103369,1768,1589,1.0,174,-5
101775,103364,1589,0,NTB,aí acho que a Elisa faz assim também,101775,103364,1589,1589,1.0,0,0
106867,108194,1327,0,GE-Phrase,229,105764,107960,2196,1093,0.824,1103,234
106867,108194,1327,0,GE-Phrase,230,107960,110406,2446,234,0.176,-1093,-2212
106867,108194,1327,0,NTB,o que é um statement of purpose,106867,108194,1327,1327,1.0,0,0
108194,108671,477,0,GE-Phrase,230,107960,110406,2446,477,1.0,234,-1735
108194,108671,477,0,NTB,vê,108194,108671,477,477,1.0,0,0
108671,109369,698,0,GE-Phrase,230,107960,110406,2446,698,1.0,711,-1037
108671,109369,698,0,NTB,tipo,108671,109369,698,698,1.0,0,0
109369,110382,1013,0,GE-Phrase,230,107960,110406,2446,1013,1.0,1409,-24
109369,110382,1013,0,NTB,exemplos,109369,110382,1013,1013,1.0,0,0
111370,113448,2078,0,GE-Phrase,232,111344,112091,747,721,0.347,26,1357
111370,113448,2078,0,GE-Phrase,233,112091,112627,536,536,0.258,-721,821
111370,113448,2078,0,GE-Phrase,234,112627,113705,1078,821,0.395,-1257,-257
111370,113448,2078,0,NTB,pra que que aquilo é usado,111370,113448,2078,2078,1.0,0,0
124510,125198,688,0,GE-Phrase,241,121878,125705,3827,688,1.0,2632,-507
124510,125198,688,0,NTB,estruturados,124510,125198,688,688,1.0,0,0
125198,125513,315,0,GE-Phrase,241,121878,125705,3827,315,1.0,3320,-192
125198,125513,315,0,NTB,e tal,125198,125513,315,315,1.0,0,0
45843,46185,342,0,GE-Phrase,201,43285,46196,2911,342,1.0,2558,-11
45843,46185,342,0,NTB,por exemplo,45843,46185,342,342,1.0,0,0
46185,48237,2052,0,GE-Phrase,201,43285,46196,2911,11,0.005,2900,2041
46185,48237,2052,0,GE-Phrase,202,46196,50278,4082,2041,0.995,-11,-2041
46185,48237,2052,0,NTB,se eles vão produzir um statement of purpose,46185,48237,2052,2052,1.0,0,0
48982,50259,1277,0,GE-Phrase,202,46196,50278,4082,1277,1.0,2786,-19
48982,50259,1277,0,NTB,a escrita dele,48982,50259,1277,1277,1.0,0,0
89733,90527,794,0,GE-Phrase,223,89435,91263,1828,794,1.0,298,-736
89733,90527,794,0,NTB,basicamente,89733,90527,794,794,1.0,0,0
101775,103364,1589,0,GE-Phrase,226,101601,103369,1768,1589,1.0,174,-5
101775,103364,1589,0,NTB,aí acho que a Elisa faz assim também,101775,103364,1589,1589,1.0,0,0
106867,108194,1327,0,GE-Phrase,229,105764,107960,2196,1093,0.824,1103,234
106867,108194,1327,0,GE-Phrase,230,107960,110406,2446,234,0.176,-1093,-2212
106867,108194,1327,0,NTB,o que é um statement of purpose,106867,108194,1327,1327,1.0,0,0
108194,108671,477,0,GE-Phrase,230,107960,110406,2446,477,1.0,234,-1735
108194,108671,477,0,NTB,vê,108194,108671,477,477,1.0,0,0
108671,109369,698,0,GE-Phrase,230,107960,110406,2446,698,1.0,711,-1037
108671,109369,698,0,NTB,tipo,108671,109369,698,698,1.0,0,0
109369,110382,1013,0,GE-Phrase,230,107960,110406,2446,1013,1.0,1409,-24
109369,110382,1013,0,NTB,exemplos,109369,110382,1013,1013,1.0,0,0
111370,113448,2078,0,GE-Phrase,232,111344,112091,747,721,0.347,26,1357
111370,113448,2078,0,GE-Phrase,233,112091,112627,536,536,0.258,-721,821
111370,113448,2078,0,GE-Phrase,234,112627,113705,1078,821,0.395,-1257,-257
111370,113448,2078,0,NTB,pra que que aquilo é usado,111370,113448,2078,2078,1.0,0,0
124510,125198,688,0,GE-Phrase,241,121878,125705,3827,688,1.0,2632,-507
124510,125198,688,0,NTB,estruturados,124510,125198,688,688,1.0,0,0
125198,125513,315,0,GE-Phrase,241,121878,125705,3827,315,1.0,3320,-192
125198,125513,315,0,NTB,e tal,125198,125513,315,315,1.0,0,0
45843,46185,342,0,GE-Phrase,201,43285,46196,2911,342,1.0,2558,-11
45843,46185,342,0,NTB,por exemplo,45843,46185,342,342,1.0,0,0
46185,48237,2052,0,GE-Phrase,201,43285,46196,2911,11,0.005,2900,2041
46185,48237,2052,0,GE-Phrase,202,46196,50278,4082,2041,0.995,-11,-2041
46185,48237,2052,0,NTB,se eles vão produzir um statement of purpose,46185,48237,2052,2052,1.0,0,0
48982,50259,1277,0,GE-Phrase,202,46196,50278,4082,1277,1.0,2786,-19
48982,50259,1277,0,NTB,a escrita dele,48982,50259,1277,1277,1.0,0,0
89733,90527,794,0,GE-Phrase,223,89435,91263,1828,794,1.0,298,-736
89733,90527,794,0,NTB,basicamente,89733,90527,794,794,1.0,0,0
101775,103364,1589,0,GE-Phrase,226,101601,103369,1768,1589,1.0,174,-5
101775,103364,1589,0,NTB,aí acho que a Elisa faz assim também,101775,103364,1589,1589,1.0,0,0
106867,108194,1327,0,GE-Phrase,229,105764,107960,2196,1093,0.824,1103,234
106867,108194,1327,0,GE-Phrase,230,107960,110406,2446,234,0.176,-1093,-2212
106867,108194,1327,0,NTB,o que é um statement of purpose,106867,108194,1327,1327,1.0,0,0
108194,108671,477,0,GE-Phrase,230,107960,110406,2446,477,1.0,234,-1735
108194,108671,477,0,NTB,vê,108194,108671,477,477,1.0,0,0
108671,109369,698,0,GE-Phrase,230,107960,110406,2446,698,1.0,711,-1037
108671,109369,698,0,NTB,tipo,108671,109369,698,698,1.0,0,0
109369,110382,1013,0,GE-Phrase,230,107960,110406,2446,1013,1.0,1409,-24
109369,110382,1013,0,NTB,exemplos,109369,110382,1013,1013,1.0,0,0
111370,113448,2078,0,GE-Phrase,232,111344,112091,747,721,0.347,26,1357
111370,113448,2078,0,GE-Phrase,233,112091,112627,536,536,0.258,-721,821
111370,113448,2078,0,GE-Phrase,234,112627,113705,1078,821,0.395,-1257,-257
111370,113448,2078,0,NTB,pra que que aquilo é usado,111370,113448,2078,2078,1.0,0,0
124510,125198,688,0,GE-Phrase,241,121878,125705,3827,688,1.0,2632,-507
124510,125198,688,0,NTB,estruturados,124510,125198,688,688,1.0,0,0
125198,125513,315,0,GE-Phrase,241,121878,125705,3827,315,1.0,3320,-192
125198,125513,315,0,NTB,e tal,125198,125513,315,315,1.0,0,0
45843,46185,342,0,GE-Phrase,201,43285,46196,2911,342,1.0,2558,-11
45843,46185,342,0,NTB,por exemplo,45843,46185,342,342,1.0,0,0
46185,48237,2052,0,GE-Phrase,201,43285,46196,2911,11,0.005,2900,2041
46185,48237,2052,0,GE-Phrase,202,46196,50278,4082,2041,0.995,-11,-2041
46185,48237,2052,0,NTB,se eles vão produzir um statement of purpose,46185,48237,2052,2052,1.0,0,0
48982,50259,1277,0,GE-Phrase,202,46196,50278,4082,1277,1.0,2786,-19
48982,50259,1277,0,NTB,a escrita dele,48982,50259,1277,1277,1.0,0,0
89733,90527,794,0,GE-Phrase,223,89435,91263,1828,794,1.0,298,-736
89733,90527,794,0,NTB,basicamente,89733,90527,794,794,1.0,0,0
101775,103364,1589,0,GE-Phrase,226,101601,103369,1768,1589,1.0,174,-5
101775,103364,1589,0,NTB,aí acho que a Elisa faz assim também,101775,103364,1589,1589,1.0,0,0
106867,108194,1327,0,GE-Phrase,229,105764,107960,2196,1093,0.824,1103,234
106867,108194,1327,0,GE-Phrase,230,107960,110406,2446,234,0.176,-1093,-2212
106867,108194,1327,0,NTB,o que é um statement of purpose,106867,108194,1327,1327,1.0,0,0
108194,108671,477,0,GE-Phrase,230,107960,110406,2446,477,1.0,234,-1735
108194,108671,477,0,NTB,vê,108194,108671,477,477,1.0,0,0
108671,109369,698,0,GE-Phrase,230,107960,110406,2446,698,1.0,711,-1037
108671,109369,698,0,NTB,tipo,108671,109369,698,698,1.0,0,0
109369,110382,1013,0,GE-Phrase,230,107960,110406,2446,1013,1.0,1409,-24
109369,110382,1013,0,NTB,exemplos,109369,110382,1013,1013,1.0,0,0
111370,113448,2078,0,GE-Phrase,232,111344,112091,747,721,0.347,26,1357
111370,113448,2078,0,GE-Phrase,233,112091,112627,536,536,0.258,-721,821
111370,113448,2078,0,GE-Phrase,234,112627,113705,1078,821,0.395,-1257,-257
111370,113448,2078,0,NTB,pra que que aquilo é usado,111370,113448,2078,2078,1.0,0,0
124510,125198,688,0,GE-Phrase,241,121878,125705,3827,688,1.0,2632,-507
124510,125198,688,0,NTB,estruturados,124510,125198,688,688,1.0,0,0
125198,125513,315,0,GE-Phrase,241,121878,125705,3827,315,1.0,3320,-192
125198,125513,315,0,NTB,e tal,125198,125513,315,315,1.0,0,0
45843,46185,342,0,GE-Phrase,201,43285,46196,2911,342,1.0,2558,-11
45843,46185,342,0,NTB,por exemplo,45843,46185,342,342,1.0,0,0
46185,48237,2052,0,GE-Phrase,201,43285,46196,2911,11,0.005,2900,2041
46185,48237,2052,0,GE-Phrase,202,46196,50278,4082,2041,0.995,-11,-2041
46185,48237,2052,0,NTB,se eles vão produzir um statement of purpose,46185,48237,2052,2052,1.0,0,0
48982,50259,1277,0,GE-Phrase,202,46196,50278,4082,1277,1.0,2786,-19
48982,50259,1277,0,NTB,a escrita dele,48982,50259,1277,1277,1.0,0,0
89733,90527,794,0,GE-Phrase,223,89435,91263,1828,794,1.0,298,-736
89733,90527,794,0,NTB,basicamente,89733,90527,794,794,1.0,0,0
101775,103364,1589,0,GE-Phrase,226,101601,103369,1768,1589,1.0,174,-5
101775,103364,1589,0,NTB,aí acho que a Elisa faz assim também,101775,103364,1589,1589,1.0,0,0
106867,108194,1327,0,GE-Phrase,229,105764,107960,2196,1093,0.824,1103,234
106867,108194,1327,0,GE-Phrase,230,107960,110406,2446,234,0.176,-1093,-2212
106867,108194,1327,0,NTB,o que é um statement of purpose,106867,108194,1327,1327,1.0,0,0
108194,108671,477,0,GE-Phrase,230,107960,110406,2446,477,1.0,234,-1735
108194,108671,477,0,NTB,vê,108194,108671,477,477,1.0,0,0
108671,109369,698,0,GE-Phrase,230,107960,110406,2446,698,1.0,711,-1037
108671,109369,698,0,NTB,tipo,108671,109369,698,698,1.0,0,0
109369,110382,1013,0,GE-Phrase,230,107960,110406,2446,1013,1.0,1409,-24
109369,110382,1013,0,NTB,exemplos,109369,110382,1013,1013,1.0,0,0
111370,113448,2078,0,GE-Phrase,232,111344,112091,747,721,0.347,26,1357
111370,113448,2078,0,GE-Phrase,233,112091,112627,536,536,0.258,-721,821
111370,113448,2078,0,GE-Phrase,234,112627,113705,1078,821,0.395,-1257,-257
111370,113448,2078,0,NTB,pra que que aquilo é usado,111370,113448,2078,2078,1.0,0,0
124510,125198,688,0,GE-Phrase,241,121878,125705,3827,688,1.0,2632,-507
124510,125198,688,0,NTB,estruturados,124510,125198,688,688,1.0,0,0
125198,125513,315,0,GE-Phrase,241,121878,125705,3827,315,1.0,3320,-192
125198,125513,315,0,NTB,e tal,125198,125513,315,315,1.0,0,0
45843,46185,342,0,GE-Phrase,201,43285,46196,2911,342,1.0,2558,-11
45843,46185,342,0,NTB,por exemplo,45843,46185,342,342,1.0,0,0
46185,48237,2052,0,GE-Phrase,201,43285,46196,2911,11,0.005,2900,2041
46185,48237,2052,0,GE-Phrase,202,46196,50278,4082,2041,0.995,-11,-2041
46185,48237,2052,0,NTB,se eles vão produzir um statement of purpose,46185,48237,2052,2052,1.0,0,0
48982,50259,1277,0,GE-Phrase,202,46196,50278,4082,1277,1.0,2786,-19
48982,50259,1277,0,NTB,a escrita dele,48982,50259,1277,1277,1.0,0,0
89733,90527,794,0,GE-Phrase,223,89435,91263,1828,794,1.0,298,-736
89733,90527,794,0,NTB,basicamente,89733,90527,794,794,1.0,0,0
101775,103364,1589,0,GE-Phrase,226,101601,103369,1768,1589,1.0,174,-5
101775,103364,1589,0,NTB,aí acho que a Elisa faz assim também,101775,103364,1589,1589,1.0,0,0
106867,108194,1327,0,GE-Phrase,229,105764,107960,2196,1093,0.824,1103,234
106867,108194,1327,0,GE-Phrase,230,107960,110406,2446,234,0.176,-1093,-2212
106867,108194,1327,0,NTB,o que é um statement of purpose,106867,108194,1327,1327,1.0,0,0
108194,108671,477,0,GE-Phrase,230,107960,110406,2446,477,1.0,234,-1735
108194,108671,477,0,NTB,vê,108194,108671,477,477,1.0,0,0
108671,109369,698,0,GE-Phrase,230,107960,110406,2446,698,1.0,711,-1037
108671,109369,698,0,NTB,tipo,108671,109369,698,698,1.0,0,0
109369,110382,1013,0,GE-Phrase,230,107960,110406,2446,1013,1.0,1409,-24
109369,110382,1013,0,NTB,exemplos,109369,110382,1013,1013,1.0,0,0
111370,113448,2078,0,GE-Phrase,232,111344,112091,747,721,0.347,26,1357
111370,113448,2078,0,GE-Phrase,233,112091,112627,536,536,0.258,-721,821
111370,113448,2078,0,GE-Phrase,234,112627,113705,1078,821,0.395,-1257,-257
111370,113448,2078,0,NTB,pra que que aquilo é usado,111370,113448,2078,2078,1.0,0,0
124510,125198,688,0,GE-Phrase,241,121878,125705,3827,688,1.0,2632,-507
124510,125198,688,0,NTB,estruturados,124510,125198,688,688,1.0,0,0
125198,125513,315,0,GE-Phrase,241,121878,125705,3827,315,1.0,3320,-192
125198,125513,315,0,NTB,e tal,125198,125513,315,315,1.0,0,0
45843,46185,342,0,GE-Phrase,201,43285,46196,2911,342,1.0,2558,-11
45843,46185,342,0,NTB,por exemplo,45843,46185,342,342,1.0,0,0
46185,48237,2052,0,GE-Phrase,201,43285,46196,2911,11,0.005,2900,2041
46185,48237,2052,0,GE-Phrase,202,46196,50278,4082,2041,0.995,-11,-2041
46185,48237,2052,0,NTB,se eles vão produzir um statement of purpose,46185,48237,2052,2052,1.0,0,0
48982,50259,1277,0,GE-Phrase,202,46196,50278,4082,1277,1.0,2786,-19
48982,50259,1277,0,NTB,a escrita dele,48982,50259,1277,1277,1.0,0,0
89733,90527,794,0,GE-Phrase,223,89435,91263,1828,794,1.0,298,-736
89733,90527,794,0,NTB,basicamente,89733,90527,794,794,1.0,0,0
101775,103364,1589,0,GE-Phrase,226,101601,103369,1768,1589,1.0,174,-5
101775,103364,1589,0,NTB,aí acho que a Elisa faz assim também,101775,103364,1589,1589,1.0,0,0
106867,108194,1327,0,GE-Phrase,229,105764,107960,2196,1093,0.824,1103,234
106867,108194,1327,0,GE-Phrase,230,107960,110406,2446,234,0.176,-1093,-2212
106867,108194,1327,0,NTB,o que é um statement of purpose,106867,108194,1327,1327,1.0,0,0
108194,108671,477,0,GE-Phrase,230,107960,110406,2446,477,1.0,234,-1735
108194,108671,477,0,NTB,vê,108194,108671,477,477,1.0,0,0
108671,109369,698,0,GE-Phrase,230,107960,110406,2446,698,1.0,711,-1037
108671,109369,698,0,NTB,tipo,108671,109369,698,698,1.0,0,0
109369,110382,1013,0,GE-Phrase,230,107960,110406,2446,1013,1.0,1409,-24
109369,110382,1013,0,NTB,exemplos,109369,110382,1013,1013,1.0,0,0
111370,113448,2078,0,GE-Phrase,232,111344,112091,747,721,0.347,26,1357
111370,113448,2078,0,GE-Phrase,233,112091,112627,536,536,0.258,-721,821
111370,113448,2078,0,GE-Phrase,234,112627,113705,1078,821,0.395,-1257,-257
111370,113448,2078,0,NTB,pra que que aquilo é usado,111370,113448,2078,2078,1.0,0,0
124510,125198,688,0,GE-Phrase,241,121878,125705,3827,688,1.0,2632,-507
124510,125198,688,0,NTB,estruturados,124510,125198,688,688,1.0,0,0
125198,125513,315,0,GE-Phrase,241,121878,125705,3827,315,1.0,3320,-192
125198,125513,315,0,NTB,e tal,125198,125513,315,315,1.0,0,0
45843,46185,342,0,GE-Phrase,201,43285,46196,2911,342,1.0,2558,-11
45843,46185,342,0,NTB,por exemplo,45843,46185,342,342,1.0,0,0
46185,48237,2052,0,GE-Phrase,201,43285,46196,2911,11,0.005,2900,2041
46185,48237,2052,0,GE-Phrase,202,46196,50278,4082,2041,0.995,-11,-2041
46185,48237,2052,0,NTB,se eles vão produzir um statement of purpose,46185,48237,2052,2052,1.0,0,0
48982,50259,1277,0,GE-Phrase,202,46196,50278,4082,1277,1.0,2786,-19
48982,50259,1277,0,NTB,a escrita dele,48982,50259,1277,1277,1.0,0,0
89733,90527,794,0,GE-Phrase,223,89435,91263,1828,794,1.0,298,-736
89733,90527,794,0,NTB,basicamente,89733,90527,794,794,1.0,0,0
101775,103364,1589,0,GE-Phrase,226,101601,103369,1768,1589,1.0,174,-5
101775,103364,1589,0,NTB,aí acho que a Elisa faz assim também,101775,103364,1589,1589,1.0,0,0
106867,108194,1327,0,GE-Phrase,229,105764,107960,2196,1093,0.824,1103,234
106867,108194,1327,0,GE-Phrase,230,107960,110406,2446,234,0.176,-1093,-2212
106867,108194,1327,0,NTB,o que é um statement of purpose,106867,108194,1327,1327,1.0,0,0
108194,108671,477,0,GE-Phrase,230,107960,110406,2446,477,1.0,234,-1735
108194,108671,477,0,NTB,vê,108194,108671,477,477,1.0,0,0
108671,109369,698,0,GE-Phrase,230,107960,110406,2446,698,1.0,711,-1037
108671,109369,698,0,NTB,tipo,108671,109369,698,698,1.0,0,0
109369,110382,1013,0,GE-Phrase,230,107960,110406,2446,1013,1.0,1409,-24
109369,110382,1013,0,NTB,exemplos,109369,110382,1013,1013,1.0,0,0
111370,113448,2078,0,GE-Phrase,232,111344,112091,747,721,0.347,26,1357
111370,113448,2078,0,GE-Phrase,233,112091,112627,536,536,0.258,-721,821
111370,113448,2078,0,GE-Phrase,234,112627,113705,1078,821,0.395,-1257,-257
111370,113448,2078,0,NTB,pra que que aquilo é usado,111370,113448,2078,2078,1.0,0,0
124510,125198,688,0,GE-Phrase,241,121878,125705,3827,688,1.0,2632,-507
124510,125198,688,0,NTB,estruturados,124510,125198,688,688,1.0,0,0
125198,125513,315,0,GE-Phrase,241,121878,125705,3827,315,1.0,3320,-192
125198,125513,315,0,NTB,e tal,125198,125513,315,315,1.0,0,0
45843,46185,342,0,GE-Phrase,201,43285,46196,2911,342,1.0,2558,-11
45843,46185,342,0,NTB,por exemplo,45843,46185,342,342,1.0,0,0
46185,48237,2052,0,GE-Phrase,201,43285,46196,2911,11,0.005,2900,2041
46185,48237,2052,0,GE-Phrase,202,46196,50278,4082,2041,0.995,-11,-2041
46185,48237,2052,0,NTB,se eles vão produzir um statement of purpose,46185,48237,2052,2052,1.0,0,0
48982,50259,1277,0,GE-Phrase,202,46196,50278,4082,1277,1.0,2786,-19
48982,50259,1277,0,NTB,a escrita dele,48982,50259,1277,1277,1.0,0,0
89733,90527,794,0,GE-Phrase,223,89435,91263,1828,794,1.0,298,-736
89733,90527,794,0,NTB,basicamente,89733,90527,794,794,1.0,0,0
101775,103364,1589,0,GE-Phrase,226,101601,103369,1768,1589,1.0,174,-5
101775,103364,1589,0,NTB,aí acho que a Elisa faz assim também,101775,103364,1589,1589,1.0,0,0
106867,108194,1327,0,GE-Phrase,229,105764,107960,2196,1093,0.824,1103,234
106867,108194,1327,0,GE-Phrase,230,107960,110406,2446,234,0.176,-1093,-2212
106867,108194,1327,0,NTB,o que é um statement of purpose,106867,108194,1327,1327,1.0,0,0
108194,108671,477,0,GE-Phrase,230,107960,110406,2446,477,1.0,234,-1735
108194,108671,477,0,NTB,vê,108194,108671,477,477,1.0,0,0
108671,109369,698,0,GE-Phrase,230,107960,110406,2446,698,1.0,711,-1037
108671,109369,698,0,NTB,tipo,108671,109369,698,698,1.0,0,0
109369,110382,1013,0,GE-Phrase,230,107960,110406,2446,1013,1.0,1409,-24
109369,110382,1013,0,NTB,exemplos,109369,110382,1013,1013,1.0,0,0
111370,113448,2078,0,GE-Phrase,232,111344,112091,747,721,0.347,26,1357
111370,113448,2078,0,GE-Phrase,233,112091,112627,536,536,0.258,-721,821
111370,113448,2078,0,GE-Phrase,234,112627,113705,1078,821,0.395,-1257,-257
111370,113448,2078,0,NTB,pra que que aquilo é usado,111370,113448,2078,2078,1.0,0,0
124510,125198,688,0,GE-Phrase,241,121878,125705,3827,688,1.0,2632,-507
124510,125198,688,0,NTB,estruturados,124510,125198,688,688,1.0,0,0
125198,125513,315,0,GE-Phrase,241,121878,125705,3827,315,1.0,3320,-192
125198,125513,315,0,NTB,e tal,125198,125513,315,315,1.0,0,0
45843,46185,342,0,GE-Phrase,201,43285,46196,2911,342,1.0,2558,-11
45843,46185,342,0,NTB,por exemplo,45843,46185,342,342,1.0,0,0
46185,48237,2052,0,GE-Phrase,201,43285,46196,2911,11,0.005,2900,2041
46185,48237,2052,0,GE-Phrase,202,46196,50278,4082,2041,0.995,-11,-2041
46185,48237,2052,0,NTB,se eles vão produzir um statement of purpose,46185,48237,2052,2052,1.0,0,0
48982,50259,1277,0,GE-Phrase,202,46196,50278,4082,1277,1.0,2786,-19
48982,50259,1277,0,NTB,a escrita dele,48982,50259,1277,1277,1.0,0,0
89733,90527,794,0,GE-Phrase,223,89435,91263,1828,794,1.0,298,-736
89733,90527,794,0,NTB,basicamente,89733,90527,794,794,1.0,0,0
101775,103364,1589,0,GE-Phrase,226,101601,103369,1768,1589,1.0,174,-5
101775,103364,1589,0,NTB,aí acho que a Elisa faz assim também,101775,103364,1589,1589,1.0,0,0
106867,108194,1327,0,GE-Phrase,229,105764,107960,2196,1093,0.824,1103,234
106867,108194,1327,0,GE-Phrase,230,107960,110406,2446,234,0.176,-1093,-2212
106867,108194,1327,0,NTB,o que é um statement of purpose,106867,108194,1327,1327,1.0,0,0
108194,108671,477,0,GE-Phrase,230,107960,110406,2446,477,1.0,234,-1735
108194,108671,477,0,NTB,vê,108194,108671,477,477,1.0,0,0
108671,109369,698,0,GE-Phrase,230,107960,110406,2446,698,1.0,711,-1037
108671,109369,698,0,NTB,tipo,108671,109369,698,698,1.0,0,0
109369,110382,1013,0,GE-Phrase,230,107960,110406,2446,1013,1.0,1409,-24
109369,110382,1013,0,NTB,exemplos,109369,110382,1013,1013,1.0,0,0
111370,113448,2078,0,GE-Phrase,232,111344,112091,747,721,0.347,26,1357
111370,113448,2078,0,GE-Phrase,233,112091,112627,536,536,0.258,-721,821
111370,113448,2078,0,GE-Phrase,234,112627,113705,1078,821,0.395,-1257,-257
111370,113448,2078,0,NTB,pra que que aquilo é usado,111370,113448,2078,2078,1.0,0,0
124510,125198,688,0,GE-Phrase,241,121878,125705,3827,688,1.0,2632,-507
124510,125198,688,0,NTB,estruturados,124510,125198,688,688,1.0,0,0
125198,125513,315,0,GE-Phrase,241,121878,125705,3827,315,1.0,3320,-192
125198,125513,315,0,NTB,e tal,125198,125513,315,315,1.0,0,0
45843,46185,342,0,GE-Phrase,201,43285,46196,2911,342,1.0,2558,-11
45843,46185,342,0,NTB,por exemplo,45843,46185,342,342,1.0,0,0
46185,48237,2052,0,GE-Phrase,201,43285,46196,2911,11,0.005,2900,2041
46185,48237,2052,0,GE-Phrase,202,46196,50278,4082,2041,0.995,-11,-2041
46185,48237,2052,0,NTB,se eles vão produzir um statement of purpose,46185,48237,2052,2052,1.0,0,0
48982,50259,1277,0,GE-Phrase,202,46196,50278,4082,1277,1.0,2786,-19
48982,50259,1277,0,NTB,a escrita dele,48982,50259,1277,1277,1.0,0,0
89733,90527,794,0,GE-Phrase,223,89435,91263,1828,794,1.0,298,-736
89733,90527,794,0,NTB,basicamente,89733,90527,794,794,1.0,0,0
101775,103364,1589,0,GE-Phrase,226,101601,103369,1768,1589,1.0,174,-5
101775,103364,1589,0,NTB,aí acho que a Elisa faz assim também,101775,103364,1589,1589,1.0,0,0
106867,108194,1327,0,GE-Phrase,229,105764,107960,2196,1093,0.824,1103,234
106867,108194,1327,0,GE-Phrase,230,107960,110406,2446,234,0.176,-1093,-2212
106867,108194,1327,0,NTB,o que é um statement of purpose,106867,108194,1327,1327,1.0,0,0
108194,108671,477,0,GE-Phrase,230,107960,110406,2446,477,1.0,234,-1735
108194,108671,477,0,NTB,vê,108194,108671,477,477,1.0,0,0
108671,109369,698,0,GE-Phrase,230,107960,110406,2446,698,1.0,711,-1037
108671,109369,698,0,NTB,tipo,108671,109369,698,698,1.0,0,0
109369,110382,1013,0,GE-Phrase,230,107960,110406,2446,1013,1.0,1409,-24
109369,110382,1013,0,NTB,exemplos,109369,110382,1013,1013,1.0,0,0
111370,113448,2078,0,GE-Phrase,232,111344,112091,747,721,0.347,26,1357
111370,113448,2078,0,GE-Phrase,233,112091,112627,536,536,0.258,-721,821
111370,113448,2078,0,GE-Phrase,234,112627,113705,1078,821,0.395,-1257,-257
111370,113448,2078,0,NTB,pra que que aquilo é usado,111370,113448,2078,2078,1.0,0,0
124510,125198,688,0,GE-Phrase,241,121878,125705,3827,688,1.0,2632,-507
124510,125198,688,0,NTB,estruturados,124510,125198,688,688,1.0,0,0
125198,125513,315,0,GE-Phrase,241,121878,125705,3827,315,1.0,3320,-192
125198,125513,315,0,NTB,e tal,125198,125513,315,315,1.0,0,0
45843,46185,342,0,GE-Phrase,201,43285,46196,2911,342,1.0,2558,-11
45843,46185,342,0,NTB,por exemplo,45843,46185,342,342,1.0,0,0
46185,48237,2052,0,GE-Phrase,201,43285,46196,2911,11,0.005,2900,2041
46185,48237,2052,0,GE-Phrase,202,46196,50278,4082,2041,0.995,-11,-2041
46185,48237,2052,0,NTB,se eles vão produzir um statement of purpose,46185,48237,2052,2052,1.0,0,0
48982,50259,1277,0,GE-Phrase,202,46196,50278,4082,1277,1.0,2786,-19
48982,50259,1277,0,NTB,a escrita dele,48982,50259,1277,1277,1.0,0,0
89733,90527,794,0,GE-Phrase,223,89435,91263,1828,794,1.0,298,-736
89733,90527,794,0,NTB,basicamente,89733,90527,794,794,1.0,0,0
101775,103364,1589,0,GE-Phrase,226,101601,103369,1768,1589,1.0,174,-5
101775,103364,1589,0,NTB,aí acho que a Elisa faz assim também,101775,103364,1589,1589,1.0,0,0
106867,108194,1327,0,GE-Phrase,229,105764,107960,2196,1093,0.824,1103,234
106867,108194,1327,0,GE-Phrase,230,107960,110406,2446,234,0.176,-1093,-2212
106867,108194,1327,0,NTB,o que é um statement of purpose,106867,108194,1327,1327,1.0,0,0
108194,108671,477,0,GE-Phrase,230,107960,110406,2446,477,1.0,234,-1735
108194,108671,477,0,NTB,vê,108194,108671,477,477,1.0,0,0
108671,109369,698,0,GE-Phrase,230,107960,110406,2446,698,1.0,711,-1037
108671,109369,698,0,NTB,tipo,108671,109369,698,698,1.0,0,0
109369,110382,1013,0,GE-Phrase,230,107960,110406,2446,1013,1.0,1409,-24
109369,110382,1013,0,NTB,exemplos,109369,110382,1013,1013,1.0,0,0
111370,113448,2078,0,GE-Phrase,232,111344,112091,747,721,0.347,26,1357
111370,113448,2078,0,GE-Phrase,233,112091,112627,536,536,0.258,-721,821
111370,113448,2078,0,GE-Phrase,234,112627,113705,1078,821,0.395,-1257,-257
111370,113448,2078,0,NTB,pra que que aquilo é usado,111370,113448,2078,2078,1.0,0,0
124510,125198,688,0,GE-Phrase,241,121878,125705,3827,688,1.0,2632,-507
124510,125198,688,0,NTB,estruturados,124510,125198,688,688,1.0,0,0
125198,125513,315,0,GE-Phrase,241,121878,125705,3827,315,1.0,3320,-192
125198,125513,315,0,NTB,e tal,125198,125513,315,315,1.0,0,0
45843,46185,342,0,GE-Phrase,201,43285,46196,2911,342,1.0,2558,-11
45843,46185,342,0,NTB,por exemplo,45843,46185,342,342,1.0,0,0
46185,48237,2052,0,GE-Phrase,201,43285,46196,2911,11,0.005,2900,2041
46185,48237,2052,0,GE-Phrase,202,46196,50278,4082,2041,0.995,-11,-2041
46185,48237,2052,0,NTB,se eles vão produzir um statement of purpose,46185,48237,2052,2052,1.0,0,0
48982,50259,1277,0,GE-Phrase,202,46196,50278,4082,1277,1.0,2786,-19
48982,50259,1277,0,NTB,a escrita dele,48982,50259,1277,1277,1.0,0,0
89733,90527,794,0,GE-Phrase,223,89435,91263,1828,794,1.0,298,-736
89733,90527,794,0,NTB,basicamente,89733,90527,794,794,1.0,0,0
101775,103364,1589,0,GE-Phrase,226,101601,103369,1768,1589,1.0,174,-5
101775,103364,1589,0,NTB,aí acho que a Elisa faz assim também,101775,103364,1589,1589,1.0,0,0
106867,108194,1327,0,GE-Phrase,229,105764,107960,2196,1093,0.824,1103,234
106867,108194,1327,0,GE-Phrase,230,107960,110406,2446,234,0.176,-1093,-2212
106867,108194,1327,0,NTB,o que é um statement of purpose,106867,108194,1327,1327,1.0,0,0
108194,108671,477,0,GE-Phrase,230,107960,110406,2446,477,1.0,234,-1735
108194,108671,477,0,NTB,vê,108194,108671,477,477,1.0,0,0
108671,109369,698,0,GE-Phrase,230,107960,110406,2446,698,1.0,711,-1037
108671,109369,698,0,NTB,tipo,108671,109369,698,698,1.0,0,0
109369,110382,1013,0,GE-Phrase,230,107960,110406,2446,1013,1.0,1409,-24
109369,110382,1013,0,NTB,exemplos,109369,110382,1013,1013,1.0,0,0
111370,113448,2078,0,GE-Phrase,232,111344,112091,747,721,0.347,26,1357
111370,113448,2078,0,GE-Phrase,233,112091,112627,536,536,0.258,-721,821
111370,113448,2078,0,GE-Phrase,234,112627,113705,1078,821,0.395,-1257,-257
111370,113448,2078,0,NTB,pra que que aquilo é usado,111370,113448,2078,2078,1.0,0,0
124510,125198,688,0,GE-Phrase,241,121878,125705,3827,688,1.0,2632,-507
124510,125198,688,0,NTB,estruturados,124510,125198,688,688,1.0,0,0
125198,125513,315,0,GE-Phrase,241,121878,125705,3827,315,1.0,3320,-192
125198,125513,315,0,NTB,e tal,125198,125513,315,315,1.0,0,0
45843,46185,342,0,GE-Phrase,201,43285,46196,2911,342,1.0,2558,-11
45843,46185,342,0,NTB,por exemplo,45843,46185,342,342,1.0,0,0
46185,48237,2052,0,GE-Phrase,201,43285,46196,2911,11,0.005,2900,2041
46185,48237,2052,0,GE-Phrase,202,46196,50278,4082,2041,0.995,-11,-2041
46185,48237,2052,0,NTB,se eles vão produzir um statement of purpose,46185,48237,2052,2052,1.0,0,0
48982,50259,1277,0,GE-Phrase,202,46196,50278,4082,1277,1.0,2786,-19
48982,50259,1277,0,NTB,a escrita dele,48982,50259,1277,1277,1.0,0,0
89733,90527,794,0,GE-Phrase,223,89435,91263,1828,794,1.0,298,-736
89733,90527,794,0,NTB,basicamente,89733,90527,794,794,1.0,0,0
101775,103364,1589,0,GE-Phrase,226,101601,103369,1768,1589,1.0,174,-5
101775,103364,1589,0,NTB,aí acho que a Elisa faz assim também,101775,103364,1589,1589,1.0,0,0
106867,108194,1327,0,GE-Phrase,229,105764,107960,2196,1093,0.824,1103,234
106867,108194,1327,0,GE-Phrase,230,107960,110406,2446,234,0.176,-1093,-2212
106867,108194,1327,0,NTB,o que é um statement of purpose,106867,108194,1327,1327,1.0,0,0
108194,108671,477,0,GE-Phrase,230,107960,110406,2446,477,1.0,234,-1735
108194,108671,477,0,NTB,vê,108194,108671,477,477,1.0,0,0
108671,109369,698,0,GE-Phrase,230,107960,110406,2446,698,1.0,711,-1037
108671,109369,698,0,NTB,tipo,108671,109369,698,698,1.0,0,0
109369,110382,1013,0,GE-Phrase,230,107960,110406,2446,1013,1.0,1409,-24
109369,110382,1013,0,NTB,exemplos,109369,110382,1013,1013,1.0,0,0
111370,113448,2078,0,GE-Phrase,232,111344,112091,747,721,0.347,26,1357
111370,113448,2078,0,GE-Phrase,233,112091,112627,536,536,0.258,-721,821
111370,113448,2078,0,GE-Phrase,234,112627,113705,1078,821,0.395,-1257,-257
111370,113448,2078,0,NTB,pra que que aquilo é usado,111370,113448,2078,2078,1.0,0,0
124510,125198,688,0,GE-Phrase,241,121878,125705,3827,688,1.0,2632,-507
124510,125198,688,0,NTB,estruturados,124510,125198,688,688,1.0,0,0
125198,125513,315,0,GE-Phrase,241,121878,125705,3827,315,1.0,3320,-192
125198,125513,315,0,NTB,e tal,125198,125513,315,315,1.0,0,0
45843,46185,342,0,GE-Phrase,201,43285,46196,2911,342,1.0,2558,-11
45843,46185,342,0,NTB,por exemplo,45843,46185,342,342,1.0,0,0
46185,48237,2052,0,GE-Phrase,201,43285,46196,2911,11,0.005,2900,2041
46185,48237,2052,0,GE-Phrase,202,46196,50278,4082,2041,0.995,-11,-2041
46185,48237,2052,0,NTB,se eles vão produzir um statement of purpose,46185,48237,2052,2052,1.0,0,0
48982,50259,1277,0,GE-Phrase,202,46196,50278,4082,1277,1.0,2786,-19
48982,50259,1277,0,NTB,a escrita dele,48982,50259,1277,1277,1.0,0,0
89733,90527,794,0,GE-Phrase,223,89435,91263,1828,794,1.0,298,-736
89733,90527,794,0,NTB,basicamente,89733,90527,794,794,1.0,0,0
101775,103364,1589,0,GE-Phrase,226,101601,103369,1768,1589,1.0,174,-5
101775,103364,1589,0,NTB,aí acho que a Elisa faz assim também,101775,103364,1589,1589,1.0,0,0
106867,108194,1327,0,GE-Phrase,229,105764,107960,2196,1093,0.824,1103,234
106867,108194,1327,0,GE-Phrase,230,107960,110406,2446,234,0.176,-1093,-2212
106867,108194,1327,0,NTB,o que é um statement of purpose,106867,108194,1327,1327,1.0,0,0
108194,108671,477,0,GE-Phrase,230,107960,110406,2446,477,1.0,234,-1735
108194,108671,477,0,NTB,vê,108194,108671,477,477,1.0,0,0
108671,109369,698,0,GE-Phrase,230,107960,110406,2446,698,1.0,711,-1037
108671,109369,698,0,NTB,tipo,108671,109369,698,698,1.0,0,0
109369,110382,1013,0,GE-Phrase,230,107960,110406,2446,1013,1.0,1409,-24
109369,110382,1013,0,NTB,exemplos,109369,110382,1013,1013,1.0,0,0
111370,113448,2078,0,GE-Phrase,232,111344,112091,747,721,0.347,26,1357
111370,113448,2078,0,GE-Phrase,233,112091,112627,536,536,0.258,-721,821
111370,113448,2078,0,GE-Phrase,234,112627,113705,1078,821,0.395,-1257,-257
111370,113448,2078,0,NTB,pra que que aquilo é usado,111370,113448,2078,2078,1.0,0,0
124510,125198,688,0,GE-Phrase,241,121878,125705,3827,688,1.0,2632,-507
124510,125198,688,0,NTB,estruturados,124510,125198,688,688,1.0,0,0
125198,125513,315,0,GE-Phrase,241,121878,125705,3827,315,1.0,3320,-192
125198,125513,315,0,NTB,e tal,125198,125513,315,315,1.0,0,0
45843,46185,342,0,GE-Phrase,201,43285,46196,2911,342,1.0,2558,-11
45843,46185,342,0,NTB,por exemplo,45843,46185,342,342,1.0,0,0
46185,48237,2052,0,GE-Phrase,201,43285,46196,2911,11,0.005,2900,2041
46185,48237,2052,0,GE-Phrase,202,46196,50278,4082,2041,0.995,-11,-2041
46185,48237,2052,0,NTB,se eles vão produzir um statement of purpose,46185,48237,2052,2052,1.0,0,0
48982,50259,1277,0,GE-Phrase,202,46196,50278,4082,1277,1.0,2786,-19
48982,50259,1277,0,NTB,a escrita dele,48982,50259,1277,1277,1.0,0,0
89733,90527,794,0,GE-Phrase,223,89435,91263,1828,794,1.0,298,-736
89733,90527,794,0,NTB,basicamente,89733,90527,794,794,1.0,0,0
101775,103364,1589,0,GE-Phrase,226,101601,103369,1768,1589,1.0,174,-5
101775,103364,1589,0,NTB,aí acho que a Elisa faz assim também,101775,103364,1589,1589,1.0,0,0
106867,108194,1327,0,GE-Phrase,229,105764,107960,2196,1093,0.824,1103,234
106867,108194,1327,0,GE-Phrase,230,107960,110406,2446,234,0.176,-1093,-2212
106867,108194,1327,0,NTB,o que é um statement of purpose,106867,108194,1327,1327,1.0,0,0
108194,108671,477,0,GE-Phrase,230,107960,110406,2446,477,1.0,234,-1735
108194,108671,477,0,NTB,vê,108194,108671,477,477,1.0,0,0
108671,109369,698,0,GE-Phrase,230,107960,110406,2446,698,1.0,711,-1037
108671,109369,698,0,NTB,tipo,108671,109369,698,698,1.0,0,0
109369,110382,1013,0,GE-Phrase,230,107960,110406,2446,1013,1.0,1409,-24
109369,110382,1013,0,NTB,exemplos,109369,110382,1013,1013,1.0,0,0
111370,113448,2078,0,GE-Phrase,232,111344,112091,747,721,0.347,26,1357
111370,113448,2078,0,GE-Phrase,233,112091,112627,536,536,0.258,-721,821
111370,113448,2078,0,GE-Phrase,234,112627,113705,1078,821,0.395,-1257,-257
111370,113448,2078,0,NTB,pra que que aquilo é usado,111370,113448,2078,2078,1.0,0,0
124510,125198,688,0,GE-Phrase,241,121878,125705,3827,688,1.0,2632,-507
124510,125198,688,0,NTB,estruturados,124510,125198,688,688,1.0,0,0
125198,125513,315,0,GE-Phrase,241,121878,125705,3827,315,1.0,3320,-192
125198,125513,315,0,NTB,e tal,125198,125513,315,315,1.0,0,0
45843,46185,342,0,GE-Phrase,201,43285,46196,2911,342,1.0,2558,-11
45843,46185,342,0,NTB,por exemplo,45843,46185,342,342,1.0,0,0
46185,48237,2052,0,GE-Phrase,201,43285,46196,2911,11,0.005,2900,2041
46185,48237,2052,0,GE-Phrase,202,46196,50278,4082,2041,0.995,-11,-2041
46185,48237,2052,0,NTB,se eles vão produzir um statement of purpose,46185,48237,2052,2052,1.0,0,0
48982,50259,1277,0,GE-Phrase,202,46196,50278,4082,1277,1.0,2786,-19
48982,50259,1277,0,NTB,a escrita dele,48982,50259,1277,1277,1.0,0,0
89733,90527,794,0,GE-Phrase,223,89435,91263,1828,794,1.0,298,-736
89733,90527,794,0,NTB,basicamente,89733,90527,794,794,1.0,0,0
101775,103364,1589,0,GE-Phrase,226,101601,103369,1768,1589,1.0,174,-5
101775,103364,1589,0,NTB,aí acho que a Elisa faz assim também,101775,103364,1589,1589,1.0,0,0
106867,108194,1327,0,GE-Phrase,229,105764,107960,2196,1093,0.824,1103,234
106867,108194,1327,0,GE-Phrase,230,107960,110406,2446,234,0.176,-1093,-2212
106867,108194,1327,0,NTB,o que é um statement of purpose,106867,108194,1327,1327,1.0,0,0
108194,108671,477,0,GE-Phrase,230,107960,110406,2446,477,1.0,234,-1735
108194,108671,477,0,NTB,vê,108194,108671,477,477,1.0,0,0
108671,109369,698,0,GE-Phrase,230,107960,110406,2446,698,1.0,711,-1037
108671,109369,698,0,NTB,tipo,108671,109369,698,698,1.0,0,0
109369,110382,1013,0,GE-Phrase,230,107960,110406,2446,1013,1.0,1409,-24
109369,110382,1013,0,NTB,exemplos,109369,110382,1013,1013,1.0,0,0
111370,113448,2078,0,GE-Phrase,232,111344,112091,747,721,0.347,26,1357
111370,113448,2078,0,GE-Phrase,233,112091,112627,536,536,0.258,-721,821
111370,113448,2078,0,GE-Phrase,234,112627,113705,1078,821,0.395,-1257,-257
111370,113448,2078,0,NTB,pra que que aquilo é usado,111370,113448,2078,2078,1.0,0,0
124510,125198,688,0,GE-Phrase,241,121878,125705,3827,688,1.0,2632,-507
124510,125198,688,0,NTB,estruturados,124510,125198,688,688,1.0,0,0
125198,125513,315,0,GE-Phrase,241,121878,125705,3827,315,1.0,3320,-192
125198,125513,315,0,NTB,e tal,125198,125513,315,315,1.0,0,0
45843,46185,342,0,GE-Phrase,201,43285,46196,2911,342,1.0,2558,-11
45843,46185,342,0,NTB,por exemplo,45843,46185,342,342,1.0,0,0
46185,48237,2052,0,GE-Phrase,201,43285,46196,2911,11,0.005,2900,2041
46185,48237,2052,0,GE-Phrase,202,46196,50278,4082,2041,0.995,-11,-2041
46185,48237,2052,0,NTB,se eles vão produzir um statement of purpose,46185,48237,2052,2052,1.0,0,0
48982,50259,1277,0,GE-Phrase,202,46196,50278,4082,1277,1.0,2786,-19
48982,50259,1277,0,NTB,a escrita dele,48982,50259,1277,1277,1.0,0,0
89733,90527,794,0,GE-Phrase,223,89435,91263,1828,794,1.0,298,-736
89733,90527,794,0,NTB,basicamente,89733,90527,794,794,1.0,0,0
101775,103364,1589,0,GE-Phrase,226,101601,103369,1768,1589,1.0,174,-5
101775,103364,1589,0,NTB,aí acho que a Elisa faz assim também,101775,103364,1589,1589,1.0,0,0
106867,108194,1327,0,GE-Phrase,229,105764,107960,2196,1093,0.824,1103,234
106867,108194,1327,0,GE-Phrase,230,107960,110406,2446,234,0.176,-1093,-2212
106867,108194,1327,0,NTB,o que é um statement of purpose,106867,108194,1327,1327,1.0,0,0
108194,108671,477,0,GE-Phrase,230,107960,110406,2446,477,1.0,234,-1735
108194,108671,477,0,NTB,vê,108194,108671,477,477,1.0,0,0
108671,109369,698,0,GE-Phrase,230,107960,110406,2446,698,1.0,711,-1037
108671,109369,698,0,NTB,tipo,108671,109369,698,698,1.0,0,0
109369,110382,1013,0,GE-Phrase,230,107960,110406,2446,1013,1.0,1409,-24
109369,110382,1013,0,NTB,exemplos,109369,110382,1013,1013,1.0,0,0
111370,113448,2078,0,GE-Phrase,232,111344,112091,747,721,0.347,26,1357
111370,113448,2078,0,GE-Phrase,233,112091,112627,536,536,0.258,-721,821
111370,113448,2078,0,GE-Phrase,234,112627,113705,1078,821,0.395,-1257,-257
111370,113448,2078,0,NTB,pra que que aquilo é usado,111370,113448,2078,2078,1.0,0,0
124510,125198,688,0,GE-Phrase,241,121878,125705,3827,688,1.0,2632,-507
124510,125198,688,0,NTB,estruturados,124510,125198,688,688,1.0,0,0
125198,125513,315,0,GE-Phrase,241,121878,125705,3827,315,1.0,3320,-192
125198,125513,315,0,NTB,e tal,125198,125513,315,315,1.0,0,0
45843,46185,342,0,GE-Phrase,201,43285,46196,2911,342,1.0,2558,-11
45843,46185,342,0,NTB,por exemplo,45843,46185,342,342,1.0,0,0
46185,48237,2052,0,GE-Phrase,201,43285,46196,2911,11,0.005,2900,2041
46185,48237,2052,0,GE-Phrase,202,46196,50278,4082,2041,0.995,-11,-2041
46185,48237,2052,0,NTB,se eles vão produzir um statement of purpose,46185,48237,2052,2052,1.0,0,0
48982,50259,1277,0,GE-Phrase,202,46196,50278,4082,1277,1.0,2786,-19
48982,50259,1277,0,NTB,a escrita dele,48982,50259,1277,1277,1.0,0,0
89733,90527,794,0,GE-Phrase,223,89435,91263,1828,794,1.0,298,-736
89733,90527,794,0,NTB,basicamente,89733,90527,794,794,1.0,0,0
101775,103364,1589,0,GE-Phrase,226,101601,103369,1768,1589,1.0,174,-5
101775,103364,1589,0,NTB,aí acho que a Elisa faz assim também,101775,103364,1589,1589,1.0,0,0
106867,108194,1327,0,GE-Phrase,229,105764,107960,2196,1093,0.824,1103,234
106867,108194,1327,0,GE-Phrase,230,107960,110406,2446,234,0.176,-1093,-2212
106867,108194,1327,0,NTB,o que é um statement of purpose,106867,108194,1327,1327,1.0,0,0
108194,108671,477,0,GE-Phrase,230,107960,110406,2446,477,1.0,234,-1735
108194,108671,477,0,NTB,vê,108194,108671,477,477,1.0,0,0
108671,109369,698,0,GE-Phrase,230,107960,110406,2446,698,1.0,711,-1037
108671,109369,698,0,NTB,tipo,108671,109369,698,698,1.0,0,0
109369,110382,1013,0,GE-Phrase,230,107960,110406,2446,1013,1.0,1409,-24
109369,110382,1013,0,NTB,exemplos,109369,110382,1013,1013,1.0,0,0
111370,113448,2078,0,GE-Phrase,232,111344,112091,747,721,0.347,26,1357
111370,113448,2078,0,GE-Phrase,233,112091,112627,536,536,0.258,-721,821
111370,113448,2078,0,GE-Phrase,234,112627,113705,1078,821,0.395,-1257,-257
111370,113448,2078,0,NTB,pra que que aquilo é usado,111370,113448,2078,2078,1.0,0,0
124510,125198,688,0,GE-Phrase,241,121878,125705,3827,688,1.0,2632,-507
124510,125198,688,0,NTB,estruturados,124510,125198,688,688,1.0,0,0
125198,125513,315,0,GE-Phrase,241,121878,125705,3827,315,1.0,3320,-192
125198,125513,315,0,NTB,e tal,125198,125513,315,315,1.0,0,0
45843,46185,342,0,GE-Phrase,201,43285,46196,2911,342,1.0,2558,-11
45843,46185,342,0,NTB,por exemplo,45843,46185,342,342,1.0,0,0
46185,48237,2052,0,GE-Phrase,201,43285,46196,2911,11,0.005,2900,2041
46185,48237,2052,0,GE-Phrase,202,46196,50278,4082,2041,0.995,-11,-2041
46185,48237,2052,0,NTB,se eles vão produzir um statement of purpose,46185,48237,2052,2052,1.0,0,0
48982,50259,1277,0,GE-Phrase,202,46196,50278,4082,1277,1.0,2786,-19
48982,50259,1277,0,NTB,a escrita dele,48982,50259,1277,1277,1.0,0,0
89733,90527,794,0,GE-Phrase,223,89435,91263,1828,794,1.0,298,-736
89733,90527,794,0,NTB,basicamente,89733,90527,794,794,1.0,0,0
101775,103364,1589,0,GE-Phrase,226,101601,103369,1768,1589,1.0,174,-5
101775,103364,1589,0,NTB,aí acho que a Elisa faz assim também,101775,103364,1589,1589,1.0,0,0
106867,108194,1327,0,GE-Phrase,229,105764,107960,2196,1093,0.824,1103,234
106867,108194,1327,0,GE-Phrase,230,107960,110406,2446,234,0.176,-1093,-2212
106867,108194,1327,0,NTB,o que é um statement of purpose,106867,108194,1327,1327,1.0,0,0
108194,108671,477,0,GE-Phrase,230,107960,110406,2446,477,1.0,234,-1735
108194,108671,477,0,NTB,vê,108194,108671,477,477,1.0,0,0
108671,109369,698,0,GE-Phrase,230,107960,110406,2446,698,1.0,711,-1037
108671,109369,698,0,NTB,tipo,108671,109369,698,698,1.0,0,0
109369,110382,1013,0,GE-Phrase,230,107960,110406,2446,1013,1.0,1409,-24
109369,110382,1013,0,NTB,exemplos,109369,110382,1013,1013,1.0,0,0
111370,113448,2078,0,GE-Phrase,232,111344,112091,747,721,0.347,26,1357
111370,113448,2078,0,GE-Phrase,233,112091,112627,536,536,0.258,-721,821
111370,113448,2078,0,GE-Phrase,234,112627,113705,1078,821,0.395,-1257,-257
111370,113448,2078,0,NTB,pra que que aquilo é usado,111370,113448,2078,2078,1.0,0,0
124510,125198,688,0,GE-Phrase,241,121878,125705,3827,688,1.0,2632,-507
124510,125198,688,0,NTB,estruturados,124510,125198,688,688,1.0,0,0
125198,125513,315,0,GE-Phrase,241,121878,125705,3827,315,1.0,3320,-192
125198,125513,315,0,NTB,e tal,125198,125513,315,315,1.0,0,0
45843,46185,342,0,GE-Phrase,201,43285,46196,2911,342,1.0,2558,-11
45843,46185,342,0,NTB,por exemplo,45843,46185,342,342,1.0,0,0
46185,48237,2052,0,GE-Phrase,201,43285,46196,2911,11,0.005,2900,2041
46185,48237,2052,0,GE-Phrase,202,46196,50278,4082,2041,0.995,-11,-2041
46185,48237,2052,0,NTB,se eles vão produzir um statement of purpose,46185,48237,2052,2052,1.0,0,0
48982,50259,1277,0,GE-Phrase,202,46196,50278,4082,1277,1.0,2786,-19
48982,50259,1277,0,NTB,a escrita dele,48982,50259,1277,1277,1.0,0,0
89733,90527,794,0,GE-Phrase,223,89435,91263,1828,794,1.0,298,-736
89733,90527,794,0,NTB,basicamente,89733,90527,794,794,1.0,0,0
101775,103364,1589,0,GE-Phrase,226,101601,103369,1768,1589,1.0,174,-5
101775,103364,1589,0,NTB,aí acho que a Elisa faz assim também,101775,103364,1589,1589,1.0,0,0
106867,108194,1327,0,GE-Phrase,229,105764,107960,2196,1093,0.824,1103,234
106867,108194,1327,0,GE-Phrase,230,107960,110406,2446,234,0.176,-1093,-2212
106867,108194,1327,0,NTB,o que é um statement of purpose,106867,108194,1327,1327,1.0,0,0
108194,108671,477,0,GE-Phrase,230,107960,110406,2446,477,1.0,234,-1735
108194,108671,477,0,NTB,vê,108194,108671,477,477,1.0,0,0
108671,109369,698,0,GE-Phrase,230,107960,110406,2446,698,1.0,711,-1037
108671,109369,698,0,NTB,tipo,108671,109369,698,698,1.0,0,0
109369,110382,1013,0,GE-Phrase,230,107960,110406,2446,1013,1.0,1409,-24
109369,110382,1013,0,NTB,exemplos,109369,110382,1013,1013,1.0,0,0
111370,113448,2078,0,GE-Phrase,232,111344,112091,747,721,0.347,26,1357
111370,113448,2078,0,GE-Phrase,233,112091,112627,536,536,0.258,-721,821
111370,113448,2078,0,GE-Phrase,234,112627,113705,1078,821,0.395,-1257,-257
111370,113448,2078,0,NTB,pra que que aquilo é usado,111370,113448,2078,2078,1.0,0,0
124510,125198,688,0,GE-Phrase,241,121878,125705,3827,688,1.0,2632,-507
124510,125198,688,0,NTB,estruturados,124510,125198,688,688,1.0,0,0
125198,125513,315,0,GE-Phrase,241,121878,125705,3827,315,1.0,3320,-192
125198,125513,315,0,NTB,e tal,125198,125513,315,315,1.0,0,0
45843,46185,342,0,GE-Phrase,201,43285,46196,2911,342,1.0,2558,-11
45843,46185,342,0,NTB,por exemplo,45843,46185,342,342,1.0,0,0
46185,48237,2052,0,GE-Phrase,201,43285,46196,2911,11,0.005,2900,2041
46185,48237,2052,0,GE-Phrase,202,46196,50278,4082,2041,0.995,-11,-2041
46185,48237,2052,0,NTB,se eles vão produzir um statement of purpose,46185,48237,2052,2052,1.0,0,0
48982,50259,1277,0,GE-Phrase,202,46196,50278,4082,1277,1.0,2786,-19
48982,50259,1277,0,NTB,a escrita dele,48982,50259,1277,1277,1.0,0,0
89733,90527,794,0,GE-Phrase,223,89435,91263,1828,794,1.0,298,-736
89733,90527,794,0,NTB,basicamente,89733,90527,794,794,1.0,0,0
101775,103364,1589,0,GE-Phrase,226,101601,103369,1768,1589,1.0,174,-5
101775,103364,1589,0,NTB,aí acho que a Elisa faz assim também,101775,103364,1589,1589,1.0,0,0
106867,108194,1327,0,GE-Phrase,229,105764,107960,2196,1093,0.824,1103,234
106867,108194,1327,0,GE-Phrase,230,107960,110406,2446,234,0.176,-1093,-2212
106867,108194,1327,0,NTB,o que é um statement of purpose,106867,108194,1327,1327,1.0,0,0
108194,108671,477,0,GE-Phrase,230,107960,110406,2446,477,1.0,234,-1735
108194,108671,477,0,NTB,vê,108194,108671,477,477,1.0,0,0
108671,109369,698,0,GE-Phrase,230,107960,110406,2446,698,1.0,711,-1037
108671,109369,698,0,NTB,tipo,108671,109369,698,698,1.0,0,0
109369,110382,1013,0,GE-Phrase,230,107960,110406,2446,1013,1.0,1409,-24
109369,110382,1013,0,NTB,exemplos,109369,110382,1013,1013,1.0,0,0
111370,113448,2078,0,GE-Phrase,232,111344,112091,747,721,0.347,26,1357
111370,113448,2078,0,GE-Phrase,233,112091,112627,536,536,0.258,-721,821
111370,113448,2078,0,GE-Phrase,234,112627,113705,1078,821,0.395,-1257,-257
111370,113448,2078,0,NTB,pra que que aquilo é usado,111370,113448,2078,2078,1.0,0,0
124510,125198,688,0,GE-Phrase,241,121878,125705,3827,688,1.0,2632,-507
124510,125198,688,0,NTB,estruturados,124510,125198,688,688,1.0,0,0
125198,125513,315,0,GE-Phrase,241,121878,125705,3827,315,1.0,3320,-192
125198,125513,315,0,NTB,e tal,125198,125513,315,315,1.0,0,0
45843,46185,342,0,GE-Phrase,201,43285,46196,2911,342,1.0,2558,-11
45843,46185,342,0,NTB,por exemplo,45843,46185,342,342,1.0,0,0
46185,48237,2052,0,GE-Phrase,201,43285,46196,2911,11,0.005,2900,2041
46185,48237,2052,0,GE-Phrase,202,46196,50278,4082,2041,0.995,-11,-2041
46185,48237,2052,0,NTB,se eles vão produzir um statement of purpose,46185,48237,2052,2052,1.0,0,0
48982,50259,1277,0,GE-Phrase,202,46196,50278,4082,1277,1.0,2786,-19
48982,50259,1277,0,NTB,a escrita dele,48982,50259,1277,1277,1.0,0,0
89733,90527,794,0,GE-Phrase,223,89435,91263,1828,794,1.0,298,-736
89733,90527,794,0,NTB,basicamente,89733,90527,794,794,1.0,0,0
101775,103364,1589,0,GE-Phrase,226,101601,103369,1768,1589,1.0,174,-5
101775,103364,1589,0,NTB,aí acho que a Elisa faz assim também,101775,103364,1589,1589,1.0,0,0
106867,108194,1327,0,GE-Phrase,229,105764,107960,2196,1093,0.824,1103,234
106867,108194,1327,0,GE-Phrase,230,107960,110406,2446,234,0.176,-1093,-2212
106867,108194,1327,0,NTB,o que é um statement of purpose,106867,108194,1327,1327,1.0,0,0
108194,108671,477,0,GE-Phrase,230,107960,110406,2446,477,1.0,234,-1735
108194,108671,477,0,NTB,vê,108194,108671,477,477,1.0,0,0
108671,109369,698,0,GE-Phrase,230,107960,110406,2446,698,1.0,711,-1037
108671,109369,698,0,NTB,tipo,108671,109369,698,698,1.0,0,0
109369,110382,1013,0,GE-Phrase,230,107960,110406,2446,1013,1.0,1409,-24
109369,110382,1013,0,NTB,exemplos,109369,110382,1013,1013,1.0,0,0
111370,113448,2078,0,GE-Phrase,232,111344,112091,747,721,0.347,26,1357
111370,113448,2078,0,GE-Phrase,233,112091,112627,536,536,0.258,-721,821
111370,113448,2078,0,GE-Phrase,234,112627,113705,1078,821,0.395,-1257,-257
111370,113448,2078,0,NTB,pra que que aquilo é usado,111370,113448,2078,2078,1.0,0,0
124510,125198,688,0,GE-Phrase,241,121878,125705,3827,688,1.0,2632,-507
124510,125198,688,0,NTB,estruturados,124510,125198,688,688,1.0,0,0
125198,125513,315,0,GE-Phrase,241,121878,125705,3827,315,1.0,3320,-192
125198,125513,315,0,NTB,e tal,125198,125513,315,315,1.0,0,0
45843,46185,342,0,GE-Phrase,201,43285,46196,2911,342,1.0,2558,-11
45843,46185,342,0,NTB,por exemplo,45843,46185,342,342,1.0,0,0
46185,48237,2052,0,GE-Phrase,201,43285,46196,2911,11,0.005,2900,2041
46185,48237,2052,0,GE-Phrase,202,46196,50278,4082,2041,0.995,-11,-2041
46185,48237,2052,0,NTB,se eles vão produzir um statement of purpose,46185,48237,2052,2052,1.0,0,0
48982,50259,1277,0,GE-Phrase,202,46196,50278,4082,1277,1.0,2786,-19
48982,50259,1277,0,NTB,a escrita dele,48982,50259,1277,1277,1.0,0,0
89733,90527,794,0,GE-Phrase,223,89435,91263,1828,794,1.0,298,-736
89733,90527,794,0,NTB,basicamente,89733,90527,794,794,1.0,0,0
101775,103364,1589,0,GE-Phrase,226,101601,103369,1768,1589,1.0,174,-5
101775,103364,1589,0,NTB,aí acho que a Elisa faz assim também,101775,103364,1589,1589,1.0,0,0
106867,108194,1327,0,GE-Phrase,229,105764,107960,2196,1093,0.824,1103,234
106867,108194,1327,0,GE-Phrase,230,107960,110406,2446,234,0.176,-1093,-2212
106867,108194,1327,0,NTB,o que é um statement of purpose,106867,108194,1327,1327,1.0,0,0
108194,108671,477,0,GE-Phrase,230,107960,110406,2446,477,1.0,234,-1735
108194,108671,477,0,NTB,vê,108194,108671,477,477,1.0,0,0
108671,109369,698,0,GE-Phrase,230,107960,110406,2446,698,1.0,711,-1037
108671,109369,698,0,NTB,tipo,108671,109369,698,698,1.0,0,0
109369,110382,1013,0,GE-Phrase,230,107960,110406,2446,1013,1.0,1409,-24
109369,110382,1013,0,NTB,exemplos,109369,110382,1013,1013,1.0,0,0
111370,113448,2078,0,GE-Phrase,232,111344,112091,747,721,0.347,26,1357
111370,113448,2078,0,GE-Phrase,233,112091,112627,536,536,0.258,-721,821
111370,113448,2078,0,GE-Phrase,234,112627,113705,1078,821,0.395,-1257,-257
111370,113448,2078,0,NTB,pra que que aquilo é usado,111370,113448,2078,2078,1.0,0,0
124510,125198,688,0,GE-Phrase,241,121878,125705,3827,688,1.0,2632,-507
124510,125198,688,0,NTB,estruturados,124510,125198,688,688,1.0,0,0
125198,125513,315,0,GE-Phrase,241,121878,125705,3827,315,1.0,3320,-192
125198,125513,315,0,NTB,e tal,125198,125513,315,315,1.0,0,0
45843,46185,342,0,GE-Phrase,201,43285,46196,2911,342,1.0,2558,-11
45843,46185,342,0,NTB,por exemplo,45843,46185,342,342,1.0,0,0
46185,48237,2052,0,GE-Phrase,201,43285,46196,2911,11,0.005,2900,2041
46185,48237,2052,0,GE-Phrase,202,46196,50278,4082,2041,0.995,-11,-2041
46185,48237,2052,0,NTB,se eles vão produzir um statement of purpose,46185,48237,2052,2052,1.0,0,0
48982,50259,1277,0,GE-Phrase,202,46196,50278,4082,1277,1.0,2786,-19
48982,50259,1277,0,NTB,a escrita dele,48982,50259,1277,1277,1.0,0,0
89733,90527,794,0,GE-Phrase,223,89435,91263,1828,794,1.0,298,-736
89733,90527,794,0,NTB,basicamente,89733,90527,794,794,1.0,0,0
101775,103364,1589,0,GE-Phrase,226,101601,103369,1768,1589,1.0,174,-5
101775,103364,1589,0,NTB,aí acho que a Elisa faz assim também,101775,103364,1589,1589,1.0,0,0
106867,108194,1327,0,GE-Phrase,229,105764,107960,2196,1093,0.824,1103,234
106867,108194,1327,0,GE-Phrase,230,107960,110406,2446,234,0.176,-1093,-2212
106867,108194,1327,0,NTB,o que é um statement of purpose,106867,108194,1327,1327,1.0,0,0
108194,108671,477,0,GE-Phrase,230,107960,110406,2446,477,1.0,234,-1735
108194,108671,477,0,NTB,vê,108194,108671,477,477,1.0,0,0
108671,109369,698,0,GE-Phrase,230,107960,110406,2446,698,1.0,711,-1037
108671,109369,698,0,NTB,tipo,108671,109369,698,698,1.0,0,0
109369,110382,1013,0,GE-Phrase,230,107960,110406,2446,1013,1.0,1409,-24
109369,110382,1013,0,NTB,exemplos,109369,110382,1013,1013,1.0,0,0
111370,113448,2078,0,GE-Phrase,232,111344,112091,747,721,0.347,26,1357
111370,113448,2078,0,GE-Phrase,233,112091,112627,536,536,0.258,-721,821
111370,113448,2078,0,GE-Phrase,234,112627,113705,1078,821,0.395,-1257,-257
111370,113448,2078,0,NTB,pra que que aquilo é usado,111370,113448,2078,2078,1.0,0,0
124510,125198,688,0,GE-Phrase,241,121878,125705,3827,688,1.0,2632,-507
124510,125198,688,0,NTB,estruturados,124510,125198,688,688,1.0,0,0
125198,125513,315,0,GE-Phrase,241,121878,125705,3827,315,1.0,3320,-192
125198,125513,315,0,NTB,e tal,125198,125513,315,315,1.0,0,0
45843,46185,342,0,GE-Phrase,201,43285,46196,2911,342,1.0,2558,-11
45843,46185,342,0,NTB,por exemplo,45843,46185,342,342,1.0,0,0
46185,48237,2052,0,GE-Phrase,201,43285,46196,2911,11,0.005,2900,2041
46185,48237,2052,0,GE-Phrase,202,46196,50278,4082,2041,0.995,-11,-2041
46185,48237,2052,0,NTB,se eles vão produzir um statement of purpose,46185,48237,2052,2052,1.0,0,0
48982,50259,1277,0,GE-Phrase,202,46196,50278,4082,1277,1.0,2786,-19
48982,50259,1277,0,NTB,a escrita dele,48982,50259,1277,1277,1.0,0,0
89733,90527,794,0,GE-Phrase,223,89435,91263,1828,794,1.0,298,-736
89733,90527,794,0,NTB,basicamente,89733,90527,794,794,1.0,0,0
101775,103364,1589,0,GE-Phrase,226,101601,103369,1768,1589,1.0,174,-5
101775,103364,1589,0,NTB,aí acho que a Elisa faz assim também,101775,103364,1589,1589,1.0,0,0
106867,108194,1327,0,GE-Phrase,229,105764,107960,2196,1093,0.824,1103,234
106867,108194,1327,0,GE-Phrase,230,107960,110406,2446,234,0.176,-1093,-2212
106867,108194,1327,0,NTB,o que é um statement of purpose,106867,108194,1327,1327,1.0,0,0
108194,108671,477,0,GE-Phrase,230,107960,110406,2446,477,1.0,234,-1735
108194,108671,477,0,NTB,vê,108194,108671,477,477,1.0,0,0
108671,109369,698,0,GE-Phrase,230,107960,110406,2446,698,1.0,711,-1037
108671,109369,698,0,NTB,tipo,108671,109369,698,698,1.0,0,0
109369,110382,1013,0,GE-Phrase,230,107960,110406,2446,1013,1.0,1409,-24
109369,110382,1013,0,NTB,exemplos,109369,110382,1013,1013,1.0,0,0
111370,113448,2078,0,GE-Phrase,232,111344,112091,747,721,0.347,26,1357
111370,113448,2078,0,GE-Phrase,233,112091,112627,536,536,0.258,-721,821
111370,113448,2078,0,GE-Phrase,234,112627,113705,1078,821,0.395,-1257,-257
111370,113448,2078,0,NTB,pra que que aquilo é usado,111370,113448,2078,2078,1.0,0,0
124510,125198,688,0,GE-Phrase,241,121878,125705,3827,688,1.0,2632,-507
124510,125198,688,0,NTB,estruturados,124510,125198,688,688,1.0,0,0
125198,125513,315,0,GE-Phrase,241,121878,125705,3827,315,1.0,3320,-192
125198,125513,315,0,NTB,e tal,125198,125513,315,315,1.0,0,0
45843,46185,342,0,GE-Phrase,201,43285,46196,2911,342,1.0,2558,-11
45843,46185,342,0,NTB,por exemplo,45843,46185,342,342,1.0,0,0
46185,48237,2052,0,GE-Phrase,201,43285,46196,2911,11,0.005,2900,2041
46185,48237,2052,0,GE-Phrase,202,46196,50278,4082,2041,0.995,-11,-2041
46185,48237,2052,0,NTB,se eles vão produzir um statement of purpose,46185,48237,2052,2052,1.0,0,0
48982,50259,1277,0,GE-Phrase,202,46196,50278,4082,1277,1.0,2786,-19
48982,50259,1277,0,NTB,a escrita dele,48982,50259,1277,1277,1.0,0,0
89733,90527,794,0,GE-Phrase,223,89435,91263,1828,794,1.0,298,-736
89733,90527,794,0,NTB,basicamente,89733,90527,794,794,1.0,0,0
101775,103364,1589,0,GE-Phrase,226,101601,103369,1768,1589,1.0,174,-5
101775,103364,1589,0,NTB,aí acho que a Elisa faz assim também,101775,103364,1589,1589,1.0,0,0
106867,108194,1327,0,GE-Phrase,229,105764,107960,2196,1093,0.824,1103,234
106867,108194,1327,0,GE-Phrase,230,107960,110406,2446,234,0.176,-1093,-2212
106867,108194,1327,0,NTB,o que é um statement of purpose,106867,108194,1327,1327,1.0,0,0
108194,108671,477,0,GE-Phrase,230,107960,110406,2446,477,1.0,234,-1735
108194,108671,477,0,NTB,vê,108194,108671,477,477,1.0,0,0
108671,109369,698,0,GE-Phrase,230,107960,110406,2446,698,1.0,711,-1037
108671,109369,698,0,NTB,tipo,108671,109369,698,698,1.0,0,0
109369,110382,1013,0,GE-Phrase,230,107960,110406,2446,1013,1.0,1409,-24
109369,110382,1013,0,NTB,exemplos,109369,110382,1013,1013,1.0,0,0
111370,113448,2078,0,GE-Phrase,232,111344,112091,747,721,0.347,26,1357
111370,113448,2078,0,GE-Phrase,233,112091,112627,536,536,0.258,-721,821
111370,113448,2078,0,GE-Phrase,234,112627,113705,1078,821,0.395,-1257,-257
111370,113448,2078,0,NTB,pra que que aquilo é usado,111370,113448,2078,2078,1.0,0,0
124510,125198,688,0,GE-Phrase,241,121878,125705,3827,688,1.0,2632,-507
124510,125198,688,0,NTB,estruturados,124510,125198,688,688,1.0,0,0
125198,125513,315,0,GE-Phrase,241,121878,125705,3827,315,1.0,3320,-192
125198,125513,315,0,NTB,e tal,125198,125513,315,315,1.0,0,0
45843,46185,342,0,GE-Phrase,201,43285,46196,2911,342,1.0,2558,-11
45843,46185,342,0,NTB,por exemplo,45843,46185,342,342,1.0,0,0
46185,48237,2052,0,GE-Phrase,201,43285,46196,2911,11,0.005,2900,2041
46185,48237,2052,0,GE-Phrase,202,46196,50278,4082,2041,0.995,-11,-2041
46185,48237,2052,0,NTB,se eles vão produzir um statement of purpose,46185,48237,2052,2052,1.0,0,0
48982,50259,1277,0,GE-Phrase,202,46196,50278,4082,1277,1.0,2786,-19
48982,50259,1277,0,NTB,a escrita dele,48982,50259,1277,1277,1.0,0,0
89733,90527,794,0,GE-Phrase,223,89435,91263,1828,794,1.0,298,-736
89733,90527,794,0,NTB,basicamente,89733,90527,794,794,1.0,0,0
101775,103364,1589,0,GE-Phrase,226,101601,103369,1768,1589,1.0,174,-5
101775,103364,1589,0,NTB,aí acho que a Elisa faz assim também,101775,103364,1589,1589,1.0,0,0
106867,108194,1327,0,GE-Phrase,229,105764,107960,2196,1093,0.824,1103,234
106867,108194,1327,0,GE-Phrase,230,107960,110406,2446,234,0.176,-1093,-2212
106867,108194,1327,0,NTB,o que é um statement of purpose,106867,108194,1327,1327,1.0,0,0
108194,108671,477,0,GE-Phrase,230,107960,110406,2446,477,1.0,234,-1735
108194,108671,477,0,NTB,vê,108194,108671,477,477,1.0,0,0
108671,109369,698,0,GE-Phrase,230,107960,110406,2446,698,1.0,711,-1037
108671,109369,698,0,NTB,tipo,108671,109369,698,698,1.0,0,0
109369,110382,1013,0,GE-Phrase,230,107960,110406,2446,1013,1.0,1409,-24
109369,110382,1013,0,NTB,exemplos,109369,110382,1013,1013,1.0,0,0
111370,113448,2078,0,GE-Phrase,232,111344,112091,747,721,0.347,26,1357
111370,113448,2078,0,GE-Phrase,233,112091,112627,536,536,0.258,-721,821
111370,113448,2078,0,GE-Phrase,234,112627,113705,1078,821,0.395,-1257,-257
111370,113448,2078,0,NTB,pra que que aquilo é usado,111370,113448,2078,2078,1.0,0,0
124510,125198,688,0,GE-Phrase,241,121878,125705,3827,688,1.0,2632,-507
124510,125198,688,0,NTB,estruturados,124510,125198,688,688,1.0,0,0
125198,125513,315,0,GE-Phrase,241,121878,125705,3827,315,1.0,3320,-192
125198,125513,315,0,NTB,e tal,125198,125513,315,315,1.0,0,0
45843,46185,342,0,GE-Phrase,201,43285,46196,2911,342,1.0,2558,-11
45843,46185,342,0,NTB,por exemplo,45843,46185,342,342,1.0,0,0
46185,48237,2052,0,GE-Phrase,201,43285,46196,2911,11,0.005,2900,2041
46185,48237,2052,0,GE-Phrase,202,46196,50278,4082,2041,0.995,-11,-2041
46185,48237,2052,0,NTB,se eles vão produzir um statement of purpose,46185,48237,2052,2052,1.0,0,0
48982,50259,1277,0,GE-Phrase,202,46196,50278,4082,1277,1.0,2786,-19
48982,50259,1277,0,NTB,a escrita dele,48982,50259,1277,1277,1.0,0,0
89733,90527,794,0,GE-Phrase,223,89435,91263,1828,794,1.0,298,-736
89733,90527,794,0,NTB,basicamente,89733,90527,794,794,1.0,0,0
101775,103364,1589,0,GE-Phrase,226,101601,103369,1768,1589,1.0,174,-5
101775,103364,1589,0,NTB,aí acho que a Elisa faz assim também,101775,103364,1589,1589,1.0,0,0
106867,108194,1327,0,GE-Phrase,229,105764,107960,2196,1093,0.824,1103,234
106867,108194,1327,0,GE-Phrase,230,107960,110406,2446,234,0.176,-1093,-2212
106867,108194,1327,0,NTB,o que é um statement of purpose,106867,108194,1327,1327,1.0,0,0
108194,108671,477,0,GE-Phrase,230,107960,110406,2446,477,1.0,234,-1735
108194,108671,477,0,NTB,vê,108194,108671,477,477,1.0,0,0
108671,109369,698,0,GE-Phrase,230,107960,110406,2446,698,1.0,711,-1037
108671,109369,698,0,NTB,tipo,108671,109369,698,698,1.0,0,0
109369,110382,1013,0,GE-Phrase,230,107960,110406,2446,1013,1.0,1409,-24
109369,110382,1013,0,NTB,exemplos,109369,110382,1013,1013,1.0,0,0
111370,113448,2078,0,GE-Phrase,232,111344,112091,747,721,0.347,26,1357
111370,113448,2078,0,GE-Phrase,233,112091,112627,536,536,0.258,-721,821
111370,113448,2078,0,GE-Phrase,234,112627,113705,1078,821,0.395,-1257,-257
111370,113448,2078,0,NTB,pra que que aquilo é usado,111370,113448,2078,2078,1.0,0,0
124510,125198,688,0,GE-Phrase,241,121878,125705,3827,688,1.0,2632,-507
124510,125198,688,0,NTB,estruturados,124510,125198,688,688,1.0,0,0
125198,125513,315,0,GE-Phrase,241,121878,125705,3827,315,1.0,3320,-192
125198,125513,315,0,NTB,e tal,125198,125513,315,315,1.0,0,0
45843,46185,342,0,GE-Phrase,201,43285,46196,2911,342,1.0,2558,-11
45843,46185,342,0,NTB,por exemplo,45843,46185,342,342,1.0,0,0
46185,48237,2052,0,GE-Phrase,201,43285,46196,2911,11,0.005,2900,2041
46185,48237,2052,0,GE-Phrase,202,46196,50278,4082,2041,0.995,-11,-2041
46185,48237,2052,0,NTB,se eles vão produzir um statement of purpose,46185,48237,2052,2052,1.0,0,0
48982,50259,1277,0,GE-Phrase,202,46196,50278,4082,1277,1.0,2786,-19
48982,50259,1277,0,NTB,a escrita dele,48982,50259,1277,1277,1.0,0,0
89733,90527,794,0,GE-Phrase,223,89435,91263,1828,794,1.0,298,-736
89733,90527,794,0,NTB,basicamente,89733,90527,794,794,1.0,0,0
101775,103364,1589,0,GE-Phrase,226,101601,103369,1768,1589,1.0,174,-5
101775,103364,1589,0,NTB,aí acho que a Elisa faz assim também,101775,103364,1589,1589,1.0,0,0
106867,108194,1327,0,GE-Phrase,229,105764,107960,2196,1093,0.824,1103,234
106867,108194,1327,0,GE-Phrase,230,107960,110406,2446,234,0.176,-1093,-2212
106867,108194,1327,0,NTB,o que é um statement of purpose,106867,108194,1327,1327,1.0,0,0
108194,108671,477,0,GE-Phrase,230,107960,110406,2446,477,1.0,234,-1735
108194,108671,477,0,NTB,vê,108194,108671,477,477,1.0,0,0
108671,109369,698,0,GE-Phrase,230,107960,110406,2446,698,1.0,711,-1037
108671,109369,698,0,NTB,tipo,108671,109369,698,698,1.0,0,0
109369,110382,1013,0,GE-Phrase,230,107960,110406,2446,1013,1.0,1409,-24
109369,110382,1013,0,NTB,exemplos,109369,110382,1013,1013,1.0,0,0
111370,113448,2078,0,GE-Phrase,232,111344,112091,747,721,0.347,26,1357
111370,113448,2078,0,GE-Phrase,233,112091,112627,536,536,0.258,-721,821
111370,113448,2078,0,GE-Phrase,234,112627,113705,1078,821,0.395,-1257,-257
111370,113448,2078,0,NTB,pra que que aquilo é usado,111370,113448,2078,2078,1.0,0,0
124510,125198,688,0,GE-Phrase,241,121878,125705,3827,688,1.0,2632,-507
124510,125198,688,0,NTB,estruturados,124510,125198,688,688,1.0,0,0
125198,125513,315,0,GE-Phrase,241,121878,125705,3827,315,1.0,3320,-192
125198,125513,315,0,NTB,e tal,125198,125513,315,315,1.0,0,0
45843,46185,342,0,GE-Phrase,201,43285,46196,2911,342,1.0,2558,-11
45843,46185,342,0,NTB,por exemplo,45843,46185,342,342,1.0,0,0
46185,48237,2052,0,GE-Phrase,201,43285,46196,2911,11,0.005,2900,2041
46185,48237,2052,0,GE-Phrase,202,46196,50278,4082,2041,0.995,-11,-2041
46185,48237,2052,0,NTB,se eles vão produzir um statement of purpose,46185,48237,2052,2052,1.0,0,0
48982,50259,1277,0,GE-Phrase,202,46196,50278,4082,1277,1.0,2786,-19
48982,50259,1277,0,NTB,a escrita dele,48982,50259,1277,1277,1.0,0,0
89733,90527,794,0,GE-Phrase,223,89435,91263,1828,794,1.0,298,-736
89733,90527,794,0,NTB,basicamente,89733,90527,794,794,1.0,0,0
101775,103364,1589,0,GE-Phrase,226,101601,103369,1768,1589,1.0,174,-5
101775,103364,1589,0,NTB,aí acho que a Elisa faz assim também,101775,103364,1589,1589,1.0,0,0
106867,108194,1327,0,GE-Phrase,229,105764,107960,2196,1093,0.824,1103,234
106867,108194,1327,0,GE-Phrase,230,107960,110406,2446,234,0.176,-1093,-2212
106867,108194,1327,0,NTB,o que é um statement of purpose,106867,108194,1327,1327,1.0,0,0
108194,108671,477,0,GE-Phrase,230,107960,110406,2446,477,1.0,234,-1735
108194,108671,477,0,NTB,vê,108194,108671,477,477,1.0,0,0
108671,109369,698,0,GE-Phrase,230,107960,110406,2446,698,1.0,711,-1037
108671,109369,698,0,NTB,tipo,108671,109369,698,698,1.0,0,0
109369,110382,1013,0,GE-Phrase,230,107960,110406,2446,1013,1.0,1409,-24
109369,110382,1013,0,NTB,exemplos,109369,110382,1013,1013,1.0,0,0
111370,113448,2078,0,GE-Phrase,232,111344,112091,747,721,0.347,26,1357
111370,113448,2078,0,GE-Phrase,233,112091,112627,536,536,0.258,-721,821
111370,113448,2078,0,GE-Phrase,234,112627,113705,1078,821,0.395,-1257,-257
111370,113448,2078,0,NTB,pra que que aquilo é usado,111370,113448,2078,2078,1.0,0,0
124510,125198,688,0,GE-Phrase,241,121878,125705,3827,688,1.0,2632,-507
124510,125198,688,0,NTB,estruturados,124510,125198,688,688,1.0,0,0
125198,125513,315,0,GE-Phrase,241,121878,125705,3827,315,1.0,3320,-192
125198,125513,315,0,NTB,e tal,125198,125513,315,315,1.0,0,0
45843,46185,342,0,GE-Phrase,201,43285,46196,2911,342,1.0,2558,-11
45843,46185,342,0,NTB,por exemplo,45843,46185,342,342,1.0,0,0
46185,48237,2052,0,GE-Phrase,201,43285,46196,2911,11,0.005,2900,2041
46185,48237,2052,0,GE-Phrase,202,46196,50278,4082,2041,0.995,-11,-2041
46185,48237,2052,0,NTB,se eles vão produzir um statement of purpose,46185,48237,2052,2052,1.0,0,0
48982,50259,1277,0,GE-Phrase,202,46196,50278,4082,1277,1.0,2786,-19
48982,50259,1277,0,NTB,a escrita dele,48982,50259,1277,1277,1.0,0,0
89733,90527,794,0,GE-Phrase,223,89435,91263,1828,794,1.0,298,-736
89733,90527,794,0,NTB,basicamente,89733,90527,794,794,1.0,0,0
101775,103364,1589,0,GE-Phrase,226,101601,103369,1768,1589,1.0,174,-5
101775,103364,1589,0,NTB,aí acho que a Elisa faz assim também,101775,103364,1589,1589,1.0,0,0
106867,108194,1327,0,GE-Phrase,229,105764,107960,2196,1093,0.824,1103,234
106867,108194,1327,0,GE-Phrase,230,107960,110406,2446,234,0.176,-1093,-2212
106867,108194,1327,0,NTB,o que é um statement of purpose,106867,108194,1327,1327,1.0,0,0
108194,108671,477,0,GE-Phrase,230,107960,110406,2446,477,1.0,234,-1735
108194,108671,477,0,NTB,vê,108194,108671,477,477,1.0,0,0
108671,109369,698,0,GE-Phrase,230,107960,110406,2446,698,1.0,711,-1037
108671,109369,698,0,NTB,tipo,108671,109369,698,698,1.0,0,0
109369,110382,1013,0,GE-Phrase,230,107960,110406,2446,1013,1.0,1409,-24
109369,110382,1013,0,NTB,exemplos,109369,110382,1013,1013,1.0,0,0
111370,113448,2078,0,GE-Phrase,232,111344,112091,747,721,0.347,26,1357
111370,113448,2078,0,GE-Phrase,233,112091,112627,536,536,0.258,-721,821
111370,113448,2078,0,GE-Phrase,234,112627,113705,1078,821,0.395,-1257,-257
111370,113448,2078,0,NTB,pra que que aquilo é usado,111370,113448,2078,2078,1.0,0,0
124510,125198,688,0,GE-Phrase,241,121878,125705,3827,688,1.0,2632,-507
124510,125198,688,0,NTB,estruturados,124510,125198,688,688,1.0,0,0
125198,125513,315,0,GE-Phrase,241,121878,125705,3827,315,1.0,3320,-192
125198,125513,315,0,NTB,e tal,125198,125513,315,315,1.0,0,0
45843,46185,342,0,GE-Phrase,201,43285,46196,2911,342,1.0,2558,-11
45843,46185,342,0,NTB,por exemplo,45843,46185,342,342,1.0,0,0
46185,48237,2052,0,GE-Phrase,201,43285,46196,2911,11,0.005,2900,2041
46185,48237,2052,0,GE-Phrase,202,46196,50278,4082,2041,0.995,-11,-2041
46185,48237,2052,0,NTB,se eles vão produzir um statement of purpose,46185,48237,2052,2052,1.0,0,0
48982,50259,1277,0,GE-Phrase,202,46196,50278,4082,1277,1.0,2786,-19
48982,50259,1277,0,NTB,a escrita dele,48982,50259,1277,1277,1.0,0,0
89733,90527,794,0,GE-Phrase,223,89435,91263,1828,794,1.0,298,-736
89733,90527,794,0,NTB,basicamente,89733,90527,794,794,1.0,0,0
101775,103364,1589,0,GE-Phrase,226,101601,103369,1768,1589,1.0,174,-5
101775,103364,1589,0,NTB,aí acho que a Elisa faz assim também,101775,103364,1589,1589,1.0,0,0
106867,108194,1327,0,GE-Phrase,229,105764,107960,2196,1093,0.824,1103,234
106867,108194,1327,0,GE-Phrase,230,107960,110406,2446,234,0.176,-1093,-2212
106867,108194,1327,0,NTB,o que é um statement of purpose,106867,108194,1327,1327,1.0,0,0
108194,108671,477,0,GE-Phrase,230,107960,110406,2446,477,1.0,234,-1735
108194,108671,477,0,NTB,vê,108194,108671,477,477,1.0,0,0
108671,109369,698,0,GE-Phrase,230,107960,110406,2446,698,1.0,711,-1037
108671,109369,698,0,NTB,tipo,108671,109369,698,698,1.0,0,0
109369,110382,1013,0,GE-Phrase,230,107960,110406,2446,1013,1.0,1409,-24
109369,110382,1013,0,NTB,exemplos,109369,110382,1013,1013,1.0,0,0
111370,113448,2078,0,GE-Phrase,232,111344,112091,747,721,0.347,26,1357
111370,113448,2078,0,GE-Phrase,233,112091,112627,536,536,0.258,-721,821
111370,113448,2078,0,GE-Phrase,234,112627,113705,1078,821,0.395,-1257,-257
111370,113448,2078,0,NTB,pra que que aquilo é usado,111370,113448,2078,2078,1.0,0,0
124510,125198,688,0,GE-Phrase,241,121878,125705,3827,688,1.0,2632,-507
124510,125198,688,0,NTB,estruturados,124510,125198,688,688,1.0,0,0
125198,125513,315,0,GE-Phrase,241,121878,125705,3827,315,1.0,3320,-192
125198,125513,315,0,NTB,e tal,125198,125513,315,315,1.0,0,0
45843,46185,342,0,GE-Phrase,201,43285,46196,2911,342,1.0,2558,-11
45843,46185,342,0,NTB,por exemplo,45843,46185,342,342,1.0,0,0
46185,48237,2052,0,GE-Phrase,201,43285,46196,2911,11,0.005,2900,2041
46185,48237,2052,0,GE-Phrase,202,46196,50278,4082,2041,0.995,-11,-2041
46185,48237,2052,0,NTB,se eles vão produzir um statement of purpose,46185,48237,2052,2052,1.0,0,0
48982,50259,1277,0,GE-Phrase,202,46196,50278,4082,1277,1.0,2786,-19
48982,50259,1277,0,NTB,a escrita dele,48982,50259,1277,1277,1.0,0,0
89733,90527,794,0,GE-Phrase,223,89435,91263,1828,794,1.0,298,-736
89733,90527,794,0,NTB,basicamente,89733,90527,794,794,1.0,0,0
101775,103364,1589,0,GE-Phrase,226,101601,103369,1768,1589,1.0,174,-5
101775,103364,1589,0,NTB,aí acho que a Elisa faz assim também,101775,103364,1589,1589,1.0,0,0
106867,108194,1327,0,GE-Phrase,229,105764,107960,2196,1093,0.824,1103,234
106867,108194,1327,0,GE-Phrase,230,107960,110406,2446,234,0.176,-1093,-2212
106867,108194,1327,0,NTB,o que é um statement of purpose,106867,108194,1327,1327,1.0,0,0
108194,108671,477,0,GE-Phrase,230,107960,110406,2446,477,1.0,234,-1735
108194,108671,477,0,NTB,vê,108194,108671,477,477,1.0,0,0
108671,109369,698,0,GE-Phrase,230,107960,110406,2446,698,1.0,711,-1037
108671,109369,698,0,NTB,tipo,108671,109369,698,698,1.0,0,0
109369,110382,1013,0,GE-Phrase,230,107960,110406,2446,1013,1.0,1409,-24
109369,110382,1013,0,NTB,exemplos,109369,110382,1013,1013,1.0,0,0
111370,113448,2078,0,GE-Phrase,232,111344,112091,747,721,0.347,26,1357
111370,113448,2078,0,GE-Phrase,233,112091,112627,536,536,0.258,-721,821
111370,113448,2078,0,GE-Phrase,234,112627,113705,1078,821,0.395,-1257,-257
111370,113448,2078,0,NTB,pra que que aquilo é usado,111370,113448,2078,2078,1.0,0,0
124510,125198,688,0,GE-Phrase,241,121878,125705,3827,688,1.0,2632,-507
124510,125198,688,0,NTB,estruturados,124510,125198,688,688,1.0,0,0
125198,125513,315,0,GE-Phrase,241,121878,125705,3827,315,1.0,3320,-192
125198,125513,315,0,NTB,e tal,125198,125513,315,315,1.0,0,0
45843,46185,342,0,GE-Phrase,201,43285,46196,2911,342,1.0,2558,-11
45843,46185,342,0,NTB,por exemplo,45843,46185,342,342,1.0,0,0
46185,48237,2052,0,GE-Phrase,201,43285,46196,2911,11,0.005,2900,2041
46185,48237,2052,0,GE-Phrase,202,46196,50278,4082,2041,0.995,-11,-2041
46185,48237,2052,0,NTB,se eles vão produzir um statement of purpose,46185,48237,2052,2052,1.0,0,0
48982,50259,1277,0,GE-Phrase,202,46196,50278,4082,1277,1.0,2786,-19
48982,50259,1277,0,NTB,a escrita dele,48982,50259,1277,1277,1.0,0,0
89733,90527,794,0,GE-Phrase,223,89435,91263,1828,794,1.0,298,-736
89733,90527,794,0,NTB,basicamente,89733,90527,794,794,1.0,0,0
101775,103364,1589,0,GE-Phrase,226,101601,103369,1768,1589,1.0,174,-5
101775,103364,1589,0,NTB,aí acho que a Elisa faz assim também,101775,103364,1589,1589,1.0,0,0
106867,108194,1327,0,GE-Phrase,229,105764,107960,2196,1093,0.824,1103,234
106867,108194,1327,0,GE-Phrase,230,107960,110406,2446,234,0.176,-1093,-2212
106867,108194,1327,0,NTB,o que é um statement of purpose,106867,108194,1327,1327,1.0,0,0
108194,108671,477,0,GE-Phrase,230,107960,110406,2446,477,1.0,234,-1735
108194,108671,477,0,NTB,vê,108194,108671,477,477,1.0,0,0
108671,109369,698,0,GE-Phrase,230,107960,110406,2446,698,1.0,711,-1037
108671,109369,698,0,NTB,tipo,108671,109369,698,698,1.0,0,0
109369,110382,1013,0,GE-Phrase,230,107960,110406,2446,1013,1.0,1409,-24
109369,110382,1013,0,NTB,exemplos,109369,110382,1013,1013,1.0,0,0
111370,113448,2078,0,GE-Phrase,232,111344,112091,747,721,0.347,26,1357
111370,113448,2078,0,GE-Phrase,233,112091,112627,536,536,0.258,-721,821
111370,113448,2078,0,GE-Phrase,234,112627,113705,1078,821,0.395,-1257,-257
111370,113448,2078,0,NTB,pra que que aquilo é usado,111370,113448,2078,2078,1.0,0,0
124510,125198,688,0,GE-Phrase,241,121878,125705,3827,688,1.0,2632,-507
124510,125198,688,0,NTB,estruturados,124510,125198,688,688,1.0,0,0
125198,125513,315,0,GE-Phrase,241,121878,125705,3827,315,1.0,3320,-192
125198,125513,315,0,NTB,e tal,125198,125513,315,315,1.0,0,0
45843,46185,342,0,GE-Phrase,201,43285,46196,2911,342,1.0,2558,-11
45843,46185,342,0,NTB,por exemplo,45843,46185,342,342,1.0,0,0
46185,48237,2052,0,GE-Phrase,201,43285,46196,2911,11,0.005,2900,2041
46185,48237,2052,0,GE-Phrase,202,46196,50278,4082,2041,0.995,-11,-2041
46185,48237,2052,0,NTB,se eles vão produzir um statement of purpose,46185,48237,2052,2052,1.0,0,0
48982,50259,1277,0,GE-Phrase,202,46196,50278,4082,1277,1.0,2786,-19
48982,50259,1277,0,NTB,a escrita dele,48982,50259,1277,1277,1.0,0,0
89733,90527,794,0,GE-Phrase,223,89435,91263,1828,794,1.0,298,-736
89733,90527,794,0,NTB,basicamente,89733,90527,794,794,1.0,0,0
101775,103364,1589,0,GE-Phrase,226,101601,103369,1768,1589,1.0,174,-5
101775,103364,1589,0,NTB,aí acho que a Elisa faz assim também,101775,103364,1589,1589,1.0,0,0
106867,108194,1327,0,GE-Phrase,229,105764,107960,2196,1093,0.824,1103,234
106867,108194,1327,0,GE-Phrase,230,107960,110406,2446,234,0.176,-1093,-2212
106867,108194,1327,0,NTB,o que é um statement of purpose,106867,108194,1327,1327,1.0,0,0
108194,108671,477,0,GE-Phrase,230,107960,110406,2446,477,1.0,234,-1735
108194,108671,477,0,NTB,vê,108194,108671,477,477,1.0,0,0
108671,109369,698,0,GE-Phrase,230,107960,110406,2446,698,1.0,711,-1037
108671,109369,698,0,NTB,tipo,108671,109369,698,698,1.0,0,0
109369,110382,1013,0,GE-Phrase,230,107960,110406,2446,1013,1.0,1409,-24
109369,110382,1013,0,NTB,exemplos,109369,110382,1013,1013,1.0,0,0
111370,113448,2078,0,GE-Phrase,232,111344,112091,747,721,0.347,26,1357
111370,113448,2078,0,GE-Phrase,233,112091,112627,536,536,0.258,-721,821
111370,113448,2078,0,GE-Phrase,234,112627,113705,1078,821,0.395,-1257,-257
111370,113448,2078,0,NTB,pra que que aquilo é usado,111370,113448,2078,2078,1.0,0,0
124510,125198,688,0,GE-Phrase,241,121878,125705,3827,688,1.0,2632,-507
124510,125198,688,0,NTB,estruturados,124510,125198,688,688,1.0,0,0
125198,125513,315,0,GE-Phrase,241,121878,125705,3827,315,1.0,3320,-192
125198,125513,315,0,NTB,e tal,125198,125513,315,315,1.0,0,0
45843,46185,342,0,GE-Phrase,201,43285,46196,2911,342,1.0,2558,-11
45843,46185,342,0,NTB,por exemplo,45843,46185,342,342,1.0,0,0
46185,48237,2052,0,GE-Phrase,201,43285,46196,2911,11,0.005,2900,2041
46185,48237,2052,0,GE-Phrase,202,46196,50278,4082,2041,0.995,-11,-2041
46185,48237,2052,0,NTB,se eles vão produzir um statement of purpose,46185,48237,2052,2052,1.0,0,0
48982,50259,1277,0,GE-Phrase,202,46196,50278,4082,1277,1.0,2786,-19
48982,50259,1277,0,NTB,a escrita dele,48982,50259,1277,1277,1.0,0,0
89733,90527,794,0,GE-Phrase,223,89435,91263,1828,794,1.0,298,-736
89733,90527,794,0,NTB,basicamente,89733,90527,794,794,1.0,0,0
101775,103364,1589,0,GE-Phrase,226,101601,103369,1768,1589,1.0,174,-5
101775,103364,1589,0,NTB,aí acho que a Elisa faz assim também,101775,103364,1589,1589,1.0,0,0
106867,108194,1327,0,GE-Phrase,229,105764,107960,2196,1093,0.824,1103,234
106867,108194,1327,0,GE-Phrase,230,107960,110406,2446,234,0.176,-1093,-2212
106867,108194,1327,0,NTB,o que é um statement of purpose,106867,108194,1327,1327,1.0,0,0
108194,108671,477,0,GE-Phrase,230,107960,110406,2446,477,1.0,234,-1735
108194,108671,477,0,NTB,vê,108194,108671,477,477,1.0,0,0
108671,109369,698,0,GE-Phrase,230,107960,110406,2446,698,1.0,711,-1037
108671,109369,698,0,NTB,tipo,108671,109369,698,698,1.0,0,0
109369,110382,1013,0,GE-Phrase,230,107960,110406,2446,1013,1.0,1409,-24
109369,110382,1013,0,NTB,exemplos,109369,110382,1013,1013,1.0,0,0
111370,113448,2078,0,GE-Phrase,232,111344,112091,747,721,0.347,26,1357
111370,113448,2078,0,GE-Phrase,233,112091,112627,536,536,0.258,-721,821
111370,113448,2078,0,GE-Phrase,234,112627,113705,1078,821,0.395,-1257,-257
111370,113448,2078,0,NTB,pra que que aquilo é usado,111370,113448,2078,2078,1.0,0,0
124510,125198,688,0,GE-Phrase,241,121878,125705,3827,688,1.0,2632,-507
124510,125198,688,0,NTB,estruturados,124510,125198,688,688,1.0,0,0
125198,125513,315,0,GE-Phrase,241,121878,125705,3827,315,1.0,3320,-192
125198,125513,315,0,NTB,e tal,125198,125513,315,315,1.0,0,0
45843,46185,342,0,GE-Phrase,201,43285,46196,2911,342,1.0,2558,-11
45843,46185,342,0,NTB,por exemplo,45843,46185,342,342,1.0,0,0
46185,48237,2052,0,GE-Phrase,201,43285,46196,2911,11,0.005,2900,2041
46185,48237,2052,0,GE-Phrase,202,46196,50278,4082,2041,0.995,-11,-2041
46185,48237,2052,0,NTB,se eles vão produzir um statement of purpose,46185,48237,2052,2052,1.0,0,0
48982,50259,1277,0,GE-Phrase,202,46196,50278,4082,1277,1.0,2786,-19
48982,50259,1277,0,NTB,a escrita dele,48982,50259,1277,1277,1.0,0,0
89733,90527,794,0,GE-Phrase,223,89435,91263,1828,794,1.0,298,-736
89733,90527,794,0,NTB,basicamente,89733,90527,794,794,1.0,0,0
101775,103364,1589,0,GE-Phrase,226,101601,103369,1768,1589,1.0,174,-5
101775,103364,1589,0,NTB,aí acho que a Elisa faz assim também,101775,103364,1589,1589,1.0,0,0
106867,108194,1327,0,GE-Phrase,229,105764,107960,2196,1093,0.824,1103,234
106867,108194,1327,0,GE-Phrase,230,107960,110406,2446,234,0.176,-1093,-2212
106867,108194,1327,0,NTB,o que é um statement of purpose,106867,108194,1327,1327,1.0,0,0
108194,108671,477,0,GE-Phrase,230,107960,110406,2446,477,1.0,234,-1735
108194,108671,477,0,NTB,vê,108194,108671,477,477,1.0,0,0
108671,109369,698,0,GE-Phrase,230,107960,110406,2446,698,1.0,711,-1037
108671,109369,698,0,NTB,tipo,108671,109369,698,698,1.0,0,0
109369,110382,1013,0,GE-Phrase,230,107960,110406,2446,1013,1.0,1409,-24
109369,110382,1013,0,NTB,exemplos,109369,110382,1013,1013,1.0,0,0
111370,113448,2078,0,GE-Phrase,232,111344,112091,747,721,0.347,26,1357
111370,113448,2078,0,GE-Phrase,233,112091,112627,536,536,0.258,-721,821
111370,113448,2078,0,GE-Phrase,234,112627,113705,1078,821,0.395,-1257,-257
111370,113448,2078,0,NTB,pra que que aquilo é usado,111370,113448,2078,2078,1.0,0,0
124510,125198,688,0,GE-Phrase,241,121878,125705,3827,688,1.0,2632,-507
124510,125198,688,0,NTB,estruturados,124510,125198,688,688,1.0,0,0
125198,125513,315,0,GE-Phrase,241,121878,125705,3827,315,1.0,3320,-192
125198,125513,315,0,NTB,e tal,125198,125513,315,315,1.0,0,0
45843,46185,342,0,GE-Phrase,201,43285,46196,2911,342,1.0,2558,-11
45843,46185,342,0,NTB,por exemplo,45843,46185,342,342,1.0,0,0
46185,48237,2052,0,GE-Phrase,201,43285,46196,2911,11,0.005,2900,2041
46185,48237,2052,0,GE-Phrase,202,46196,50278,4082,2041,0.995,-11,-2041
46185,48237,2052,0,NTB,se eles vão produzir um statement of purpose,46185,48237,2052,2052,1.0,0,0
48982,50259,1277,0,GE-Phrase,202,46196,50278,4082,1277,1.0,2786,-19
48982,50259,1277,0,NTB,a escrita dele,48982,50259,1277,1277,1.0,0,0
89733,90527,794,0,GE-Phrase,223,89435,91263,1828,794,1.0,298,-736
89733,90527,794,0,NTB,basicamente,89733,90527,794,794,1.0,0,0
101775,103364,1589,0,GE-Phrase,226,101601,103369,1768,1589,1.0,174,-5
101775,103364,1589,0,NTB,aí acho que a Elisa faz assim também,101775,103364,1589,1589,1.0,0,0
106867,108194,1327,0,GE-Phrase,229,105764,107960,2196,1093,0.824,1103,234
106867,108194,1327,0,GE-Phrase,230,107960,110406,2446,234,0.176,-1093,-2212
106867,108194,1327,0,NTB,o que é um statement of purpose,106867,108194,1327,1327,1.0,0,0
108194,108671,477,0,GE-Phrase,230,107960,110406,2446,477,1.0,234,-1735
108194,108671,477,0,NTB,vê,108194,108671,477,477,1.0,0,0
108671,109369,698,0,GE-Phrase,230,107960,110406,2446,698,1.0,711,-1037
108671,109369,698,0,NTB,tipo,108671,109369,698,698,1.0,0,0
109369,110382,1013,0,GE-Phrase,230,107960,110406,2446,1013,1.0,1409,-24
109369,110382,1013,0,NTB,exemplos,109369,110382,1013,1013,1.0,0,0
111370,113448,2078,0,GE-Phrase,232,111344,112091,747,721,0.347,26,1357
111370,113448,2078,0,GE-Phrase,233,112091,112627,536,536,0.258,-721,821
111370,113448,2078,0,GE-Phrase,234,112627,113705,1078,821,0.395,-1257,-257
111370,113448,2078,0,NTB,pra que que aquilo é usado,111370,113448,2078,2078,1.0,0,0
124510,125198,688,0,GE-Phrase,241,121878,125705,3827,688,1.0,2632,-507
124510,125198,688,0,NTB,estruturados,124510,125198,688,688,1.0,0,0
125198,125513,315,0,GE-Phrase,241,121878,125705,3827,315,1.0,3320,-192
125198,125513,315,0,NTB,e tal,125198,125513,315,315,1.0,0,0
45843,46185,342,0,GE-Phrase,201,43285,46196,2911,342,1.0,2558,-11
45843,46185,342,0,NTB,por exemplo,45843,46185,342,342,1.0,0,0
46185,48237,2052,0,GE-Phrase,201,43285,46196,2911,11,0.005,2900,2041
46185,48237,2052,0,GE-Phrase,202,46196,50278,4082,2041,0.995,-11,-2041
46185,48237,2052,0,NTB,se eles vão produzir um statement of purpose,46185,48237,2052,2052,1.0,0,0
48982,50259,1277,0,GE-Phrase,202,46196,50278,4082,1277,1.0,2786,-19
48982,50259,1277,0,NTB,a escrita dele,48982,50259,1277,1277,1.0,0,0
89733,90527,794,0,GE-Phrase,223,89435,91263,1828,794,1.0,298,-736
89733,90527,794,0,NTB,basicamente,89733,90527,794,794,1.0,0,0
101775,103364,1589,0,GE-Phrase,226,101601,103369,1768,1589,1.0,174,-5
101775,103364,1589,0,NTB,aí acho que a Elisa faz assim também,101775,103364,1589,1589,1.0,0,0
106867,108194,1327,0,GE-Phrase,229,105764,107960,2196,1093,0.824,1103,234
106867,108194,1327,0,GE-Phrase,230,107960,110406,2446,234,0.176,-1093,-2212
106867,108194,1327,0,NTB,o que é um statement of purpose,106867,108194,1327,1327,1.0,0,0
108194,108671,477,0,GE-Phrase,230,107960,110406,2446,477,1.0,234,-1735
108194,108671,477,0,NTB,vê,108194,108671,477,477,1.0,0,0
108671,109369,698,0,GE-Phrase,230,107960,110406,2446,698,1.0,711,-1037
108671,109369,698,0,NTB,tipo,108671,109369,698,698,1.0,0,0
109369,110382,1013,0,GE-Phrase,230,107960,110406,2446,1013,1.0,1409,-24
109369,110382,1013,0,NTB,exemplos,109369,110382,1013,1013,1.0,0,0
111370,113448,2078,0,GE-Phrase,232,111344,112091,747,721,0.347,26,1357
111370,113448,2078,0,GE-Phrase,233,112091,112627,536,536,0.258,-721,821
111370,113448,2078,0,GE-Phrase,234,112627,113705,1078,821,0.395,-1257,-257
111370,113448,2078,0,NTB,pra que que aquilo é usado,111370,113448,2078,2078,1.0,0,0
124510,125198,688,0,GE-Phrase,241,121878,125705,3827,688,1.0,2632,-507
124510,125198,688,0,NTB,estruturados,124510,125198,688,688,1.0,0,0
125198,125513,315,0,GE-Phrase,241,121878,125705,3827,315,1.0,3320,-192
125198,125513,315,0,NTB,e tal,125198,125513,315,315,1.0,0,0
45843,46185,342,0,GE-Phrase,201,43285,46196,2911,342,1.0,2558,-11
45843,46185,342,0,NTB,por exemplo,45843,46185,342,342,1.0,0,0
46185,48237,2052,0,GE-Phrase,201,43285,46196,2911,11,0.005,2900,2041
46185,48237,2052,0,GE-Phrase,202,46196,50278,4082,2041,0.995,-11,-2041
46185,48237,2052,0,NTB,se eles vão produzir um statement of purpose,46185,48237,2052,2052,1.0,0,0
48982,50259,1277,0,GE-Phrase,202,46196,50278,4082,1277,1.0,2786,-19
48982,50259,1277,0,NTB,a escrita dele,48982,50259,1277,1277,1.0,0,0
89733,90527,794,0,GE-Phrase,223,89435,91263,1828,794,1.0,298,-736
89733,90527,794,0,NTB,basicamente,89733,90527,794,794,1.0,0,0
101775,103364,1589,0,GE-Phrase,226,101601,103369,1768,1589,1.0,174,-5
101775,103364,1589,0,NTB,aí acho que a Elisa faz assim também,101775,103364,1589,1589,1.0,0,0
106867,108194,1327,0,GE-Phrase,229,105764,107960,2196,1093,0.824,1103,234
106867,108194,1327,0,GE-Phrase,230,107960,110406,2446,234,0.176,-1093,-2212
106867,108194,1327,0,NTB,o que é um statement of purpose,106867,108194,1327,1327,1.0,0,0
108194,108671,477,0,GE-Phrase,230,107960,110406,2446,477,1.0,234,-1735
108194,108671,477,0,NTB,vê,108194,108671,477,477,1.0,0,0
108671,109369,698,0,GE-Phrase,230,107960,110406,2446,698,1.0,711,-1037
108671,109369,698,0,NTB,tipo,108671,109369,698,698,1.0,0,0
109369,110382,1013,0,GE-Phrase,230,107960,110406,2446,1013,1.0,1409,-24
109369,110382,1013,0,NTB,exemplos,109369,110382,1013,1013,1.0,0,0
111370,113448,2078,0,GE-Phrase,232,111344,112091,747,721,0.347,26,1357
111370,113448,2078,0,GE-Phrase,233,112091,112627,536,536,0.258,-721,821
111370,113448,2078,0,GE-Phrase,234,112627,113705,1078,821,0.395,-1257,-257
111370,113448,2078,0,NTB,pra que que aquilo é usado,111370,113448,2078,2078,1.0,0,0
124510,125198,688,0,GE-Phrase,241,121878,125705,3827,688,1.0,2632,-507
124510,125198,688,0,NTB,estruturados,124510,125198,688,688,1.0,0,0
125198,125513,315,0,GE-Phrase,241,121878,125705,3827,315,1.0,3320,-192
125198,125513,315,0,NTB,e tal,125198,125513,315,315,1.0,0,0
45843,46185,342,0,GE-Phrase,201,43285,46196,2911,342,1.0,2558,-11
45843,46185,342,0,NTB,por exemplo,45843,46185,342,342,1.0,0,0
46185,48237,2052,0,GE-Phrase,201,43285,46196,2911,11,0.005,2900,2041
46185,48237,2052,0,GE-Phrase,202,46196,50278,4082,2041,0.995,-11,-2041
46185,48237,2052,0,NTB,se eles vão produzir um statement of purpose,46185,48237,2052,2052,1.0,0,0
48982,50259,1277,0,GE-Phrase,202,46196,50278,4082,1277,1.0,2786,-19
48982,50259,1277,0,NTB,a escrita dele,48982,50259,1277,1277,1.0,0,0
89733,90527,794,0,GE-Phrase,223,89435,91263,1828,794,1.0,298,-736
89733,90527,794,0,NTB,basicamente,89733,90527,794,794,1.0,0,0
101775,103364,1589,0,GE-Phrase,226,101601,103369,1768,1589,1.0,174,-5
101775,103364,1589,0,NTB,aí acho que a Elisa faz assim também,101775,103364,1589,1589,1.0,0,0
106867,108194,1327,0,GE-Phrase,229,105764,107960,2196,1093,0.824,1103,234
106867,108194,1327,0,GE-Phrase,230,107960,110406,2446,234,0.176,-1093,-2212
106867,108194,1327,0,NTB,o que é um statement of purpose,106867,108194,1327,1327,1.0,0,0
108194,108671,477,0,GE-Phrase,230,107960,110406,2446,477,1.0,234,-1735
108194,108671,477,0,NTB,vê,108194,108671,477,477,1.0,0,0
108671,109369,698,0,GE-Phrase,230,107960,110406,2446,698,1.0,711,-1037
108671,109369,698,0,NTB,tipo,108671,109369,698,698,1.0,0,0
109369,110382,1013,0,GE-Phrase,230,107960,110406,2446,1013,1.0,1409,-24
109369,110382,1013,0,NTB,exemplos,109369,110382,1013,1013,1.0,0,0
111370,113448,2078,0,GE-Phrase,232,111344,112091,747,721,0.347,26,1357
111370,113448,2078,0,GE-Phrase,233,112091,112627,536,536,0.258,-721,821
111370,113448,2078,0,GE-Phrase,234,112627,113705,1078,821,0.395,-1257,-257
111370,113448,2078,0,NTB,pra que que aquilo é usado,111370,113448,2078,2078,1.0,0,0
124510,125198,688,0,GE-Phrase,241,121878,125705,3827,688,1.0,2632,-507
124510,125198,688,0,NTB,estruturados,124510,125198,688,688,1.0,0,0
125198,125513,315,0,GE-Phrase,241,121878,125705,3827,315,1.0,3320,-192
125198,125513,315,0,NTB,e tal,125198,125513,315,315,1.0,0,0
45843,46185,342,0,GE-Phrase,201,43285,46196,2911,342,1.0,2558,-11
45843,46185,342,0,NTB,por exemplo,45843,46185,342,342,1.0,0,0
46185,48237,2052,0,GE-Phrase,201,43285,46196,2911,11,0.005,2900,2041
46185,48237,2052,0,GE-Phrase,202,46196,50278,4082,2041,0.995,-11,-2041
46185,48237,2052,0,NTB,se eles vão produzir um statement of purpose,46185,48237,2052,2052,1.0,0,0
48982,50259,1277,0,GE-Phrase,202,46196,50278,4082,1277,1.0,2786,-19
48982,50259,1277,0,NTB,a escrita dele,48982,50259,1277,1277,1.0,0,0
89733,90527,794,0,GE-Phrase,223,89435,91263,1828,794,1.0,298,-736
89733,90527,794,0,NTB,basicamente,89733,90527,794,794,1.0,0,0
101775,103364,1589,0,GE-Phrase,226,101601,103369,1768,1589,1.0,174,-5
101775,103364,1589,0,NTB,aí acho que a Elisa faz assim também,101775,103364,1589,1589,1.0,0,0
106867,108194,1327,0,GE-Phrase,229,105764,107960,2196,1093,0.824,1103,234
106867,108194,1327,0,GE-Phrase,230,107960,110406,2446,234,0.176,-1093,-2212
106867,108194,1327,0,NTB,o que é um statement of purpose,106867,108194,1327,1327,1.0,0,0
108194,108671,477,0,GE-Phrase,230,107960,110406,2446,477,1.0,234,-1735
108194,108671,477,0,NTB,vê,108194,108671,477,477,1.0,0,0
108671,109369,698,0,GE-Phrase,230,107960,110406,2446,698,1.0,711,-1037
108671,109369,698,0,NTB,tipo,108671,109369,698,698,1.0,0,0
109369,110382,1013,0,GE-Phrase,230,107960,110406,2446,1013,1.0,1409,-24
109369,110382,1013,0,NTB,exemplos,109369,110382,1013,1013,1.0,0,0
111370,113448,2078,0,GE-Phrase,232,111344,112091,747,721,0.347,26,1357
111370,113448,2078,0,GE-Phrase,233,112091,112627,536,536,0.258,-721,821
111370,113448,2078,0,GE-Phrase,234,112627,113705,1078,821,0.395,-1257,-257
111370,113448,2078,0,NTB,pra que que aquilo é usado,111370,113448,2078,2078,1.0,0,0
124510,125198,688,0,GE-Phrase,241,121878,125705,3827,688,1.0,2632,-507
124510,125198,688,0,NTB,estruturados,124510,125198,688,688,1.0,0,0
125198,125513,315,0,GE-Phrase,241,121878,125705,3827,315,1.0,3320,-192
125198,125513,315,0,NTB,e tal,125198,125513,315,315,1.0,0,0
45843,46185,342,0,GE-Phrase,201,43285,46196,2911,342,1.0,2558,-11
45843,46185,342,0,NTB,por exemplo,45843,46185,342,342,1.0,0,0
46185,48237,2052,0,GE-Phrase,201,43285,46196,2911,11,0.005,2900,2041
46185,48237,2052,0,GE-Phrase,202,46196,50278,4082,2041,0.995,-11,-2041
46185,48237,2052,0,NTB,se eles vão produzir um statement of purpose,46185,48237,2052,2052,1.0,0,0
48982,50259,1277,0,GE-Phrase,202,46196,50278,4082,1277,1.0,2786,-19
48982,50259,1277,0,NTB,a escrita dele,48982,50259,1277,1277,1.0,0,0
89733,90527,794,0,GE-Phrase,223,89435,91263,1828,794,1.0,298,-736
89733,90527,794,0,NTB,basicamente,89733,90527,794,794,1.0,0,0
101775,103364,1589,0,GE-Phrase,226,101601,103369,1768,1589,1.0,174,-5
101775,103364,1589,0,NTB,aí acho que a Elisa faz assim também,101775,103364,1589,1589,1.0,0,0
106867,108194,1327,0,GE-Phrase,229,105764,107960,2196,1093,0.824,1103,234
106867,108194,1327,0,GE-Phrase,230,107960,110406,2446,234,0.176,-1093,-2212
106867,108194,1327,0,NTB,o que é um statement of purpose,106867,108194,1327,1327,1.0,0,0
108194,108671,477,0,GE-Phrase,230,107960,110406,2446,477,1.0,234,-1735
108194,108671,477,0,NTB,vê,108194,108671,477,477,1.0,0,0
108671,109369,698,0,GE-Phrase,230,107960,110406,2446,698,1.0,711,-1037
108671,109369,698,0,NTB,tipo,108671,109369,698,698,1.0,0,0
109369,110382,1013,0,GE-Phrase,230,107960,110406,2446,1013,1.0,1409,-24
109369,110382,1013,0,NTB,exemplos,109369,110382,1013,1013,1.0,0,0
111370,113448,2078,0,GE-Phrase,232,111344,112091,747,721,0.347,26,1357
111370,113448,2078,0,GE-Phrase,233,112091,112627,536,536,0.258,-721,821
111370,113448,2078,0,GE-Phrase,234,112627,113705,1078,821,0.395,-1257,-257
111370,113448,2078,0,NTB,pra que que aquilo é usado,111370,113448,2078,2078,1.0,0,0
124510,125198,688,0,GE-Phrase,241,121878,125705,3827,688,1.0,2632,-507
124510,125198,688,0,NTB,estruturados,124510,125198,688,688,1.0,0,0
125198,125513,315,0,GE-Phrase,241,121878,125705,3827,315,1.0,3320,-192
125198,125513,315,0,NTB,e tal,125198,125513,315,315,1.0,0,0
45843,46185,342,0,GE-Phrase,201,43285,46196,2911,342,1.0,2558,-11
45843,46185,342,0,NTB,por exemplo,45843,46185,342,342,1.0,0,0
46185,48237,2052,0,GE-Phrase,201,43285,46196,2911,11,0.005,2900,2041
46185,48237,2052,0,GE-Phrase,202,46196,50278,4082,2041,0.995,-11,-2041
46185,48237,2052,0,NTB,se eles vão produzir um statement of purpose,46185,48237,2052,2052,1.0,0,0
48982,50259,1277,0,GE-Phrase,202,46196,50278,4082,1277,1.0,2786,-19
48982,50259,1277,0,NTB,a escrita dele,48982,50259,1277,1277,1.0,0,0
89733,90527,794,0,GE-Phrase,223,89435,91263,1828,794,1.0,298,-736
89733,90527,794,0,NTB,basicamente,89733,90527,794,794,1.0,0,0
101775,103364,1589,0,GE-Phrase,226,101601,103369,1768,1589,1.0,174,-5
101775,103364,1589,0,NTB,aí acho que a Elisa faz assim também,101775,103364,1589,1589,1.0,0,0
106867,108194,1327,0,GE-Phrase,229,105764,107960,2196,1093,0.824,1103,234
106867,108194,1327,0,GE-Phrase,230,107960,110406,2446,234,0.176,-1093,-2212
106867,108194,1327,0,NTB,o que é um statement of purpose,106867,108194,1327,1327,1.0,0,0
108194,108671,477,0,GE-Phrase,230,107960,110406,2446,477,1.0,234,-1735
108194,108671,477,0,NTB,vê,108194,108671,477,477,1.0,0,0
108671,109369,698,0,GE-Phrase,230,107960,110406,2446,698,1.0,711,-1037
108671,109369,698,0,NTB,tipo,108671,109369,698,698,1.0,0,0
109369,110382,1013,0,GE-Phrase,230,107960,110406,2446,1013,1.0,1409,-24
109369,110382,1013,0,NTB,exemplos,109369,110382,1013,1013,1.0,0,0
111370,113448,2078,0,GE-Phrase,232,111344,112091,747,721,0.347,26,1357
111370,113448,2078,0,GE-Phrase,233,112091,112627,536,536,0.258,-721,821
111370,113448,2078,0,GE-Phrase,234,112627,113705,1078,821,0.395,-1257,-257
111370,113448,2078,0,NTB,pra que que aquilo é usado,111370,113448,2078,2078,1.0,0,0
124510,125198,688,0,GE-Phrase,241,121878,125705,3827,688,1.0,2632,-507
124510,125198,688,0,NTB,estruturados,124510,125198,688,688,1.0,0,0
125198,125513,315,0,GE-Phrase,241,121878,125705,3827,315,1.0,3320,-192
125198,125513,315,0,NTB,e tal,125198,125513,315,315,1.0,0,0
45843,46185,342,0,GE-Phrase,201,43285,46196,2911,342,1.0,2558,-11
45843,46185,342,0,NTB,por exemplo,45843,46185,342,342,1.0,0,0
46185,48237,2052,0,GE-Phrase,201,43285,46196,2911,11,0.005,2900,2041
46185,48237,2052,0,GE-Phrase,202,46196,50278,4082,2041,0.995,-11,-2041
46185,48237,2052,0,NTB,se eles vão produzir um statement of purpose,46185,48237,2052,2052,1.0,0,0
48982,50259,1277,0,GE-Phrase,202,46196,50278,4082,1277,1.0,2786,-19
48982,50259,1277,0,NTB,a escrita dele,48982,50259,1277,1277,1.0,0,0
89733,90527,794,0,GE-Phrase,223,89435,91263,1828,794,1.0,298,-736
89733,90527,794,0,NTB,basicamente,89733,90527,794,794,1.0,0,0
101775,103364,1589,0,GE-Phrase,226,101601,103369,1768,1589,1.0,174,-5
101775,103364,1589,0,NTB,aí acho que a Elisa faz assim também,101775,103364,1589,1589,1.0,0,0
106867,108194,1327,0,GE-Phrase,229,105764,107960,2196,1093,0.824,1103,234
106867,108194,1327,0,GE-Phrase,230,107960,110406,2446,234,0.176,-1093,-2212
106867,108194,1327,0,NTB,o que é um statement of purpose,106867,108194,1327,1327,1.0,0,0
108194,108671,477,0,GE-Phrase,230,107960,110406,2446,477,1.0,234,-1735
108194,108671,477,0,NTB,vê,108194,108671,477,477,1.0,0,0
108671,109369,698,0,GE-Phrase,230,107960,110406,2446,698,1.0,711,-1037
108671,109369,698,0,NTB,tipo,108671,109369,698,698,1.0,0,0
109369,110382,1013,0,GE-Phrase,230,107960,110406,2446,1013,1.0,1409,-24
109369,110382,1013,0,NTB,exemplos,109369,110382,1013,1013,1.0,0,0
111370,113448,2078,0,GE-Phrase,232,111344,112091,747,721,0.347,26,1357
111370,113448,2078,0,GE-Phrase,233,112091,112627,536,536,0.258,-721,821
111370,113448,2078,0,GE-Phrase,234,112627,113705,1078,821,0.395,-1257,-257
111370,113448,2078,0,NTB,pra que que aquilo é usado,111370,113448,2078,2078,1.0,0,0
124510,125198,688,0,GE-Phrase,241,121878,125705,3827,688,1.0,2632,-507
124510,125198,688,0,NTB,estruturados,124510,125198,688,688,1.0,0,0
125198,125513,315,0,GE-Phrase,241,121878,125705,3827,315,1.0,3320,-192
125198,125513,315,0,NTB,e tal,125198,125513,315,315,1.0,0,0
45843,46185,342,0,GE-Phrase,201,43285,46196,2911,342,1.0,2558,-11
45843,46185,342,0,NTB,por exemplo,45843,46185,342,342,1.0,0,0
46185,48237,2052,0,GE-Phrase,201,43285,46196,2911,11,0.005,2900,2041
46185,48237,2052,0,GE-Phrase,202,46196,50278,4082,2041,0.995,-11,-2041
46185,48237,2052,0,NTB,se eles vão produzir um statement of purpose,46185,48237,2052,2052,1.0,0,0
48982,50259,1277,0,GE-Phrase,202,46196,50278,4082,1277,1.0,2786,-19
48982,50259,1277,0,NTB,a escrita dele,48982,50259,1277,1277,1.0,0,0
89733,90527,794,0,GE-Phrase,223,89435,91263,1828,794,1.0,298,-736
89733,90527,794,0,NTB,basicamente,89733,90527,794,794,1.0,0,0
101775,103364,1589,0,GE-Phrase,226,101601,103369,1768,1589,1.0,174,-5
101775,103364,1589,0,NTB,aí acho que a Elisa faz assim também,101775,103364,1589,1589,1.0,0,0
106867,108194,1327,0,GE-Phrase,229,105764,107960,2196,1093,0.824,1103,234
106867,108194,1327,0,GE-Phrase,230,107960,110406,2446,234,0.176,-1093,-2212
106867,108194,1327,0,NTB,o que é um statement of purpose,106867,108194,1327,1327,1.0,0,0
108194,108671,477,0,GE-Phrase,230,107960,110406,2446,477,1.0,234,-1735
108194,108671,477,0,NTB,vê,108194,108671,477,477,1.0,0,0
108671,109369,698,0,GE-Phrase,230,107960,110406,2446,698,1.0,711,-1037
108671,109369,698,0,NTB,tipo,108671,109369,698,698,1.0,0,0
109369,110382,1013,0,GE-Phrase,230,107960,110406,2446,1013,1.0,1409,-24
109369,110382,1013,0,NTB,exemplos,109369,110382,1013,1013,1.0,0,0
111370,113448,2078,0,GE-Phrase,232,111344,112091,747,721,0.347,26,1357
111370,113448,2078,0,GE-Phrase,233,112091,112627,536,536,0.258,-721,821
111370,113448,2078,0,GE-Phrase,234,112627,113705,1078,821,0.395,-1257,-257
111370,113448,2078,0,NTB,pra que que aquilo é usado,111370,113448,2078,2078,1.0,0,0
124510,125198,688,0,GE-Phrase,241,121878,125705,3827,688,1.0,2632,-507
124510,125198,688,0,NTB,estruturados,124510,125198,688,688,1.0,0,0
125198,125513,315,0,GE-Phrase,241,121878,125705,3827,315,1.0,3320,-192
125198,125513,315,0,NTB,e tal,125198,125513,315,315,1.0,0,0
45843,46185,342,0,GE-Phrase,201,43285,46196,2911,342,1.0,2558,-11
45843,46185,342,0,NTB,por exemplo,45843,46185,342,342,1.0,0,0
46185,48237,2052,0,GE-Phrase,201,43285,46196,2911,11,0.005,2900,2041
46185,48237,2052,0,GE-Phrase,202,46196,50278,4082,2041,0.995,-11,-2041
46185,48237,2052,0,NTB,se eles vão produzir um statement of purpose,46185,48237,2052,2052,1.0,0,0
48982,50259,1277,0,GE-Phrase,202,46196,50278,4082,1277,1.0,2786,-19
48982,50259,1277,0,NTB,a escrita dele,48982,50259,1277,1277,1.0,0,0
89733,90527,794,0,GE-Phrase,223,89435,91263,1828,794,1.0,298,-736
89733,90527,794,0,NTB,basicamente,89733,90527,794,794,1.0,0,0
101775,103364,1589,0,GE-Phrase,226,101601,103369,1768,1589,1.0,174,-5
101775,103364,1589,0,NTB,aí acho que a Elisa faz assim também,101775,103364,1589,1589,1.0,0,0
106867,108194,1327,0,GE-Phrase,229,105764,107960,2196,1093,0.824,1103,234
106867,108194,1327,0,GE-Phrase,230,107960,110406,2446,234,0.176,-1093,-2212
106867,108194,1327,0,NTB,o que é um statement of purpose,106867,108194,1327,1327,1.0,0,0
108194,108671,477,0,GE-Phrase,230,107960,110406,2446,477,1.0,234,-1735
108194,108671,477,0,NTB,vê,108194,108671,477,477,1.0,0,0
108671,109369,698,0,GE-Phrase,230,107960,110406,2446,698,1.0,711,-1037
108671,109369,698,0,NTB,tipo,108671,109369,698,698,1.0,0,0
109369,110382,1013,0,GE-Phrase,230,107960,110406,2446,1013,1.0,1409,-24
109369,110382,1013,0,NTB,exemplos,109369,110382,1013,1013,1.0,0,0
111370,113448,2078,0,GE-Phrase,232,111344,112091,747,721,0.347,26,1357
111370,113448,2078,0,GE-Phrase,233,112091,112627,536,536,0.258,-721,821
111370,113448,2078,0,GE-Phrase,234,112627,113705,1078,821,0.395,-1257,-257
111370,113448,2078,0,NTB,pra que que aquilo é usado,111370,113448,2078,2078,1.0,0,0
124510,125198,688,0,GE-Phrase,241,121878,125705,3827,688,1.0,2632,-507
124510,125198,688,0,NTB,estruturados,124510,125198,688,688,1.0,0,0
125198,125513,315,0,GE-Phrase,241,121878,125705,3827,315,1.0,3320,-192
125198,125513,315,0,NTB,e tal,125198,125513,315,315,1.0,0,0
45843,46185,342,0,GE-Phrase,201,43285,46196,2911,342,1.0,2558,-11
45843,46185,342,0,NTB,por exemplo,45843,46185,342,342,1.0,0,0
46185,48237,2052,0,GE-Phrase,201,43285,46196,2911,11,0.005,2900,2041
46185,48237,2052,0,GE-Phrase,202,46196,50278,4082,2041,0.995,-11,-2041
46185,48237,2052,0,NTB,se eles vão produzir um statement of purpose,46185,48237,2052,2052,1.0,0,0
48982,50259,1277,0,GE-Phrase,202,46196,50278,4082,1277,1.0,2786,-19
48982,50259,1277,0,NTB,a escrita dele,48982,50259,1277,1277,1.0,0,0
89733,90527,794,0,GE-Phrase,223,89435,91263,1828,794,1.0,298,-736
89733,90527,794,0,NTB,basicamente,89733,90527,794,794,1.0,0,0
101775,103364,1589,0,GE-Phrase,226,101601,103369,1768,1589,1.0,174,-5
101775,103364,1589,0,NTB,aí acho que a Elisa faz assim também,101775,103364,1589,1589,1.0,0,0
106867,108194,1327,0,GE-Phrase,229,105764,107960,2196,1093,0.824,1103,234
106867,108194,1327,0,GE-Phrase,230,107960,110406,2446,234,0.176,-1093,-2212
106867,108194,1327,0,NTB,o que é um statement of purpose,106867,108194,1327,1327,1.0,0,0
108194,108671,477,0,GE-Phrase,230,107960,110406,2446,477,1.0,234,-1735
108194,108671,477,0,NTB,vê,108194,108671,477,477,1.0,0,0
108671,109369,698,0,GE-Phrase,230,107960,110406,2446,698,1.0,711,-1037
108671,109369,698,0,NTB,tipo,108671,109369,698,698,1.0,0,0
109369,110382,1013,0,GE-Phrase,230,107960,110406,2446,1013,1.0,1409,-24
109369,110382,1013,0,NTB,exemplos,109369,110382,1013,1013,1.0,0,0
111370,113448,2078,0,GE-Phrase,232,111344,112091,747,721,0.347,26,1357
111370,113448,2078,0,GE-Phrase,233,112091,112627,536,536,0.258,-721,821
111370,113448,2078,0,GE-Phrase,234,112627,113705,1078,821,0.395,-1257,-257
111370,113448,2078,0,NTB,pra que que aquilo é usado,111370,113448,2078,2078,1.0,0,0
124510,125198,688,0,GE-Phrase,241,121878,125705,3827,688,1.0,2632,-507
124510,125198,688,0,NTB,estruturados,124510,125198,688,688,1.0,0,0
125198,125513,315,0,GE-Phrase,241,121878,125705,3827,315,1.0,3320,-192
125198,125513,315,0,NTB,e tal,125198,125513,315,315,1.0,0,0
45843,46185,342,0,GE-Phrase,201,43285,46196,2911,342,1.0,2558,-11
45843,46185,342,0,NTB,por exemplo,45843,46185,342,342,1.0,0,0
46185,48237,2052,0,GE-Phrase,201,43285,46196,2911,11,0.005,2900,2041
46185,48237,2052,0,GE-Phrase,202,46196,50278,4082,2041,0.995,-11,-2041
46185,48237,2052,0,NTB,se eles vão produzir um statement of purpose,46185,48237,2052,2052,1.0,0,0
48982,50259,1277,0,GE-Phrase,202,46196,50278,4082,1277,1.0,2786,-19
48982,50259,1277,0,NTB,a escrita dele,48982,50259,1277,1277,1.0,0,0
89733,90527,794,0,GE-Phrase,223,89435,91263,1828,794,1.0,298,-736
89733,90527,794,0,NTB,basicamente,89733,90527,794,794,1.0,0,0
101775,103364,1589,0,GE-Phrase,226,101601,103369,1768,1589,1.0,174,-5
101775,103364,1589,0,NTB,aí acho que a Elisa faz assim também,101775,103364,1589,1589,1.0,0,0
106867,108194,1327,0,GE-Phrase,229,105764,107960,2196,1093,0.824,1103,234
106867,108194,1327,0,GE-Phrase,230,107960,110406,2446,234,0.176,-1093,-2212
106867,108194,1327,0,NTB,o que é um statement of purpose,106867,108194,1327,1327,1.0,0,0
108194,108671,477,0,GE-Phrase,230,107960,110406,2446,477,1.0,234,-1735
108194,108671,477,0,NTB,vê,108194,108671,477,477,1.0,0,0
108671,109369,698,0,GE-Phrase,230,107960,110406,2446,698,1.0,711,-1037
108671,109369,698,0,NTB,tipo,108671,109369,698,698,1.0,0,0
109369,110382,1013,0,GE-Phrase,230,107960,110406,2446,1013,1.0,1409,-24
109369,110382,1013,0,NTB,exemplos,109369,110382,1013,1013,1.0,0,0
111370,113448,2078,0,GE-Phrase,232,111344,112091,747,721,0.347,26,1357
111370,113448,2078,0,GE-Phrase,233,112091,112627,536,536,0.258,-721,821
111370,113448,2078,0,GE-Phrase,234,112627,113705,1078,821,0.395,-1257,-257
111370,113448,2078,0,NTB,pra que que aquilo é usado,111370,113448,2078,2078,1.0,0,0
124510,125198,688,0,GE-Phrase,241,121878,125705,3827,688,1.0,2632,-507
124510,125198,688,0,NTB,estruturados,124510,125198,688,688,1.0,0,0
125198,125513,315,0,GE-Phrase,241,121878,125705,3827,315,1.0,3320,-192
125198,125513,315,0,NTB,e tal,125198,125513,315,315,1.0,0,0
45843,46185,342,0,GE-Phrase,201,43285,46196,2911,342,1.0,2558,-11
45843,46185,342,0,NTB,por exemplo,45843,46185,342,342,1.0,0,0
46185,48237,2052,0,GE-Phrase,201,43285,46196,2911,11,0.005,2900,2041
46185,48237,2052,0,GE-Phrase,202,46196,50278,4082,2041,0.995,-11,-2041
46185,48237,2052,0,NTB,se eles vão produzir um statement of purpose,46185,48237,2052,2052,1.0,0,0
48982,50259,1277,0,GE-Phrase,202,46196,50278,4082,1277,1.0,2786,-19
48982,50259,1277,0,NTB,a escrita dele,48982,50259,1277,1277,1.0,0,0
89733,90527,794,0,GE-Phrase,223,89435,91263,1828,794,1.0,298,-736
89733,90527,794,0,NTB,basicamente,89733,90527,794,794,1.0,0,0
101775,103364,1589,0,GE-Phrase,226,101601,103369,1768,1589,1.0,174,-5
101775,103364,1589,0,NTB,aí acho que a Elisa faz assim também,101775,103364,1589,1589,1.0,0,0
106867,108194,1327,0,GE-Phrase,229,105764,107960,2196,1093,0.824,1103,234
106867,108194,1327,0,GE-Phrase,230,107960,110406,2446,234,0.176,-1093,-2212
106867,108194,1327,0,NTB,o que é um statement of purpose,106867,108194,1327,1327,1.0,0,0
108194,108671,477,0,GE-Phrase,230,107960,110406,2446,477,1.0,234,-1735
108194,108671,477,0,NTB,vê,108194,108671,477,477,1.0,0,0
108671,109369,698,0,GE-Phrase,230,107960,110406,2446,698,1.0,711,-1037
108671,109369,698,0,NTB,tipo,108671,109369,698,698,1.0,0,0
109369,110382,1013,0,GE-Phrase,230,107960,110406,2446,1013,1.0,1409,-24
109369,110382,1013,0,NTB,exemplos,109369,110382,1013,1013,1.0,0,0
111370,113448,2078,0,GE-Phrase,232,111344,112091,747,721,0.347,26,1357
111370,113448,2078,0,GE-Phrase,233,112091,112627,536,536,0.258,-721,821
111370,113448,2078,0,GE-Phrase,234,112627,113705,1078,821,0.395,-1257,-257
111370,113448,2078,0,NTB,pra que que aquilo é usado,111370,113448,2078,2078,1.0,0,0
124510,125198,688,0,GE-Phrase,241,121878,125705,3827,688,1.0,2632,-507
124510,125198,688,0,NTB,estruturados,124510,125198,688,688,1.0,0,0
125198,125513,315,0,GE-Phrase,241,121878,125705,3827,315,1.0,3320,-192
125198,125513,315,0,NTB,e tal,125198,125513,315,315,1.0,0,0
45843,46185,342,0,GE-Phrase,201,43285,46196,2911,342,1.0,2558,-11
45843,46185,342,0,NTB,por exemplo,45843,46185,342,342,1.0,0,0
46185,48237,2052,0,GE-Phrase,201,43285,46196,2911,11,0.005,2900,2041
46185,48237,2052,0,GE-Phrase,202,46196,50278,4082,2041,0.995,-11,-2041
46185,48237,2052,0,NTB,se eles vão produzir um statement of purpose,46185,48237,2052,2052,1.0,0,0
48982,50259,1277,0,GE-Phrase,202,46196,50278,4082,1277,1.0,2786,-19
48982,50259,1277,0,NTB,a escrita dele,48982,50259,1277,1277,1.0,0,0
89733,90527,794,0,GE-Phrase,223,89435,91263,1828,794,1.0,298,-736
89733,90527,794,0,NTB,basicamente,89733,90527,794,794,1.0,0,0
101775,103364,1589,0,GE-Phrase,226,101601,103369,1768,1589,1.0,174,-5
101775,103364,1589,0,NTB,aí acho que a Elisa faz assim também,101775,103364,1589,1589,1.0,0,0
106867,108194,1327,0,GE-Phrase,229,105764,107960,2196,1093,0.824,1103,234
106867,108194,1327,0,GE-Phrase,230,107960,110406,2446,234,0.176,-1093,-2212
106867,108194,1327,0,NTB,o que é um statement of purpose,106867,108194,1327,1327,1.0,0,0
108194,108671,477,0,GE-Phrase,230,107960,110406,2446,477,1.0,234,-1735
108194,108671,477,0,NTB,vê,108194,108671,477,477,1.0,0,0
108671,109369,698,0,GE-Phrase,230,107960,110406,2446,698,1.0,711,-1037
108671,109369,698,0,NTB,tipo,108671,109369,698,698,1.0,0,0
109369,110382,1013,0,GE-Phrase,230,107960,110406,2446,1013,1.0,1409,-24
109369,110382,1013,0,NTB,exemplos,109369,110382,1013,1013,1.0,0,0
111370,113448,2078,0,GE-Phrase,232,111344,112091,747,721,0.347,26,1357
111370,113448,2078,0,GE-Phrase,233,112091,112627,536,536,0.258,-721,821
111370,113448,2078,0,GE-Phrase,234,112627,113705,1078,821,0.395,-1257,-257
111370,113448,2078,0,NTB,pra que que aquilo é usado,111370,113448,2078,2078,1.0,0,0
124510,125198,688,0,GE-Phrase,241,121878,125705,3827,688,1.0,2632,-507
124510,125198,688,0,NTB,estruturados,124510,125198,688,688,1.0,0,0
125198,125513,315,0,GE-Phrase,241,121878,125705,3827,315,1.0,3320,-192
125198,125513,315,0,NTB,e tal,125198,125513,315,315,1.0,0,0
45843,46185,342,0,GE-Phrase,201,43285,46196,2911,342,1.0,2558,-11
45843,46185,342,0,NTB,por exemplo,45843,46185,342,342,1.0,0,0
46185,48237,2052,0,GE-Phrase,201,43285,46196,2911,11,0.005,2900,2041
46185,48237,2052,0,GE-Phrase,202,46196,50278,4082,2041,0.995,-11,-2041
46185,48237,2052,0,NTB,se eles vão produzir um statement of purpose,46185,48237,2052,2052,1.0,0,0
48982,50259,1277,0,GE-Phrase,202,46196,50278,4082,1277,1.0,2786,-19
48982,50259,1277,0,NTB,a escrita dele,48982,50259,1277,1277,1.0,0,0
89733,90527,794,0,GE-Phrase,223,89435,91263,1828,794,1.0,298,-736
89733,90527,794,0,NTB,basicamente,89733,90527,794,794,1.0,0,0
101775,103364,1589,0,GE-Phrase,226,101601,103369,1768,1589,1.0,174,-5
101775,103364,1589,0,NTB,aí acho que a Elisa faz assim também,101775,103364,1589,1589,1.0,0,0
106867,108194,1327,0,GE-Phrase,229,105764,107960,2196,1093,0.824,1103,234
106867,108194,1327,0,GE-Phrase,230,107960,110406,2446,234,0.176,-1093,-2212
106867,108194,1327,0,NTB,o que é um statement of purpose,106867,108194,1327,1327,1.0,0,0
108194,108671,477,0,GE-Phrase,230,107960,110406,2446,477,1.0,234,-1735
108194,108671,477,0,NTB,vê,108194,108671,477,477,1.0,0,0
108671,109369,698,0,GE-Phrase,230,107960,110406,2446,698,1.0,711,-1037
108671,109369,698,0,NTB,tipo,108671,109369,698,698,1.0,0,0
109369,110382,1013,0,GE-Phrase,230,107960,110406,2446,1013,1.0,1409,-24
109369,110382,1013,0,NTB,exemplos,109369,110382,1013,1013,1.0,0,0
111370,113448,2078,0,GE-Phrase,232,111344,112091,747,721,0.347,26,1357
111370,113448,2078,0,GE-Phrase,233,112091,112627,536,536,0.258,-721,821
111370,113448,2078,0,GE-Phrase,234,112627,113705,1078,821,0.395,-1257,-257
111370,113448,2078,0,NTB,pra que que aquilo é usado,111370,113448,2078,2078,1.0,0,0
124510,125198,688,0,GE-Phrase,241,121878,125705,3827,688,1.0,2632,-507
124510,125198,688,0,NTB,estruturados,124510,125198,688,688,1.0,0,0
125198,125513,315,0,GE-Phrase,241,121878,125705,3827,315,1.0,3320,-192
125198,125513,315,0,NTB,e tal,125198,125513,315,315,1.0,0,0
45843,46185,342,0,GE-Phrase,201,43285,46196,2911,342,1.0,2558,-11
45843,46185,342,0,NTB,por exemplo,45843,46185,342,342,1.0,0,0
46185,48237,2052,0,GE-Phrase,201,43285,46196,2911,11,0.005,2900,2041
46185,48237,2052,0,GE-Phrase,202,46196,50278,4082,2041,0.995,-11,-2041
46185,48237,2052,0,NTB,se eles vão produzir um statement of purpose,46185,48237,2052,2052,1.0,0,0
48982,50259,1277,0,GE-Phrase,202,46196,50278,4082,1277,1.0,2786,-19
48982,50259,1277,0,NTB,a escrita dele,48982,50259,1277,1277,1.0,0,0
89733,90527,794,0,GE-Phrase,223,89435,91263,1828,794,1.0,298,-736
89733,90527,794,0,NTB,basicamente,89733,90527,794,794,1.0,0,0
101775,103364,1589,0,GE-Phrase,226,101601,103369,1768,1589,1.0,174,-5
101775,103364,1589,0,NTB,aí acho que a Elisa faz assim também,101775,103364,1589,1589,1.0,0,0
106867,108194,1327,0,GE-Phrase,229,105764,107960,2196,1093,0.824,1103,234
106867,108194,1327,0,GE-Phrase,230,107960,110406,2446,234,0.176,-1093,-2212
106867,108194,1327,0,NTB,o que é um statement of purpose,106867,108194,1327,1327,1.0,0,0
108194,108671,477,0,GE-Phrase,230,107960,110406,2446,477,1.0,234,-1735
108194,108671,477,0,NTB,vê,108194,108671,477,477,1.0,0,0
108671,109369,698,0,GE-Phrase,230,107960,110406,2446,698,1.0,711,-1037
108671,109369,698,0,NTB,tipo,108671,109369,698,698,1.0,0,0
109369,110382,1013,0,GE-Phrase,230,107960,110406,2446,1013,1.0,1409,-24
109369,110382,1013,0,NTB,exemplos,109369,110382,1013,1013,1.0,0,0
111370,113448,2078,0,GE-Phrase,232,111344,112091,747,721,0.347,26,1357
111370,113448,2078,0,GE-Phrase,233,112091,112627,536,536,0.258,-721,821
111370,113448,2078,0,GE-Phrase,234,112627,113705,1078,821,0.395,-1257,-257
111370,113448,2078,0,NTB,pra que que aquilo é usado,111370,113448,2078,2078,1.0,0,0
124510,125198,688,0,GE-Phrase,241,121878,125705,3827,688,1.0,2632,-507
124510,125198,688,0,NTB,estruturados,124510,125198,688,688,1.0,0,0
125198,125513,315,0,GE-Phrase,241,121878,125705,3827,315,1.0,3320,-192
125198,125513,315,0,NTB,e tal,125198,125513,315,315,1.0,0,0
45843,46185,342,0,GE-Phrase,201,43285,46196,2911,342,1.0,2558,-11
45843,46185,342,0,NTB,por exemplo,45843,46185,342,342,1.0,0,0
46185,48237,2052,0,GE-Phrase,201,43285,46196,2911,11,0.005,2900,2041
46185,48237,2052,0,GE-Phrase,202,46196,50278,4082,2041,0.995,-11,-2041
46185,48237,2052,0,NTB,se eles vão produzir um statement of purpose,46185,48237,2052,2052,1.0,0,0
48982,50259,1277,0,GE-Phrase,202,46196,50278,4082,1277,1.0,2786,-19
48982,50259,1277,0,NTB,a escrita dele,48982,50259,1277,1277,1.0,0,0
89733,90527,794,0,GE-Phrase,223,89435,91263,1828,794,1.0,298,-736
89733,90527,794,0,NTB,basicamente,89733,90527,794,794,1.0,0,0
101775,103364,1589,0,GE-Phrase,226,101601,103369,1768,1589,1.0,174,-5
101775,103364,1589,0,NTB,aí acho que a Elisa faz assim também,101775,103364,1589,1589,1.0,0,0
106867,108194,1327,0,GE-Phrase,229,105764,107960,2196,1093,0.824,1103,234
106867,108194,1327,0,GE-Phrase,230,107960,110406,2446,234,0.176,-1093,-2212
106867,108194,1327,0,NTB,o que é um statement of purpose,106867,108194,1327,1327,1.0,0,0
108194,108671,477,0,GE-Phrase,230,107960,110406,2446,477,1.0,234,-1735
108194,108671,477,0,NTB,vê,108194,108671,477,477,1.0,0,0
108671,109369,698,0,GE-Phrase,230,107960,110406,2446,698,1.0,711,-1037
108671,109369,698,0,NTB,tipo,108671,109369,698,698,1.0,0,0
109369,110382,1013,0,GE-Phrase,230,107960,110406,2446,1013,1.0,1409,-24
109369,110382,1013,0,NTB,exemplos,109369,110382,1013,1013,1.0,0,0
111370,113448,2078,0,GE-Phrase,232,111344,112091,747,721,0.347,26,1357
111370,113448,2078,0,GE-Phrase,233,112091,112627,536,536,0.258,-721,821
111370,113448,2078,0,GE-Phrase,234,112627,113705,1078,821,0.395,-1257,-257
111370,113448,2078,0,NTB,pra que que aquilo é usado,111370,113448,2078,2078,1.0,0,0
124510,125198,688,0,GE-Phrase,241,121878,125705,3827,688,1.0,2632,-507
124510,125198,688,0,NTB,estruturados,124510,125198,688,688,1.0,0,0
125198,125513,315,0,GE-Phrase,241,121878,125705,3827,315,1.0,3320,-192
125198,125513,315,0,NTB,e tal,125198,125513,315,315,1.0,0,0
45843,46185,342,0,GE-Phrase,201,43285,46196,2911,342,1.0,2558,-11
45843,46185,342,0,NTB,por exemplo,45843,46185,342,342,1.0,0,0
46185,48237,2052,0,GE-Phrase,201,43285,46196,2911,11,0.005,2900,2041
46185,48237,2052,0,GE-Phrase,202,46196,50278,4082,2041,0.995,-11,-2041
46185,48237,2052,0,NTB,se eles vão produzir um statement of purpose,46185,48237,2052,2052,1.0,0,0
48982,50259,1277,0,GE-Phrase,202,46196,50278,4082,1277,1.0,2786,-19
48982,50259,1277,0,NTB,a escrita dele,48982,50259,1277,1277,1.0,0,0
89733,90527,794,0,GE-Phrase,223,89435,91263,1828,794,1.0,298,-736
89733,90527,794,0,NTB,basicamente,89733,90527,794,794,1.0,0,0
101775,103364,1589,0,GE-Phrase,226,101601,103369,1768,1589,1.0,174,-5
101775,103364,1589,0,NTB,aí acho que a Elisa faz assim também,101775,103364,1589,1589,1.0,0,0
106867,108194,1327,0,GE-Phrase,229,105764,107960,2196,1093,0.824,1103,234
106867,108194,1327,0,GE-Phrase,230,107960,110406,2446,234,0.176,-1093,-2212
106867,108194,1327,0,NTB,o que é um statement of purpose,106867,108194,1327,1327,1.0,0,0
108194,108671,477,0,GE-Phrase,230,107960,110406,2446,477,1.0,234,-1735
108194,108671,477,0,NTB,vê,108194,108671,477,477,1.0,0,0
108671,109369,698,0,GE-Phrase,230,107960,110406,2446,698,1.0,711,-1037
108671,109369,698,0,NTB,tipo,108671,109369,698,698,1.0,0,0
109369,110382,1013,0,GE-Phrase,230,107960,110406,2446,1013,1.0,1409,-24
109369,110382,1013,0,NTB,exemplos,109369,110382,1013,1013,1.0,0,0
111370,113448,2078,0,GE-Phrase,232,111344,112091,747,721,0.347,26,1357
111370,113448,2078,0,GE-Phrase,233,112091,112627,536,536,0.258,-721,821
111370,113448,2078,0,GE-Phrase,234,112627,113705,1078,821,0.395,-1257,-257
111370,113448,2078,0,NTB,pra que que aquilo é usado,111370,113448,2078,2078,1.0,0,0
124510,125198,688,0,GE-Phrase,241,121878,125705,3827,688,1.0,2632,-507
124510,125198,688,0,NTB,estruturados,124510,125198,688,688,1.0,0,0
125198,125513,315,0,GE-Phrase,241,121878,125705,3827,315,1.0,3320,-192
125198,125513,315,0,NTB,e tal,125198,125513,315,315,1.0,0,0
45843,46185,342,0,GE-Phrase,201,43285,46196,2911,342,1.0,2558,-11
45843,46185,342,0,NTB,por exemplo,45843,46185,342,342,1.0,0,0
46185,48237,2052,0,GE-Phrase,201,43285,46196,2911,11,0.005,2900,2041
46185,48237,2052,0,GE-Phrase,202,46196,50278,4082,2041,0.995,-11,-2041
46185,48237,2052,0,NTB,se eles vão produzir um statement of purpose,46185,48237,2052,2052,1.0,0,0
48982,50259,1277,0,GE-Phrase,202,46196,50278,4082,1277,1.0,2786,-19
48982,50259,1277,0,NTB,a escrita dele,48982,50259,1277,1277,1.0,0,0
89733,90527,794,0,GE-Phrase,223,89435,91263,1828,794,1.0,298,-736
89733,90527,794,0,NTB,basicamente,89733,90527,794,794,1.0,0,0
101775,103364,1589,0,GE-Phrase,226,101601,103369,1768,1589,1.0,174,-5
101775,103364,1589,0,NTB,aí acho que a Elisa faz assim também,101775,103364,1589,1589,1.0,0,0
106867,108194,1327,0,GE-Phrase,229,105764,107960,2196,1093,0.824,1103,234
106867,108194,1327,0,GE-Phrase,230,107960,110406,2446,234,0.176,-1093,-2212
106867,108194,1327,0,NTB,o que é um statement of purpose,106867,108194,1327,1327,1.0,0,0
108194,108671,477,0,GE-Phrase,230,107960,110406,2446,477,1.0,234,-1735
108194,108671,477,0,NTB,vê,108194,108671,477,477,1.0,0,0
108671,109369,698,0,GE-Phrase,230,107960,110406,2446,698,1.0,711,-1037
108671,109369,698,0,NTB,tipo,108671,109369,698,698,1.0,0,0
109369,110382,1013,0,GE-Phrase,230,107960,110406,2446,1013,1.0,1409,-24
109369,110382,1013,0,NTB,exemplos,109369,110382,1013,1013,1.0,0,0
111370,113448,2078,0,GE-Phrase,232,111344,112091,747,721,0.347,26,1357
111370,113448,2078,0,GE-Phrase,233,112091,112627,536,536,0.258,-721,821
111370,113448,2078,0,GE-Phrase,234,112627,113705,1078,821,0.395,-1257,-257
111370,113448,2078,0,NTB,pra que que aquilo é usado,111370,113448,2078,2078,1.0,0,0
124510,125198,688,0,GE-Phrase,241,121878,125705,3827,688,1.0,2632,-507
124510,125198,688,0,NTB,estruturados,124510,125198,688,688,1.0,0,0
125198,125513,315,0,GE-Phrase,241,121878,125705,3827,315,1.0,3320,-192
125198,125513,315,0,NTB,e tal,125198,125513,315,315,1.0,0,0
45843,46185,342,0,GE-Phrase,201,43285,46196,2911,342,1.0,2558,-11
45843,46185,342,0,NTB,por exemplo,45843,46185,342,342,1.0,0,0
46185,48237,2052,0,GE-Phrase,201,43285,46196,2911,11,0.005,2900,2041
46185,48237,2052,0,GE-Phrase,202,46196,50278,4082,2041,0.995,-11,-2041
46185,48237,2052,0,NTB,se eles vão produzir um statement of purpose,46185,48237,2052,2052,1.0,0,0
48982,50259,1277,0,GE-Phrase,202,46196,50278,4082,1277,1.0,2786,-19
48982,50259,1277,0,NTB,a escrita dele,48982,50259,1277,1277,1.0,0,0
89733,90527,794,0,GE-Phrase,223,89435,91263,1828,794,1.0,298,-736
89733,90527,794,0,NTB,basicamente,89733,90527,794,794,1.0,0,0
101775,103364,1589,0,GE-Phrase,226,101601,103369,1768,1589,1.0,174,-5
101775,103364,1589,0,NTB,aí acho que a Elisa faz assim também,101775,103364,1589,1589,1.0,0,0
106867,108194,1327,0,GE-Phrase,229,105764,107960,2196,1093,0.824,1103,234
106867,108194,1327,0,GE-Phrase,230,107960,110406,2446,234,0.176,-1093,-2212
106867,108194,1327,0,NTB,o que é um statement of purpose,106867,108194,1327,1327,1.0,0,0
108194,108671,477,0,GE-Phrase,230,107960,110406,2446,477,1.0,234,-1735
108194,108671,477,0,NTB,vê,108194,108671,477,477,1.0,0,0
108671,109369,698,0,GE-Phrase,230,107960,110406,2446,698,1.0,711,-1037
108671,109369,698,0,NTB,tipo,108671,109369,698,698,1.0,0,0
109369,110382,1013,0,GE-Phrase,230,107960,110406,2446,1013,1.0,1409,-24
109369,110382,1013,0,NTB,exemplos,109369,110382,1013,1013,1.0,0,0
111370,113448,2078,0,GE-Phrase,232,111344,112091,747,721,0.347,26,1357
111370,113448,2078,0,GE-Phrase,233,112091,112627,536,536,0.258,-721,821
111370,113448,2078,0,GE-Phrase,234,112627,113705,1078,821,0.395,-1257,-257
111370,113448,2078,0,NTB,pra que que aquilo é usado,111370,113448,2078,2078,1.0,0,0
124510,125198,688,0,GE-Phrase,241,121878,125705,3827,688,1.0,2632,-507
124510,125198,688,0,NTB,estruturados,124510,125198,688,688,1.0,0,0
125198,125513,315,0,GE-Phrase,241,121878,125705,3827,315,1.0,3320,-192
125198,125513,315,0,NTB,e tal,125198,125513,315,315,1.0,0,0
45843,46185,342,0,GE-Phrase,201,43285,46196,2911,342,1.0,2558,-11
45843,46185,342,0,NTB,por exemplo,45843,46185,342,342,1.0,0,0
46185,48237,2052,0,GE-Phrase,201,43285,46196,2911,11,0.005,2900,2041
46185,48237,2052,0,GE-Phrase,202,46196,50278,4082,2041,0.995,-11,-2041
46185,48237,2052,0,NTB,se eles vão produzir um statement of purpose,46185,48237,2052,2052,1.0,0,0
48982,50259,1277,0,GE-Phrase,202,46196,50278,4082,1277,1.0,2786,-19
48982,50259,1277,0,NTB,a escrita dele,48982,50259,1277,1277,1.0,0,0
89733,90527,794,0,GE-Phrase,223,89435,91263,1828,794,1.0,298,-736
89733,90527,794,0,NTB,basicamente,89733,90527,794,794,1.0,0,0
101775,103364,1589,0,GE-Phrase,226,101601,103369,1768,1589,1.0,174,-5
101775,103364,1589,0,NTB,aí acho que a Elisa faz assim também,101775,103364,1589,1589,1.0,0,0
106867,108194,1327,0,GE-Phrase,229,105764,107960,2196,1093,0.824,1103,234
106867,108194,1327,0,GE-Phrase,230,107960,110406,2446,234,0.176,-1093,-2212
106867,108194,1327,0,NTB,o que é um statement of purpose,106867,108194,1327,1327,1.0,0,0
108194,108671,477,0,GE-Phrase,230,107960,110406,2446,477,1.0,234,-1735
108194,108671,477,0,NTB,vê,108194,108671,477,477,1.0,0,0
108671,109369,698,0,GE-Phrase,230,107960,110406,2446,698,1.0,711,-1037
108671,109369,698,0,NTB,tipo,108671,109369,698,698,1.0,0,0
109369,110382,1013,0,GE-Phrase,230,107960,110406,2446,1013,1.0,1409,-24
109369,110382,1013,0,NTB,exemplos,109369,110382,1013,1013,1.0,0,0
111370,113448,2078,0,GE-Phrase,232,111344,112091,747,721,0.347,26,1357
111370,113448,2078,0,GE-Phrase,233,112091,112627,536,536,0.258,-721,821
111370,113448,2078,0,GE-Phrase,234,112627,113705,1078,821,0.395,-1257,-257
111370,113448,2078,0,NTB,pra que que aquilo é usado,111370,113448,2078,2078,1.0,0,0
124510,125198,688,0,GE-Phrase,241,121878,125705,3827,688,1.0,2632,-507
124510,125198,688,0,NTB,estruturados,124510,125198,688,688,1.0,0,0
125198,125513,315,0,GE-Phrase,241,121878,125705,3827,315,1.0,3320,-192
125198,125513,315,0,NTB,e tal,125198,125513,315,315,1.0,0,0
45843,46185,342,0,GE-Phrase,201,43285,46196,2911,342,1.0,2558,-11
45843,46185,342,0,NTB,por exemplo,45843,46185,342,342,1.0,0,0
46185,48237,2052,0,GE-Phrase,201,43285,46196,2911,11,0.005,2900,2041
46185,48237,2052,0,GE-Phrase,202,46196,50278,4082,2041,0.995,-11,-2041
46185,48237,2052,0,NTB,se eles vão produzir um statement of purpose,46185,48237,2052,2052,1.0,0,0
48982,50259,1277,0,GE-Phrase,202,46196,50278,4082,1277,1.0,2786,-19
48982,50259,1277,0,NTB,a escrita dele,48982,50259,1277,1277,1.0,0,0
89733,90527,794,0,GE-Phrase,223,89435,91263,1828,794,1.0,298,-736
89733,90527,794,0,NTB,basicamente,89733,90527,794,794,1.0,0,0
101775,103364,1589,0,GE-Phrase,226,101601,103369,1768,1589,1.0,174,-5
101775,103364,1589,0,NTB,aí acho que a Elisa faz assim também,101775,103364,1589,1589,1.0,0,0
106867,108194,1327,0,GE-Phrase,229,105764,107960,2196,1093,0.824,1103,234
106867,108194,1327,0,GE-Phrase,230,107960,110406,2446,234,0.176,-1093,-2212
106867,108194,1327,0,NTB,o que é um statement of purpose,106867,108194,1327,1327,1.0,0,0
108194,108671,477,0,GE-Phrase,230,107960,110406,2446,477,1.0,234,-1735
108194,108671,477,0,NTB,vê,108194,108671,477,477,1.0,0,0
108671,109369,698,0,GE-Phrase,230,107960,110406,2446,698,1.0,711,-1037
108671,109369,698,0,NTB,tipo,108671,109369,698,698,1.0,0,0
109369,110382,1013,0,GE-Phrase,230,107960,110406,2446,1013,1.0,1409,-24
109369,110382,1013,0,NTB,exemplos,109369,110382,1013,1013,1.0,0,0
111370,113448,2078,0,GE-Phrase,232,111344,112091,747,721,0.347,26,1357
111370,113448,2078,0,GE-Phrase,233,112091,112627,536,536,0.258,-721,821
111370,113448,2078,0,GE-Phrase,234,112627,113705,1078,821,0.395,-1257,-257
111370,113448,2078,0,NTB,pra que que aquilo é usado,111370,113448,2078,2078,1.0,0,0
124510,125198,688,0,GE-Phrase,241,121878,125705,3827,688,1.0,2632,-507
124510,125198,688,0,NTB,estruturados,124510,125198,688,688,1.0,0,0
125198,125513,315,0,GE-Phrase,241,121878,125705,3827,315,1.0,3320,-192
125198,125513,315,0,NTB,e tal,125198,125513,315,315,1.0,0,0
45843,46185,342,0,GE-Phrase,201,43285,46196,2911,342,1.0,2558,-11
45843,46185,342,0,NTB,por exemplo,45843,46185,342,342,1.0,0,0
46185,48237,2052,0,GE-Phrase,201,43285,46196,2911,11,0.005,2900,2041
46185,48237,2052,0,GE-Phrase,202,46196,50278,4082,2041,0.995,-11,-2041
46185,48237,2052,0,NTB,se eles vão produzir um statement of purpose,46185,48237,2052,2052,1.0,0,0
48982,50259,1277,0,GE-Phrase,202,46196,50278,4082,1277,1.0,2786,-19
48982,50259,1277,0,NTB,a escrita dele,48982,50259,1277,1277,1.0,0,0
89733,90527,794,0,GE-Phrase,223,89435,91263,1828,794,1.0,298,-736
89733,90527,794,0,NTB,basicamente,89733,90527,794,794,1.0,0,0
101775,103364,1589,0,GE-Phrase,226,101601,103369,1768,1589,1.0,174,-5
101775,103364,1589,0,NTB,aí acho que a Elisa faz assim também,101775,103364,1589,1589,1.0,0,0
106867,108194,1327,0,GE-Phrase,229,105764,107960,2196,1093,0.824,1103,234
106867,108194,1327,0,GE-Phrase,230,107960,110406,2446,234,0.176,-1093,-2212
106867,108194,1327,0,NTB,o que é um statement of purpose,106867,108194,1327,1327,1.0,0,0
108194,108671,477,0,GE-Phrase,230,107960,110406,2446,477,1.0,234,-1735
108194,108671,477,0,NTB,vê,108194,108671,477,477,1.0,0,0
108671,109369,698,0,GE-Phrase,230,107960,110406,2446,698,1.0,711,-1037
108671,109369,698,0,NTB,tipo,108671,109369,698,698,1.0,0,0
109369,110382,1013,0,GE-Phrase,230,107960,110406,2446,1013,1.0,1409,-24
109369,110382,1013,0,NTB,exemplos,109369,110382,1013,1013,1.0,0,0
111370,113448,2078,0,GE-Phrase,232,111344,112091,747,721,0.347,26,1357
111370,113448,2078,0,GE-Phrase,233,112091,112627,536,536,0.258,-721,821
111370,113448,2078,0,GE-Phrase,234,112627,113705,1078,821,0.395,-1257,-257
111370,113448,2078,0,NTB,pra que que aquilo é usado,111370,113448,2078,2078,1.0,0,0
124510,125198,688,0,GE-Phrase,241,121878,125705,3827,688,1.0,2632,-507
124510,125198,688,0,NTB,estruturados,124510,125198,688,688,1.0,0,0
125198,125513,315,0,GE-Phrase,241,121878,125705,3827,315,1.0,3320,-192
125198,125513,315,0,NTB,e tal,125198,125513,315,315,1.0,0,0
45843,46185,342,0,GE-Phrase,201,43285,46196,2911,342,1.0,2558,-11
45843,46185,342,0,NTB,por exemplo,45843,46185,342,342,1.0,0,0
46185,48237,2052,0,GE-Phrase,201,43285,46196,2911,11,0.005,2900,2041
46185,48237,2052,0,GE-Phrase,202,46196,50278,4082,2041,0.995,-11,-2041
46185,48237,2052,0,NTB,se eles vão produzir um statement of purpose,46185,48237,2052,2052,1.0,0,0
48982,50259,1277,0,GE-Phrase,202,46196,50278,4082,1277,1.0,2786,-19
48982,50259,1277,0,NTB,a escrita dele,48982,50259,1277,1277,1.0,0,0
89733,90527,794,0,GE-Phrase,223,89435,91263,1828,794,1.0,298,-736
89733,90527,794,0,NTB,basicamente,89733,90527,794,794,1.0,0,0
101775,103364,1589,0,GE-Phrase,226,101601,103369,1768,1589,1.0,174,-5
101775,103364,1589,0,NTB,aí acho que a Elisa faz assim também,101775,103364,1589,1589,1.0,0,0
106867,108194,1327,0,GE-Phrase,229,105764,107960,2196,1093,0.824,1103,234
106867,108194,1327,0,GE-Phrase,230,107960,110406,2446,234,0.176,-1093,-2212
106867,108194,1327,0,NTB,o que é um statement of purpose,106867,108194,1327,1327,1.0,0,0
108194,108671,477,0,GE-Phrase,230,107960,110406,2446,477,1.0,234,-1735
108194,108671,477,0,NTB,vê,108194,108671,477,477,1.0,0,0
108671,109369,698,0,GE-Phrase,230,107960,110406,2446,698,1.0,711,-1037
108671,109369,698,0,NTB,tipo,108671,109369,698,698,1.0,0,0
109369,110382,1013,0,GE-Phrase,230,107960,110406,2446,1013,1.0,1409,-24
109369,110382,1013,0,NTB,exemplos,109369,110382,1013,1013,1.0,0,0
111370,113448,2078,0,GE-Phrase,232,111344,112091,747,721,0.347,26,1357
111370,113448,2078,0,GE-Phrase,233,112091,112627,536,536,0.258,-721,821
111370,113448,2078,0,GE-Phrase,234,112627,113705,1078,821,0.395,-1257,-257
111370,113448,2078,0,NTB,pra que que aquilo é usado,111370,113448,2078,2078,1.0,0,0
124510,125198,688,0,GE-Phrase,241,121878,125705,3827,688,1.0,2632,-507
124510,125198,688,0,NTB,estruturados,124510,125198,688,688,1.0,0,0
125198,125513,315,0,GE-Phrase,241,121878,125705,3827,315,1.0,3320,-192
125198,125513,315,0,NTB,e tal,125198,125513,315,315,1.0,0,0
45843,46185,342,0,GE-Phrase,201,43285,46196,2911,342,1.0,2558,-11
45843,46185,342,0,NTB,por exemplo,45843,46185,342,342,1.0,0,0
46185,48237,2052,0,GE-Phrase,201,43285,46196,2911,11,0.005,2900,2041
46185,48237,2052,0,GE-Phrase,202,46196,50278,4082,2041,0.995,-11,-2041
46185,48237,2052,0,NTB,se eles vão produzir um statement of purpose,46185,48237,2052,2052,1.0,0,0
48982,50259,1277,0,GE-Phrase,202,46196,50278,4082,1277,1.0,2786,-19
48982,50259,1277,0,NTB,a escrita dele,48982,50259,1277,1277,1.0,0,0
89733,90527,794,0,GE-Phrase,223,89435,91263,1828,794,1.0,298,-736
89733,90527,794,0,NTB,basicamente,89733,90527,794,794,1.0,0,0
101775,103364,1589,0,GE-Phrase,226,101601,103369,1768,1589,1.0,174,-5
101775,103364,1589,0,NTB,aí acho que a Elisa faz assim também,101775,103364,1589,1589,1.0,0,0
106867,108194,1327,0,GE-Phrase,229,105764,107960,2196,1093,0.824,1103,234
106867,108194,1327,0,GE-Phrase,230,107960,110406,2446,234,0.176,-1093,-2212
106867,108194,1327,0,NTB,o que é um statement of purpose,106867,108194,1327,1327,1.0,0,0
108194,108671,477,0,GE-Phrase,230,107960,110406,2446,477,1.0,234,-1735
108194,108671,477,0,NTB,vê,108194,108671,477,477,1.0,0,0
108671,109369,698,0,GE-Phrase,230,107960,110406,2446,698,1.0,711,-1037
108671,109369,698,0,NTB,tipo,108671,109369,698,698,1.0,0,0
109369,110382,1013,0,GE-Phrase,230,107960,110406,2446,1013,1.0,1409,-24
109369,110382,1013,0,NTB,exemplos,109369,110382,1013,1013,1.0,0,0
111370,113448,2078,0,GE-Phrase,232,111344,112091,747,721,0.347,26,1357
111370,113448,2078,0,GE-Phrase,233,112091,112627,536,536,0.258,-721,821
111370,113448,2078,0,GE-Phrase,234,112627,113705,1078,821,0.395,-1257,-257
111370,113448,2078,0,NTB,pra que que aquilo é usado,111370,113448,2078,2078,1.0,0,0
124510,125198,688,0,GE-Phrase,241,121878,125705,3827,688,1.0,2632,-507
124510,125198,688,0,NTB,estruturados,124510,125198,688,688,1.0,0,0
125198,125513,315,0,GE-Phrase,241,121878,125705,3827,315,1.0,3320,-192
125198,125513,315,0,NTB,e tal,125198,125513,315,315,1.0,0,0
45843,46185,342,0,GE-Phrase,201,43285,46196,2911,342,1.0,2558,-11
45843,46185,342,0,NTB,por exemplo,45843,46185,342,342,1.0,0,0
46185,48237,2052,0,GE-Phrase,201,43285,46196,2911,11,0.005,2900,2041
46185,48237,2052,0,GE-Phrase,202,46196,50278,4082,2041,0.995,-11,-2041
46185,48237,2052,0,NTB,se eles vão produzir um statement of purpose,46185,48237,2052,2052,1.0,0,0
48982,50259,1277,0,GE-Phrase,202,46196,50278,4082,1277,1.0,2786,-19
48982,50259,1277,0,NTB,a escrita dele,48982,50259,1277,1277,1.0,0,0
89733,90527,794,0,GE-Phrase,223,89435,91263,1828,794,1.0,298,-736
89733,90527,794,0,NTB,basicamente,89733,90527,794,794,1.0,0,0
101775,103364,1589,0,GE-Phrase,226,101601,103369,1768,1589,1.0,174,-5
101775,103364,1589,0,NTB,aí acho que a Elisa faz assim também,101775,103364,1589,1589,1.0,0,0
106867,108194,1327,0,GE-Phrase,229,105764,107960,2196,1093,0.824,1103,234
106867,108194,1327,0,GE-Phrase,230,107960,110406,2446,234,0.176,-1093,-2212
106867,108194,1327,0,NTB,o que é um statement of purpose,106867,108194,1327,1327,1.0,0,0
108194,108671,477,0,GE-Phrase,230,107960,110406,2446,477,1.0,234,-1735
108194,108671,477,0,NTB,vê,108194,108671,477,477,1.0,0,0
108671,109369,698,0,GE-Phrase,230,107960,110406,2446,698,1.0,711,-1037
108671,109369,698,0,NTB,tipo,108671,109369,698,698,1.0,0,0
109369,110382,1013,0,GE-Phrase,230,107960,110406,2446,1013,1.0,1409,-24
109369,110382,1013,0,NTB,exemplos,109369,110382,1013,1013,1.0,0,0
111370,113448,2078,0,GE-Phrase,232,111344,112091,747,721,0.347,26,1357
111370,113448,2078,0,GE-Phrase,233,112091,112627,536,536,0.258,-721,821
111370,113448,2078,0,GE-Phrase,234,112627,113705,1078,821,0.395,-1257,-257
111370,113448,2078,0,NTB,pra que que aquilo é usado,111370,113448,2078,2078,1.0,0,0
124510,125198,688,0,GE-Phrase,241,121878,125705,3827,688,1.0,2632,-507
124510,125198,688,0,NTB,estruturados,124510,125198,688,688,1.0,0,0
125198,125513,315,0,GE-Phrase,241,121878,125705,3827,315,1.0,3320,-192
125198,125513,315,0,NTB,e tal,125198,125513,315,315,1.0,0,0
45843,46185,342,0,GE-Phrase,201,43285,46196,2911,342,1.0,2558,-11
45843,46185,342,0,NTB,por exemplo,45843,46185,342,342,1.0,0,0
46185,48237,2052,0,GE-Phrase,201,43285,46196,2911,11,0.005,2900,2041
46185,48237,2052,0,GE-Phrase,202,46196,50278,4082,2041,0.995,-11,-2041
46185,48237,2052,0,NTB,se eles vão produzir um statement of purpose,46185,48237,2052,2052,1.0,0,0
48982,50259,1277,0,GE-Phrase,202,46196,50278,4082,1277,1.0,2786,-19
48982,50259,1277,0,NTB,a escrita dele,48982,50259,1277,1277,1.0,0,0
89733,90527,794,0,GE-Phrase,223,89435,91263,1828,794,1.0,298,-736
89733,90527,794,0,NTB,basicamente,89733,90527,794,794,1.0,0,0
101775,103364,1589,0,GE-Phrase,226,101601,103369,1768,1589,1.0,174,-5
101775,103364,1589,0,NTB,aí acho que a Elisa faz assim também,101775,103364,1589,1589,1.0,0,0
106867,108194,1327,0,GE-Phrase,229,105764,107960,2196,1093,0.824,1103,234
106867,108194,1327,0,GE-Phrase,230,107960,110406,2446,234,0.176,-1093,-2212
106867,108194,1327,0,NTB,o que é um statement of purpose,106867,108194,1327,1327,1.0,0,0
108194,108671,477,0,GE-Phrase,230,107960,110406,2446,477,1.0,234,-1735
108194,108671,477,0,NTB,vê,108194,108671,477,477,1.0,0,0
108671,109369,698,0,GE-Phrase,230,107960,110406,2446,698,1.0,711,-1037
108671,109369,698,0,NTB,tipo,108671,109369,698,698,1.0,0,0
109369,110382,1013,0,GE-Phrase,230,107960,110406,2446,1013,1.0,1409,-24
109369,110382,1013,0,NTB,exemplos,109369,110382,1013,1013,1.0,0,0
111370,113448,2078,0,GE-Phrase,232,111344,112091,747,721,0.347,26,1357
111370,113448,2078,0,GE-Phrase,233,112091,112627,536,536,0.258,-721,821
111370,113448,2078,0,GE-Phrase,234,112627,113705,1078,821,0.395,-1257,-257
111370,113448,2078,0,NTB,pra que que aquilo é usado,111370,113448,2078,2078,1.0,0,0
124510,125198,688,0,GE-Phrase,241,121878,125705,3827,688,1.0,2632,-507
124510,125198,688,0,NTB,estruturados,124510,125198,688,688,1.0,0,0
125198,125513,315,0,GE-Phrase,241,121878,125705,3827,315,1.0,3320,-192
125198,125513,315,0,NTB,e tal,125198,125513,315,315,1.0,0,0
45843,46185,342,0,GE-Phrase,201,43285,46196,2911,342,1.0,2558,-11
45843,46185,342,0,NTB,por exemplo,45843,46185,342,342,1.0,0,0
46185,48237,2052,0,GE-Phrase,201,43285,46196,2911,11,0.005,2900,2041
46185,48237,2052,0,GE-Phrase,202,46196,50278,4082,2041,0.995,-11,-2041
46185,48237,2052,0,NTB,se eles vão produzir um statement of purpose,46185,48237,2052,2052,1.0,0,0
48982,50259,1277,0,GE-Phrase,202,46196,50278,4082,1277,1.0,2786,-19
48982,50259,1277,0,NTB,a escrita dele,48982,50259,1277,1277,1.0,0,0
89733,90527,794,0,GE-Phrase,223,89435,91263,1828,794,1.0,298,-736
89733,90527,794,0,NTB,basicamente,89733,90527,794,794,1.0,0,0
101775,103364,1589,0,GE-Phrase,226,101601,103369,1768,1589,1.0,174,-5
101775,103364,1589,0,NTB,aí acho que a Elisa faz assim também,101775,103364,1589,1589,1.0,0,0
106867,108194,1327,0,GE-Phrase,229,105764,107960,2196,1093,0.824,1103,234
106867,108194,1327,0,GE-Phrase,230,107960,110406,2446,234,0.176,-1093,-2212
106867,108194,1327,0,NTB,o que é um statement of purpose,106867,108194,1327,1327,1.0,0,0
108194,108671,477,0,GE-Phrase,230,107960,110406,2446,477,1.0,234,-1735
108194,108671,477,0,NTB,vê,108194,108671,477,477,1.0,0,0
108671,109369,698,0,GE-Phrase,230,107960,110406,2446,698,1.0,711,-1037
108671,109369,698,0,NTB,tipo,108671,109369,698,698,1.0,0,0
109369,110382,1013,0,GE-Phrase,230,107960,110406,2446,1013,1.0,1409,-24
109369,110382,1013,0,NTB,exemplos,109369,110382,1013,1013,1.0,0,0
111370,113448,2078,0,GE-Phrase,232,111344,112091,747,721,0.347,26,1357
111370,113448,2078,0,GE-Phrase,233,112091,112627,536,536,0.258,-721,821
111370,113448,2078,0,GE-Phrase,234,112627,113705,1078,821,0.395,-1257,-257
111370,113448,2078,0,NTB,pra que que aquilo é usado,111370,113448,2078,2078,1.0,0,0
124510,125198,688,0,GE-Phrase,241,121878,125705,3827,688,1.0,2632,-507
124510,125198,688,0,NTB,estruturados,124510,125198,688,688,1.0,0,0
125198,125513,315,0,GE-Phrase,241,121878,125705,3827,315,1.0,3320,-192
125198,125513,315,0,NTB,e tal,125198,125513,315,315,1.0,0,0
45843,46185,342,0,GE-Phrase,201,43285,46196,2911,342,1.0,2558,-11
45843,46185,342,0,NTB,por exemplo,45843,46185,342,342,1.0,0,0
46185,48237,2052,0,GE-Phrase,201,43285,46196,2911,11,0.005,2900,2041
46185,48237,2052,0,GE-Phrase,202,46196,50278,4082,2041,0.995,-11,-2041
46185,48237,2052,0,NTB,se eles vão produzir um statement of purpose,46185,48237,2052,2052,1.0,0,0
48982,50259,1277,0,GE-Phrase,202,46196,50278,4082,1277,1.0,2786,-19
48982,50259,1277,0,NTB,a escrita dele,48982,50259,1277,1277,1.0,0,0
89733,90527,794,0,GE-Phrase,223,89435,91263,1828,794,1.0,298,-736
89733,90527,794,0,NTB,basicamente,89733,90527,794,794,1.0,0,0
101775,103364,1589,0,GE-Phrase,226,101601,103369,1768,1589,1.0,174,-5
101775,103364,1589,0,NTB,aí acho que a Elisa faz assim também,101775,103364,1589,1589,1.0,0,0
106867,108194,1327,0,GE-Phrase,229,105764,107960,2196,1093,0.824,1103,234
106867,108194,1327,0,GE-Phrase,230,107960,110406,2446,234,0.176,-1093,-2212
106867,108194,1327,0,NTB,o que é um statement of purpose,106867,108194,1327,1327,1.0,0,0
108194,108671,477,0,GE-Phrase,230,107960,110406,2446,477,1.0,234,-1735
108194,108671,477,0,NTB,vê,108194,108671,477,477,1.0,0,0
108671,109369,698,0,GE-Phrase,230,107960,110406,2446,698,1.0,711,-1037
108671,109369,698,0,NTB,tipo,108671,109369,698,698,1.0,0,0
109369,110382,1013,0,GE-Phrase,230,107960,110406,2446,1013,1.0,1409,-24
109369,110382,1013,0,NTB,exemplos,109369,110382,1013,1013,1.0,0,0
111370,113448,2078,0,GE-Phrase,232,111344,112091,747,721,0.347,26,1357
111370,113448,2078,0,GE-Phrase,233,112091,112627,536,536,0.258,-721,821
111370,113448,2078,0,GE-Phrase,234,112627,113705,1078,821,0.395,-1257,-257
111370,113448,2078,0,NTB,pra que que aquilo é usado,111370,113448,2078,2078,1.0,0,0
124510,125198,688,0,GE-Phrase,241,121878,125705,3827,688,1.0,2632,-507
124510,125198,688,0,NTB,estruturados,124510,125198,688,688,1.0,0,0
125198,125513,315,0,GE-Phrase,241,121878,125705,3827,315,1.0,3320,-192
125198,125513,315,0,NTB,e tal,125198,125513,315,315,1.0,0,0
45843,46185,342,0,GE-Phrase,201,43285,46196,2911,342,1.0,2558,-11
45843,46185,342,0,NTB,por exemplo,45843,46185,342,342,1.0,0,0
46185,48237,2052,0,GE-Phrase,201,43285,46196,2911,11,0.005,2900,2041
46185,48237,2052,0,GE-Phrase,202,46196,50278,4082,2041,0.995,-11,-2041
46185,48237,2052,0,NTB,se eles vão produzir um statement of purpose,46185,48237,2052,2052,1.0,0,0
48982,50259,1277,0,GE-Phrase,202,46196,50278,4082,1277,1.0,2786,-19
48982,50259,1277,0,NTB,a escrita dele,48982,50259,1277,1277,1.0,0,0
89733,90527,794,0,GE-Phrase,223,89435,91263,1828,794,1.0,298,-736
89733,90527,794,0,NTB,basicamente,89733,90527,794,794,1.0,0,0
101775,103364,1589,0,GE-Phrase,226,101601,103369,1768,1589,1.0,174,-5
101775,103364,1589,0,NTB,aí acho que a Elisa faz assim também,101775,103364,1589,1589,1.0,0,0
106867,108194,1327,0,GE-Phrase,229,105764,107960,2196,1093,0.824,1103,234
106867,108194,1327,0,GE-Phrase,230,107960,110406,2446,234,0.176,-1093,-2212
106867,108194,1327,0,NTB,o que é um statement of purpose,106867,108194,1327,1327,1.0,0,0
108194,108671,477,0,GE-Phrase,230,107960,110406,2446,477,1.0,234,-1735
108194,108671,477,0,NTB,vê,108194,108671,477,477,1.0,0,0
108671,109369,698,0,GE-Phrase,230,107960,110406,2446,698,1.0,711,-1037
108671,109369,698,0,NTB,tipo,108671,109369,698,698,1.0,0,0
109369,110382,1013,0,GE-Phrase,230,107960,110406,2446,1013,1.0,1409,-24
109369,110382,1013,0,NTB,exemplos,109369,110382,1013,1013,1.0,0,0
111370,113448,2078,0,GE-Phrase,232,111344,112091,747,721,0.347,26,1357
111370,113448,2078,0,GE-Phrase,233,112091,112627,536,536,0.258,-721,821
111370,113448,2078,0,GE-Phrase,234,112627,113705,1078,821,0.395,-1257,-257
111370,113448,2078,0,NTB,pra que que aquilo é usado,111370,113448,2078,2078,1.0,0,0
124510,125198,688,0,GE-Phrase,241,121878,125705,3827,688,1.0,2632,-507
124510,125198,688,0,NTB,estruturados,124510,125198,688,688,1.0,0,0
125198,125513,315,0,GE-Phrase,241,121878,125705,3827,315,1.0,3320,-192
125198,125513,315,0,NTB,e tal,125198,125513,315,315,1.0,0,0
45843,46185,342,0,GE-Phrase,201,43285,46196,2911,342,1.0,2558,-11
45843,46185,342,0,NTB,por exemplo,45843,46185,342,342,1.0,0,0
46185,48237,2052,0,GE-Phrase,201,43285,46196,2911,11,0.005,2900,2041
46185,48237,2052,0,GE-Phrase,202,46196,50278,4082,2041,0.995,-11,-2041
46185,48237,2052,0,NTB,se eles vão produzir um statement of purpose,46185,48237,2052,2052,1.0,0,0
48982,50259,1277,0,GE-Phrase,202,46196,50278,4082,1277,1.0,2786,-19
48982,50259,1277,0,NTB,a escrita dele,48982,50259,1277,1277,1.0,0,0
89733,90527,794,0,GE-Phrase,223,89435,91263,1828,794,1.0,298,-736
89733,90527,794,0,NTB,basicamente,89733,90527,794,794,1.0,0,0
101775,103364,1589,0,GE-Phrase,226,101601,103369,1768,1589,1.0,174,-5
101775,103364,1589,0,NTB,aí acho que a Elisa faz assim também,101775,103364,1589,1589,1.0,0,0
106867,108194,1327,0,GE-Phrase,229,105764,107960,2196,1093,0.824,1103,234
106867,108194,1327,0,GE-Phrase,230,107960,110406,2446,234,0.176,-1093,-2212
106867,108194,1327,0,NTB,o que é um statement of purpose,106867,108194,1327,1327,1.0,0,0
108194,108671,477,0,GE-Phrase,230,107960,110406,2446,477,1.0,234,-1735
108194,108671,477,0,NTB,vê,108194,108671,477,477,1.0,0,0
108671,109369,698,0,GE-Phrase,230,107960,110406,2446,698,1.0,711,-1037
108671,109369,698,0,NTB,tipo,108671,109369,698,698,1.0,0,0
109369,110382,1013,0,GE-Phrase,230,107960,110406,2446,1013,1.0,1409,-24
109369,110382,1013,0,NTB,exemplos,109369,110382,1013,1013,1.0,0,0
111370,113448,2078,0,GE-Phrase,232,111344,112091,747,721,0.347,26,1357
111370,113448,2078,0,GE-Phrase,233,112091,112627,536,536,0.258,-721,821
111370,113448,2078,0,GE-Phrase,234,112627,113705,1078,821,0.395,-1257,-257
111370,113448,2078,0,NTB,pra que que aquilo é usado,111370,113448,2078,2078,1.0,0,0
124510,125198,688,0,GE-Phrase,241,121878,125705,3827,688,1.0,2632,-507
124510,125198,688,0,NTB,estruturados,124510,125198,688,688,1.0,0,0
125198,125513,315,0,GE-Phrase,241,121878,125705,3827,315,1.0,3320,-192
125198,125513,315,0,NTB,e tal,125198,125513,315,315,1.0,0,0
45843,46185,342,0,GE-Phrase,201,43285,46196,2911,342,1.0,2558,-11
45843,46185,342,0,NTB,por exemplo,45843,46185,342,342,1.0,0,0
46185,48237,2052,0,GE-Phrase,201,43285,46196,2911,11,0.005,2900,2041
46185,48237,2052,0,GE-Phrase,202,46196,50278,4082,2041,0.995,-11,-2041
46185,48237,2052,0,NTB,se eles vão produzir um statement of purpose,46185,48237,2052,2052,1.0,0,0
48982,50259,1277,0,GE-Phrase,202,46196,50278,4082,1277,1.0,2786,-19
48982,50259,1277,0,NTB,a escrita dele,48982,50259,1277,1277,1.0,0,0
89733,90527,794,0,GE-Phrase,223,89435,91263,1828,794,1.0,298,-736
89733,90527,794,0,NTB,basicamente,89733,90527,794,794,1.0,0,0
101775,103364,1589,0,GE-Phrase,226,101601,103369,1768,1589,1.0,174,-5
101775,103364,1589,0,NTB,aí acho que a Elisa faz assim também,101775,103364,1589,1589,1.0,0,0
106867,108194,1327,0,GE-Phrase,229,105764,107960,2196,1093,0.824,1103,234
106867,108194,1327,0,GE-Phrase,230,107960,110406,2446,234,0.176,-1093,-2212
106867,108194,1327,0,NTB,o que é um statement of purpose,106867,108194,1327,1327,1.0,0,0
108194,108671,477,0,GE-Phrase,230,107960,110406,2446,477,1.0,234,-1735
108194,108671,477,0,NTB,vê,108194,108671,477,477,1.0,0,0
108671,109369,698,0,GE-Phrase,230,107960,110406,2446,698,1.0,711,-1037
108671,109369,698,0,NTB,tipo,108671,109369,698,698,1.0,0,0
109369,110382,1013,0,GE-Phrase,230,107960,110406,2446,1013,1.0,1409,-24
109369,110382,1013,0,NTB,exemplos,109369,110382,1013,1013,1.0,0,0
111370,113448,2078,0,GE-Phrase,232,111344,112091,747,721,0.347,26,1357
111370,113448,2078,0,GE-Phrase,233,112091,112627,536,536,0.258,-721,821
111370,113448,2078,0,GE-Phrase,234,112627,113705,1078,821,0.395,-1257,-257
111370,113448,2078,0,NTB,pra que que aquilo é usado,111370,113448,2078,2078,1.0,0,0
124510,125198,688,0,GE-Phrase,241,121878,125705,3827,688,1.0,2632,-507
124510,125198,688,0,NTB,estruturados,124510,125198,688,688,1.0,0,0
125198,125513,315,0,GE-Phrase,241,121878,125705,3827,315,1.0,3320,-192
125198,125513,315,0,NTB,e tal,125198,125513,315,315,1.0,0,0
45843,46185,342,0,GE-Phrase,201,43285,46196,2911,342,1.0,2558,-11
45843,46185,342,0,NTB,por exemplo,45843,46185,342,342,1.0,0,0
46185,48237,2052,0,GE-Phrase,201,43285,46196,2911,11,0.005,2900,2041
46185,48237,2052,0,GE-Phrase,202,46196,50278,4082,2041,0.995,-11,-2041
46185,48237,2052,0,NTB,se eles vão produzir um statement of purpose,46185,48237,2052,2052,1.0,0,0
48982,50259,1277,0,GE-Phrase,202,46196,50278,4082,1277,1.0,2786,-19
48982,50259,1277,0,NTB,a escrita dele,48982,50259,1277,1277,1.0,0,0
89733,90527,794,0,GE-Phrase,223,89435,91263,1828,794,1.0,298,-736
89733,90527,794,0,NTB,basicamente,89733,90527,794,794,1.0,0,0
101775,103364,1589,0,GE-Phrase,226,101601,103369,1768,1589,1.0,174,-5
101775,103364,1589,0,NTB,aí acho que a Elisa faz assim também,101775,103364,1589,1589,1.0,0,0
106867,108194,1327,0,GE-Phrase,229,105764,107960,2196,1093,0.824,1103,234
106867,108194,1327,0,GE-Phrase,230,107960,110406,2446,234,0.176,-1093,-2212
106867,108194,1327,0,NTB,o que é um statement of purpose,106867,108194,1327,1327,1.0,0,0
108194,108671,477,0,GE-Phrase,230,107960,110406,2446,477,1.0,234,-1735
108194,108671,477,0,NTB,vê,108194,108671,477,477,1.0,0,0
108671,109369,698,0,GE-Phrase,230,107960,110406,2446,698,1.0,711,-1037
108671,109369,698,0,NTB,tipo,108671,109369,698,698,1.0,0,0
109369,110382,1013,0,GE-Phrase,230,107960,110406,2446,1013,1.0,1409,-24
109369,110382,1013,0,NTB,exemplos,109369,110382,1013,1013,1.0,0,0
111370,113448,2078,0,GE-Phrase,232,111344,112091,747,721,0.347,26,1357
111370,113448,2078,0,GE-Phrase,233,112091,112627,536,536,0.258,-721,821
111370,113448,2078,0,GE-Phrase,234,112627,113705,1078,821,0.395,-1257,-257
111370,113448,2078,0,NTB,pra que que aquilo é usado,111370,113448,2078,2078,1.0,0,0
124510,125198,688,0,GE-Phrase,241,121878,125705,3827,688,1.0,2632,-507
124510,125198,688,0,NTB,estruturados,124510,125198,688,688,1.0,0,0
125198,125513,315,0,GE-Phrase,241,121878,125705,3827,315,1.0,3320,-192
125198,125513,315,0,NTB,e tal,125198,125513,315,315,1.0,0,0
45843,46185,342,0,GE-Phrase,201,43285,46196,2911,342,1.0,2558,-11
45843,46185,342,0,NTB,por exemplo,45843,46185,342,342,1.0,0,0
46185,48237,2052,0,GE-Phrase,201,43285,46196,2911,11,0.005,2900,2041
46185,48237,2052,0,GE-Phrase,202,46196,50278,4082,2041,0.995,-11,-2041
46185,48237,2052,0,NTB,se eles vão produzir um statement of purpose,46185,48237,2052,2052,1.0,0,0
48982,50259,1277,0,GE-Phrase,202,46196,50278,4082,1277,1.0,2786,-19
48982,50259,1277,0,NTB,a escrita dele,48982,50259,1277,1277,1.0,0,0
89733,90527,794,0,GE-Phrase,223,89435,91263,1828,794,1.0,298,-736
89733,90527,794,0,NTB,basicamente,89733,90527,794,794,1.0,0,0
101775,103364,1589,0,GE-Phrase,226,101601,103369,1768,1589,1.0,174,-5
101775,103364,1589,0,NTB,aí acho que a Elisa faz assim também,101775,103364,1589,1589,1.0,0,0
106867,108194,1327,0,GE-Phrase,229,105764,107960,2196,1093,0.824,1103,234
106867,108194,1327,0,GE-Phrase,230,107960,110406,2446,234,0.176,-1093,-2212
106867,108194,1327,0,NTB,o que é um statement of purpose,106867,108194,1327,1327,1.0,0,0
108194,108671,477,0,GE-Phrase,230,107960,110406,2446,477,1.0,234,-1735
108194,108671,477,0,NTB,vê,108194,108671,477,477,1.0,0,0
108671,109369,698,0,GE-Phrase,230,107960,110406,2446,698,1.0,711,-1037
108671,109369,698,0,NTB,tipo,108671,109369,698,698,1.0,0,0
109369,110382,1013,0,GE-Phrase,230,107960,110406,2446,1013,1.0,1409,-24
109369,110382,1013,0,NTB,exemplos,109369,110382,1013,1013,1.0,0,0
111370,113448,2078,0,GE-Phrase,232,111344,112091,747,721,0.347,26,1357
111370,113448,2078,0,GE-Phrase,233,112091,112627,536,536,0.258,-721,821
111370,113448,2078,0,GE-Phrase,234,112627,113705,1078,821,0.395,-1257,-257
111370,113448,2078,0,NTB,pra que que aquilo é usado,111370,113448,2078,2078,1.0,0,0
124510,125198,688,0,GE-Phrase,241,121878,125705,3827,688,1.0,2632,-507
124510,125198,688,0,NTB,estruturados,124510,125198,688,688,1.0,0,0
125198,125513,315,0,GE-Phrase,241,121878,125705,3827,315,1.0,3320,-192
125198,125513,315,0,NTB,e tal,125198,125513,315,315,1.0,0,0
45843,46185,342,0,GE-Phrase,201,43285,46196,2911,342,1.0,2558,-11
45843,46185,342,0,NTB,por exemplo,45843,46185,342,342,1.0,0,0
46185,48237,2052,0,GE-Phrase,201,43285,46196,2911,11,0.005,2900,2041
46185,48237,2052,0,GE-Phrase,202,46196,50278,4082,2041,0.995,-11,-2041
46185,48237,2052,0,NTB,se eles vão produzir um statement of purpose,46185,48237,2052,2052,1.0,0,0
48982,50259,1277,0,GE-Phrase,202,46196,50278,4082,1277,1.0,2786,-19
48982,50259,1277,0,NTB,a escrita dele,48982,50259,1277,1277,1.0,0,0
89733,90527,794,0,GE-Phrase,223,89435,91263,1828,794,1.0,298,-736
89733,90527,794,0,NTB,basicamente,89733,90527,794,794,1.0,0,0
101775,103364,1589,0,GE-Phrase,226,101601,103369,1768,1589,1.0,174,-5
101775,103364,1589,0,NTB,aí acho que a Elisa faz assim também,101775,103364,1589,1589,1.0,0,0
106867,108194,1327,0,GE-Phrase,229,105764,107960,2196,1093,0.824,1103,234
106867,108194,1327,0,GE-Phrase,230,107960,110406,2446,234,0.176,-1093,-2212
106867,108194,1327,0,NTB,o que é um statement of purpose,106867,108194,1327,1327,1.0,0,0
108194,108671,477,0,GE-Phrase,230,107960,110406,2446,477,1.0,234,-1735
108194,108671,477,0,NTB,vê,108194,108671,477,477,1.0,0,0
108671,109369,698,0,GE-Phrase,230,107960,110406,2446,698,1.0,711,-1037
108671,109369,698,0,NTB,tipo,108671,109369,698,698,1.0,0,0
109369,110382,1013,0,GE-Phrase,230,107960,110406,2446,1013,1.0,1409,-24
109369,110382,1013,0,NTB,exemplos,109369,110382,1013,1013,1.0,0,0
111370,113448,2078,0,GE-Phrase,232,111344,112091,747,721,0.347,26,1357
111370,113448,2078,0,GE-Phrase,233,112091,112627,536,536,0.258,-721,821
111370,113448,2078,0,GE-Phrase,234,112627,113705,1078,821,0.395,-1257,-257
111370,113448,2078,0,NTB,pra que que aquilo é usado,111370,113448,2078,2078,1.0,0,0
124510,125198,688,0,GE-Phrase,241,121878,125705,3827,688,1.0,2632,-507
124510,125198,688,0,NTB,estruturados,124510,125198,688,688,1.0,0,0
125198,125513,315,0,GE-Phrase,241,121878,125705,3827,315,1.0,3320,-192
125198,125513,315,0,NTB,e tal,125198,125513,315,315,1.0,0,0
45843,46185,342,0,GE-Phrase,201,43285,46196,2911,342,1.0,2558,-11
45843,46185,342,0,NTB,por exemplo,45843,46185,342,342,1.0,0,0
46185,48237,2052,0,GE-Phrase,201,43285,46196,2911,11,0.005,2900,2041
46185,48237,2052,0,GE-Phrase,202,46196,50278,4082,2041,0.995,-11,-2041
46185,48237,2052,0,NTB,se eles vão produzir um statement of purpose,46185,48237,2052,2052,1.0,0,0
48982,50259,1277,0,GE-Phrase,202,46196,50278,4082,1277,1.0,2786,-19
48982,50259,1277,0,NTB,a escrita dele,48982,50259,1277,1277,1.0,0,0
89733,90527,794,0,GE-Phrase,223,89435,91263,1828,794,1.0,298,-736
89733,90527,794,0,NTB,basicamente,89733,90527,794,794,1.0,0,0
101775,103364,1589,0,GE-Phrase,226,101601,103369,1768,1589,1.0,174,-5
101775,103364,1589,0,NTB,aí acho que a Elisa faz assim também,101775,103364,1589,1589,1.0,0,0
106867,108194,1327,0,GE-Phrase,229,105764,107960,2196,1093,0.824,1103,234
106867,108194,1327,0,GE-Phrase,230,107960,110406,2446,234,0.176,-1093,-2212
106867,108194,1327,0,NTB,o que é um statement of purpose,106867,108194,1327,1327,1.0,0,0
108194,108671,477,0,GE-Phrase,230,107960,110406,2446,477,1.0,234,-1735
108194,108671,477,0,NTB,vê,108194,108671,477,477,1.0,0,0
108671,109369,698,0,GE-Phrase,230,107960,110406,2446,698,1.0,711,-1037
108671,109369,698,0,NTB,tipo,108671,109369,698,698,1.0,0,0
109369,110382,1013,0,GE-Phrase,230,107960,110406,2446,1013,1.0,1409,-24
109369,110382,1013,0,NTB,exemplos,109369,110382,1013,1013,1.0,0,0
111370,113448,2078,0,GE-Phrase,232,111344,112091,747,721,0.347,26,1357
111370,113448,2078,0,GE-Phrase,233,112091,112627,536,536,0.258,-721,821
111370,113448,2078,0,GE-Phrase,234,112627,113705,1078,821,0.395,-1257,-257
111370,113448,2078,0,NTB,pra que que aquilo é usado,111370,113448,2078,2078,1.0,0,0
124510,125198,688,0,GE-Phrase,241,121878,125705,3827,688,1.0,2632,-507
124510,125198,688,0,NTB,estruturados,124510,125198,688,688,1.0,0,0
125198,125513,315,0,GE-Phrase,241,121878,125705,3827,315,1.0,3320,-192
125198,125513,315,0,NTB,e tal,125198,125513,315,315,1.0,0,0
45843,46185,342,0,GE-Phrase,201,43285,46196,2911,342,1.0,2558,-11
45843,46185,342,0,NTB,por exemplo,45843,46185,342,342,1.0,0,0
46185,48237,2052,0,GE-Phrase,201,43285,46196,2911,11,0.005,2900,2041
46185,48237,2052,0,GE-Phrase,202,46196,50278,4082,2041,0.995,-11,-2041
46185,48237,2052,0,NTB,se eles vão produzir um statement of purpose,46185,48237,2052,2052,1.0,0,0
48982,50259,1277,0,GE-Phrase,202,46196,50278,4082,1277,1.0,2786,-19
48982,50259,1277,0,NTB,a escrita dele,48982,50259,1277,1277,1.0,0,0
89733,90527,794,0,GE-Phrase,223,89435,91263,1828,794,1.0,298,-736
89733,90527,794,0,NTB,basicamente,89733,90527,794,794,1.0,0,0
101775,103364,1589,0,GE-Phrase,226,101601,103369,1768,1589,1.0,174,-5
101775,103364,1589,0,NTB,aí acho que a Elisa faz assim também,101775,103364,1589,1589,1.0,0,0
106867,108194,1327,0,GE-Phrase,229,105764,107960,2196,1093,0.824,1103,234
106867,108194,1327,0,GE-Phrase,230,107960,110406,2446,234,0.176,-1093,-2212
106867,108194,1327,0,NTB,o que é um statement of purpose,106867,108194,1327,1327,1.0,0,0
108194,108671,477,0,GE-Phrase,230,107960,110406,2446,477,1.0,234,-1735
108194,108671,477,0,NTB,vê,108194,108671,477,477,1.0,0,0
108671,109369,698,0,GE-Phrase,230,107960,110406,2446,698,1.0,711,-1037
108671,109369,698,0,NTB,tipo,108671,109369,698,698,1.0,0,0
109369,110382,1013,0,GE-Phrase,230,107960,110406,2446,1013,1.0,1409,-24
109369,110382,1013,0,NTB,exemplos,109369,110382,1013,1013,1.0,0,0
111370,113448,2078,0,GE-Phrase,232,111344,112091,747,721,0.347,26,1357
111370,113448,2078,0,GE-Phrase,233,112091,112627,536,536,0.258,-721,821
111370,113448,2078,0,GE-Phrase,234,112627,113705,1078,821,0.395,-1257,-257
111370,113448,2078,0,NTB,pra que que aquilo é usado,111370,113448,2078,2078,1.0,0,0
124510,125198,688,0,GE-Phrase,241,121878,125705,3827,688,1.0,2632,-507
124510,125198,688,0,NTB,estruturados,124510,125198,688,688,1.0,0,0
125198,125513,315,0,GE-Phrase,241,121878,125705,3827,315,1.0,3320,-192
125198,125513,315,0,NTB,e tal,125198,125513,315,315,1.0,0,0
45843,46185,342,0,GE-Phrase,201,43285,46196,2911,342,1.0,2558,-11
45843,46185,342,0,NTB,por exemplo,45843,46185,342,342,1.0,0,0
46185,48237,2052,0,GE-Phrase,201,43285,46196,2911,11,0.005,2900,2041
46185,48237,2052,0,GE-Phrase,202,46196,50278,4082,2041,0.995,-11,-2041
46185,48237,2052,0,NTB,se eles vão produzir um statement of purpose,46185,48237,2052,2052,1.0,0,0
48982,50259,1277,0,GE-Phrase,202,46196,50278,4082,1277,1.0,2786,-19
48982,50259,1277,0,NTB,a escrita dele,48982,50259,1277,1277,1.0,0,0
89733,90527,794,0,GE-Phrase,223,89435,91263,1828,794,1.0,298,-736
89733,90527,794,0,NTB,basicamente,89733,90527,794,794,1.0,0,0
101775,103364,1589,0,GE-Phrase,226,101601,103369,1768,1589,1.0,174,-5
101775,103364,1589,0,NTB,aí acho que a Elisa faz assim também,101775,103364,1589,1589,1.0,0,0
106867,108194,1327,0,GE-Phrase,229,105764,107960,2196,1093,0.824,1103,234
106867,108194,1327,0,GE-Phrase,230,107960,110406,2446,234,0.176,-1093,-2212
106867,108194,1327,0,NTB,o que é um statement of purpose,106867,108194,1327,1327,1.0,0,0
108194,108671,477,0,GE-Phrase,230,107960,110406,2446,477,1.0,234,-1735
108194,108671,477,0,NTB,vê,108194,108671,477,477,1.0,0,0
108671,109369,698,0,GE-Phrase,230,107960,110406,2446,698,1.0,711,-1037
108671,109369,698,0,NTB,tipo,108671,109369,698,698,1.0,0,0
109369,110382,1013,0,GE-Phrase,230,107960,110406,2446,1013,1.0,1409,-24
109369,110382,1013,0,NTB,exemplos,109369,110382,1013,1013,1.0,0,0
111370,113448,2078,0,GE-Phrase,232,111344,112091,747,721,0.347,26,1357
111370,113448,2078,0,GE-Phrase,233,112091,112627,536,536,0.258,-721,821
111370,113448,2078,0,GE-Phrase,234,112627,113705,1078,821,0.395,-1257,-257
111370,113448,2078,0,NTB,pra que que aquilo é usado,111370,113448,2078,2078,1.0,0,0
124510,125198,688,0,GE-Phrase,241,121878,125705,3827,688,1.0,2632,-507
124510,125198,688,0,NTB,estruturados,124510,125198,688,688,1.0,0,0
125198,125513,315,0,GE-Phrase,241,121878,125705,3827,315,1.0,3320,-192
125198,125513,315,0,NTB,e tal,125198,125513,315,315,1.0,0,0
45843,46185,342,0,GE-Phrase,201,43285,46196,2911,342,1.0,2558,-11
45843,46185,342,0,NTB,por exemplo,45843,46185,342,342,1.0,0,0
46185,48237,2052,0,GE-Phrase,201,43285,46196,2911,11,0.005,2900,2041
46185,48237,2052,0,GE-Phrase,202,46196,50278,4082,2041,0.995,-11,-2041
46185,48237,2052,0,NTB,se eles vão produzir um statement of purpose,46185,48237,2052,2052,1.0,0,0
48982,50259,1277,0,GE-Phrase,202,46196,50278,4082,1277,1.0,2786,-19
48982,50259,1277,0,NTB,a escrita dele,48982,50259,1277,1277,1.0,0,0
89733,90527,794,0,GE-Phrase,223,89435,91263,1828,794,1.0,298,-736
89733,90527,794,0,NTB,basicamente,89733,90527,794,794,1.0,0,0
101775,103364,1589,0,GE-Phrase,226,101601,103369,1768,1589,1.0,174,-5
101775,103364,1589,0,NTB,aí acho que a Elisa faz assim também,101775,103364,1589,1589,1.0,0,0
106867,108194,1327,0,GE-Phrase,229,105764,107960,2196,1093,0.824,1103,234
106867,108194,1327,0,GE-Phrase,230,107960,110406,2446,234,0.176,-1093,-2212
106867,108194,1327,0,NTB,o que é um statement of purpose,106867,108194,1327,1327,1.0,0,0
108194,108671,477,0,GE-Phrase,230,107960,110406,2446,477,1.0,234,-1735
108194,108671,477,0,NTB,vê,108194,108671,477,477,1.0,0,0
108671,109369,698,0,GE-Phrase,230,107960,110406,2446,698,1.0,711,-1037
108671,109369,698,0,NTB,tipo,108671,109369,698,698,1.0,0,0
109369,110382,1013,0,GE-Phrase,230,107960,110406,2446,1013,1.0,1409,-24
109369,110382,1013,0,NTB,exemplos,109369,110382,1013,1013,1.0,0,0
111370,113448,2078,0,GE-Phrase,232,111344,112091,747,721,0.347,26,1357
111370,113448,2078,0,GE-Phrase,233,112091,112627,536,536,0.258,-721,821
111370,113448,2078,0,GE-Phrase,234,112627,113705,1078,821,0.395,-1257,-257
111370,113448,2078,0,NTB,pra que que aquilo é usado,111370,113448,2078,2078,1.0,0,0
124510,125198,688,0,GE-Phrase,241,121878,125705,3827,688,1.0,2632,-507
124510,125198,688,0,NTB,estruturados,124510,125198,688,688,1.0,0,0
125198,125513,315,0,GE-Phrase,241,121878,125705,3827,315,1.0,3320,-192
125198,125513,315,0,NTB,e tal,125198,125513,315,315,1.0,0,0
45843,46185,342,0,GE-Phrase,201,43285,46196,2911,342,1.0,2558,-11
45843,46185,342,0,NTB,por exemplo,45843,46185,342,342,1.0,0,0
46185,48237,2052,0,GE-Phrase,201,43285,46196,2911,11,0.005,2900,2041
46185,48237,2052,0,GE-Phrase,202,46196,50278,4082,2041,0.995,-11,-2041
46185,48237,2052,0,NTB,se eles vão produzir um statement of purpose,46185,48237,2052,2052,1.0,0,0
48982,50259,1277,0,GE-Phrase,202,46196,50278,4082,1277,1.0,2786,-19
48982,50259,1277,0,NTB,a escrita dele,48982,50259,1277,1277,1.0,0,0
89733,90527,794,0,GE-Phrase,223,89435,91263,1828,794,1.0,298,-736
89733,90527,794,0,NTB,basicamente,89733,90527,794,794,1.0,0,0
101775,103364,1589,0,GE-Phrase,226,101601,103369,1768,1589,1.0,174,-5
101775,103364,1589,0,NTB,aí acho que a Elisa faz assim também,101775,103364,1589,1589,1.0,0,0
106867,108194,1327,0,GE-Phrase,229,105764,107960,2196,1093,0.824,1103,234
106867,108194,1327,0,GE-Phrase,230,107960,110406,2446,234,0.176,-1093,-2212
106867,108194,1327,0,NTB,o que é um statement of purpose,106867,108194,1327,1327,1.0,0,0
108194,108671,477,0,GE-Phrase,230,107960,110406,2446,477,1.0,234,-1735
108194,108671,477,0,NTB,vê,108194,108671,477,477,1.0,0,0
108671,109369,698,0,GE-Phrase,230,107960,110406,2446,698,1.0,711,-1037
108671,109369,698,0,NTB,tipo,108671,109369,698,698,1.0,0,0
109369,110382,1013,0,GE-Phrase,230,107960,110406,2446,1013,1.0,1409,-24
109369,110382,1013,0,NTB,exemplos,109369,110382,1013,1013,1.0,0,0
111370,113448,2078,0,GE-Phrase,232,111344,112091,747,721,0.347,26,1357
111370,113448,2078,0,GE-Phrase,233,112091,112627,536,536,0.258,-721,821
111370,113448,2078,0,GE-Phrase,234,112627,113705,1078,821,0.395,-1257,-257
111370,113448,2078,0,NTB,pra que que aquilo é usado,111370,113448,2078,2078,1.0,0,0
124510,125198,688,0,GE-Phrase,241,121878,125705,3827,688,1.0,2632,-507
124510,125198,688,0,NTB,estruturados,124510,125198,688,688,1.0,0,0
125198,125513,315,0,GE-Phrase,241,121878,125705,3827,315,1.0,3320,-192
125198,125513,315,0,NTB,e tal,125198,125513,315,315,1.0,0,0
45843,46185,342,0,GE-Phrase,201,43285,46196,2911,342,1.0,2558,-11
45843,46185,342,0,NTB,por exemplo,45843,46185,342,342,1.0,0,0
46185,48237,2052,0,GE-Phrase,201,43285,46196,2911,11,0.005,2900,2041
46185,48237,2052,0,GE-Phrase,202,46196,50278,4082,2041,0.995,-11,-2041
46185,48237,2052,0,NTB,se eles vão produzir um statement of purpose,46185,48237,2052,2052,1.0,0,0
48982,50259,1277,0,GE-Phrase,202,46196,50278,4082,1277,1.0,2786,-19
48982,50259,1277,0,NTB,a escrita dele,48982,50259,1277,1277,1.0,0,0
89733,90527,794,0,GE-Phrase,223,89435,91263,1828,794,1.0,298,-736
89733,90527,794,0,NTB,basicamente,89733,90527,794,794,1.0,0,0
101775,103364,1589,0,GE-Phrase,226,101601,103369,1768,1589,1.0,174,-5
101775,103364,1589,0,NTB,aí acho que a Elisa faz assim também,101775,103364,1589,1589,1.0,0,0
106867,108194,1327,0,GE-Phrase,229,105764,107960,2196,1093,0.824,1103,234
106867,108194,1327,0,GE-Phrase,230,107960,110406,2446,234,0.176,-1093,-2212
106867,108194,1327,0,NTB,o que é um statement of purpose,106867,108194,1327,1327,1.0,0,0
108194,108671,477,0,GE-Phrase,230,107960,110406,2446,477,1.0,234,-1735
108194,108671,477,0,NTB,vê,108194,108671,477,477,1.0,0,0
108671,109369,698,0,GE-Phrase,230,107960,110406,2446,698,1.0,711,-1037
108671,109369,698,0,NTB,tipo,108671,109369,698,698,1.0,0,0
109369,110382,1013,0,GE-Phrase,230,107960,110406,2446,1013,1.0,1409,-24
109369,110382,1013,0,NTB,exemplos,109369,110382,1013,1013,1.0,0,0
111370,113448,2078,0,GE-Phrase,232,111344,112091,747,721,0.347,26,1357
111370,113448,2078,0,GE-Phrase,233,112091,112627,536,536,0.258,-721,821
111370,113448,2078,0,GE-Phrase,234,112627,113705,1078,821,0.395,-1257,-257
111370,113448,2078,0,NTB,pra que que aquilo é usado,111370,113448,2078,2078,1.0,0,0
124510,125198,688,0,GE-Phrase,241,121878,125705,3827,688,1.0,2632,-507
124510,125198,688,0,NTB,estruturados,124510,125198,688,688,1.0,0,0
125198,125513,315,0,GE-Phrase,241,121878,125705,3827,315,1.0,3320,-192
125198,125513,315,0,NTB,e tal,125198,125513,315,315,1.0,0,0
45843,46185,342,0,GE-Phrase,201,43285,46196,2911,342,1.0,2558,-11
45843,46185,342,0,NTB,por exemplo,45843,46185,342,342,1.0,0,0
46185,48237,2052,0,GE-Phrase,201,43285,46196,2911,11,0.005,2900,2041
46185,48237,2052,0,GE-Phrase,202,46196,50278,4082,2041,0.995,-11,-2041
46185,48237,2052,0,NTB,se eles vão produzir um statement of purpose,46185,48237,2052,2052,1.0,0,0
48982,50259,1277,0,GE-Phrase,202,46196,50278,4082,1277,1.0,2786,-19
48982,50259,1277,0,NTB,a escrita dele,48982,50259,1277,1277,1.0,0,0
89733,90527,794,0,GE-Phrase,223,89435,91263,1828,794,1.0,298,-736
89733,90527,794,0,NTB,basicamente,89733,90527,794,794,1.0,0,0
101775,103364,1589,0,GE-Phrase,226,101601,103369,1768,1589,1.0,174,-5
101775,103364,1589,0,NTB,aí acho que a Elisa faz assim também,101775,103364,1589,1589,1.0,0,0
106867,108194,1327,0,GE-Phrase,229,105764,107960,2196,1093,0.824,1103,234
106867,108194,1327,0,GE-Phrase,230,107960,110406,2446,234,0.176,-1093,-2212
106867,108194,1327,0,NTB,o que é um statement of purpose,106867,108194,1327,1327,1.0,0,0
108194,108671,477,0,GE-Phrase,230,107960,110406,2446,477,1.0,234,-1735
108194,108671,477,0,NTB,vê,108194,108671,477,477,1.0,0,0
108671,109369,698,0,GE-Phrase,230,107960,110406,2446,698,1.0,711,-1037
108671,109369,698,0,NTB,tipo,108671,109369,698,698,1.0,0,0
109369,110382,1013,0,GE-Phrase,230,107960,110406,2446,1013,1.0,1409,-24
109369,110382,1013,0,NTB,exemplos,109369,110382,1013,1013,1.0,0,0
111370,113448,2078,0,GE-Phrase,232,111344,112091,747,721,0.347,26,1357
111370,113448,2078,0,GE-Phrase,233,112091,112627,536,536,0.258,-721,821
111370,113448,2078,0,GE-Phrase,234,112627,113705,1078,821,0.395,-1257,-257
111370,113448,2078,0,NTB,pra que que aquilo é usado,111370,113448,2078,2078,1.0,0,0
124510,125198,688,0,GE-Phrase,241,121878,125705,3827,688,1.0,2632,-507
124510,125198,688,0,NTB,estruturados,124510,125198,688,688,1.0,0,0
125198,125513,315,0,GE-Phrase,241,121878,125705,3827,315,1.0,3320,-192
125198,125513,315,0,NTB,e tal,125198,125513,315,315,1.0,0,0
45843,46185,342,0,GE-Phrase,201,43285,46196,2911,342,1.0,2558,-11
45843,46185,342,0,NTB,por exemplo,45843,46185,342,342,1.0,0,0
46185,48237,2052,0,GE-Phrase,201,43285,46196,2911,11,0.005,2900,2041
46185,48237,2052,0,GE-Phrase,202,46196,50278,4082,2041,0.995,-11,-2041
46185,48237,2052,0,NTB,se eles vão produzir um statement of purpose,46185,48237,2052,2052,1.0,0,0
48982,50259,1277,0,GE-Phrase,202,46196,50278,4082,1277,1.0,2786,-19
48982,50259,1277,0,NTB,a escrita dele,48982,50259,1277,1277,1.0,0,0
89733,90527,794,0,GE-Phrase,223,89435,91263,1828,794,1.0,298,-736
89733,90527,794,0,NTB,basicamente,89733,90527,794,794,1.0,0,0
101775,103364,1589,0,GE-Phrase,226,101601,103369,1768,1589,1.0,174,-5
101775,103364,1589,0,NTB,aí acho que a Elisa faz assim também,101775,103364,1589,1589,1.0,0,0
106867,108194,1327,0,GE-Phrase,229,105764,107960,2196,1093,0.824,1103,234
106867,108194,1327,0,GE-Phrase,230,107960,110406,2446,234,0.176,-1093,-2212
106867,108194,1327,0,NTB,o que é um statement of purpose,106867,108194,1327,1327,1.0,0,0
108194,108671,477,0,GE-Phrase,230,107960,110406,2446,477,1.0,234,-1735
108194,108671,477,0,NTB,vê,108194,108671,477,477,1.0,0,0
108671,109369,698,0,GE-Phrase,230,107960,110406,2446,698,1.0,711,-1037
108671,109369,698,0,NTB,tipo,108671,109369,698,698,1.0,0,0
109369,110382,1013,0,GE-Phrase,230,107960,110406,2446,1013,1.0,1409,-24
109369,110382,1013,0,NTB,exemplos,109369,110382,1013,1013,1.0,0,0
111370,113448,2078,0,GE-Phrase,232,111344,112091,747,721,0.347,26,1357
111370,113448,2078,0,GE-Phrase,233,112091,112627,536,536,0.258,-721,821
111370,113448,2078,0,GE-Phrase,234,112627,113705,1078,821,0.395,-1257,-257
111370,113448,2078,0,NTB,pra que que aquilo é usado,111370,113448,2078,2078,1.0,0,0
124510,125198,688,0,GE-Phrase,241,121878,125705,3827,688,1.0,2632,-507
124510,125198,688,0,NTB,estruturados,124510,125198,688,688,1.0,0,0
125198,125513,315,0,GE-Phrase,241,121878,125705,3827,315,1.0,3320,-192
125198,125513,315,0,NTB,e tal,125198,125513,315,315,1.0,0,0
45843,46185,342,0,GE-Phrase,201,43285,46196,2911,342,1.0,2558,-11
45843,46185,342,0,NTB,por exemplo,45843,46185,342,342,1.0,0,0
46185,48237,2052,0,GE-Phrase,201,43285,46196,2911,11,0.005,2900,2041
46185,48237,2052,0,GE-Phrase,202,46196,50278,4082,2041,0.995,-11,-2041
46185,48237,2052,0,NTB,se eles vão produzir um statement of purpose,46185,48237,2052,2052,1.0,0,0
48982,50259,1277,0,GE-Phrase,202,46196,50278,4082,1277,1.0,2786,-19
48982,50259,1277,0,NTB,a escrita dele,48982,50259,1277,1277,1.0,0,0
89733,90527,794,0,GE-Phrase,223,89435,91263,1828,794,1.0,298,-736
89733,90527,794,0,NTB,basicamente,89733,90527,794,794,1.0,0,0
101775,103364,1589,0,GE-Phrase,226,101601,103369,1768,1589,1.0,174,-5
101775,103364,1589,0,NTB,aí acho que a Elisa faz assim também,101775,103364,1589,1589,1.0,0,0
106867,108194,1327,0,GE-Phrase,229,105764,107960,2196,1093,0.824,1103,234
106867,108194,1327,0,GE-Phrase,230,107960,110406,2446,234,0.176,-1093,-2212
106867,108194,1327,0,NTB,o que é um statement of purpose,106867,108194,1327,1327,1.0,0,0
108194,108671,477,0,GE-Phrase,230,107960,110406,2446,477,1.0,234,-1735
108194,108671,477,0,NTB,vê,108194,108671,477,477,1.0,0,0
108671,109369,698,0,GE-Phrase,230,107960,110406,2446,698,1.0,711,-1037
108671,109369,698,0,NTB,tipo,108671,109369,698,698,1.0,0,0
109369,110382,1013,0,GE-Phrase,230,107960,110406,2446,1013,1.0,1409,-24
109369,110382,1013,0,NTB,exemplos,109369,110382,1013,1013,1.0,0,0
111370,113448,2078,0,GE-Phrase,232,111344,112091,747,721,0.347,26,1357
111370,113448,2078,0,GE-Phrase,233,112091,112627,536,536,0.258,-721,821
111370,113448,2078,0,GE-Phrase,234,112627,113705,1078,821,0.395,-1257,-257
111370,113448,2078,0,NTB,pra que que aquilo é usado,111370,113448,2078,2078,1.0,0,0
124510,125198,688,0,GE-Phrase,241,121878,125705,3827,688,1.0,2632,-507
124510,125198,688,0,NTB,estruturados,124510,125198,688,688,1.0,0,0
125198,125513,315,0,GE-Phrase,241,121878,125705,3827,315,1.0,3320,-192
125198,125513,315,0,NTB,e tal,125198,125513,315,315,1.0,0,0
45843,46185,342,0,GE-Phrase,201,43285,46196,2911,342,1.0,2558,-11
45843,46185,342,0,NTB,por exemplo,45843,46185,342,342,1.0,0,0
46185,48237,2052,0,GE-Phrase,201,43285,46196,2911,11,0.005,2900,2041
46185,48237,2052,0,GE-Phrase,202,46196,50278,4082,2041,0.995,-11,-2041
46185,48237,2052,0,NTB,se eles vão produzir um statement of purpose,46185,48237,2052,2052,1.0,0,0
48982,50259,1277,0,GE-Phrase,202,46196,50278,4082,1277,1.0,2786,-19
48982,50259,1277,0,NTB,a escrita dele,48982,50259,1277,1277,1.0,0,0
89733,90527,794,0,GE-Phrase,223,89435,91263,1828,794,1.0,298,-736
89733,90527,794,0,NTB,basicamente,89733,90527,794,794,1.0,0,0
101775,103364,1589,0,GE-Phrase,226,101601,103369,1768,1589,1.0,174,-5
101775,103364,1589,0,NTB,aí acho que a Elisa faz assim também,101775,103364,1589,1589,1.0,0,0
106867,108194,1327,0,GE-Phrase,229,105764,107960,2196,1093,0.824,1103,234
106867,108194,1327,0,GE-Phrase,230,107960,110406,2446,234,0.176,-1093,-2212
106867,108194,1327,0,NTB,o que é um statement of purpose,106867,108194,1327,1327,1.0,0,0
108194,108671,477,0,GE-Phrase,230,107960,110406,2446,477,1.0,234,-1735
108194,108671,477,0,NTB,vê,108194,108671,477,477,1.0,0,0
108671,109369,698,0,GE-Phrase,230,107960,110406,2446,698,1.0,711,-1037
108671,109369,698,0,NTB,tipo,108671,109369,698,698,1.0,0,0
109369,110382,1013,0,GE-Phrase,230,107960,110406,2446,1013,1.0,1409,-24
109369,110382,1013,0,NTB,exemplos,109369,110382,1013,1013,1.0,0,0
111370,113448,2078,0,GE-Phrase,232,111344,112091,747,721,0.347,26,1357
111370,113448,2078,0,GE-Phrase,233,112091,112627,536,536,0.258,-721,821
111370,113448,2078,0,GE-Phrase,234,112627,113705,1078,821,0.395,-1257,-257
111370,113448,2078,0,NTB,pra que que aquilo é usado,111370,113448,2078,2078,1.0,0,0
124510,125198,688,0,GE-Phrase,241,121878,125705,3827,688,1.0,2632,-507
124510,125198,688,0,NTB,estruturados,124510,125198,688,688,1.0,0,0
125198,125513,315,0,GE-Phrase,241,121878,125705,3827,315,1.0,3320,-192
125198,125513,315,0,NTB,e tal,125198,125513,315,315,1.0,0,0
45843,46185,342,0,GE-Phrase,201,43285,46196,2911,342,1.0,2558,-11
45843,46185,342,0,NTB,por exemplo,45843,46185,342,342,1.0,0,0
46185,48237,2052,0,GE-Phrase,201,43285,46196,2911,11,0.005,2900,2041
46185,48237,2052,0,GE-Phrase,202,46196,50278,4082,2041,0.995,-11,-2041
46185,48237,2052,0,NTB,se eles vão produzir um statement of purpose,46185,48237,2052,2052,1.0,0,0
48982,50259,1277,0,GE-Phrase,202,46196,50278,4082,1277,1.0,2786,-19
48982,50259,1277,0,NTB,a escrita dele,48982,50259,1277,1277,1.0,0,0
89733,90527,794,0,GE-Phrase,223,89435,91263,1828,794,1.0,298,-736
89733,90527,794,0,NTB,basicamente,89733,90527,794,794,1.0,0,0
101775,103364,1589,0,GE-Phrase,226,101601,103369,1768,1589,1.0,174,-5
101775,103364,1589,0,NTB,aí acho que a Elisa faz assim também,101775,103364,1589,1589,1.0,0,0
106867,108194,1327,0,GE-Phrase,229,105764,107960,2196,1093,0.824,1103,234
106867,108194,1327,0,GE-Phrase,230,107960,110406,2446,234,0.176,-1093,-2212
106867,108194,1327,0,NTB,o que é um statement of purpose,106867,108194,1327,1327,1.0,0,0
108194,108671,477,0,GE-Phrase,230,107960,110406,2446,477,1.0,234,-1735
108194,108671,477,0,NTB,vê,108194,108671,477,477,1.0,0,0
108671,109369,698,0,GE-Phrase,230,107960,110406,2446,698,1.0,711,-1037
108671,109369,698,0,NTB,tipo,108671,109369,698,698,1.0,0,0
109369,110382,1013,0,GE-Phrase,230,107960,110406,2446,1013,1.0,1409,-24
109369,110382,1013,0,NTB,exemplos,109369,110382,1013,1013,1.0,0,0
111370,113448,2078,0,GE-Phrase,232,111344,112091,747,721,0.347,26,1357
111370,113448,2078,0,GE-Phrase,233,112091,112627,536,536,0.258,-721,821
111370,113448,2078,0,GE-Phrase,234,112627,113705,1078,821,0.395,-1257,-257
111370,113448,2078,0,NTB,pra que que aquilo é usado,111370,113448,2078,2078,1.0,0,0
124510,125198,688,0,GE-Phrase,241,121878,125705,3827,688,1.0,2632,-507
124510,125198,688,0,NTB,estruturados,124510,125198,688,688,1.0,0,0
125198,125513,315,0,GE-Phrase,241,121878,125705,3827,315,1.0,3320,-192
125198,125513,315,0,NTB,e tal,125198,125513,315,315,1.0,0,0
45843,46185,342,0,GE-Phrase,201,43285,46196,2911,342,1.0,2558,-11
45843,46185,342,0,NTB,por exemplo,45843,46185,342,342,1.0,0,0
46185,48237,2052,0,GE-Phrase,201,43285,46196,2911,11,0.005,2900,2041
46185,48237,2052,0,GE-Phrase,202,46196,50278,4082,2041,0.995,-11,-2041
46185,48237,2052,0,NTB,se eles vão produzir um statement of purpose,46185,48237,2052,2052,1.0,0,0
48982,50259,1277,0,GE-Phrase,202,46196,50278,4082,1277,1.0,2786,-19
48982,50259,1277,0,NTB,a escrita dele,48982,50259,1277,1277,1.0,0,0
89733,90527,794,0,GE-Phrase,223,89435,91263,1828,794,1.0,298,-736
89733,90527,794,0,NTB,basicamente,89733,90527,794,794,1.0,0,0
101775,103364,1589,0,GE-Phrase,226,101601,103369,1768,1589,1.0,174,-5
101775,103364,1589,0,NTB,aí acho que a Elisa faz assim também,101775,103364,1589,1589,1.0,0,0
106867,108194,1327,0,GE-Phrase,229,105764,107960,2196,1093,0.824,1103,234
106867,108194,1327,0,GE-Phrase,230,107960,110406,2446,234,0.176,-1093,-2212
106867,108194,1327,0,NTB,o que é um statement of purpose,106867,108194,1327,1327,1.0,0,0
108194,108671,477,0,GE-Phrase,230,107960,110406,2446,477,1.0,234,-1735
108194,108671,477,0,NTB,vê,108194,108671,477,477,1.0,0,0
108671,109369,698,0,GE-Phrase,230,107960,110406,2446,698,1.0,711,-1037
108671,109369,698,0,NTB,tipo,108671,109369,698,698,1.0,0,0
109369,110382,1013,0,GE-Phrase,230,107960,110406,2446,1013,1.0,1409,-24
109369,110382,1013,0,NTB,exemplos,109369,110382,1013,1013,1.0,0,0
111370,113448,2078,0,GE-Phrase,232,111344,112091,747,721,0.347,26,1357
111370,113448,2078,0,GE-Phrase,233,112091,112627,536,536,0.258,-721,821
111370,113448,2078,0,GE-Phrase,234,112627,113705,1078,821,0.395,-1257,-257
111370,113448,2078,0,NTB,pra que que aquilo é usado,111370,113448,2078,2078,1.0,0,0
124510,125198,688,0,GE-Phrase,241,121878,125705,3827,688,1.0,2632,-507
124510,125198,688,0,NTB,estruturados,124510,125198,688,688,1.0,0,0
125198,125513,315,0,GE-Phrase,241,121878,125705,3827,315,1.0,3320,-192
125198,125513,315,0,NTB,e tal,125198,125513,315,315,1.0,0,0
45843,46185,342,0,GE-Phrase,201,43285,46196,2911,342,1.0,2558,-11
45843,46185,342,0,NTB,por exemplo,45843,46185,342,342,1.0,0,0
46185,48237,2052,0,GE-Phrase,201,43285,46196,2911,11,0.005,2900,2041
46185,48237,2052,0,GE-Phrase,202,46196,50278,4082,2041,0.995,-11,-2041
46185,48237,2052,0,NTB,se eles vão produzir um statement of purpose,46185,48237,2052,2052,1.0,0,0
48982,50259,1277,0,GE-Phrase,202,46196,50278,4082,1277,1.0,2786,-19
48982,50259,1277,0,NTB,a escrita dele,48982,50259,1277,1277,1.0,0,0
89733,90527,794,0,GE-Phrase,223,89435,91263,1828,794,1.0,298,-736
89733,90527,794,0,NTB,basicamente,89733,90527,794,794,1.0,0,0
101775,103364,1589,0,GE-Phrase,226,101601,103369,1768,1589,1.0,174,-5
101775,103364,1589,0,NTB,aí acho que a Elisa faz assim também,101775,103364,1589,1589,1.0,0,0
106867,108194,1327,0,GE-Phrase,229,105764,107960,2196,1093,0.824,1103,234
106867,108194,1327,0,GE-Phrase,230,107960,110406,2446,234,0.176,-1093,-2212
106867,108194,1327,0,NTB,o que é um statement of purpose,106867,108194,1327,1327,1.0,0,0
108194,108671,477,0,GE-Phrase,230,107960,110406,2446,477,1.0,234,-1735
108194,108671,477,0,NTB,vê,108194,108671,477,477,1.0,0,0
108671,109369,698,0,GE-Phrase,230,107960,110406,2446,698,1.0,711,-1037
108671,109369,698,0,NTB,tipo,108671,109369,698,698,1.0,0,0
109369,110382,1013,0,GE-Phrase,230,107960,110406,2446,1013,1.0,1409,-24
109369,110382,1013,0,NTB,exemplos,109369,110382,1013,1013,1.0,0,0
111370,113448,2078,0,GE-Phrase,232,111344,112091,747,721,0.347,26,1357
111370,113448,2078,0,GE-Phrase,233,112091,112627,536,536,0.258,-721,821
111370,113448,2078,0,GE-Phrase,234,112627,113705,1078,821,0.395,-1257,-257
111370,113448,2078,0,NTB,pra que que aquilo é usado,111370,113448,2078,2078,1.0,0,0
124510,125198,688,0,GE-Phrase,241,121878,125705,3827,688,1.0,2632,-507
124510,125198,688,0,NTB,estruturados,124510,125198,688,688,1.0,0,0
125198,125513,315,0,GE-Phrase,241,121878,125705,3827,315,1.0,3320,-192
125198,125513,315,0,NTB,e tal,125198,125513,315,315,1.0,0,0
45843,46185,342,0,GE-Phrase,201,43285,46196,2911,342,1.0,2558,-11
45843,46185,342,0,NTB,por exemplo,45843,46185,342,342,1.0,0,0
46185,48237,2052,0,GE-Phrase,201,43285,46196,2911,11,0.005,2900,2041
46185,48237,2052,0,GE-Phrase,202,46196,50278,4082,2041,0.995,-11,-2041
46185,48237,2052,0,NTB,se eles vão produzir um statement of purpose,46185,48237,2052,2052,1.0,0,0
48982,50259,1277,0,GE-Phrase,202,46196,50278,4082,1277,1.0,2786,-19
48982,50259,1277,0,NTB,a escrita dele,48982,50259,1277,1277,1.0,0,0
89733,90527,794,0,GE-Phrase,223,89435,91263,1828,794,1.0,298,-736
89733,90527,794,0,NTB,basicamente,89733,90527,794,794,1.0,0,0
101775,103364,1589,0,GE-Phrase,226,101601,103369,1768,1589,1.0,174,-5
101775,103364,1589,0,NTB,aí acho que a Elisa faz assim também,101775,103364,1589,1589,1.0,0,0
106867,108194,1327,0,GE-Phrase,229,105764,107960,2196,1093,0.824,1103,234
106867,108194,1327,0,GE-Phrase,230,107960,110406,2446,234,0.176,-1093,-2212
106867,108194,1327,0,NTB,o que é um statement of purpose,106867,108194,1327,1327,1.0,0,0
108194,108671,477,0,GE-Phrase,230,107960,110406,2446,477,1.0,234,-1735
108194,108671,477,0,NTB,vê,108194,108671,477,477,1.0,0,0
108671,109369,698,0,GE-Phrase,230,107960,110406,2446,698,1.0,711,-1037
108671,109369,698,0,NTB,tipo,108671,109369,698,698,1.0,0,0
109369,110382,1013,0,GE-Phrase,230,107960,110406,2446,1013,1.0,1409,-24
109369,110382,1013,0,NTB,exemplos,109369,110382,1013,1013,1.0,0,0
111370,113448,2078,0,GE-Phrase,232,111344,112091,747,721,0.347,26,1357
111370,113448,2078,0,GE-Phrase,233,112091,112627,536,536,0.258,-721,821
111370,113448,2078,0,GE-Phrase,234,112627,113705,1078,821,0.395,-1257,-257
111370,113448,2078,0,NTB,pra que que aquilo é usado,111370,113448,2078,2078,1.0,0,0
124510,125198,688,0,GE-Phrase,241,121878,125705,3827,688,1.0,2632,-507
124510,125198,688,0,NTB,estruturados,124510,125198,688,688,1.0,0,0
125198,125513,315,0,GE-Phrase,241,121878,125705,3827,315,1.0,3320,-192
125198,125513,315,0,NTB,e tal,125198,125513,315,315,1.0,0,0
45843,46185,342,0,GE-Phrase,201,43285,46196,2911,342,1.0,2558,-11
45843,46185,342,0,NTB,por exemplo,45843,46185,342,342,1.0,0,0
46185,48237,2052,0,GE-Phrase,201,43285,46196,2911,11,0.005,2900,2041
46185,48237,2052,0,GE-Phrase,202,46196,50278,4082,2041,0.995,-11,-2041
46185,48237,2052,0,NTB,se eles vão produzir um statement of purpose,46185,48237,2052,2052,1.0,0,0
48982,50259,1277,0,GE-Phrase,202,46196,50278,4082,1277,1.0,2786,-19
48982,50259,1277,0,NTB,a escrita dele,48982,50259,1277,1277,1.0,0,0
89733,90527,794,0,GE-Phrase,223,89435,91263,1828,794,1.0,298,-736
89733,90527,794,0,NTB,basicamente,89733,90527,794,794,1.0,0,0
101775,103364,1589,0,GE-Phrase,226,101601,103369,1768,1589,1.0,174,-5
101775,103364,1589,0,NTB,aí acho que a Elisa faz assim também,101775,103364,1589,1589,1.0,0,0
106867,108194,1327,0,GE-Phrase,229,105764,107960,2196,1093,0.824,1103,234
106867,108194,1327,0,GE-Phrase,230,107960,110406,2446,234,0.176,-1093,-2212
106867,108194,1327,0,NTB,o que é um statement of purpose,106867,108194,1327,1327,1.0,0,0
108194,108671,477,0,GE-Phrase,230,107960,110406,2446,477,1.0,234,-1735
108194,108671,477,0,NTB,vê,108194,108671,477,477,1.0,0,0
108671,109369,698,0,GE-Phrase,230,107960,110406,2446,698,1.0,711,-1037
108671,109369,698,0,NTB,tipo,108671,109369,698,698,1.0,0,0
109369,110382,1013,0,GE-Phrase,230,107960,110406,2446,1013,1.0,1409,-24
109369,110382,1013,0,NTB,exemplos,109369,110382,1013,1013,1.0,0,0
111370,113448,2078,0,GE-Phrase,232,111344,112091,747,721,0.347,26,1357
111370,113448,2078,0,GE-Phrase,233,112091,112627,536,536,0.258,-721,821
111370,113448,2078,0,GE-Phrase,234,112627,113705,1078,821,0.395,-1257,-257
111370,113448,2078,0,NTB,pra que que aquilo é usado,111370,113448,2078,2078,1.0,0,0
124510,125198,688,0,GE-Phrase,241,121878,125705,3827,688,1.0,2632,-507
124510,125198,688,0,NTB,estruturados,124510,125198,688,688,1.0,0,0
125198,125513,315,0,GE-Phrase,241,121878,125705,3827,315,1.0,3320,-192
125198,125513,315,0,NTB,e tal,125198,125513,315,315,1.0,0,0
45843,46185,342,0,GE-Phrase,201,43285,46196,2911,342,1.0,2558,-11
45843,46185,342,0,NTB,por exemplo,45843,46185,342,342,1.0,0,0
46185,48237,2052,0,GE-Phrase,201,43285,46196,2911,11,0.005,2900,2041
46185,48237,2052,0,GE-Phrase,202,46196,50278,4082,2041,0.995,-11,-2041
46185,48237,2052,0,NTB,se eles vão produzir um statement of purpose,46185,48237,2052,2052,1.0,0,0
48982,50259,1277,0,GE-Phrase,202,46196,50278,4082,1277,1.0,2786,-19
48982,50259,1277,0,NTB,a escrita dele,48982,50259,1277,1277,1.0,0,0
89733,90527,794,0,GE-Phrase,223,89435,91263,1828,794,1.0,298,-736
89733,90527,794,0,NTB,basicamente,89733,90527,794,794,1.0,0,0
101775,103364,1589,0,GE-Phrase,226,101601,103369,1768,1589,1.0,174,-5
101775,103364,1589,0,NTB,aí acho que a Elisa faz assim também,101775,103364,1589,1589,1.0,0,0
106867,108194,1327,0,GE-Phrase,229,105764,107960,2196,1093,0.824,1103,234
106867,108194,1327,0,GE-Phrase,230,107960,110406,2446,234,0.176,-1093,-2212
106867,108194,1327,0,NTB,o que é um statement of purpose,106867,108194,1327,1327,1.0,0,0
108194,108671,477,0,GE-Phrase,230,107960,110406,2446,477,1.0,234,-1735
108194,108671,477,0,NTB,vê,108194,108671,477,477,1.0,0,0
108671,109369,698,0,GE-Phrase,230,107960,110406,2446,698,1.0,711,-1037
108671,109369,698,0,NTB,tipo,108671,109369,698,698,1.0,0,0
109369,110382,1013,0,GE-Phrase,230,107960,110406,2446,1013,1.0,1409,-24
109369,110382,1013,0,NTB,exemplos,109369,110382,1013,1013,1.0,0,0
111370,113448,2078,0,GE-Phrase,232,111344,112091,747,721,0.347,26,1357
111370,113448,2078,0,GE-Phrase,233,112091,112627,536,536,0.258,-721,821
111370,113448,2078,0,GE-Phrase,234,112627,113705,1078,821,0.395,-1257,-257
111370,113448,2078,0,NTB,pra que que aquilo é usado,111370,113448,2078,2078,1.0,0,0
124510,125198,688,0,GE-Phrase,241,121878,125705,3827,688,1.0,2632,-507
124510,125198,688,0,NTB,estruturados,124510,125198,688,688,1.0,0,0
125198,125513,315,0,GE-Phrase,241,121878,125705,3827,315,1.0,3320,-192
125198,125513,315,0,NTB,e tal,125198,125513,315,315,1.0,0,0
45843,46185,342,0,GE-Phrase,201,43285,46196,2911,342,1.0,2558,-11
45843,46185,342,0,NTB,por exemplo,45843,46185,342,342,1.0,0,0
46185,48237,2052,0,GE-Phrase,201,43285,46196,2911,11,0.005,2900,2041
46185,48237,2052,0,GE-Phrase,202,46196,50278,4082,2041,0.995,-11,-2041
46185,48237,2052,0,NTB,se eles vão produzir um statement of purpose,46185,48237,2052,2052,1.0,0,0
48982,50259,1277,0,GE-Phrase,202,46196,50278,4082,1277,1.0,2786,-19
48982,50259,1277,0,NTB,a escrita dele,48982,50259,1277,1277,1.0,0,0
89733,90527,794,0,GE-Phrase,223,89435,91263,1828,794,1.0,298,-736
89733,90527,794,0,NTB,basicamente,89733,90527,794,794,1.0,0,0
101775,103364,1589,0,GE-Phrase,226,101601,103369,1768,1589,1.0,174,-5
101775,103364,1589,0,NTB,aí acho que a Elisa faz assim também,101775,103364,1589,1589,1.0,0,0
106867,108194,1327,0,GE-Phrase,229,105764,107960,2196,1093,0.824,1103,234
106867,108194,1327,0,GE-Phrase,230,107960,110406,2446,234,0.176,-1093,-2212
106867,108194,1327,0,NTB,o que é um statement of purpose,106867,108194,1327,1327,1.0,0,0
108194,108671,477,0,GE-Phrase,230,107960,110406,2446,477,1.0,234,-1735
108194,108671,477,0,NTB,vê,108194,108671,477,477,1.0,0,0
108671,109369,698,0,GE-Phrase,230,107960,110406,2446,698,1.0,711,-1037
108671,109369,698,0,NTB,tipo,108671,109369,698,698,1.0,0,0
109369,110382,1013,0,GE-Phrase,230,107960,110406,2446,1013,1.0,1409,-24
109369,110382,1013,0,NTB,exemplos,109369,110382,1013,1013,1.0,0,0
111370,113448,2078,0,GE-Phrase,232,111344,112091,747,721,0.347,26,1357
111370,113448,2078,0,GE-Phrase,233,112091,112627,536,536,0.258,-721,821
111370,113448,2078,0,GE-Phrase,234,112627,113705,1078,821,0.395,-1257,-257
111370,113448,2078,0,NTB,pra que que aquilo é usado,111370,113448,2078,2078,1.0,0,0
124510,125198,688,0,GE-Phrase,241,121878,125705,3827,688,1.0,2632,-507
124510,125198,688,0,NTB,estruturados,124510,125198,688,688,1.0,0,0
125198,125513,315,0,GE-Phrase,241,121878,125705,3827,315,1.0,3320,-192
125198,125513,315,0,NTB,e tal,125198,125513,315,315,1.0,0,0
45843,46185,342,0,GE-Phrase,201,43285,46196,2911,342,1.0,2558,-11
45843,46185,342,0,NTB,por exemplo,45843,46185,342,342,1.0,0,0
46185,48237,2052,0,GE-Phrase,201,43285,46196,2911,11,0.005,2900,2041
46185,48237,2052,0,GE-Phrase,202,46196,50278,4082,2041,0.995,-11,-2041
46185,48237,2052,0,NTB,se eles vão produzir um statement of purpose,46185,48237,2052,2052,1.0,0,0
48982,50259,1277,0,GE-Phrase,202,46196,50278,4082,1277,1.0,2786,-19
48982,50259,1277,0,NTB,a escrita dele,48982,50259,1277,1277,1.0,0,0
89733,90527,794,0,GE-Phrase,223,89435,91263,1828,794,1.0,298,-736
89733,90527,794,0,NTB,basicamente,89733,90527,794,794,1.0,0,0
101775,103364,1589,0,GE-Phrase,226,101601,103369,1768,1589,1.0,174,-5
101775,103364,1589,0,NTB,aí acho que a Elisa faz assim também,101775,103364,1589,1589,1.0,0,0
106867,108194,1327,0,GE-Phrase,229,105764,107960,2196,1093,0.824,1103,234
106867,108194,1327,0,GE-Phrase,230,107960,110406,2446,234,0.176,-1093,-2212
106867,108194,1327,0,NTB,o que é um statement of purpose,106867,108194,1327,1327,1.0,0,0
108194,108671,477,0,GE-Phrase,230,107960,110406,2446,477,1.0,234,-1735
108194,108671,477,0,NTB,vê,108194,108671,477,477,1.0,0,0
108671,109369,698,0,GE-Phrase,230,107960,110406,2446,698,1.0,711,-1037
108671,109369,698,0,NTB,tipo,108671,109369,698,698,1.0,0,0
109369,110382,1013,0,GE-Phrase,230,107960,110406,2446,1013,1.0,1409,-24
109369,110382,1013,0,NTB,exemplos,109369,110382,1013,1013,1.0,0,0
111370,113448,2078,0,GE-Phrase,232,111344,112091,747,721,0.347,26,1357
111370,113448,2078,0,GE-Phrase,233,112091,112627,536,536,0.258,-721,821
111370,113448,2078,0,GE-Phrase,234,112627,113705,1078,821,0.395,-1257,-257
111370,113448,2078,0,NTB,pra que que aquilo é usado,111370,113448,2078,2078,1.0,0,0
124510,125198,688,0,GE-Phrase,241,121878,125705,3827,688,1.0,2632,-507
124510,125198,688,0,NTB,estruturados,124510,125198,688,688,1.0,0,0
125198,125513,315,0,GE-Phrase,241,121878,125705,3827,315,1.0,3320,-192
125198,125513,315,0,NTB,e tal,125198,125513,315,315,1.0,0,0
45843,46185,342,0,GE-Phrase,201,43285,46196,2911,342,1.0,2558,-11
45843,46185,342,0,NTB,por exemplo,45843,46185,342,342,1.0,0,0
46185,48237,2052,0,GE-Phrase,201,43285,46196,2911,11,0.005,2900,2041
46185,48237,2052,0,GE-Phrase,202,46196,50278,4082,2041,0.995,-11,-2041
46185,48237,2052,0,NTB,se eles vão produzir um statement of purpose,46185,48237,2052,2052,1.0,0,0
48982,50259,1277,0,GE-Phrase,202,46196,50278,4082,1277,1.0,2786,-19
48982,50259,1277,0,NTB,a escrita dele,48982,50259,1277,1277,1.0,0,0
89733,90527,794,0,GE-Phrase,223,89435,91263,1828,794,1.0,298,-736
89733,90527,794,0,NTB,basicamente,89733,90527,794,794,1.0,0,0
101775,103364,1589,0,GE-Phrase,226,101601,103369,1768,1589,1.0,174,-5
101775,103364,1589,0,NTB,aí acho que a Elisa faz assim também,101775,103364,1589,1589,1.0,0,0
106867,108194,1327,0,GE-Phrase,229,105764,107960,2196,1093,0.824,1103,234
106867,108194,1327,0,GE-Phrase,230,107960,110406,2446,234,0.176,-1093,-2212
106867,108194,1327,0,NTB,o que é um statement of purpose,106867,108194,1327,1327,1.0,0,0
108194,108671,477,0,GE-Phrase,230,107960,110406,2446,477,1.0,234,-1735
108194,108671,477,0,NTB,vê,108194,108671,477,477,1.0,0,0
108671,109369,698,0,GE-Phrase,230,107960,110406,2446,698,1.0,711,-1037
108671,109369,698,0,NTB,tipo,108671,109369,698,698,1.0,0,0
109369,110382,1013,0,GE-Phrase,230,107960,110406,2446,1013,1.0,1409,-24
109369,110382,1013,0,NTB,exemplos,109369,110382,1013,1013,1.0,0,0
111370,113448,2078,0,GE-Phrase,232,111344,112091,747,721,0.347,26,1357
111370,113448,2078,0,GE-Phrase,233,112091,112627,536,536,0.258,-721,821
111370,113448,2078,0,GE-Phrase,234,112627,113705,1078,821,0.395,-1257,-257
111370,113448,2078,0,NTB,pra que que aquilo é usado,111370,113448,2078,2078,1.0,0,0
124510,125198,688,0,GE-Phrase,241,121878,125705,3827,688,1.0,2632,-507
124510,125198,688,0,NTB,estruturados,124510,125198,688,688,1.0,0,0
125198,125513,315,0,GE-Phrase,241,121878,125705,3827,315,1.0,3320,-192
125198,125513,315,0,NTB,e tal,125198,125513,315,315,1.0,0,0
45843,46185,342,0,GE-Phrase,201,43285,46196,2911,342,1.0,2558,-11
45843,46185,342,0,NTB,por exemplo,45843,46185,342,342,1.0,0,0
46185,48237,2052,0,GE-Phrase,201,43285,46196,2911,11,0.005,2900,2041
46185,48237,2052,0,GE-Phrase,202,46196,50278,4082,2041,0.995,-11,-2041
46185,48237,2052,0,NTB,se eles vão produzir um statement of purpose,46185,48237,2052,2052,1.0,0,0
48982,50259,1277,0,GE-Phrase,202,46196,50278,4082,1277,1.0,2786,-19
48982,50259,1277,0,NTB,a escrita dele,48982,50259,1277,1277,1.0,0,0
89733,90527,794,0,GE-Phrase,223,89435,91263,1828,794,1.0,298,-736
89733,90527,794,0,NTB,basicamente,89733,90527,794,794,1.0,0,0
101775,103364,1589,0,GE-Phrase,226,101601,103369,1768,1589,1.0,174,-5
101775,103364,1589,0,NTB,aí acho que a Elisa faz assim também,101775,103364,1589,1589,1.0,0,0
106867,108194,1327,0,GE-Phrase,229,105764,107960,2196,1093,0.824,1103,234
106867,108194,1327,0,GE-Phrase,230,107960,110406,2446,234,0.176,-1093,-2212
106867,108194,1327,0,NTB,o que é um statement of purpose,106867,108194,1327,1327,1.0,0,0
108194,108671,477,0,GE-Phrase,230,107960,110406,2446,477,1.0,234,-1735
108194,108671,477,0,NTB,vê,108194,108671,477,477,1.0,0,0
108671,109369,698,0,GE-Phrase,230,107960,110406,2446,698,1.0,711,-1037
108671,109369,698,0,NTB,tipo,108671,109369,698,698,1.0,0,0
109369,110382,1013,0,GE-Phrase,230,107960,110406,2446,1013,1.0,1409,-24
109369,110382,1013,0,NTB,exemplos,109369,110382,1013,1013,1.0,0,0
111370,113448,2078,0,GE-Phrase,232,111344,112091,747,721,0.347,26,1357
111370,113448,2078,0,GE-Phrase,233,112091,112627,536,536,0.258,-721,821
111370,113448,2078,0,GE-Phrase,234,112627,113705,1078,821,0.395,-1257,-257
111370,113448,2078,0,NTB,pra que que aquilo é usado,111370,113448,2078,2078,1.0,0,0
124510,125198,688,0,GE-Phrase,241,121878,125705,3827,688,1.0,2632,-507
124510,125198,688,0,NTB,estruturados,124510,125198,688,688,1.0,0,0
125198,125513,315,0,GE-Phrase,241,121878,125705,3827,315,1.0,3320,-192
125198,125513,315,0,NTB,e tal,125198,125513,315,315,1.0,0,0
45843,46185,342,0,GE-Phrase,201,43285,46196,2911,342,1.0,2558,-11
45843,46185,342,0,NTB,por exemplo,45843,46185,342,342,1.0,0,0
46185,48237,2052,0,GE-Phrase,201,43285,46196,2911,11,0.005,2900,2041
46185,48237,2052,0,GE-Phrase,202,46196,50278,4082,2041,0.995,-11,-2041
46185,48237,2052,0,NTB,se eles vão produzir um statement of purpose,46185,48237,2052,2052,1.0,0,0
48982,50259,1277,0,GE-Phrase,202,46196,50278,4082,1277,1.0,2786,-19
48982,50259,1277,0,NTB,a escrita dele,48982,50259,1277,1277,1.0,0,0
89733,90527,794,0,GE-Phrase,223,89435,91263,1828,794,1.0,298,-736
89733,90527,794,0,NTB,basicamente,89733,90527,794,794,1.0,0,0
101775,103364,1589,0,GE-Phrase,226,101601,103369,1768,1589,1.0,174,-5
101775,103364,1589,0,NTB,aí acho que a Elisa faz assim também,101775,103364,1589,1589,1.0,0,0
106867,108194,1327,0,GE-Phrase,229,105764,107960,2196,1093,0.824,1103,234
106867,108194,1327,0,GE-Phrase,230,107960,110406,2446,234,0.176,-1093,-2212
106867,108194,1327,0,NTB,o que é um statement of purpose,106867,108194,1327,1327,1.0,0,0
108194,108671,477,0,GE-Phrase,230,107960,110406,2446,477,1.0,234,-1735
108194,108671,477,0,NTB,vê,108194,108671,477,477,1.0,0,0
108671,109369,698,0,GE-Phrase,230,107960,110406,2446,698,1.0,711,-1037
108671,109369,698,0,NTB,tipo,108671,109369,698,698,1.0,0,0
109369,110382,1013,0,GE-Phrase,230,107960,110406,2446,1013,1.0,1409,-24
109369,110382,1013,0,NTB,exemplos,109369,110382,1013,1013,1.0,0,0
111370,113448,2078,0,GE-Phrase,232,111344,112091,747,721,0.347,26,1357
111370,113448,2078,0,GE-Phrase,233,112091,112627,536,536,0.258,-721,821
111370,113448,2078,0,GE-Phrase,234,112627,113705,1078,821,0.395,-1257,-257
111370,113448,2078,0,NTB,pra que que aquilo é usado,111370,113448,2078,2078,1.0,0,0
124510,125198,688,0,GE-Phrase,241,121878,125705,3827,688,1.0,2632,-507
124510,125198,688,0,NTB,estruturados,124510,125198,688,688,1.0,0,0
125198,125513,315,0,GE-Phrase,241,121878,125705,3827,315,1.0,3320,-192
125198,125513,315,0,NTB,e tal,125198,125513,315,315,1.0,0,0
45843,46185,342,0,GE-Phrase,201,43285,46196,2911,342,1.0,2558,-11
45843,46185,342,0,NTB,por exemplo,45843,46185,342,342,1.0,0,0
46185,48237,2052,0,GE-Phrase,201,43285,46196,2911,11,0.005,2900,2041
46185,48237,2052,0,GE-Phrase,202,46196,50278,4082,2041,0.995,-11,-2041
46185,48237,2052,0,NTB,se eles vão produzir um statement of purpose,46185,48237,2052,2052,1.0,0,0
48982,50259,1277,0,GE-Phrase,202,46196,50278,4082,1277,1.0,2786,-19
48982,50259,1277,0,NTB,a escrita dele,48982,50259,1277,1277,1.0,0,0
89733,90527,794,0,GE-Phrase,223,89435,91263,1828,794,1.0,298,-736
89733,90527,794,0,NTB,basicamente,89733,90527,794,794,1.0,0,0
101775,103364,1589,0,GE-Phrase,226,101601,103369,1768,1589,1.0,174,-5
101775,103364,1589,0,NTB,aí acho que a Elisa faz assim também,101775,103364,1589,1589,1.0,0,0
106867,108194,1327,0,GE-Phrase,229,105764,107960,2196,1093,0.824,1103,234
106867,108194,1327,0,GE-Phrase,230,107960,110406,2446,234,0.176,-1093,-2212
106867,108194,1327,0,NTB,o que é um statement of purpose,106867,108194,1327,1327,1.0,0,0
108194,108671,477,0,GE-Phrase,230,107960,110406,2446,477,1.0,234,-1735
108194,108671,477,0,NTB,vê,108194,108671,477,477,1.0,0,0
108671,109369,698,0,GE-Phrase,230,107960,110406,2446,698,1.0,711,-1037
108671,109369,698,0,NTB,tipo,108671,109369,698,698,1.0,0,0
109369,110382,1013,0,GE-Phrase,230,107960,110406,2446,1013,1.0,1409,-24
109369,110382,1013,0,NTB,exemplos,109369,110382,1013,1013,1.0,0,0
111370,113448,2078,0,GE-Phrase,232,111344,112091,747,721,0.347,26,1357
111370,113448,2078,0,GE-Phrase,233,112091,112627,536,536,0.258,-721,821
111370,113448,2078,0,GE-Phrase,234,112627,113705,1078,821,0.395,-1257,-257
111370,113448,2078,0,NTB,pra que que aquilo é usado,111370,113448,2078,2078,1.0,0,0
124510,125198,688,0,GE-Phrase,241,121878,125705,3827,688,1.0,2632,-507
124510,125198,688,0,NTB,estruturados,124510,125198,688,688,1.0,0,0
125198,125513,315,0,GE-Phrase,241,121878,125705,3827,315,1.0,3320,-192
125198,125513,315,0,NTB,e tal,125198,125513,315,315,1.0,0,0
45843,46185,342,0,GE-Phrase,201,43285,46196,2911,342,1.0,2558,-11
45843,46185,342,0,NTB,por exemplo,45843,46185,342,342,1.0,0,0
46185,48237,2052,0,GE-Phrase,201,43285,46196,2911,11,0.005,2900,2041
46185,48237,2052,0,GE-Phrase,202,46196,50278,4082,2041,0.995,-11,-2041
46185,48237,2052,0,NTB,se eles vão produzir um statement of purpose,46185,48237,2052,2052,1.0,0,0
48982,50259,1277,0,GE-Phrase,202,46196,50278,4082,1277,1.0,2786,-19
48982,50259,1277,0,NTB,a escrita dele,48982,50259,1277,1277,1.0,0,0
89733,90527,794,0,GE-Phrase,223,89435,91263,1828,794,1.0,298,-736
89733,90527,794,0,NTB,basicamente,89733,90527,794,794,1.0,0,0
101775,103364,1589,0,GE-Phrase,226,101601,103369,1768,1589,1.0,174,-5
101775,103364,1589,0,NTB,aí acho que a Elisa faz assim também,101775,103364,1589,1589,1.0,0,0
106867,108194,1327,0,GE-Phrase,229,105764,107960,2196,1093,0.824,1103,234
106867,108194,1327,0,GE-Phrase,230,107960,110406,2446,234,0.176,-1093,-2212
106867,108194,1327,0,NTB,o que é um statement of purpose,106867,108194,1327,1327,1.0,0,0
108194,108671,477,0,GE-Phrase,230,107960,110406,2446,477,1.0,234,-1735
108194,108671,477,0,NTB,vê,108194,108671,477,477,1.0,0,0
108671,109369,698,0,GE-Phrase,230,107960,110406,2446,698,1.0,711,-1037
108671,109369,698,0,NTB,tipo,108671,109369,698,698,1.0,0,0
109369,110382,1013,0,GE-Phrase,230,107960,110406,2446,1013,1.0,1409,-24
109369,110382,1013,0,NTB,exemplos,109369,110382,1013,1013,1.0,0,0
111370,113448,2078,0,GE-Phrase,232,111344,112091,747,721,0.347,26,1357
111370,113448,2078,0,GE-Phrase,233,112091,112627,536,536,0.258,-721,821
111370,113448,2078,0,GE-Phrase,234,112627,113705,1078,821,0.395,-1257,-257
111370,113448,2078,0,NTB,pra que que aquilo é usado,111370,113448,2078,2078,1.0,0,0
124510,125198,688,0,GE-Phrase,241,121878,125705,3827,688,1.0,2632,-507
124510,125198,688,0,NTB,estruturados,124510,125198,688,688,1.0,0,0
125198,125513,315,0,GE-Phrase,241,121878,125705,3827,315,1.0,3320,-192
125198,125513,315,0,NTB,e tal,125198,125513,315,315,1.0,0,0
45843,46185,342,0,GE-Phrase,201,43285,46196,2911,342,1.0,2558,-11
45843,46185,342,0,NTB,por exemplo,45843,46185,342,342,1.0,0,0
46185,48237,2052,0,GE-Phrase,201,43285,46196,2911,11,0.005,2900,2041
46185,48237,2052,0,GE-Phrase,202,46196,50278,4082,2041,0.995,-11,-2041
46185,48237,2052,0,NTB,se eles vão produzir um statement of purpose,46185,48237,2052,2052,1.0,0,0
48982,50259,1277,0,GE-Phrase,202,46196,50278,4082,1277,1.0,2786,-19
48982,50259,1277,0,NTB,a escrita dele,48982,50259,1277,1277,1.0,0,0
89733,90527,794,0,GE-Phrase,223,89435,91263,1828,794,1.0,298,-736
89733,90527,794,0,NTB,basicamente,89733,90527,794,794,1.0,0,0
101775,103364,1589,0,GE-Phrase,226,101601,103369,1768,1589,1.0,174,-5
101775,103364,1589,0,NTB,aí acho que a Elisa faz assim também,101775,103364,1589,1589,1.0,0,0
106867,108194,1327,0,GE-Phrase,229,105764,107960,2196,1093,0.824,1103,234
106867,108194,1327,0,GE-Phrase,230,107960,110406,2446,234,0.176,-1093,-2212
106867,108194,1327,0,NTB,o que é um statement of purpose,106867,108194,1327,1327,1.0,0,0
108194,108671,477,0,GE-Phrase,230,107960,110406,2446,477,1.0,234,-1735
108194,108671,477,0,NTB,vê,108194,108671,477,477,1.0,0,0
108671,109369,698,0,GE-Phrase,230,107960,110406,2446,698,1.0,711,-1037
108671,109369,698,0,NTB,tipo,108671,109369,698,698,1.0,0,0
109369,110382,1013,0,GE-Phrase,230,107960,110406,2446,1013,1.0,1409,-24
109369,110382,1013,0,NTB,exemplos,109369,110382,1013,1013,1.0,0,0
111370,113448,2078,0,GE-Phrase,232,111344,112091,747,721,0.347,26,1357
111370,113448,2078,0,GE-Phrase,233,112091,112627,536,536,0.258,-721,821
111370,113448,2078,0,GE-Phrase,234,112627,113705,1078,821,0.395,-1257,-257
111370,113448,2078,0,NTB,pra que que aquilo é usado,111370,113448,2078,2078,1.0,0,0
124510,125198,688,0,GE-Phrase,241,121878,125705,3827,688,1.0,2632,-507
124510,125198,688,0,NTB,estruturados,124510,125198,688,688,1.0,0,0
125198,125513,315,0,GE-Phrase,241,121878,125705,3827,315,1.0,3320,-192
125198,125513,315,0,NTB,e tal,125198,125513,315,315,1.0,0,0
45843,46185,342,0,GE-Phrase,201,43285,46196,2911,342,1.0,2558,-11
45843,46185,342,0,NTB,por exemplo,45843,46185,342,342,1.0,0,0
46185,48237,2052,0,GE-Phrase,201,43285,46196,2911,11,0.005,2900,2041
46185,48237,2052,0,GE-Phrase,202,46196,50278,4082,2041,0.995,-11,-2041
46185,48237,2052,0,NTB,se eles vão produzir um statement of purpose,46185,48237,2052,2052,1.0,0,0
48982,50259,1277,0,GE-Phrase,202,46196,50278,4082,1277,1.0,2786,-19
48982,50259,1277,0,NTB,a escrita dele,48982,50259,1277,1277,1.0,0,0
89733,90527,794,0,GE-Phrase,223,89435,91263,1828,794,1.0,298,-736
89733,90527,794,0,NTB,basicamente,89733,90527,794,794,1.0,0,0
101775,103364,1589,0,GE-Phrase,226,101601,103369,1768,1589,1.0,174,-5
101775,103364,1589,0,NTB,aí acho que a Elisa faz assim também,101775,103364,1589,1589,1.0,0,0
106867,108194,1327,0,GE-Phrase,229,105764,107960,2196,1093,0.824,1103,234
106867,108194,1327,0,GE-Phrase,230,107960,110406,2446,234,0.176,-1093,-2212
106867,108194,1327,0,NTB,o que é um statement of purpose,106867,108194,1327,1327,1.0,0,0
108194,108671,477,0,GE-Phrase,230,107960,110406,2446,477,1.0,234,-1735
108194,108671,477,0,NTB,vê,108194,108671,477,477,1.0,0,0
108671,109369,698,0,GE-Phrase,230,107960,110406,2446,698,1.0,711,-1037
108671,109369,698,0,NTB,tipo,108671,109369,698,698,1.0,0,0
109369,110382,1013,0,GE-Phrase,230,107960,110406,2446,1013,1.0,1409,-24
109369,110382,1013,0,NTB,exemplos,109369,110382,1013,1013,1.0,0,0
111370,113448,2078,0,GE-Phrase,232,111344,112091,747,721,0.347,26,1357
111370,113448,2078,0,GE-Phrase,233,112091,112627,536,536,0.258,-721,821
111370,113448,2078,0,GE-Phrase,234,112627,113705,1078,821,0.395,-1257,-257
111370,113448,2078,0,NTB,pra que que aquilo é usado,111370,113448,2078,2078,1.0,0,0
124510,125198,688,0,GE-Phrase,241,121878,125705,3827,688,1.0,2632,-507
124510,125198,688,0,NTB,estruturados,124510,125198,688,688,1.0,0,0
125198,125513,315,0,GE-Phrase,241,121878,125705,3827,315,1.0,3320,-192
125198,125513,315,0,NTB,e tal,125198,125513,315,315,1.0,0,0
45843,46185,342,0,GE-Phrase,201,43285,46196,2911,342,1.0,2558,-11
45843,46185,342,0,NTB,por exemplo,45843,46185,342,342,1.0,0,0
46185,48237,2052,0,GE-Phrase,201,43285,46196,2911,11,0.005,2900,2041
46185,48237,2052,0,GE-Phrase,202,46196,50278,4082,2041,0.995,-11,-2041
46185,48237,2052,0,NTB,se eles vão produzir um statement of purpose,46185,48237,2052,2052,1.0,0,0
48982,50259,1277,0,GE-Phrase,202,46196,50278,4082,1277,1.0,2786,-19
48982,50259,1277,0,NTB,a escrita dele,48982,50259,1277,1277,1.0,0,0
89733,90527,794,0,GE-Phrase,223,89435,91263,1828,794,1.0,298,-736
89733,90527,794,0,NTB,basicamente,89733,90527,794,794,1.0,0,0
101775,103364,1589,0,GE-Phrase,226,101601,103369,1768,1589,1.0,174,-5
101775,103364,1589,0,NTB,aí acho que a Elisa faz assim também,101775,103364,1589,1589,1.0,0,0
106867,108194,1327,0,GE-Phrase,229,105764,107960,2196,1093,0.824,1103,234
106867,108194,1327,0,GE-Phrase,230,107960,110406,2446,234,0.176,-1093,-2212
106867,108194,1327,0,NTB,o que é um statement of purpose,106867,108194,1327,1327,1.0,0,0
108194,108671,477,0,GE-Phrase,230,107960,110406,2446,477,1.0,234,-1735
108194,108671,477,0,NTB,vê,108194,108671,477,477,1.0,0,0
108671,109369,698,0,GE-Phrase,230,107960,110406,2446,698,1.0,711,-1037
108671,109369,698,0,NTB,tipo,108671,109369,698,698,1.0,0,0
109369,110382,1013,0,GE-Phrase,230,107960,110406,2446,1013,1.0,1409,-24
109369,110382,1013,0,NTB,exemplos,109369,110382,1013,1013,1.0,0,0
111370,113448,2078,0,GE-Phrase,232,111344,112091,747,721,0.347,26,1357
111370,113448,2078,0,GE-Phrase,233,112091,112627,536,536,0.258,-721,821
111370,113448,2078,0,GE-Phrase,234,112627,113705,1078,821,0.395,-1257,-257
111370,113448,2078,0,NTB,pra que que aquilo é usado,111370,113448,2078,2078,1.0,0,0
124510,125198,688,0,GE-Phrase,241,121878,125705,3827,688,1.0,2632,-507
124510,125198,688,0,NTB,estruturados,124510,125198,688,688,1.0,0,0
125198,125513,315,0,GE-Phrase,241,121878,125705,3827,315,1.0,3320,-192
125198,125513,315,0,NTB,e tal,125198,125513,315,315,1.0,0,0
45843,46185,342,0,GE-Phrase,201,43285,46196,2911,342,1.0,2558,-11
45843,46185,342,0,NTB,por exemplo,45843,46185,342,342,1.0,0,0
46185,48237,2052,0,GE-Phrase,201,43285,46196,2911,11,0.005,2900,2041
46185,48237,2052,0,GE-Phrase,202,46196,50278,4082,2041,0.995,-11,-2041
46185,48237,2052,0,NTB,se eles vão produzir um statement of purpose,46185,48237,2052,2052,1.0,0,0
48982,50259,1277,0,GE-Phrase,202,46196,50278,4082,1277,1.0,2786,-19
48982,50259,1277,0,NTB,a escrita dele,48982,50259,1277,1277,1.0,0,0
89733,90527,794,0,GE-Phrase,223,89435,91263,1828,794,1.0,298,-736
89733,90527,794,0,NTB,basicamente,89733,90527,794,794,1.0,0,0
101775,103364,1589,0,GE-Phrase,226,101601,103369,1768,1589,1.0,174,-5
101775,103364,1589,0,NTB,aí acho que a Elisa faz assim também,101775,103364,1589,1589,1.0,0,0
106867,108194,1327,0,GE-Phrase,229,105764,107960,2196,1093,0.824,1103,234
106867,108194,1327,0,GE-Phrase,230,107960,110406,2446,234,0.176,-1093,-2212
106867,108194,1327,0,NTB,o que é um statement of purpose,106867,108194,1327,1327,1.0,0,0
108194,108671,477,0,GE-Phrase,230,107960,110406,2446,477,1.0,234,-1735
108194,108671,477,0,NTB,vê,108194,108671,477,477,1.0,0,0
108671,109369,698,0,GE-Phrase,230,107960,110406,2446,698,1.0,711,-1037
108671,109369,698,0,NTB,tipo,108671,109369,698,698,1.0,0,0
109369,110382,1013,0,GE-Phrase,230,107960,110406,2446,1013,1.0,1409,-24
109369,110382,1013,0,NTB,exemplos,109369,110382,1013,1013,1.0,0,0
111370,113448,2078,0,GE-Phrase,232,111344,112091,747,721,0.347,26,1357
111370,113448,2078,0,GE-Phrase,233,112091,112627,536,536,0.258,-721,821
111370,113448,2078,0,GE-Phrase,234,112627,113705,1078,821,0.395,-1257,-257
111370,113448,2078,0,NTB,pra que que aquilo é usado,111370,113448,2078,2078,1.0,0,0
124510,125198,688,0,GE-Phrase,241,121878,125705,3827,688,1.0,2632,-507
124510,125198,688,0,NTB,estruturados,124510,125198,688,688,1.0,0,0
125198,125513,315,0,GE-Phrase,241,121878,125705,3827,315,1.0,3320,-192
125198,125513,315,0,NTB,e tal,125198,125513,315,315,1.0,0,0
45843,46185,342,0,GE-Phrase,201,43285,46196,2911,342,1.0,2558,-11
45843,46185,342,0,NTB,por exemplo,45843,46185,342,342,1.0,0,0
46185,48237,2052,0,GE-Phrase,201,43285,46196,2911,11,0.005,2900,2041
46185,48237,2052,0,GE-Phrase,202,46196,50278,4082,2041,0.995,-11,-2041
46185,48237,2052,0,NTB,se eles vão produzir um statement of purpose,46185,48237,2052,2052,1.0,0,0
48982,50259,1277,0,GE-Phrase,202,46196,50278,4082,1277,1.0,2786,-19
48982,50259,1277,0,NTB,a escrita dele,48982,50259,1277,1277,1.0,0,0
89733,90527,794,0,GE-Phrase,223,89435,91263,1828,794,1.0,298,-736
89733,90527,794,0,NTB,basicamente,89733,90527,794,794,1.0,0,0
101775,103364,1589,0,GE-Phrase,226,101601,103369,1768,1589,1.0,174,-5
101775,103364,1589,0,NTB,aí acho que a Elisa faz assim também,101775,103364,1589,1589,1.0,0,0
106867,108194,1327,0,GE-Phrase,229,105764,107960,2196,1093,0.824,1103,234
106867,108194,1327,0,GE-Phrase,230,107960,110406,2446,234,0.176,-1093,-2212
106867,108194,1327,0,NTB,o que é um statement of purpose,106867,108194,1327,1327,1.0,0,0
108194,108671,477,0,GE-Phrase,230,107960,110406,2446,477,1.0,234,-1735
108194,108671,477,0,NTB,vê,108194,108671,477,477,1.0,0,0
108671,109369,698,0,GE-Phrase,230,107960,110406,2446,698,1.0,711,-1037
108671,109369,698,0,NTB,tipo,108671,109369,698,698,1.0,0,0
109369,110382,1013,0,GE-Phrase,230,107960,110406,2446,1013,1.0,1409,-24
109369,110382,1013,0,NTB,exemplos,109369,110382,1013,1013,1.0,0,0
111370,113448,2078,0,GE-Phrase,232,111344,112091,747,721,0.347,26,1357
111370,113448,2078,0,GE-Phrase,233,112091,112627,536,536,0.258,-721,821
111370,113448,2078,0,GE-Phrase,234,112627,113705,1078,821,0.395,-1257,-257
111370,113448,2078,0,NTB,pra que que aquilo é usado,111370,113448,2078,2078,1.0,0,0
124510,125198,688,0,GE-Phrase,241,121878,125705,3827,688,1.0,2632,-507
124510,125198,688,0,NTB,estruturados,124510,125198,688,688,1.0,0,0
125198,125513,315,0,GE-Phrase,241,121878,125705,3827,315,1.0,3320,-192
125198,125513,315,0,NTB,e tal,125198,125513,315,315,1.0,0,0
45843,46185,342,0,GE-Phrase,201,43285,46196,2911,342,1.0,2558,-11
45843,46185,342,0,NTB,por exemplo,45843,46185,342,342,1.0,0,0
46185,48237,2052,0,GE-Phrase,201,43285,46196,2911,11,0.005,2900,2041
46185,48237,2052,0,GE-Phrase,202,46196,50278,4082,2041,0.995,-11,-2041
46185,48237,2052,0,NTB,se eles vão produzir um statement of purpose,46185,48237,2052,2052,1.0,0,0
48982,50259,1277,0,GE-Phrase,202,46196,50278,4082,1277,1.0,2786,-19
48982,50259,1277,0,NTB,a escrita dele,48982,50259,1277,1277,1.0,0,0
89733,90527,794,0,GE-Phrase,223,89435,91263,1828,794,1.0,298,-736
89733,90527,794,0,NTB,basicamente,89733,90527,794,794,1.0,0,0
101775,103364,1589,0,GE-Phrase,226,101601,103369,1768,1589,1.0,174,-5
101775,103364,1589,0,NTB,aí acho que a Elisa faz assim também,101775,103364,1589,1589,1.0,0,0
106867,108194,1327,0,GE-Phrase,229,105764,107960,2196,1093,0.824,1103,234
106867,108194,1327,0,GE-Phrase,230,107960,110406,2446,234,0.176,-1093,-2212
106867,108194,1327,0,NTB,o que é um statement of purpose,106867,108194,1327,1327,1.0,0,0
108194,108671,477,0,GE-Phrase,230,107960,110406,2446,477,1.0,234,-1735
108194,108671,477,0,NTB,vê,108194,108671,477,477,1.0,0,0
108671,109369,698,0,GE-Phrase,230,107960,110406,2446,698,1.0,711,-1037
108671,109369,698,0,NTB,tipo,108671,109369,698,698,1.0,0,0
109369,110382,1013,0,GE-Phrase,230,107960,110406,2446,1013,1.0,1409,-24
109369,110382,1013,0,NTB,exemplos,109369,110382,1013,1013,1.0,0,0
111370,113448,2078,0,GE-Phrase,232,111344,112091,747,721,0.347,26,1357
111370,113448,2078,0,GE-Phrase,233,112091,112627,536,536,0.258,-721,821
111370,113448,2078,0,GE-Phrase,234,112627,113705,1078,821,0.395,-1257,-257
111370,113448,2078,0,NTB,pra que que aquilo é usado,111370,113448,2078,2078,1.0,0,0
124510,125198,688,0,GE-Phrase,241,121878,125705,3827,688,1.0,2632,-507
124510,125198,688,0,NTB,estruturados,124510,125198,688,688,1.0,0,0
125198,125513,315,0,GE-Phrase,241,121878,125705,3827,315,1.0,3320,-192
125198,125513,315,0,NTB,e tal,125198,125513,315,315,1.0,0,0
45843,46185,342,0,GE-Phrase,201,43285,46196,2911,342,1.0,2558,-11
45843,46185,342,0,NTB,por exemplo,45843,46185,342,342,1.0,0,0
46185,48237,2052,0,GE-Phrase,201,43285,46196,2911,11,0.005,2900,2041
46185,48237,2052,0,GE-Phrase,202,46196,50278,4082,2041,0.995,-11,-2041
46185,48237,2052,0,NTB,se eles vão produzir um statement of purpose,46185,48237,2052,2052,1.0,0,0
48982,50259,1277,0,GE-Phrase,202,46196,50278,4082,1277,1.0,2786,-19
48982,50259,1277,0,NTB,a escrita dele,48982,50259,1277,1277,1.0,0,0
89733,90527,794,0,GE-Phrase,223,89435,91263,1828,794,1.0,298,-736
89733,90527,794,0,NTB,basicamente,89733,90527,794,794,1.0,0,0
101775,103364,1589,0,GE-Phrase,226,101601,103369,1768,1589,1.0,174,-5
101775,103364,1589,0,NTB,aí acho que a Elisa faz assim também,101775,103364,1589,1589,1.0,0,0
106867,108194,1327,0,GE-Phrase,229,105764,107960,2196,1093,0.824,1103,234
106867,108194,1327,0,GE-Phrase,230,107960,110406,2446,234,0.176,-1093,-2212
106867,108194,1327,0,NTB,o que é um statement of purpose,106867,108194,1327,1327,1.0,0,0
108194,108671,477,0,GE-Phrase,230,107960,110406,2446,477,1.0,234,-1735
108194,108671,477,0,NTB,vê,108194,108671,477,477,1.0,0,0
108671,109369,698,0,GE-Phrase,230,107960,110406,2446,698,1.0,711,-1037
108671,109369,698,0,NTB,tipo,108671,109369,698,698,1.0,0,0
109369,110382,1013,0,GE-Phrase,230,107960,110406,2446,1013,1.0,1409,-24
109369,110382,1013,0,NTB,exemplos,109369,110382,1013,1013,1.0,0,0
111370,113448,2078,0,GE-Phrase,232,111344,112091,747,721,0.347,26,1357
111370,113448,2078,0,GE-Phrase,233,112091,112627,536,536,0.258,-721,821
111370,113448,2078,0,GE-Phrase,234,112627,113705,1078,821,0.395,-1257,-257
111370,113448,2078,0,NTB,pra que que aquilo é usado,111370,113448,2078,2078,1.0,0,0
124510,125198,688,0,GE-Phrase,241,121878,125705,3827,688,1.0,2632,-507
124510,125198,688,0,NTB,estruturados,124510,125198,688,688,1.0,0,0
125198,125513,315,0,GE-Phrase,241,121878,125705,3827,315,1.0,3320,-192
125198,125513,315,0,NTB,e tal,125198,125513,315,315,1.0,0,0
45843,46185,342,0,GE-Phrase,201,43285,46196,2911,342,1.0,2558,-11
45843,46185,342,0,NTB,por exemplo,45843,46185,342,342,1.0,0,0
46185,48237,2052,0,GE-Phrase,201,43285,46196,2911,11,0.005,2900,2041
46185,48237,2052,0,GE-Phrase,202,46196,50278,4082,2041,0.995,-11,-2041
46185,48237,2052,0,NTB,se eles vão produzir um statement of purpose,46185,48237,2052,2052,1.0,0,0
48982,50259,1277,0,GE-Phrase,202,46196,50278,4082,1277,1.0,2786,-19
48982,50259,1277,0,NTB,a escrita dele,48982,50259,1277,1277,1.0,0,0
89733,90527,794,0,GE-Phrase,223,89435,91263,1828,794,1.0,298,-736
89733,90527,794,0,NTB,basicamente,89733,90527,794,794,1.0,0,0
101775,103364,1589,0,GE-Phrase,226,101601,103369,1768,1589,1.0,174,-5
101775,103364,1589,0,NTB,aí acho que a Elisa faz assim também,101775,103364,1589,1589,1.0,0,0
106867,108194,1327,0,GE-Phrase,229,105764,107960,2196,1093,0.824,1103,234
106867,108194,1327,0,GE-Phrase,230,107960,110406,2446,234,0.176,-1093,-2212
106867,108194,1327,0,NTB,o que é um statement of purpose,106867,108194,1327,1327,1.0,0,0
108194,108671,477,0,GE-Phrase,230,107960,110406,2446,477,1.0,234,-1735
108194,108671,477,0,NTB,vê,108194,108671,477,477,1.0,0,0
108671,109369,698,0,GE-Phrase,230,107960,110406,2446,698,1.0,711,-1037
108671,109369,698,0,NTB,tipo,108671,109369,698,698,1.0,0,0
109369,110382,1013,0,GE-Phrase,230,107960,110406,2446,1013,1.0,1409,-24
109369,110382,1013,0,NTB,exemplos,109369,110382,1013,1013,1.0,0,0
111370,113448,2078,0,GE-Phrase,232,111344,112091,747,721,0.347,26,1357
111370,113448,2078,0,GE-Phrase,233,112091,112627,536,536,0.258,-721,821
111370,113448,2078,0,GE-Phrase,234,112627,113705,1078,821,0.395,-1257,-257
111370,113448,2078,0,NTB,pra que que aquilo é usado,111370,113448,2078,2078,1.0,0,0
124510,125198,688,0,GE-Phrase,241,121878,125705,3827,688,1.0,2632,-507
124510,125198,688,0,NTB,estruturados,124510,125198,688,688,1.0,0,0
125198,125513,315,0,GE-Phrase,241,121878,125705,3827,315,1.0,3320,-192
125198,125513,315,0,NTB,e tal,125198,125513,315,315,1.0,0,0
45843,46185,342,0,GE-Phrase,201,43285,46196,2911,342,1.0,2558,-11
45843,46185,342,0,NTB,por exemplo,45843,46185,342,342,1.0,0,0
46185,48237,2052,0,GE-Phrase,201,43285,46196,2911,11,0.005,2900,2041
46185,48237,2052,0,GE-Phrase,202,46196,50278,4082,2041,0.995,-11,-2041
46185,48237,2052,0,NTB,se eles vão produzir um statement of purpose,46185,48237,2052,2052,1.0,0,0
48982,50259,1277,0,GE-Phrase,202,46196,50278,4082,1277,1.0,2786,-19
48982,50259,1277,0,NTB,a escrita dele,48982,50259,1277,1277,1.0,0,0
89733,90527,794,0,GE-Phrase,223,89435,91263,1828,794,1.0,298,-736
89733,90527,794,0,NTB,basicamente,89733,90527,794,794,1.0,0,0
101775,103364,1589,0,GE-Phrase,226,101601,103369,1768,1589,1.0,174,-5
101775,103364,1589,0,NTB,aí acho que a Elisa faz assim também,101775,103364,1589,1589,1.0,0,0
106867,108194,1327,0,GE-Phrase,229,105764,107960,2196,1093,0.824,1103,234
106867,108194,1327,0,GE-Phrase,230,107960,110406,2446,234,0.176,-1093,-2212
106867,108194,1327,0,NTB,o que é um statement of purpose,106867,108194,1327,1327,1.0,0,0
108194,108671,477,0,GE-Phrase,230,107960,110406,2446,477,1.0,234,-1735
108194,108671,477,0,NTB,vê,108194,108671,477,477,1.0,0,0
108671,109369,698,0,GE-Phrase,230,107960,110406,2446,698,1.0,711,-1037
108671,109369,698,0,NTB,tipo,108671,109369,698,698,1.0,0,0
109369,110382,1013,0,GE-Phrase,230,107960,110406,2446,1013,1.0,1409,-24
109369,110382,1013,0,NTB,exemplos,109369,110382,1013,1013,1.0,0,0
111370,113448,2078,0,GE-Phrase,232,111344,112091,747,721,0.347,26,1357
111370,113448,2078,0,GE-Phrase,233,112091,112627,536,536,0.258,-721,821
111370,113448,2078,0,GE-Phrase,234,112627,113705,1078,821,0.395,-1257,-257
111370,113448,2078,0,NTB,pra que que aquilo é usado,111370,113448,2078,2078,1.0,0,0
124510,125198,688,0,GE-Phrase,241,121878,125705,3827,688,1.0,2632,-507
124510,125198,688,0,NTB,estruturados,124510,125198,688,688,1.0,0,0
125198,125513,315,0,GE-Phrase,241,121878,125705,3827,315,1.0,3320,-192
125198,125513,315,0,NTB,e tal,125198,125513,315,315,1.0,0,0
45843,46185,342,0,GE-Phrase,201,43285,46196,2911,342,1.0,2558,-11
45843,46185,342,0,NTB,por exemplo,45843,46185,342,342,1.0,0,0
46185,48237,2052,0,GE-Phrase,201,43285,46196,2911,11,0.005,2900,2041
46185,48237,2052,0,GE-Phrase,202,46196,50278,4082,2041,0.995,-11,-2041
46185,48237,2052,0,NTB,se eles vão produzir um statement of purpose,46185,48237,2052,2052,1.0,0,0
48982,50259,1277,0,GE-Phrase,202,46196,50278,4082,1277,1.0,2786,-19
48982,50259,1277,0,NTB,a escrita dele,48982,50259,1277,1277,1.0,0,0
89733,90527,794,0,GE-Phrase,223,89435,91263,1828,794,1.0,298,-736
89733,90527,794,0,NTB,basicamente,89733,90527,794,794,1.0,0,0
101775,103364,1589,0,GE-Phrase,226,101601,103369,1768,1589,1.0,174,-5
101775,103364,1589,0,NTB,aí acho que a Elisa faz assim também,101775,103364,1589,1589,1.0,0,0
106867,108194,1327,0,GE-Phrase,229,105764,107960,2196,1093,0.824,1103,234
106867,108194,1327,0,GE-Phrase,230,107960,110406,2446,234,0.176,-1093,-2212
106867,108194,1327,0,NTB,o que é um statement of purpose,106867,108194,1327,1327,1.0,0,0
108194,108671,477,0,GE-Phrase,230,107960,110406,2446,477,1.0,234,-1735
108194,108671,477,0,NTB,vê,108194,108671,477,477,1.0,0,0
108671,109369,698,0,GE-Phrase,230,107960,110406,2446,698,1.0,711,-1037
108671,109369,698,0,NTB,tipo,108671,109369,698,698,1.0,0,0
109369,110382,1013,0,GE-Phrase,230,107960,110406,2446,1013,1.0,1409,-24
109369,110382,1013,0,NTB,exemplos,109369,110382,1013,1013,1.0,0,0
111370,113448,2078,0,GE-Phrase,232,111344,112091,747,721,0.347,26,1357
111370,113448,2078,0,GE-Phrase,233,112091,112627,536,536,0.258,-721,821
111370,113448,2078,0,GE-Phrase,234,112627,113705,1078,821,0.395,-1257,-257
111370,113448,2078,0,NTB,pra que que aquilo é usado,111370,113448,2078,2078,1.0,0,0
124510,125198,688,0,GE-Phrase,241,121878,125705,3827,688,1.0,2632,-507
124510,125198,688,0,NTB,estruturados,124510,125198,688,688,1.0,0,0
125198,125513,315,0,GE-Phrase,241,121878,125705,3827,315,1.0,3320,-192
125198,125513,315,0,NTB,e tal,125198,125513,315,315,1.0,0,0
45843,46185,342,0,GE-Phrase,201,43285,46196,2911,342,1.0,2558,-11
45843,46185,342,0,NTB,por exemplo,45843,46185,342,342,1.0,0,0
46185,48237,2052,0,GE-Phrase,201,43285,46196,2911,11,0.005,2900,2041
46185,48237,2052,0,GE-Phrase,202,46196,50278,4082,2041,0.995,-11,-2041
46185,48237,2052,0,NTB,se eles vão produzir um statement of purpose,46185,48237,2052,2052,1.0,0,0
48982,50259,1277,0,GE-Phrase,202,46196,50278,4082,1277,1.0,2786,-19
48982,50259,1277,0,NTB,a escrita dele,48982,50259,1277,1277,1.0,0,0
89733,90527,794,0,GE-Phrase,223,89435,91263,1828,794,1.0,298,-736
89733,90527,794,0,NTB,basicamente,89733,90527,794,794,1.0,0,0
101775,103364,1589,0,GE-Phrase,226,101601,103369,1768,1589,1.0,174,-5
101775,103364,1589,0,NTB,aí acho que a Elisa faz assim também,101775,103364,1589,1589,1.0,0,0
106867,108194,1327,0,GE-Phrase,229,105764,107960,2196,1093,0.824,1103,234
106867,108194,1327,0,GE-Phrase,230,107960,110406,2446,234,0.176,-1093,-2212
106867,108194,1327,0,NTB,o que é um statement of purpose,106867,108194,1327,1327,1.0,0,0
108194,108671,477,0,GE-Phrase,230,107960,110406,2446,477,1.0,234,-1735
108194,108671,477,0,NTB,vê,108194,108671,477,477,1.0,0,0
108671,109369,698,0,GE-Phrase,230,107960,110406,2446,698,1.0,711,-1037
108671,109369,698,0,NTB,tipo,108671,109369,698,698,1.0,0,0
109369,110382,1013,0,GE-Phrase,230,107960,110406,2446,1013,1.0,1409,-24
109369,110382,1013,0,NTB,exemplos,109369,110382,1013,1013,1.0,0,0
111370,113448,2078,0,GE-Phrase,232,111344,112091,747,721,0.347,26,1357
111370,113448,2078,0,GE-Phrase,233,112091,112627,536,536,0.258,-721,821
111370,113448,2078,0,GE-Phrase,234,112627,113705,1078,821,0.395,-1257,-257
111370,113448,2078,0,NTB,pra que que aquilo é usado,111370,113448,2078,2078,1.0,0,0
124510,125198,688,0,GE-Phrase,241,121878,125705,3827,688,1.0,2632,-507
124510,125198,688,0,NTB,estruturados,124510,125198,688,688,1.0,0,0
125198,125513,315,0,GE-Phrase,241,121878,125705,3827,315,1.0,3320,-192
125198,125513,315,0,NTB,e tal,125198,125513,315,315,1.0,0,0
45843,46185,342,0,GE-Phrase,201,43285,46196,2911,342,1.0,2558,-11
45843,46185,342,0,NTB,por exemplo,45843,46185,342,342,1.0,0,0
46185,48237,2052,0,GE-Phrase,201,43285,46196,2911,11,0.005,2900,2041
46185,48237,2052,0,GE-Phrase,202,46196,50278,4082,2041,0.995,-11,-2041
46185,48237,2052,0,NTB,se eles vão produzir um statement of purpose,46185,48237,2052,2052,1.0,0,0
48982,50259,1277,0,GE-Phrase,202,46196,50278,4082,1277,1.0,2786,-19
48982,50259,1277,0,NTB,a escrita dele,48982,50259,1277,1277,1.0,0,0
89733,90527,794,0,GE-Phrase,223,89435,91263,1828,794,1.0,298,-736
89733,90527,794,0,NTB,basicamente,89733,90527,794,794,1.0,0,0
101775,103364,1589,0,GE-Phrase,226,101601,103369,1768,1589,1.0,174,-5
101775,103364,1589,0,NTB,aí acho que a Elisa faz assim também,101775,103364,1589,1589,1.0,0,0
106867,108194,1327,0,GE-Phrase,229,105764,107960,2196,1093,0.824,1103,234
106867,108194,1327,0,GE-Phrase,230,107960,110406,2446,234,0.176,-1093,-2212
106867,108194,1327,0,NTB,o que é um statement of purpose,106867,108194,1327,1327,1.0,0,0
108194,108671,477,0,GE-Phrase,230,107960,110406,2446,477,1.0,234,-1735
108194,108671,477,0,NTB,vê,108194,108671,477,477,1.0,0,0
108671,109369,698,0,GE-Phrase,230,107960,110406,2446,698,1.0,711,-1037
108671,109369,698,0,NTB,tipo,108671,109369,698,698,1.0,0,0
109369,110382,1013,0,GE-Phrase,230,107960,110406,2446,1013,1.0,1409,-24
109369,110382,1013,0,NTB,exemplos,109369,110382,1013,1013,1.0,0,0
111370,113448,2078,0,GE-Phrase,232,111344,112091,747,721,0.347,26,1357
111370,113448,2078,0,GE-Phrase,233,112091,112627,536,536,0.258,-721,821
111370,113448,2078,0,GE-Phrase,234,112627,113705,1078,821,0.395,-1257,-257
111370,113448,2078,0,NTB,pra que que aquilo é usado,111370,113448,2078,2078,1.0,0,0
124510,125198,688,0,GE-Phrase,241,121878,125705,3827,688,1.0,2632,-507
124510,125198,688,0,NTB,estruturados,124510,125198,688,688,1.0,0,0
125198,125513,315,0,GE-Phrase,241,121878,125705,3827,315,1.0,3320,-192
125198,125513,315,0,NTB,e tal,125198,125513,315,315,1.0,0,0
45843,46185,342,0,GE-Phrase,201,43285,46196,2911,342,1.0,2558,-11
45843,46185,342,0,NTB,por exemplo,45843,46185,342,342,1.0,0,0
46185,48237,2052,0,GE-Phrase,201,43285,46196,2911,11,0.005,2900,2041
46185,48237,2052,0,GE-Phrase,202,46196,50278,4082,2041,0.995,-11,-2041
46185,48237,2052,0,NTB,se eles vão produzir um statement of purpose,46185,48237,2052,2052,1.0,0,0
48982,50259,1277,0,GE-Phrase,202,46196,50278,4082,1277,1.0,2786,-19
48982,50259,1277,0,NTB,a escrita dele,48982,50259,1277,1277,1.0,0,0
89733,90527,794,0,GE-Phrase,223,89435,91263,1828,794,1.0,298,-736
89733,90527,794,0,NTB,basicamente,89733,90527,794,794,1.0,0,0
101775,103364,1589,0,GE-Phrase,226,101601,103369,1768,1589,1.0,174,-5
101775,103364,1589,0,NTB,aí acho que a Elisa faz assim também,101775,103364,1589,1589,1.0,0,0
106867,108194,1327,0,GE-Phrase,229,105764,107960,2196,1093,0.824,1103,234
106867,108194,1327,0,GE-Phrase,230,107960,110406,2446,234,0.176,-1093,-2212
106867,108194,1327,0,NTB,o que é um statement of purpose,106867,108194,1327,1327,1.0,0,0
108194,108671,477,0,GE-Phrase,230,107960,110406,2446,477,1.0,234,-1735
108194,108671,477,0,NTB,vê,108194,108671,477,477,1.0,0,0
108671,109369,698,0,GE-Phrase,230,107960,110406,2446,698,1.0,711,-1037
108671,109369,698,0,NTB,tipo,108671,109369,698,698,1.0,0,0
109369,110382,1013,0,GE-Phrase,230,107960,110406,2446,1013,1.0,1409,-24
109369,110382,1013,0,NTB,exemplos,109369,110382,1013,1013,1.0,0,0
111370,113448,2078,0,GE-Phrase,232,111344,112091,747,721,0.347,26,1357
111370,113448,2078,0,GE-Phrase,233,112091,112627,536,536,0.258,-721,821
111370,113448,2078,0,GE-Phrase,234,112627,113705,1078,821,0.395,-1257,-257
111370,113448,2078,0,NTB,pra que que aquilo é usado,111370,113448,2078,2078,1.0,0,0
124510,125198,688,0,GE-Phrase,241,121878,125705,3827,688,1.0,2632,-507
124510,125198,688,0,NTB,estruturados,124510,125198,688,688,1.0,0,0
125198,125513,315,0,GE-Phrase,241,121878,125705,3827,315,1.0,3320,-192
125198,125513,315,0,NTB,e tal,125198,125513,315,315,1.0,0,0
45843,46185,342,0,GE-Phrase,201,43285,46196,2911,342,1.0,2558,-11
45843,46185,342,0,NTB,por exemplo,45843,46185,342,342,1.0,0,0
46185,48237,2052,0,GE-Phrase,201,43285,46196,2911,11,0.005,2900,2041
46185,48237,2052,0,GE-Phrase,202,46196,50278,4082,2041,0.995,-11,-2041
46185,48237,2052,0,NTB,se eles vão produzir um statement of purpose,46185,48237,2052,2052,1.0,0,0
48982,50259,1277,0,GE-Phrase,202,46196,50278,4082,1277,1.0,2786,-19
48982,50259,1277,0,NTB,a escrita dele,48982,50259,1277,1277,1.0,0,0
89733,90527,794,0,GE-Phrase,223,89435,91263,1828,794,1.0,298,-736
89733,90527,794,0,NTB,basicamente,89733,90527,794,794,1.0,0,0
101775,103364,1589,0,GE-Phrase,226,101601,103369,1768,1589,1.0,174,-5
101775,103364,1589,0,NTB,aí acho que a Elisa faz assim também,101775,103364,1589,1589,1.0,0,0
106867,108194,1327,0,GE-Phrase,229,105764,107960,2196,1093,0.824,1103,234
106867,108194,1327,0,GE-Phrase,230,107960,110406,2446,234,0.176,-1093,-2212
106867,108194,1327,0,NTB,o que é um statement of purpose,106867,108194,1327,1327,1.0,0,0
108194,108671,477,0,GE-Phrase,230,107960,110406,2446,477,1.0,234,-1735
108194,108671,477,0,NTB,vê,108194,108671,477,477,1.0,0,0
108671,109369,698,0,GE-Phrase,230,107960,110406,2446,698,1.0,711,-1037
108671,109369,698,0,NTB,tipo,108671,109369,698,698,1.0,0,0
109369,110382,1013,0,GE-Phrase,230,107960,110406,2446,1013,1.0,1409,-24
109369,110382,1013,0,NTB,exemplos,109369,110382,1013,1013,1.0,0,0
111370,113448,2078,0,GE-Phrase,232,111344,112091,747,721,0.347,26,1357
111370,113448,2078,0,GE-Phrase,233,112091,112627,536,536,0.258,-721,821
111370,113448,2078,0,GE-Phrase,234,112627,113705,1078,821,0.395,-1257,-257
111370,113448,2078,0,NTB,pra que que aquilo é usado,111370,113448,2078,2078,1.0,0,0
124510,125198,688,0,GE-Phrase,241,121878,125705,3827,688,1.0,2632,-507
124510,125198,688,0,NTB,estruturados,124510,125198,688,688,1.0,0,0
125198,125513,315,0,GE-Phrase,241,121878,125705,3827,315,1.0,3320,-192
125198,125513,315,0,NTB,e tal,125198,125513,315,315,1.0,0,0
45843,46185,342,0,GE-Phrase,201,43285,46196,2911,342,1.0,2558,-11
45843,46185,342,0,NTB,por exemplo,45843,46185,342,342,1.0,0,0
46185,48237,2052,0,GE-Phrase,201,43285,46196,2911,11,0.005,2900,2041
46185,48237,2052,0,GE-Phrase,202,46196,50278,4082,2041,0.995,-11,-2041
46185,48237,2052,0,NTB,se eles vão produzir um statement of purpose,46185,48237,2052,2052,1.0,0,0
48982,50259,1277,0,GE-Phrase,202,46196,50278,4082,1277,1.0,2786,-19
48982,50259,1277,0,NTB,a escrita dele,48982,50259,1277,1277,1.0,0,0
89733,90527,794,0,GE-Phrase,223,89435,91263,1828,794,1.0,298,-736
89733,90527,794,0,NTB,basicamente,89733,90527,794,794,1.0,0,0
101775,103364,1589,0,GE-Phrase,226,101601,103369,1768,1589,1.0,174,-5
101775,103364,1589,0,NTB,aí acho que a Elisa faz assim também,101775,103364,1589,1589,1.0,0,0
106867,108194,1327,0,GE-Phrase,229,105764,107960,2196,1093,0.824,1103,234
106867,108194,1327,0,GE-Phrase,230,107960,110406,2446,234,0.176,-1093,-2212
106867,108194,1327,0,NTB,o que é um statement of purpose,106867,108194,1327,1327,1.0,0,0
108194,108671,477,0,GE-Phrase,230,107960,110406,2446,477,1.0,234,-1735
108194,108671,477,0,NTB,vê,108194,108671,477,477,1.0,0,0
108671,109369,698,0,GE-Phrase,230,107960,110406,2446,698,1.0,711,-1037
108671,109369,698,0,NTB,tipo,108671,109369,698,698,1.0,0,0
109369,110382,1013,0,GE-Phrase,230,107960,110406,2446,1013,1.0,1409,-24
109369,110382,1013,0,NTB,exemplos,109369,110382,1013,1013,1.0,0,0
111370,113448,2078,0,GE-Phrase,232,111344,112091,747,721,0.347,26,1357
111370,113448,2078,0,GE-Phrase,233,112091,112627,536,536,0.258,-721,821
111370,113448,2078,0,GE-Phrase,234,112627,113705,1078,821,0.395,-1257,-257
111370,113448,2078,0,NTB,pra que que aquilo é usado,111370,113448,2078,2078,1.0,0,0
124510,125198,688,0,GE-Phrase,241,121878,125705,3827,688,1.0,2632,-507
124510,125198,688,0,NTB,estruturados,124510,125198,688,688,1.0,0,0
125198,125513,315,0,GE-Phrase,241,121878,125705,3827,315,1.0,3320,-192
125198,125513,315,0,NTB,e tal,125198,125513,315,315,1.0,0,0
45843,46185,342,0,GE-Phrase,201,43285,46196,2911,342,1.0,2558,-11
45843,46185,342,0,NTB,por exemplo,45843,46185,342,342,1.0,0,0
46185,48237,2052,0,GE-Phrase,201,43285,46196,2911,11,0.005,2900,2041
46185,48237,2052,0,GE-Phrase,202,46196,50278,4082,2041,0.995,-11,-2041
46185,48237,2052,0,NTB,se eles vão produzir um statement of purpose,46185,48237,2052,2052,1.0,0,0
48982,50259,1277,0,GE-Phrase,202,46196,50278,4082,1277,1.0,2786,-19
48982,50259,1277,0,NTB,a escrita dele,48982,50259,1277,1277,1.0,0,0
89733,90527,794,0,GE-Phrase,223,89435,91263,1828,794,1.0,298,-736
89733,90527,794,0,NTB,basicamente,89733,90527,794,794,1.0,0,0
101775,103364,1589,0,GE-Phrase,226,101601,103369,1768,1589,1.0,174,-5
101775,103364,1589,0,NTB,aí acho que a Elisa faz assim também,101775,103364,1589,1589,1.0,0,0
106867,108194,1327,0,GE-Phrase,229,105764,107960,2196,1093,0.824,1103,234
106867,108194,1327,0,GE-Phrase,230,107960,110406,2446,234,0.176,-1093,-2212
106867,108194,1327,0,NTB,o que é um statement of purpose,106867,108194,1327,1327,1.0,0,0
108194,108671,477,0,GE-Phrase,230,107960,110406,2446,477,1.0,234,-1735
108194,108671,477,0,NTB,vê,108194,108671,477,477,1.0,0,0
108671,109369,698,0,GE-Phrase,230,107960,110406,2446,698,1.0,711,-1037
108671,109369,698,0,NTB,tipo,108671,109369,698,698,1.0,0,0
109369,110382,1013,0,GE-Phrase,230,107960,110406,2446,1013,1.0,1409,-24
109369,110382,1013,0,NTB,exemplos,109369,110382,1013,1013,1.0,0,0
111370,113448,2078,0,GE-Phrase,232,111344,112091,747,721,0.347,26,1357
111370,113448,2078,0,GE-Phrase,233,112091,112627,536,536,0.258,-721,821
111370,113448,2078,0,GE-Phrase,234,112627,113705,1078,821,0.395,-1257,-257
111370,113448,2078,0,NTB,pra que que aquilo é usado,111370,113448,2078,2078,1.0,0,0
124510,125198,688,0,GE-Phrase,241,121878,125705,3827,688,1.0,2632,-507
124510,125198,688,0,NTB,estruturados,124510,125198,688,688,1.0,0,0
125198,125513,315,0,GE-Phrase,241,121878,125705,3827,315,1.0,3320,-192
125198,125513,315,0,NTB,e tal,125198,125513,315,315,1.0,0,0
45843,46185,342,0,GE-Phrase,201,43285,46196,2911,342,1.0,2558,-11
45843,46185,342,0,NTB,por exemplo,45843,46185,342,342,1.0,0,0
46185,48237,2052,0,GE-Phrase,201,43285,46196,2911,11,0.005,2900,2041
46185,48237,2052,0,GE-Phrase,202,46196,50278,4082,2041,0.995,-11,-2041
46185,48237,2052,0,NTB,se eles vão produzir um statement of purpose,46185,48237,2052,2052,1.0,0,0
48982,50259,1277,0,GE-Phrase,202,46196,50278,4082,1277,1.0,2786,-19
48982,50259,1277,0,NTB,a escrita dele,48982,50259,1277,1277,1.0,0,0
89733,90527,794,0,GE-Phrase,223,89435,91263,1828,794,1.0,298,-736
89733,90527,794,0,NTB,basicamente,89733,90527,794,794,1.0,0,0
101775,103364,1589,0,GE-Phrase,226,101601,103369,1768,1589,1.0,174,-5
101775,103364,1589,0,NTB,aí acho que a Elisa faz assim também,101775,103364,1589,1589,1.0,0,0
106867,108194,1327,0,GE-Phrase,229,105764,107960,2196,1093,0.824,1103,234
106867,108194,1327,0,GE-Phrase,230,107960,110406,2446,234,0.176,-1093,-2212
106867,108194,1327,0,NTB,o que é um statement of purpose,106867,108194,1327,1327,1.0,0,0
108194,108671,477,0,GE-Phrase,230,107960,110406,2446,477,1.0,234,-1735
108194,108671,477,0,NTB,vê,108194,108671,477,477,1.0,0,0
108671,109369,698,0,GE-Phrase,230,107960,110406,2446,698,1.0,711,-1037
108671,109369,698,0,NTB,tipo,108671,109369,698,698,1.0,0,0
109369,110382,1013,0,GE-Phrase,230,107960,110406,2446,1013,1.0,1409,-24
109369,110382,1013,0,NTB,exemplos,109369,110382,1013,1013,1.0,0,0
111370,113448,2078,0,GE-Phrase,232,111344,112091,747,721,0.347,26,1357
111370,113448,2078,0,GE-Phrase,233,112091,112627,536,536,0.258,-721,821
111370,113448,2078,0,GE-Phrase,234,112627,113705,1078,821,0.395,-1257,-257
111370,113448,2078,0,NTB,pra que que aquilo é usado,111370,113448,2078,2078,1.0,0,0
124510,125198,688,0,GE-Phrase,241,121878,125705,3827,688,1.0,2632,-507
124510,125198,688,0,NTB,estruturados,124510,125198,688,688,1.0,0,0
125198,125513,315,0,GE-Phrase,241,121878,125705,3827,315,1.0,3320,-192
125198,125513,315,0,NTB,e tal,125198,125513,315,315,1.0,0,0
45843,46185,342,0,GE-Phrase,201,43285,46196,2911,342,1.0,2558,-11
45843,46185,342,0,NTB,por exemplo,45843,46185,342,342,1.0,0,0
46185,48237,2052,0,GE-Phrase,201,43285,46196,2911,11,0.005,2900,2041
46185,48237,2052,0,GE-Phrase,202,46196,50278,4082,2041,0.995,-11,-2041
46185,48237,2052,0,NTB,se eles vão produzir um statement of purpose,46185,48237,2052,2052,1.0,0,0
48982,50259,1277,0,GE-Phrase,202,46196,50278,4082,1277,1.0,2786,-19
48982,50259,1277,0,NTB,a escrita dele,48982,50259,1277,1277,1.0,0,0
89733,90527,794,0,GE-Phrase,223,89435,91263,1828,794,1.0,298,-736
89733,90527,794,0,NTB,basicamente,89733,90527,794,794,1.0,0,0
101775,103364,1589,0,GE-Phrase,226,101601,103369,1768,1589,1.0,174,-5
101775,103364,1589,0,NTB,aí acho que a Elisa faz assim também,101775,103364,1589,1589,1.0,0,0
106867,108194,1327,0,GE-Phrase,229,105764,107960,2196,1093,0.824,1103,234
106867,108194,1327,0,GE-Phrase,230,107960,110406,2446,234,0.176,-1093,-2212
106867,108194,1327,0,NTB,o que é um statement of purpose,106867,108194,1327,1327,1.0,0,0
108194,108671,477,0,GE-Phrase,230,107960,110406,2446,477,1.0,234,-1735
108194,108671,477,0,NTB,vê,108194,108671,477,477,1.0,0,0
108671,109369,698,0,GE-Phrase,230,107960,110406,2446,698,1.0,711,-1037
108671,109369,698,0,NTB,tipo,108671,109369,698,698,1.0,0,0
109369,110382,1013,0,GE-Phrase,230,107960,110406,2446,1013,1.0,1409,-24
109369,110382,1013,0,NTB,exemplos,109369,110382,1013,1013,1.0,0,0
111370,113448,2078,0,GE-Phrase,232,111344,112091,747,721,0.347,26,1357
111370,113448,2078,0,GE-Phrase,233,112091,112627,536,536,0.258,-721,821
111370,113448,2078,0,GE-Phrase,234,112627,113705,1078,821,0.395,-1257,-257
111370,113448,2078,0,NTB,pra que que aquilo é usado,111370,113448,2078,2078,1.0,0,0
124510,125198,688,0,GE-Phrase,241,121878,125705,3827,688,1.0,2632,-507
124510,125198,688,0,NTB,estruturados,124510,125198,688,688,1.0,0,0
125198,125513,315,0,GE-Phrase,241,121878,125705,3827,315,1.0,3320,-192
125198,125513,315,0,NTB,e tal,125198,125513,315,315,1.0,0,0
45843,46185,342,0,GE-Phrase,201,43285,46196,2911,342,1.0,2558,-11
45843,46185,342,0,NTB,por exemplo,45843,46185,342,342,1.0,0,0
46185,48237,2052,0,GE-Phrase,201,43285,46196,2911,11,0.005,2900,2041
46185,48237,2052,0,GE-Phrase,202,46196,50278,4082,2041,0.995,-11,-2041
46185,48237,2052,0,NTB,se eles vão produzir um statement of purpose,46185,48237,2052,2052,1.0,0,0
48982,50259,1277,0,GE-Phrase,202,46196,50278,4082,1277,1.0,2786,-19
48982,50259,1277,0,NTB,a escrita dele,48982,50259,1277,1277,1.0,0,0
89733,90527,794,0,GE-Phrase,223,89435,91263,1828,794,1.0,298,-736
89733,90527,794,0,NTB,basicamente,89733,90527,794,794,1.0,0,0
101775,103364,1589,0,GE-Phrase,226,101601,103369,1768,1589,1.0,174,-5
101775,103364,1589,0,NTB,aí acho que a Elisa faz assim também,101775,103364,1589,1589,1.0,0,0
106867,108194,1327,0,GE-Phrase,229,105764,107960,2196,1093,0.824,1103,234
106867,108194,1327,0,GE-Phrase,230,107960,110406,2446,234,0.176,-1093,-2212
106867,108194,1327,0,NTB,o que é um statement of purpose,106867,108194,1327,1327,1.0,0,0
108194,108671,477,0,GE-Phrase,230,107960,110406,2446,477,1.0,234,-1735
108194,108671,477,0,NTB,vê,108194,108671,477,477,1.0,0,0
108671,109369,698,0,GE-Phrase,230,107960,110406,2446,698,1.0,711,-1037
108671,109369,698,0,NTB,tipo,108671,109369,698,698,1.0,0,0
109369,110382,1013,0,GE-Phrase,230,107960,110406,2446,1013,1.0,1409,-24
109369,110382,1013,0,NTB,exemplos,109369,110382,1013,1013,1.0,0,0
111370,113448,2078,0,GE-Phrase,232,111344,112091,747,721,0.347,26,1357
111370,113448,2078,0,GE-Phrase,233,112091,112627,536,536,0.258,-721,821
111370,113448,2078,0,GE-Phrase,234,112627,113705,1078,821,0.395,-1257,-257
111370,113448,2078,0,NTB,pra que que aquilo é usado,111370,113448,2078,2078,1.0,0,0
124510,125198,688,0,GE-Phrase,241,121878,125705,3827,688,1.0,2632,-507
124510,125198,688,0,NTB,estruturados,124510,125198,688,688,1.0,0,0
125198,125513,315,0,GE-Phrase,241,121878,125705,3827,315,1.0,3320,-192
125198,125513,315,0,NTB,e tal,125198,125513,315,315,1.0,0,0
45843,46185,342,0,GE-Phrase,201,43285,46196,2911,342,1.0,2558,-11
45843,46185,342,0,NTB,por exemplo,45843,46185,342,342,1.0,0,0
46185,48237,2052,0,GE-Phrase,201,43285,46196,2911,11,0.005,2900,2041
46185,48237,2052,0,GE-Phrase,202,46196,50278,4082,2041,0.995,-11,-2041
46185,48237,2052,0,NTB,se eles vão produzir um statement of purpose,46185,48237,2052,2052,1.0,0,0
48982,50259,1277,0,GE-Phrase,202,46196,50278,4082,1277,1.0,2786,-19
48982,50259,1277,0,NTB,a escrita dele,48982,50259,1277,1277,1.0,0,0
89733,90527,794,0,GE-Phrase,223,89435,91263,1828,794,1.0,298,-736
89733,90527,794,0,NTB,basicamente,89733,90527,794,794,1.0,0,0
101775,103364,1589,0,GE-Phrase,226,101601,103369,1768,1589,1.0,174,-5
101775,103364,1589,0,NTB,aí acho que a Elisa faz assim também,101775,103364,1589,1589,1.0,0,0
106867,108194,1327,0,GE-Phrase,229,105764,107960,2196,1093,0.824,1103,234
106867,108194,1327,0,GE-Phrase,230,107960,110406,2446,234,0.176,-1093,-2212
106867,108194,1327,0,NTB,o que é um statement of purpose,106867,108194,1327,1327,1.0,0,0
108194,108671,477,0,GE-Phrase,230,107960,110406,2446,477,1.0,234,-1735
108194,108671,477,0,NTB,vê,108194,108671,477,477,1.0,0,0
108671,109369,698,0,GE-Phrase,230,107960,110406,2446,698,1.0,711,-1037
108671,109369,698,0,NTB,tipo,108671,109369,698,698,1.0,0,0
109369,110382,1013,0,GE-Phrase,230,107960,110406,2446,1013,1.0,1409,-24
109369,110382,1013,0,NTB,exemplos,109369,110382,1013,1013,1.0,0,0
111370,113448,2078,0,GE-Phrase,232,111344,112091,747,721,0.347,26,1357
111370,113448,2078,0,GE-Phrase,233,112091,112627,536,536,0.258,-721,821
111370,113448,2078,0,GE-Phrase,234,112627,113705,1078,821,0.395,-1257,-257
111370,113448,2078,0,NTB,pra que que aquilo é usado,111370,113448,2078,2078,1.0,0,0
124510,125198,688,0,GE-Phrase,241,121878,125705,3827,688,1.0,2632,-507
124510,125198,688,0,NTB,estruturados,124510,125198,688,688,1.0,0,0
125198,125513,315,0,GE-Phrase,241,121878,125705,3827,315,1.0,3320,-192
125198,125513,315,0,NTB,e tal,125198,125513,315,315,1.0,0,0
45843,46185,342,0,GE-Phrase,201,43285,46196,2911,342,1.0,2558,-11
45843,46185,342,0,NTB,por exemplo,45843,46185,342,342,1.0,0,0
46185,48237,2052,0,GE-Phrase,201,43285,46196,2911,11,0.005,2900,2041
46185,48237,2052,0,GE-Phrase,202,46196,50278,4082,2041,0.995,-11,-2041
46185,48237,2052,0,NTB,se eles vão produzir um statement of purpose,46185,48237,2052,2052,1.0,0,0
48982,50259,1277,0,GE-Phrase,202,46196,50278,4082,1277,1.0,2786,-19
48982,50259,1277,0,NTB,a escrita dele,48982,50259,1277,1277,1.0,0,0
89733,90527,794,0,GE-Phrase,223,89435,91263,1828,794,1.0,298,-736
89733,90527,794,0,NTB,basicamente,89733,90527,794,794,1.0,0,0
101775,103364,1589,0,GE-Phrase,226,101601,103369,1768,1589,1.0,174,-5
101775,103364,1589,0,NTB,aí acho que a Elisa faz assim também,101775,103364,1589,1589,1.0,0,0
106867,108194,1327,0,GE-Phrase,229,105764,107960,2196,1093,0.824,1103,234
106867,108194,1327,0,GE-Phrase,230,107960,110406,2446,234,0.176,-1093,-2212
106867,108194,1327,0,NTB,o que é um statement of purpose,106867,108194,1327,1327,1.0,0,0
108194,108671,477,0,GE-Phrase,230,107960,110406,2446,477,1.0,234,-1735
108194,108671,477,0,NTB,vê,108194,108671,477,477,1.0,0,0
108671,109369,698,0,GE-Phrase,230,107960,110406,2446,698,1.0,711,-1037
108671,109369,698,0,NTB,tipo,108671,109369,698,698,1.0,0,0
109369,110382,1013,0,GE-Phrase,230,107960,110406,2446,1013,1.0,1409,-24
109369,110382,1013,0,NTB,exemplos,109369,110382,1013,1013,1.0,0,0
111370,113448,2078,0,GE-Phrase,232,111344,112091,747,721,0.347,26,1357
111370,113448,2078,0,GE-Phrase,233,112091,112627,536,536,0.258,-721,821
111370,113448,2078,0,GE-Phrase,234,112627,113705,1078,821,0.395,-1257,-257
111370,113448,2078,0,NTB,pra que que aquilo é usado,111370,113448,2078,2078,1.0,0,0
124510,125198,688,0,GE-Phrase,241,121878,125705,3827,688,1.0,2632,-507
124510,125198,688,0,NTB,estruturados,124510,125198,688,688,1.0,0,0
125198,125513,315,0,GE-Phrase,241,121878,125705,3827,315,1.0,3320,-192
125198,125513,315,0,NTB,e tal,125198,125513,315,315,1.0,0,0
45843,46185,342,0,GE-Phrase,201,43285,46196,2911,342,1.0,2558,-11
45843,46185,342,0,NTB,por exemplo,45843,46185,342,342,1.0,0,0
46185,48237,2052,0,GE-Phrase,201,43285,46196,2911,11,0.005,2900,2041
46185,48237,2052,0,GE-Phrase,202,46196,50278,4082,2041,0.995,-11,-2041
46185,48237,2052,0,NTB,se eles vão produzir um statement of purpose,46185,48237,2052,2052,1.0,0,0
48982,50259,1277,0,GE-Phrase,202,46196,50278,4082,1277,1.0,2786,-19
48982,50259,1277,0,NTB,a escrita dele,48982,50259,1277,1277,1.0,0,0
89733,90527,794,0,GE-Phrase,223,89435,91263,1828,794,1.0,298,-736
89733,90527,794,0,NTB,basicamente,89733,90527,794,794,1.0,0,0
101775,103364,1589,0,GE-Phrase,226,101601,103369,1768,1589,1.0,174,-5
101775,103364,1589,0,NTB,aí acho que a Elisa faz assim também,101775,103364,1589,1589,1.0,0,0
106867,108194,1327,0,GE-Phrase,229,105764,107960,2196,1093,0.824,1103,234
106867,108194,1327,0,GE-Phrase,230,107960,110406,2446,234,0.176,-1093,-2212
106867,108194,1327,0,NTB,o que é um statement of purpose,106867,108194,1327,1327,1.0,0,0
108194,108671,477,0,GE-Phrase,230,107960,110406,2446,477,1.0,234,-1735
108194,108671,477,0,NTB,vê,108194,108671,477,477,1.0,0,0
108671,109369,698,0,GE-Phrase,230,107960,110406,2446,698,1.0,711,-1037
108671,109369,698,0,NTB,tipo,108671,109369,698,698,1.0,0,0
109369,110382,1013,0,GE-Phrase,230,107960,110406,2446,1013,1.0,1409,-24
109369,110382,1013,0,NTB,exemplos,109369,110382,1013,1013,1.0,0,0
111370,113448,2078,0,GE-Phrase,232,111344,112091,747,721,0.347,26,1357
111370,113448,2078,0,GE-Phrase,233,112091,112627,536,536,0.258,-721,821
111370,113448,2078,0,GE-Phrase,234,112627,113705,1078,821,0.395,-1257,-257
111370,113448,2078,0,NTB,pra que que aquilo é usado,111370,113448,2078,2078,1.0,0,0
124510,125198,688,0,GE-Phrase,241,121878,125705,3827,688,1.0,2632,-507
124510,125198,688,0,NTB,estruturados,124510,125198,688,688,1.0,0,0
125198,125513,315,0,GE-Phrase,241,121878,125705,3827,315,1.0,3320,-192
125198,125513,315,0,NTB,e tal,125198,125513,315,315,1.0,0,0
45843,46185,342,0,GE-Phrase,201,43285,46196,2911,342,1.0,2558,-11
45843,46185,342,0,NTB,por exemplo,45843,46185,342,342,1.0,0,0
46185,48237,2052,0,GE-Phrase,201,43285,46196,2911,11,0.005,2900,2041
46185,48237,2052,0,GE-Phrase,202,46196,50278,4082,2041,0.995,-11,-2041
46185,48237,2052,0,NTB,se eles vão produzir um statement of purpose,46185,48237,2052,2052,1.0,0,0
48982,50259,1277,0,GE-Phrase,202,46196,50278,4082,1277,1.0,2786,-19
48982,50259,1277,0,NTB,a escrita dele,48982,50259,1277,1277,1.0,0,0
89733,90527,794,0,GE-Phrase,223,89435,91263,1828,794,1.0,298,-736
89733,90527,794,0,NTB,basicamente,89733,90527,794,794,1.0,0,0
101775,103364,1589,0,GE-Phrase,226,101601,103369,1768,1589,1.0,174,-5
101775,103364,1589,0,NTB,aí acho que a Elisa faz assim também,101775,103364,1589,1589,1.0,0,0
106867,108194,1327,0,GE-Phrase,229,105764,107960,2196,1093,0.824,1103,234
106867,108194,1327,0,GE-Phrase,230,107960,110406,2446,234,0.176,-1093,-2212
106867,108194,1327,0,NTB,o que é um statement of purpose,106867,108194,1327,1327,1.0,0,0
108194,108671,477,0,GE-Phrase,230,107960,110406,2446,477,1.0,234,-1735
108194,108671,477,0,NTB,vê,108194,108671,477,477,1.0,0,0
108671,109369,698,0,GE-Phrase,230,107960,110406,2446,698,1.0,711,-1037
108671,109369,698,0,NTB,tipo,108671,109369,698,698,1.0,0,0
109369,110382,1013,0,GE-Phrase,230,107960,110406,2446,1013,1.0,1409,-24
109369,110382,1013,0,NTB,exemplos,109369,110382,1013,1013,1.0,0,0
111370,113448,2078,0,GE-Phrase,232,111344,112091,747,721,0.347,26,1357
111370,113448,2078,0,GE-Phrase,233,112091,112627,536,536,0.258,-721,821
111370,113448,2078,0,GE-Phrase,234,112627,113705,1078,821,0.395,-1257,-257
111370,113448,2078,0,NTB,pra que que aquilo é usado,111370,113448,2078,2078,1.0,0,0
124510,125198,688,0,GE-Phrase,241,121878,125705,3827,688,1.0,2632,-507
124510,125198,688,0,NTB,estruturados,124510,125198,688,688,1.0,0,0
125198,125513,315,0,GE-Phrase,241,121878,125705,3827,315,1.0,3320,-192
125198,125513,315,0,NTB,e tal,125198,125513,315,315,1.0,0,0
45843,46185,342,0,GE-Phrase,201,43285,46196,2911,342,1.0,2558,-11
45843,46185,342,0,NTB,por exemplo,45843,46185,342,342,1.0,0,0
46185,48237,2052,0,GE-Phrase,201,43285,46196,2911,11,0.005,2900,2041
46185,48237,2052,0,GE-Phrase,202,46196,50278,4082,2041,0.995,-11,-2041
46185,48237,2052,0,NTB,se eles vão produzir um statement of purpose,46185,48237,2052,2052,1.0,0,0
48982,50259,1277,0,GE-Phrase,202,46196,50278,4082,1277,1.0,2786,-19
48982,50259,1277,0,NTB,a escrita dele,48982,50259,1277,1277,1.0,0,0
89733,90527,794,0,GE-Phrase,223,89435,91263,1828,794,1.0,298,-736
89733,90527,794,0,NTB,basicamente,89733,90527,794,794,1.0,0,0
101775,103364,1589,0,GE-Phrase,226,101601,103369,1768,1589,1.0,174,-5
101775,103364,1589,0,NTB,aí acho que a Elisa faz assim também,101775,103364,1589,1589,1.0,0,0
106867,108194,1327,0,GE-Phrase,229,105764,107960,2196,1093,0.824,1103,234
106867,108194,1327,0,GE-Phrase,230,107960,110406,2446,234,0.176,-1093,-2212
106867,108194,1327,0,NTB,o que é um statement of purpose,106867,108194,1327,1327,1.0,0,0
108194,108671,477,0,GE-Phrase,230,107960,110406,2446,477,1.0,234,-1735
108194,108671,477,0,NTB,vê,108194,108671,477,477,1.0,0,0
108671,109369,698,0,GE-Phrase,230,107960,110406,2446,698,1.0,711,-1037
108671,109369,698,0,NTB,tipo,108671,109369,698,698,1.0,0,0
109369,110382,1013,0,GE-Phrase,230,107960,110406,2446,1013,1.0,1409,-24
109369,110382,1013,0,NTB,exemplos,109369,110382,1013,1013,1.0,0,0
111370,113448,2078,0,GE-Phrase,232,111344,112091,747,721,0.347,26,1357
111370,113448,2078,0,GE-Phrase,233,112091,112627,536,536,0.258,-721,821
111370,113448,2078,0,GE-Phrase,234,112627,113705,1078,821,0.395,-1257,-257
111370,113448,2078,0,NTB,pra que que aquilo é usado,111370,113448,2078,2078,1.0,0,0
124510,125198,688,0,GE-Phrase,241,121878,125705,3827,688,1.0,2632,-507
124510,125198,688,0,NTB,estruturados,124510,125198,688,688,1.0,0,0
125198,125513,315,0,GE-Phrase,241,121878,125705,3827,315,1.0,3320,-192
125198,125513,315,0,NTB,e tal,125198,125513,315,315,1.0,0,0
45843,46185,342,0,GE-Phrase,201,43285,46196,2911,342,1.0,2558,-11
45843,46185,342,0,NTB,por exemplo,45843,46185,342,342,1.0,0,0
46185,48237,2052,0,GE-Phrase,201,43285,46196,2911,11,0.005,2900,2041
46185,48237,2052,0,GE-Phrase,202,46196,50278,4082,2041,0.995,-11,-2041
46185,48237,2052,0,NTB,se eles vão produzir um statement of purpose,46185,48237,2052,2052,1.0,0,0
48982,50259,1277,0,GE-Phrase,202,46196,50278,4082,1277,1.0,2786,-19
48982,50259,1277,0,NTB,a escrita dele,48982,50259,1277,1277,1.0,0,0
89733,90527,794,0,GE-Phrase,223,89435,91263,1828,794,1.0,298,-736
89733,90527,794,0,NTB,basicamente,89733,90527,794,794,1.0,0,0
101775,103364,1589,0,GE-Phrase,226,101601,103369,1768,1589,1.0,174,-5
101775,103364,1589,0,NTB,aí acho que a Elisa faz assim também,101775,103364,1589,1589,1.0,0,0
106867,108194,1327,0,GE-Phrase,229,105764,107960,2196,1093,0.824,1103,234
106867,108194,1327,0,GE-Phrase,230,107960,110406,2446,234,0.176,-1093,-2212
106867,108194,1327,0,NTB,o que é um statement of purpose,106867,108194,1327,1327,1.0,0,0
108194,108671,477,0,GE-Phrase,230,107960,110406,2446,477,1.0,234,-1735
108194,108671,477,0,NTB,vê,108194,108671,477,477,1.0,0,0
108671,109369,698,0,GE-Phrase,230,107960,110406,2446,698,1.0,711,-1037
108671,109369,698,0,NTB,tipo,108671,109369,698,698,1.0,0,0
109369,110382,1013,0,GE-Phrase,230,107960,110406,2446,1013,1.0,1409,-24
109369,110382,1013,0,NTB,exemplos,109369,110382,1013,1013,1.0,0,0
111370,113448,2078,0,GE-Phrase,232,111344,112091,747,721,0.347,26,1357
111370,113448,2078,0,GE-Phrase,233,112091,112627,536,536,0.258,-721,821
111370,113448,2078,0,GE-Phrase,234,112627,113705,1078,821,0.395,-1257,-257
111370,113448,2078,0,NTB,pra que que aquilo é usado,111370,113448,2078,2078,1.0,0,0
124510,125198,688,0,GE-Phrase,241,121878,125705,3827,688,1.0,2632,-507
124510,125198,688,0,NTB,estruturados,124510,125198,688,688,1.0,0,0
125198,125513,315,0,GE-Phrase,241,121878,125705,3827,315,1.0,3320,-192
125198,125513,315,0,NTB,e tal,125198,125513,315,315,1.0,0,0
45843,46185,342,0,GE-Phrase,201,43285,46196,2911,342,1.0,2558,-11
45843,46185,342,0,NTB,por exemplo,45843,46185,342,342,1.0,0,0
46185,48237,2052,0,GE-Phrase,201,43285,46196,2911,11,0.005,2900,2041
46185,48237,2052,0,GE-Phrase,202,46196,50278,4082,2041,0.995,-11,-2041
46185,48237,2052,0,NTB,se eles vão produzir um statement of purpose,46185,48237,2052,2052,1.0,0,0
48982,50259,1277,0,GE-Phrase,202,46196,50278,4082,1277,1.0,2786,-19
48982,50259,1277,0,NTB,a escrita dele,48982,50259,1277,1277,1.0,0,0
89733,90527,794,0,GE-Phrase,223,89435,91263,1828,794,1.0,298,-736
89733,90527,794,0,NTB,basicamente,89733,90527,794,794,1.0,0,0
101775,103364,1589,0,GE-Phrase,226,101601,103369,1768,1589,1.0,174,-5
101775,103364,1589,0,NTB,aí acho que a Elisa faz assim também,101775,103364,1589,1589,1.0,0,0
106867,108194,1327,0,GE-Phrase,229,105764,107960,2196,1093,0.824,1103,234
106867,108194,1327,0,GE-Phrase,230,107960,110406,2446,234,0.176,-1093,-2212
106867,108194,1327,0,NTB,o que é um statement of purpose,106867,108194,1327,1327,1.0,0,0
108194,108671,477,0,GE-Phrase,230,107960,110406,2446,477,1.0,234,-1735
108194,108671,477,0,NTB,vê,108194,108671,477,477,1.0,0,0
108671,109369,698,0,GE-Phrase,230,107960,110406,2446,698,1.0,711,-1037
108671,109369,698,0,NTB,tipo,108671,109369,698,698,1.0,0,0
109369,110382,1013,0,GE-Phrase,230,107960,110406,2446,1013,1.0,1409,-24
109369,110382,1013,0,NTB,exemplos,109369,110382,1013,1013,1.0,0,0
111370,113448,2078,0,GE-Phrase,232,111344,112091,747,721,0.347,26,1357
111370,113448,2078,0,GE-Phrase,233,112091,112627,536,536,0.258,-721,821
111370,113448,2078,0,GE-Phrase,234,112627,113705,1078,821,0.395,-1257,-257
111370,113448,2078,0,NTB,pra que que aquilo é usado,111370,113448,2078,2078,1.0,0,0
124510,125198,688,0,GE-Phrase,241,121878,125705,3827,688,1.0,2632,-507
124510,125198,688,0,NTB,estruturados,124510,125198,688,688,1.0,0,0
125198,125513,315,0,GE-Phrase,241,121878,125705,3827,315,1.0,3320,-192
125198,125513,315,0,NTB,e tal,125198,125513,315,315,1.0,0,0
45843,46185,342,0,GE-Phrase,201,43285,46196,2911,342,1.0,2558,-11
45843,46185,342,0,NTB,por exemplo,45843,46185,342,342,1.0,0,0
46185,48237,2052,0,GE-Phrase,201,43285,46196,2911,11,0.005,2900,2041
46185,48237,2052,0,GE-Phrase,202,46196,50278,4082,2041,0.995,-11,-2041
46185,48237,2052,0,NTB,se eles vão produzir um statement of purpose,46185,48237,2052,2052,1.0,0,0
48982,50259,1277,0,GE-Phrase,202,46196,50278,4082,1277,1.0,2786,-19
48982,50259,1277,0,NTB,a escrita dele,48982,50259,1277,1277,1.0,0,0
89733,90527,794,0,GE-Phrase,223,89435,91263,1828,794,1.0,298,-736
89733,90527,794,0,NTB,basicamente,89733,90527,794,794,1.0,0,0
101775,103364,1589,0,GE-Phrase,226,101601,103369,1768,1589,1.0,174,-5
101775,103364,1589,0,NTB,aí acho que a Elisa faz assim também,101775,103364,1589,1589,1.0,0,0
106867,108194,1327,0,GE-Phrase,229,105764,107960,2196,1093,0.824,1103,234
106867,108194,1327,0,GE-Phrase,230,107960,110406,2446,234,0.176,-1093,-2212
106867,108194,1327,0,NTB,o que é um statement of purpose,106867,108194,1327,1327,1.0,0,0
108194,108671,477,0,GE-Phrase,230,107960,110406,2446,477,1.0,234,-1735
108194,108671,477,0,NTB,vê,108194,108671,477,477,1.0,0,0
108671,109369,698,0,GE-Phrase,230,107960,110406,2446,698,1.0,711,-1037
108671,109369,698,0,NTB,tipo,108671,109369,698,698,1.0,0,0
109369,110382,1013,0,GE-Phrase,230,107960,110406,2446,1013,1.0,1409,-24
109369,110382,1013,0,NTB,exemplos,109369,110382,1013,1013,1.0,0,0
111370,113448,2078,0,GE-Phrase,232,111344,112091,747,721,0.347,26,1357
111370,113448,2078,0,GE-Phrase,233,112091,112627,536,536,0.258,-721,821
111370,113448,2078,0,GE-Phrase,234,112627,113705,1078,821,0.395,-1257,-257
111370,113448,2078,0,NTB,pra que que aquilo é usado,111370,113448,2078,2078,1.0,0,0
124510,125198,688,0,GE-Phrase,241,121878,125705,3827,688,1.0,2632,-507
124510,125198,688,0,NTB,estruturados,124510,125198,688,688,1.0,0,0
125198,125513,315,0,GE-Phrase,241,121878,125705,3827,315,1.0,3320,-192
125198,125513,315,0,NTB,e tal,125198,125513,315,315,1.0,0,0
10765,11888,1123,0,GE-Phrase,204,10681,11709,1028,944,0.841,84,179
10765,11888,1123,0,GE-Phrase,205,11709,12745,1036,179,0.159,-944,-857
10765,11888,1123,0,NTB,isso é coisa boa,10765,11888,1123,1123,1.0,0,0
14587,15964,1377,0,GE-Phrase,206,12745,15828,3083,1241,0.901,1842,136
14587,15964,1377,0,GE-Phrase,207,15828,17061,1233,136,0.099,-1241,-1097
14587,15964,1377,0,NTB,nesse trabalho novo dela,14587,15964,1377,1377,1.0,0,0
22557,25674,3117,0,GE-Phrase,209,23133,25933,2800,2541,0.815,-576,-259
22557,25674,3117,0,NTB,já o tempo que eu tô fora de casa,22557,25674,3117,3117,1.0,0,0
26022,27563,1541,0,GE-Phrase,210,25933,27493,1560,1471,0.955,89,70
26022,27563,1541,0,GE-Phrase,211,27493,29702,2209,70,0.045,-1471,-2139
26022,27563,1541,0,NTB,também por causa disso,26022,27563,1541,1541,1.0,0,0
29529,31227,1698,0,GE-Phrase,211,27493,29702,2209,173,0.102,2036,1525
29529,31227,1698,0,NTB,a renda maior da casa,29529,31227,1698,1698,1.0,0,0
33285,34491,1206,0,GE-Phrase,213,32366,34665,2299,1206,1.0,919,-174
33285,34491,1206,0,NTB,me explicaram,33285,34491,1206,1206,1.0,0,0
50217,51572,1355,0,GE-Phrase,221,49804,51662,1858,1355,1.0,413,-90
50217,51572,1355,0,NTB,o trabalho dele oferece,50217,51572,1355,1355,1.0,0,0
62628,63778,1150,0,GE-Phrase,224,62322,63789,1467,1150,1.0,306,-11
62628,63778,1150,0,NTB,cê tiver alguma coisa,62628,63778,1150,1150,1.0,0,0
63778,65033,1255,0,GE-Phrase,224,62322,63789,1467,11,0.009,1456,1244
63778,65033,1255,0,GE-Phrase,225,63789,64734,945,945,0.753,-11,299
63778,65033,1255,0,GE-Phrase,226,64734,66622,1888,299,0.238,-956,-1589
63778,65033,1255,0,NTB,você vem pra cá,63778,65033,1255,1255,1.0,0,0
10765,11888,1123,0,GE-Phrase,204,10681,11709,1028,944,0.841,84,179
10765,11888,1123,0,GE-Phrase,205,11709,12745,1036,179,0.159,-944,-857
10765,11888,1123,0,NTB,isso é coisa boa,10765,11888,1123,1123,1.0,0,0
14587,15964,1377,0,GE-Phrase,206,12745,15828,3083,1241,0.901,1842,136
14587,15964,1377,0,GE-Phrase,207,15828,17061,1233,136,0.099,-1241,-1097
14587,15964,1377,0,NTB,nesse trabalho novo dela,14587,15964,1377,1377,1.0,0,0
22557,25674,3117,0,GE-Phrase,209,23133,25933,2800,2541,0.815,-576,-259
22557,25674,3117,0,NTB,já o tempo que eu tô fora de casa,22557,25674,3117,3117,1.0,0,0
26022,27563,1541,0,GE-Phrase,210,25933,27493,1560,1471,0.955,89,70
26022,27563,1541,0,GE-Phrase,211,27493,29702,2209,70,0.045,-1471,-2139
26022,27563,1541,0,NTB,também por causa disso,26022,27563,1541,1541,1.0,0,0
29529,31227,1698,0,GE-Phrase,211,27493,29702,2209,173,0.102,2036,1525
29529,31227,1698,0,NTB,a renda maior da casa,29529,31227,1698,1698,1.0,0,0
33285,34491,1206,0,GE-Phrase,213,32366,34665,2299,1206,1.0,919,-174
33285,34491,1206,0,NTB,me explicaram,33285,34491,1206,1206,1.0,0,0
50217,51572,1355,0,GE-Phrase,221,49804,51662,1858,1355,1.0,413,-90
50217,51572,1355,0,NTB,o trabalho dele oferece,50217,51572,1355,1355,1.0,0,0
62628,63778,1150,0,GE-Phrase,224,62322,63789,1467,1150,1.0,306,-11
62628,63778,1150,0,NTB,cê tiver alguma coisa,62628,63778,1150,1150,1.0,0,0
63778,65033,1255,0,GE-Phrase,224,62322,63789,1467,11,0.009,1456,1244
63778,65033,1255,0,GE-Phrase,225,63789,64734,945,945,0.753,-11,299
63778,65033,1255,0,GE-Phrase,226,64734,66622,1888,299,0.238,-956,-1589
63778,65033,1255,0,NTB,você vem pra cá,63778,65033,1255,1255,1.0,0,0
10765,11888,1123,0,GE-Phrase,204,10681,11709,1028,944,0.841,84,179
10765,11888,1123,0,GE-Phrase,205,11709,12745,1036,179,0.159,-944,-857
10765,11888,1123,0,NTB,isso é coisa boa,10765,11888,1123,1123,1.0,0,0
14587,15964,1377,0,GE-Phrase,206,12745,15828,3083,1241,0.901,1842,136
14587,15964,1377,0,GE-Phrase,207,15828,17061,1233,136,0.099,-1241,-1097
14587,15964,1377,0,NTB,nesse trabalho novo dela,14587,15964,1377,1377,1.0,0,0
22557,25674,3117,0,GE-Phrase,209,23133,25933,2800,2541,0.815,-576,-259
22557,25674,3117,0,NTB,já o tempo que eu tô fora de casa,22557,25674,3117,3117,1.0,0,0
26022,27563,1541,0,GE-Phrase,210,25933,27493,1560,1471,0.955,89,70
26022,27563,1541,0,GE-Phrase,211,27493,29702,2209,70,0.045,-1471,-2139
26022,27563,1541,0,NTB,também por causa disso,26022,27563,1541,1541,1.0,0,0
29529,31227,1698,0,GE-Phrase,211,27493,29702,2209,173,0.102,2036,1525
29529,31227,1698,0,NTB,a renda maior da casa,29529,31227,1698,1698,1.0,0,0
33285,34491,1206,0,GE-Phrase,213,32366,34665,2299,1206,1.0,919,-174
33285,34491,1206,0,NTB,me explicaram,33285,34491,1206,1206,1.0,0,0
50217,51572,1355,0,GE-Phrase,221,49804,51662,1858,1355,1.0,413,-90
50217,51572,1355,0,NTB,o trabalho dele oferece,50217,51572,1355,1355,1.0,0,0
62628,63778,1150,0,GE-Phrase,224,62322,63789,1467,1150,1.0,306,-11
62628,63778,1150,0,NTB,cê tiver alguma coisa,62628,63778,1150,1150,1.0,0,0
63778,65033,1255,0,GE-Phrase,224,62322,63789,1467,11,0.009,1456,1244
63778,65033,1255,0,GE-Phrase,225,63789,64734,945,945,0.753,-11,299
63778,65033,1255,0,GE-Phrase,226,64734,66622,1888,299,0.238,-956,-1589
63778,65033,1255,0,NTB,você vem pra cá,63778,65033,1255,1255,1.0,0,0
10765,11888,1123,0,GE-Phrase,204,10681,11709,1028,944,0.841,84,179
10765,11888,1123,0,GE-Phrase,205,11709,12745,1036,179,0.159,-944,-857
10765,11888,1123,0,NTB,isso é coisa boa,10765,11888,1123,1123,1.0,0,0
14587,15964,1377,0,GE-Phrase,206,12745,15828,3083,1241,0.901,1842,136
14587,15964,1377,0,GE-Phrase,207,15828,17061,1233,136,0.099,-1241,-1097
14587,15964,1377,0,NTB,nesse trabalho novo dela,14587,15964,1377,1377,1.0,0,0
22557,25674,3117,0,GE-Phrase,209,23133,25933,2800,2541,0.815,-576,-259
22557,25674,3117,0,NTB,já o tempo que eu tô fora de casa,22557,25674,3117,3117,1.0,0,0
26022,27563,1541,0,GE-Phrase,210,25933,27493,1560,1471,0.955,89,70
26022,27563,1541,0,GE-Phrase,211,27493,29702,2209,70,0.045,-1471,-2139
26022,27563,1541,0,NTB,também por causa disso,26022,27563,1541,1541,1.0,0,0
29529,31227,1698,0,GE-Phrase,211,27493,29702,2209,173,0.102,2036,1525
29529,31227,1698,0,NTB,a renda maior da casa,29529,31227,1698,1698,1.0,0,0
33285,34491,1206,0,GE-Phrase,213,32366,34665,2299,1206,1.0,919,-174
33285,34491,1206,0,NTB,me explicaram,33285,34491,1206,1206,1.0,0,0
50217,51572,1355,0,GE-Phrase,221,49804,51662,1858,1355,1.0,413,-90
50217,51572,1355,0,NTB,o trabalho dele oferece,50217,51572,1355,1355,1.0,0,0
62628,63778,1150,0,GE-Phrase,224,62322,63789,1467,1150,1.0,306,-11
62628,63778,1150,0,NTB,cê tiver alguma coisa,62628,63778,1150,1150,1.0,0,0
63778,65033,1255,0,GE-Phrase,224,62322,63789,1467,11,0.009,1456,1244
63778,65033,1255,0,GE-Phrase,225,63789,64734,945,945,0.753,-11,299
63778,65033,1255,0,GE-Phrase,226,64734,66622,1888,299,0.238,-956,-1589
63778,65033,1255,0,NTB,você vem pra cá,63778,65033,1255,1255,1.0,0,0
10765,11888,1123,0,GE-Phrase,204,10681,11709,1028,944,0.841,84,179
10765,11888,1123,0,GE-Phrase,205,11709,12745,1036,179,0.159,-944,-857
10765,11888,1123,0,NTB,isso é coisa boa,10765,11888,1123,1123,1.0,0,0
14587,15964,1377,0,GE-Phrase,206,12745,15828,3083,1241,0.901,1842,136
14587,15964,1377,0,GE-Phrase,207,15828,17061,1233,136,0.099,-1241,-1097
14587,15964,1377,0,NTB,nesse trabalho novo dela,14587,15964,1377,1377,1.0,0,0
22557,25674,3117,0,GE-Phrase,209,23133,25933,2800,2541,0.815,-576,-259
22557,25674,3117,0,NTB,já o tempo que eu tô fora de casa,22557,25674,3117,3117,1.0,0,0
26022,27563,1541,0,GE-Phrase,210,25933,27493,1560,1471,0.955,89,70
26022,27563,1541,0,GE-Phrase,211,27493,29702,2209,70,0.045,-1471,-2139
26022,27563,1541,0,NTB,também por causa disso,26022,27563,1541,1541,1.0,0,0
29529,31227,1698,0,GE-Phrase,211,27493,29702,2209,173,0.102,2036,1525
29529,31227,1698,0,NTB,a renda maior da casa,29529,31227,1698,1698,1.0,0,0
33285,34491,1206,0,GE-Phrase,213,32366,34665,2299,1206,1.0,919,-174
33285,34491,1206,0,NTB,me explicaram,33285,34491,1206,1206,1.0,0,0
50217,51572,1355,0,GE-Phrase,221,49804,51662,1858,1355,1.0,413,-90
50217,51572,1355,0,NTB,o trabalho dele oferece,50217,51572,1355,1355,1.0,0,0
62628,63778,1150,0,GE-Phrase,224,62322,63789,1467,1150,1.0,306,-11
62628,63778,1150,0,NTB,cê tiver alguma coisa,62628,63778,1150,1150,1.0,0,0
63778,65033,1255,0,GE-Phrase,224,62322,63789,1467,11,0.009,1456,1244
63778,65033,1255,0,GE-Phrase,225,63789,64734,945,945,0.753,-11,299
63778,65033,1255,0,GE-Phrase,226,64734,66622,1888,299,0.238,-956,-1589
63778,65033,1255,0,NTB,você vem pra cá,63778,65033,1255,1255,1.0,0,0
10765,11888,1123,0,GE-Phrase,204,10681,11709,1028,944,0.841,84,179
10765,11888,1123,0,GE-Phrase,205,11709,12745,1036,179,0.159,-944,-857
10765,11888,1123,0,NTB,isso é coisa boa,10765,11888,1123,1123,1.0,0,0
14587,15964,1377,0,GE-Phrase,206,12745,15828,3083,1241,0.901,1842,136
14587,15964,1377,0,GE-Phrase,207,15828,17061,1233,136,0.099,-1241,-1097
14587,15964,1377,0,NTB,nesse trabalho novo dela,14587,15964,1377,1377,1.0,0,0
22557,25674,3117,0,GE-Phrase,209,23133,25933,2800,2541,0.815,-576,-259
22557,25674,3117,0,NTB,já o tempo que eu tô fora de casa,22557,25674,3117,3117,1.0,0,0
26022,27563,1541,0,GE-Phrase,210,25933,27493,1560,1471,0.955,89,70
26022,27563,1541,0,GE-Phrase,211,27493,29702,2209,70,0.045,-1471,-2139
26022,27563,1541,0,NTB,também por causa disso,26022,27563,1541,1541,1.0,0,0
29529,31227,1698,0,GE-Phrase,211,27493,29702,2209,173,0.102,2036,1525
29529,31227,1698,0,NTB,a renda maior da casa,29529,31227,1698,1698,1.0,0,0
33285,34491,1206,0,GE-Phrase,213,32366,34665,2299,1206,1.0,919,-174
33285,34491,1206,0,NTB,me explicaram,33285,34491,1206,1206,1.0,0,0
50217,51572,1355,0,GE-Phrase,221,49804,51662,1858,1355,1.0,413,-90
50217,51572,1355,0,NTB,o trabalho dele oferece,50217,51572,1355,1355,1.0,0,0
62628,63778,1150,0,GE-Phrase,224,62322,63789,1467,1150,1.0,306,-11
62628,63778,1150,0,NTB,cê tiver alguma coisa,62628,63778,1150,1150,1.0,0,0
63778,65033,1255,0,GE-Phrase,224,62322,63789,1467,11,0.009,1456,1244
63778,65033,1255,0,GE-Phrase,225,63789,64734,945,945,0.753,-11,299
63778,65033,1255,0,GE-Phrase,226,64734,66622,1888,299,0.238,-956,-1589
63778,65033,1255,0,NTB,você vem pra cá,63778,65033,1255,1255,1.0,0,0
10765,11888,1123,0,GE-Phrase,204,10681,11709,1028,944,0.841,84,179
10765,11888,1123,0,GE-Phrase,205,11709,12745,1036,179,0.159,-944,-857
10765,11888,1123,0,NTB,isso é coisa boa,10765,11888,1123,1123,1.0,0,0
14587,15964,1377,0,GE-Phrase,206,12745,15828,3083,1241,0.901,1842,136
14587,15964,1377,0,GE-Phrase,207,15828,17061,1233,136,0.099,-1241,-1097
14587,15964,1377,0,NTB,nesse trabalho novo dela,14587,15964,1377,1377,1.0,0,0
22557,25674,3117,0,GE-Phrase,209,23133,25933,2800,2541,0.815,-576,-259
22557,25674,3117,0,NTB,já o tempo que eu tô fora de casa,22557,25674,3117,3117,1.0,0,0
26022,27563,1541,0,GE-Phrase,210,25933,27493,1560,1471,0.955,89,70
26022,27563,1541,0,GE-Phrase,211,27493,29702,2209,70,0.045,-1471,-2139
26022,27563,1541,0,NTB,também por causa disso,26022,27563,1541,1541,1.0,0,0
29529,31227,1698,0,GE-Phrase,211,27493,29702,2209,173,0.102,2036,1525
29529,31227,1698,0,NTB,a renda maior da casa,29529,31227,1698,1698,1.0,0,0
33285,34491,1206,0,GE-Phrase,213,32366,34665,2299,1206,1.0,919,-174
33285,34491,1206,0,NTB,me explicaram,33285,34491,1206,1206,1.0,0,0
50217,51572,1355,0,GE-Phrase,221,49804,51662,1858,1355,1.0,413,-90
50217,51572,1355,0,NTB,o trabalho dele oferece,50217,51572,1355,1355,1.0,0,0
62628,63778,1150,0,GE-Phrase,224,62322,63789,1467,1150,1.0,306,-11
62628,63778,1150,0,NTB,cê tiver alguma coisa,62628,63778,1150,1150,1.0,0,0
63778,65033,1255,0,GE-Phrase,224,62322,63789,1467,11,0.009,1456,1244
63778,65033,1255,0,GE-Phrase,225,63789,64734,945,945,0.753,-11,299
63778,65033,1255,0,GE-Phrase,226,64734,66622,1888,299,0.238,-956,-1589
63778,65033,1255,0,NTB,você vem pra cá,63778,65033,1255,1255,1.0,0,0
10765,11888,1123,0,GE-Phrase,204,10681,11709,1028,944,0.841,84,179
10765,11888,1123,0,GE-Phrase,205,11709,12745,1036,179,0.159,-944,-857
10765,11888,1123,0,NTB,isso é coisa boa,10765,11888,1123,1123,1.0,0,0
14587,15964,1377,0,GE-Phrase,206,12745,15828,3083,1241,0.901,1842,136
14587,15964,1377,0,GE-Phrase,207,15828,17061,1233,136,0.099,-1241,-1097
14587,15964,1377,0,NTB,nesse trabalho novo dela,14587,15964,1377,1377,1.0,0,0
22557,25674,3117,0,GE-Phrase,209,23133,25933,2800,2541,0.815,-576,-259
22557,25674,3117,0,NTB,já o tempo que eu tô fora de casa,22557,25674,3117,3117,1.0,0,0
26022,27563,1541,0,GE-Phrase,210,25933,27493,1560,1471,0.955,89,70
26022,27563,1541,0,GE-Phrase,211,27493,29702,2209,70,0.045,-1471,-2139
26022,27563,1541,0,NTB,também por causa disso,26022,27563,1541,1541,1.0,0,0
29529,31227,1698,0,GE-Phrase,211,27493,29702,2209,173,0.102,2036,1525
29529,31227,1698,0,NTB,a renda maior da casa,29529,31227,1698,1698,1.0,0,0
33285,34491,1206,0,GE-Phrase,213,32366,34665,2299,1206,1.0,919,-174
33285,34491,1206,0,NTB,me explicaram,33285,34491,1206,1206,1.0,0,0
50217,51572,1355,0,GE-Phrase,221,49804,51662,1858,1355,1.0,413,-90
50217,51572,1355,0,NTB,o trabalho dele oferece,50217,51572,1355,1355,1.0,0,0
62628,63778,1150,0,GE-Phrase,224,62322,63789,1467,1150,1.0,306,-11
62628,63778,1150,0,NTB,cê tiver alguma coisa,62628,63778,1150,1150,1.0,0,0
63778,65033,1255,0,GE-Phrase,224,62322,63789,1467,11,0.009,1456,1244
63778,65033,1255,0,GE-Phrase,225,63789,64734,945,945,0.753,-11,299
63778,65033,1255,0,GE-Phrase,226,64734,66622,1888,299,0.238,-956,-1589
63778,65033,1255,0,NTB,você vem pra cá,63778,65033,1255,1255,1.0,0,0
10765,11888,1123,0,GE-Phrase,204,10681,11709,1028,944,0.841,84,179
10765,11888,1123,0,GE-Phrase,205,11709,12745,1036,179,0.159,-944,-857
10765,11888,1123,0,NTB,isso é coisa boa,10765,11888,1123,1123,1.0,0,0
14587,15964,1377,0,GE-Phrase,206,12745,15828,3083,1241,0.901,1842,136
14587,15964,1377,0,GE-Phrase,207,15828,17061,1233,136,0.099,-1241,-1097
14587,15964,1377,0,NTB,nesse trabalho novo dela,14587,15964,1377,1377,1.0,0,0
22557,25674,3117,0,GE-Phrase,209,23133,25933,2800,2541,0.815,-576,-259
22557,25674,3117,0,NTB,já o tempo que eu tô fora de casa,22557,25674,3117,3117,1.0,0,0
26022,27563,1541,0,GE-Phrase,210,25933,27493,1560,1471,0.955,89,70
26022,27563,1541,0,GE-Phrase,211,27493,29702,2209,70,0.045,-1471,-2139
26022,27563,1541,0,NTB,também por causa disso,26022,27563,1541,1541,1.0,0,0
29529,31227,1698,0,GE-Phrase,211,27493,29702,2209,173,0.102,2036,1525
29529,31227,1698,0,NTB,a renda maior da casa,29529,31227,1698,1698,1.0,0,0
33285,34491,1206,0,GE-Phrase,213,32366,34665,2299,1206,1.0,919,-174
33285,34491,1206,0,NTB,me explicaram,33285,34491,1206,1206,1.0,0,0
50217,51572,1355,0,GE-Phrase,221,49804,51662,1858,1355,1.0,413,-90
50217,51572,1355,0,NTB,o trabalho dele oferece,50217,51572,1355,1355,1.0,0,0
62628,63778,1150,0,GE-Phrase,224,62322,63789,1467,1150,1.0,306,-11
62628,63778,1150,0,NTB,cê tiver alguma coisa,62628,63778,1150,1150,1.0,0,0
63778,65033,1255,0,GE-Phrase,224,62322,63789,1467,11,0.009,1456,1244
63778,65033,1255,0,GE-Phrase,225,63789,64734,945,945,0.753,-11,299
63778,65033,1255,0,GE-Phrase,226,64734,66622,1888,299,0.238,-956,-1589
63778,65033,1255,0,NTB,você vem pra cá,63778,65033,1255,1255,1.0,0,0
10765,11888,1123,0,GE-Phrase,204,10681,11709,1028,944,0.841,84,179
10765,11888,1123,0,GE-Phrase,205,11709,12745,1036,179,0.159,-944,-857
10765,11888,1123,0,NTB,isso é coisa boa,10765,11888,1123,1123,1.0,0,0
14587,15964,1377,0,GE-Phrase,206,12745,15828,3083,1241,0.901,1842,136
14587,15964,1377,0,GE-Phrase,207,15828,17061,1233,136,0.099,-1241,-1097
14587,15964,1377,0,NTB,nesse trabalho novo dela,14587,15964,1377,1377,1.0,0,0
22557,25674,3117,0,GE-Phrase,209,23133,25933,2800,2541,0.815,-576,-259
22557,25674,3117,0,NTB,já o tempo que eu tô fora de casa,22557,25674,3117,3117,1.0,0,0
26022,27563,1541,0,GE-Phrase,210,25933,27493,1560,1471,0.955,89,70
26022,27563,1541,0,GE-Phrase,211,27493,29702,2209,70,0.045,-1471,-2139
26022,27563,1541,0,NTB,também por causa disso,26022,27563,1541,1541,1.0,0,0
29529,31227,1698,0,GE-Phrase,211,27493,29702,2209,173,0.102,2036,1525
29529,31227,1698,0,NTB,a renda maior da casa,29529,31227,1698,1698,1.0,0,0
33285,34491,1206,0,GE-Phrase,213,32366,34665,2299,1206,1.0,919,-174
33285,34491,1206,0,NTB,me explicaram,33285,34491,1206,1206,1.0,0,0
50217,51572,1355,0,GE-Phrase,221,49804,51662,1858,1355,1.0,413,-90
50217,51572,1355,0,NTB,o trabalho dele oferece,50217,51572,1355,1355,1.0,0,0
62628,63778,1150,0,GE-Phrase,224,62322,63789,1467,1150,1.0,306,-11
62628,63778,1150,0,NTB,cê tiver alguma coisa,62628,63778,1150,1150,1.0,0,0
63778,65033,1255,0,GE-Phrase,224,62322,63789,1467,11,0.009,1456,1244
63778,65033,1255,0,GE-Phrase,225,63789,64734,945,945,0.753,-11,299
63778,65033,1255,0,GE-Phrase,226,64734,66622,1888,299,0.238,-956,-1589
63778,65033,1255,0,NTB,você vem pra cá,63778,65033,1255,1255,1.0,0,0
10765,11888,1123,0,GE-Phrase,204,10681,11709,1028,944,0.841,84,179
10765,11888,1123,0,GE-Phrase,205,11709,12745,1036,179,0.159,-944,-857
10765,11888,1123,0,NTB,isso é coisa boa,10765,11888,1123,1123,1.0,0,0
14587,15964,1377,0,GE-Phrase,206,12745,15828,3083,1241,0.901,1842,136
14587,15964,1377,0,GE-Phrase,207,15828,17061,1233,136,0.099,-1241,-1097
14587,15964,1377,0,NTB,nesse trabalho novo dela,14587,15964,1377,1377,1.0,0,0
22557,25674,3117,0,GE-Phrase,209,23133,25933,2800,2541,0.815,-576,-259
22557,25674,3117,0,NTB,já o tempo que eu tô fora de casa,22557,25674,3117,3117,1.0,0,0
26022,27563,1541,0,GE-Phrase,210,25933,27493,1560,1471,0.955,89,70
26022,27563,1541,0,GE-Phrase,211,27493,29702,2209,70,0.045,-1471,-2139
26022,27563,1541,0,NTB,também por causa disso,26022,27563,1541,1541,1.0,0,0
29529,31227,1698,0,GE-Phrase,211,27493,29702,2209,173,0.102,2036,1525
29529,31227,1698,0,NTB,a renda maior da casa,29529,31227,1698,1698,1.0,0,0
33285,34491,1206,0,GE-Phrase,213,32366,34665,2299,1206,1.0,919,-174
33285,34491,1206,0,NTB,me explicaram,33285,34491,1206,1206,1.0,0,0
50217,51572,1355,0,GE-Phrase,221,49804,51662,1858,1355,1.0,413,-90
50217,51572,1355,0,NTB,o trabalho dele oferece,50217,51572,1355,1355,1.0,0,0
62628,63778,1150,0,GE-Phrase,224,62322,63789,1467,1150,1.0,306,-11
62628,63778,1150,0,NTB,cê tiver alguma coisa,62628,63778,1150,1150,1.0,0,0
63778,65033,1255,0,GE-Phrase,224,62322,63789,1467,11,0.009,1456,1244
63778,65033,1255,0,GE-Phrase,225,63789,64734,945,945,0.753,-11,299
63778,65033,1255,0,GE-Phrase,226,64734,66622,1888,299,0.238,-956,-1589
63778,65033,1255,0,NTB,você vem pra cá,63778,65033,1255,1255,1.0,0,0
10765,11888,1123,0,GE-Phrase,204,10681,11709,1028,944,0.841,84,179
10765,11888,1123,0,GE-Phrase,205,11709,12745,1036,179,0.159,-944,-857
10765,11888,1123,0,NTB,isso é coisa boa,10765,11888,1123,1123,1.0,0,0
14587,15964,1377,0,GE-Phrase,206,12745,15828,3083,1241,0.901,1842,136
14587,15964,1377,0,GE-Phrase,207,15828,17061,1233,136,0.099,-1241,-1097
14587,15964,1377,0,NTB,nesse trabalho novo dela,14587,15964,1377,1377,1.0,0,0
22557,25674,3117,0,GE-Phrase,209,23133,25933,2800,2541,0.815,-576,-259
22557,25674,3117,0,NTB,já o tempo que eu tô fora de casa,22557,25674,3117,3117,1.0,0,0
26022,27563,1541,0,GE-Phrase,210,25933,27493,1560,1471,0.955,89,70
26022,27563,1541,0,GE-Phrase,211,27493,29702,2209,70,0.045,-1471,-2139
26022,27563,1541,0,NTB,também por causa disso,26022,27563,1541,1541,1.0,0,0
29529,31227,1698,0,GE-Phrase,211,27493,29702,2209,173,0.102,2036,1525
29529,31227,1698,0,NTB,a renda maior da casa,29529,31227,1698,1698,1.0,0,0
33285,34491,1206,0,GE-Phrase,213,32366,34665,2299,1206,1.0,919,-174
33285,34491,1206,0,NTB,me explicaram,33285,34491,1206,1206,1.0,0,0
50217,51572,1355,0,GE-Phrase,221,49804,51662,1858,1355,1.0,413,-90
50217,51572,1355,0,NTB,o trabalho dele oferece,50217,51572,1355,1355,1.0,0,0
62628,63778,1150,0,GE-Phrase,224,62322,63789,1467,1150,1.0,306,-11
62628,63778,1150,0,NTB,cê tiver alguma coisa,62628,63778,1150,1150,1.0,0,0
63778,65033,1255,0,GE-Phrase,224,62322,63789,1467,11,0.009,1456,1244
63778,65033,1255,0,GE-Phrase,225,63789,64734,945,945,0.753,-11,299
63778,65033,1255,0,GE-Phrase,226,64734,66622,1888,299,0.238,-956,-1589
63778,65033,1255,0,NTB,você vem pra cá,63778,65033,1255,1255,1.0,0,0
10765,11888,1123,0,GE-Phrase,204,10681,11709,1028,944,0.841,84,179
10765,11888,1123,0,GE-Phrase,205,11709,12745,1036,179,0.159,-944,-857
10765,11888,1123,0,NTB,isso é coisa boa,10765,11888,1123,1123,1.0,0,0
14587,15964,1377,0,GE-Phrase,206,12745,15828,3083,1241,0.901,1842,136
14587,15964,1377,0,GE-Phrase,207,15828,17061,1233,136,0.099,-1241,-1097
14587,15964,1377,0,NTB,nesse trabalho novo dela,14587,15964,1377,1377,1.0,0,0
22557,25674,3117,0,GE-Phrase,209,23133,25933,2800,2541,0.815,-576,-259
22557,25674,3117,0,NTB,já o tempo que eu tô fora de casa,22557,25674,3117,3117,1.0,0,0
26022,27563,1541,0,GE-Phrase,210,25933,27493,1560,1471,0.955,89,70
26022,27563,1541,0,GE-Phrase,211,27493,29702,2209,70,0.045,-1471,-2139
26022,27563,1541,0,NTB,também por causa disso,26022,27563,1541,1541,1.0,0,0
29529,31227,1698,0,GE-Phrase,211,27493,29702,2209,173,0.102,2036,1525
29529,31227,1698,0,NTB,a renda maior da casa,29529,31227,1698,1698,1.0,0,0
33285,34491,1206,0,GE-Phrase,213,32366,34665,2299,1206,1.0,919,-174
33285,34491,1206,0,NTB,me explicaram,33285,34491,1206,1206,1.0,0,0
50217,51572,1355,0,GE-Phrase,221,49804,51662,1858,1355,1.0,413,-90
50217,51572,1355,0,NTB,o trabalho dele oferece,50217,51572,1355,1355,1.0,0,0
62628,63778,1150,0,GE-Phrase,224,62322,63789,1467,1150,1.0,306,-11
62628,63778,1150,0,NTB,cê tiver alguma coisa,62628,63778,1150,1150,1.0,0,0
63778,65033,1255,0,GE-Phrase,224,62322,63789,1467,11,0.009,1456,1244
63778,65033,1255,0,GE-Phrase,225,63789,64734,945,945,0.753,-11,299
63778,65033,1255,0,GE-Phrase,226,64734,66622,1888,299,0.238,-956,-1589
63778,65033,1255,0,NTB,você vem pra cá,63778,65033,1255,1255,1.0,0,0
10765,11888,1123,0,GE-Phrase,204,10681,11709,1028,944,0.841,84,179
10765,11888,1123,0,GE-Phrase,205,11709,12745,1036,179,0.159,-944,-857
10765,11888,1123,0,NTB,isso é coisa boa,10765,11888,1123,1123,1.0,0,0
14587,15964,1377,0,GE-Phrase,206,12745,15828,3083,1241,0.901,1842,136
14587,15964,1377,0,GE-Phrase,207,15828,17061,1233,136,0.099,-1241,-1097
14587,15964,1377,0,NTB,nesse trabalho novo dela,14587,15964,1377,1377,1.0,0,0
22557,25674,3117,0,GE-Phrase,209,23133,25933,2800,2541,0.815,-576,-259
22557,25674,3117,0,NTB,já o tempo que eu tô fora de casa,22557,25674,3117,3117,1.0,0,0
26022,27563,1541,0,GE-Phrase,210,25933,27493,1560,1471,0.955,89,70
26022,27563,1541,0,GE-Phrase,211,27493,29702,2209,70,0.045,-1471,-2139
26022,27563,1541,0,NTB,também por causa disso,26022,27563,1541,1541,1.0,0,0
29529,31227,1698,0,GE-Phrase,211,27493,29702,2209,173,0.102,2036,1525
29529,31227,1698,0,NTB,a renda maior da casa,29529,31227,1698,1698,1.0,0,0
33285,34491,1206,0,GE-Phrase,213,32366,34665,2299,1206,1.0,919,-174
33285,34491,1206,0,NTB,me explicaram,33285,34491,1206,1206,1.0,0,0
50217,51572,1355,0,GE-Phrase,221,49804,51662,1858,1355,1.0,413,-90
50217,51572,1355,0,NTB,o trabalho dele oferece,50217,51572,1355,1355,1.0,0,0
62628,63778,1150,0,GE-Phrase,224,62322,63789,1467,1150,1.0,306,-11
62628,63778,1150,0,NTB,cê tiver alguma coisa,62628,63778,1150,1150,1.0,0,0
63778,65033,1255,0,GE-Phrase,224,62322,63789,1467,11,0.009,1456,1244
63778,65033,1255,0,GE-Phrase,225,63789,64734,945,945,0.753,-11,299
63778,65033,1255,0,GE-Phrase,226,64734,66622,1888,299,0.238,-956,-1589
63778,65033,1255,0,NTB,você vem pra cá,63778,65033,1255,1255,1.0,0,0
10765,11888,1123,0,GE-Phrase,204,10681,11709,1028,944,0.841,84,179
10765,11888,1123,0,GE-Phrase,205,11709,12745,1036,179,0.159,-944,-857
10765,11888,1123,0,NTB,isso é coisa boa,10765,11888,1123,1123,1.0,0,0
14587,15964,1377,0,GE-Phrase,206,12745,15828,3083,1241,0.901,1842,136
14587,15964,1377,0,GE-Phrase,207,15828,17061,1233,136,0.099,-1241,-1097
14587,15964,1377,0,NTB,nesse trabalho novo dela,14587,15964,1377,1377,1.0,0,0
22557,25674,3117,0,GE-Phrase,209,23133,25933,2800,2541,0.815,-576,-259
22557,25674,3117,0,NTB,já o tempo que eu tô fora de casa,22557,25674,3117,3117,1.0,0,0
26022,27563,1541,0,GE-Phrase,210,25933,27493,1560,1471,0.955,89,70
26022,27563,1541,0,GE-Phrase,211,27493,29702,2209,70,0.045,-1471,-2139
26022,27563,1541,0,NTB,também por causa disso,26022,27563,1541,1541,1.0,0,0
29529,31227,1698,0,GE-Phrase,211,27493,29702,2209,173,0.102,2036,1525
29529,31227,1698,0,NTB,a renda maior da casa,29529,31227,1698,1698,1.0,0,0
33285,34491,1206,0,GE-Phrase,213,32366,34665,2299,1206,1.0,919,-174
33285,34491,1206,0,NTB,me explicaram,33285,34491,1206,1206,1.0,0,0
50217,51572,1355,0,GE-Phrase,221,49804,51662,1858,1355,1.0,413,-90
50217,51572,1355,0,NTB,o trabalho dele oferece,50217,51572,1355,1355,1.0,0,0
62628,63778,1150,0,GE-Phrase,224,62322,63789,1467,1150,1.0,306,-11
62628,63778,1150,0,NTB,cê tiver alguma coisa,62628,63778,1150,1150,1.0,0,0
63778,65033,1255,0,GE-Phrase,224,62322,63789,1467,11,0.009,1456,1244
63778,65033,1255,0,GE-Phrase,225,63789,64734,945,945,0.753,-11,299
63778,65033,1255,0,GE-Phrase,226,64734,66622,1888,299,0.238,-956,-1589
63778,65033,1255,0,NTB,você vem pra cá,63778,65033,1255,1255,1.0,0,0
10765,11888,1123,0,GE-Phrase,204,10681,11709,1028,944,0.841,84,179
10765,11888,1123,0,GE-Phrase,205,11709,12745,1036,179,0.159,-944,-857
10765,11888,1123,0,NTB,isso é coisa boa,10765,11888,1123,1123,1.0,0,0
14587,15964,1377,0,GE-Phrase,206,12745,15828,3083,1241,0.901,1842,136
14587,15964,1377,0,GE-Phrase,207,15828,17061,1233,136,0.099,-1241,-1097
14587,15964,1377,0,NTB,nesse trabalho novo dela,14587,15964,1377,1377,1.0,0,0
22557,25674,3117,0,GE-Phrase,209,23133,25933,2800,2541,0.815,-576,-259
22557,25674,3117,0,NTB,já o tempo que eu tô fora de casa,22557,25674,3117,3117,1.0,0,0
26022,27563,1541,0,GE-Phrase,210,25933,27493,1560,1471,0.955,89,70
26022,27563,1541,0,GE-Phrase,211,27493,29702,2209,70,0.045,-1471,-2139
26022,27563,1541,0,NTB,também por causa disso,26022,27563,1541,1541,1.0,0,0
29529,31227,1698,0,GE-Phrase,211,27493,29702,2209,173,0.102,2036,1525
29529,31227,1698,0,NTB,a renda maior da casa,29529,31227,1698,1698,1.0,0,0
33285,34491,1206,0,GE-Phrase,213,32366,34665,2299,1206,1.0,919,-174
33285,34491,1206,0,NTB,me explicaram,33285,34491,1206,1206,1.0,0,0
50217,51572,1355,0,GE-Phrase,221,49804,51662,1858,1355,1.0,413,-90
50217,51572,1355,0,NTB,o trabalho dele oferece,50217,51572,1355,1355,1.0,0,0
62628,63778,1150,0,GE-Phrase,224,62322,63789,1467,1150,1.0,306,-11
62628,63778,1150,0,NTB,cê tiver alguma coisa,62628,63778,1150,1150,1.0,0,0
63778,65033,1255,0,GE-Phrase,224,62322,63789,1467,11,0.009,1456,1244
63778,65033,1255,0,GE-Phrase,225,63789,64734,945,945,0.753,-11,299
63778,65033,1255,0,GE-Phrase,226,64734,66622,1888,299,0.238,-956,-1589
63778,65033,1255,0,NTB,você vem pra cá,63778,65033,1255,1255,1.0,0,0
10765,11888,1123,0,GE-Phrase,204,10681,11709,1028,944,0.841,84,179
10765,11888,1123,0,GE-Phrase,205,11709,12745,1036,179,0.159,-944,-857
10765,11888,1123,0,NTB,isso é coisa boa,10765,11888,1123,1123,1.0,0,0
14587,15964,1377,0,GE-Phrase,206,12745,15828,3083,1241,0.901,1842,136
14587,15964,1377,0,GE-Phrase,207,15828,17061,1233,136,0.099,-1241,-1097
14587,15964,1377,0,NTB,nesse trabalho novo dela,14587,15964,1377,1377,1.0,0,0
22557,25674,3117,0,GE-Phrase,209,23133,25933,2800,2541,0.815,-576,-259
22557,25674,3117,0,NTB,já o tempo que eu tô fora de casa,22557,25674,3117,3117,1.0,0,0
26022,27563,1541,0,GE-Phrase,210,25933,27493,1560,1471,0.955,89,70
26022,27563,1541,0,GE-Phrase,211,27493,29702,2209,70,0.045,-1471,-2139
26022,27563,1541,0,NTB,também por causa disso,26022,27563,1541,1541,1.0,0,0
29529,31227,1698,0,GE-Phrase,211,27493,29702,2209,173,0.102,2036,1525
29529,31227,1698,0,NTB,a renda maior da casa,29529,31227,1698,1698,1.0,0,0
33285,34491,1206,0,GE-Phrase,213,32366,34665,2299,1206,1.0,919,-174
33285,34491,1206,0,NTB,me explicaram,33285,34491,1206,1206,1.0,0,0
50217,51572,1355,0,GE-Phrase,221,49804,51662,1858,1355,1.0,413,-90
50217,51572,1355,0,NTB,o trabalho dele oferece,50217,51572,1355,1355,1.0,0,0
62628,63778,1150,0,GE-Phrase,224,62322,63789,1467,1150,1.0,306,-11
62628,63778,1150,0,NTB,cê tiver alguma coisa,62628,63778,1150,1150,1.0,0,0
63778,65033,1255,0,GE-Phrase,224,62322,63789,1467,11,0.009,1456,1244
63778,65033,1255,0,GE-Phrase,225,63789,64734,945,945,0.753,-11,299
63778,65033,1255,0,GE-Phrase,226,64734,66622,1888,299,0.238,-956,-1589
63778,65033,1255,0,NTB,você vem pra cá,63778,65033,1255,1255,1.0,0,0
10765,11888,1123,0,GE-Phrase,204,10681,11709,1028,944,0.841,84,179
10765,11888,1123,0,GE-Phrase,205,11709,12745,1036,179,0.159,-944,-857
10765,11888,1123,0,NTB,isso é coisa boa,10765,11888,1123,1123,1.0,0,0
14587,15964,1377,0,GE-Phrase,206,12745,15828,3083,1241,0.901,1842,136
14587,15964,1377,0,GE-Phrase,207,15828,17061,1233,136,0.099,-1241,-1097
14587,15964,1377,0,NTB,nesse trabalho novo dela,14587,15964,1377,1377,1.0,0,0
22557,25674,3117,0,GE-Phrase,209,23133,25933,2800,2541,0.815,-576,-259
22557,25674,3117,0,NTB,já o tempo que eu tô fora de casa,22557,25674,3117,3117,1.0,0,0
26022,27563,1541,0,GE-Phrase,210,25933,27493,1560,1471,0.955,89,70
26022,27563,1541,0,GE-Phrase,211,27493,29702,2209,70,0.045,-1471,-2139
26022,27563,1541,0,NTB,também por causa disso,26022,27563,1541,1541,1.0,0,0
29529,31227,1698,0,GE-Phrase,211,27493,29702,2209,173,0.102,2036,1525
29529,31227,1698,0,NTB,a renda maior da casa,29529,31227,1698,1698,1.0,0,0
33285,34491,1206,0,GE-Phrase,213,32366,34665,2299,1206,1.0,919,-174
33285,34491,1206,0,NTB,me explicaram,33285,34491,1206,1206,1.0,0,0
50217,51572,1355,0,GE-Phrase,221,49804,51662,1858,1355,1.0,413,-90
50217,51572,1355,0,NTB,o trabalho dele oferece,50217,51572,1355,1355,1.0,0,0
62628,63778,1150,0,GE-Phrase,224,62322,63789,1467,1150,1.0,306,-11
62628,63778,1150,0,NTB,cê tiver alguma coisa,62628,63778,1150,1150,1.0,0,0
63778,65033,1255,0,GE-Phrase,224,62322,63789,1467,11,0.009,1456,1244
63778,65033,1255,0,GE-Phrase,225,63789,64734,945,945,0.753,-11,299
63778,65033,1255,0,GE-Phrase,226,64734,66622,1888,299,0.238,-956,-1589
63778,65033,1255,0,NTB,você vem pra cá,63778,65033,1255,1255,1.0,0,0
10765,11888,1123,0,GE-Phrase,204,10681,11709,1028,944,0.841,84,179
10765,11888,1123,0,GE-Phrase,205,11709,12745,1036,179,0.159,-944,-857
10765,11888,1123,0,NTB,isso é coisa boa,10765,11888,1123,1123,1.0,0,0
14587,15964,1377,0,GE-Phrase,206,12745,15828,3083,1241,0.901,1842,136
14587,15964,1377,0,GE-Phrase,207,15828,17061,1233,136,0.099,-1241,-1097
14587,15964,1377,0,NTB,nesse trabalho novo dela,14587,15964,1377,1377,1.0,0,0
22557,25674,3117,0,GE-Phrase,209,23133,25933,2800,2541,0.815,-576,-259
22557,25674,3117,0,NTB,já o tempo que eu tô fora de casa,22557,25674,3117,3117,1.0,0,0
26022,27563,1541,0,GE-Phrase,210,25933,27493,1560,1471,0.955,89,70
26022,27563,1541,0,GE-Phrase,211,27493,29702,2209,70,0.045,-1471,-2139
26022,27563,1541,0,NTB,também por causa disso,26022,27563,1541,1541,1.0,0,0
29529,31227,1698,0,GE-Phrase,211,27493,29702,2209,173,0.102,2036,1525
29529,31227,1698,0,NTB,a renda maior da casa,29529,31227,1698,1698,1.0,0,0
33285,34491,1206,0,GE-Phrase,213,32366,34665,2299,1206,1.0,919,-174
33285,34491,1206,0,NTB,me explicaram,33285,34491,1206,1206,1.0,0,0
50217,51572,1355,0,GE-Phrase,221,49804,51662,1858,1355,1.0,413,-90
50217,51572,1355,0,NTB,o trabalho dele oferece,50217,51572,1355,1355,1.0,0,0
62628,63778,1150,0,GE-Phrase,224,62322,63789,1467,1150,1.0,306,-11
62628,63778,1150,0,NTB,cê tiver alguma coisa,62628,63778,1150,1150,1.0,0,0
63778,65033,1255,0,GE-Phrase,224,62322,63789,1467,11,0.009,1456,1244
63778,65033,1255,0,GE-Phrase,225,63789,64734,945,945,0.753,-11,299
63778,65033,1255,0,GE-Phrase,226,64734,66622,1888,299,0.238,-956,-1589
63778,65033,1255,0,NTB,você vem pra cá,63778,65033,1255,1255,1.0,0,0
10765,11888,1123,0,GE-Phrase,204,10681,11709,1028,944,0.841,84,179
10765,11888,1123,0,GE-Phrase,205,11709,12745,1036,179,0.159,-944,-857
10765,11888,1123,0,NTB,isso é coisa boa,10765,11888,1123,1123,1.0,0,0
14587,15964,1377,0,GE-Phrase,206,12745,15828,3083,1241,0.901,1842,136
14587,15964,1377,0,GE-Phrase,207,15828,17061,1233,136,0.099,-1241,-1097
14587,15964,1377,0,NTB,nesse trabalho novo dela,14587,15964,1377,1377,1.0,0,0
22557,25674,3117,0,GE-Phrase,209,23133,25933,2800,2541,0.815,-576,-259
22557,25674,3117,0,NTB,já o tempo que eu tô fora de casa,22557,25674,3117,3117,1.0,0,0
26022,27563,1541,0,GE-Phrase,210,25933,27493,1560,1471,0.955,89,70
26022,27563,1541,0,GE-Phrase,211,27493,29702,2209,70,0.045,-1471,-2139
26022,27563,1541,0,NTB,também por causa disso,26022,27563,1541,1541,1.0,0,0
29529,31227,1698,0,GE-Phrase,211,27493,29702,2209,173,0.102,2036,1525
29529,31227,1698,0,NTB,a renda maior da casa,29529,31227,1698,1698,1.0,0,0
33285,34491,1206,0,GE-Phrase,213,32366,34665,2299,1206,1.0,919,-174
33285,34491,1206,0,NTB,me explicaram,33285,34491,1206,1206,1.0,0,0
50217,51572,1355,0,GE-Phrase,221,49804,51662,1858,1355,1.0,413,-90
50217,51572,1355,0,NTB,o trabalho dele oferece,50217,51572,1355,1355,1.0,0,0
62628,63778,1150,0,GE-Phrase,224,62322,63789,1467,1150,1.0,306,-11
62628,63778,1150,0,NTB,cê tiver alguma coisa,62628,63778,1150,1150,1.0,0,0
63778,65033,1255,0,GE-Phrase,224,62322,63789,1467,11,0.009,1456,1244
63778,65033,1255,0,GE-Phrase,225,63789,64734,945,945,0.753,-11,299
63778,65033,1255,0,GE-Phrase,226,64734,66622,1888,299,0.238,-956,-1589
63778,65033,1255,0,NTB,você vem pra cá,63778,65033,1255,1255,1.0,0,0
10765,11888,1123,0,GE-Phrase,204,10681,11709,1028,944,0.841,84,179
10765,11888,1123,0,GE-Phrase,205,11709,12745,1036,179,0.159,-944,-857
10765,11888,1123,0,NTB,isso é coisa boa,10765,11888,1123,1123,1.0,0,0
14587,15964,1377,0,GE-Phrase,206,12745,15828,3083,1241,0.901,1842,136
14587,15964,1377,0,GE-Phrase,207,15828,17061,1233,136,0.099,-1241,-1097
14587,15964,1377,0,NTB,nesse trabalho novo dela,14587,15964,1377,1377,1.0,0,0
22557,25674,3117,0,GE-Phrase,209,23133,25933,2800,2541,0.815,-576,-259
22557,25674,3117,0,NTB,já o tempo que eu tô fora de casa,22557,25674,3117,3117,1.0,0,0
26022,27563,1541,0,GE-Phrase,210,25933,27493,1560,1471,0.955,89,70
26022,27563,1541,0,GE-Phrase,211,27493,29702,2209,70,0.045,-1471,-2139
26022,27563,1541,0,NTB,também por causa disso,26022,27563,1541,1541,1.0,0,0
29529,31227,1698,0,GE-Phrase,211,27493,29702,2209,173,0.102,2036,1525
29529,31227,1698,0,NTB,a renda maior da casa,29529,31227,1698,1698,1.0,0,0
33285,34491,1206,0,GE-Phrase,213,32366,34665,2299,1206,1.0,919,-174
33285,34491,1206,0,NTB,me explicaram,33285,34491,1206,1206,1.0,0,0
50217,51572,1355,0,GE-Phrase,221,49804,51662,1858,1355,1.0,413,-90
50217,51572,1355,0,NTB,o trabalho dele oferece,50217,51572,1355,1355,1.0,0,0
62628,63778,1150,0,GE-Phrase,224,62322,63789,1467,1150,1.0,306,-11
62628,63778,1150,0,NTB,cê tiver alguma coisa,62628,63778,1150,1150,1.0,0,0
63778,65033,1255,0,GE-Phrase,224,62322,63789,1467,11,0.009,1456,1244
63778,65033,1255,0,GE-Phrase,225,63789,64734,945,945,0.753,-11,299
63778,65033,1255,0,GE-Phrase,226,64734,66622,1888,299,0.238,-956,-1589
63778,65033,1255,0,NTB,você vem pra cá,63778,65033,1255,1255,1.0,0,0
10765,11888,1123,0,GE-Phrase,204,10681,11709,1028,944,0.841,84,179
10765,11888,1123,0,GE-Phrase,205,11709,12745,1036,179,0.159,-944,-857
10765,11888,1123,0,NTB,isso é coisa boa,10765,11888,1123,1123,1.0,0,0
14587,15964,1377,0,GE-Phrase,206,12745,15828,3083,1241,0.901,1842,136
14587,15964,1377,0,GE-Phrase,207,15828,17061,1233,136,0.099,-1241,-1097
14587,15964,1377,0,NTB,nesse trabalho novo dela,14587,15964,1377,1377,1.0,0,0
22557,25674,3117,0,GE-Phrase,209,23133,25933,2800,2541,0.815,-576,-259
22557,25674,3117,0,NTB,já o tempo que eu tô fora de casa,22557,25674,3117,3117,1.0,0,0
26022,27563,1541,0,GE-Phrase,210,25933,27493,1560,1471,0.955,89,70
26022,27563,1541,0,GE-Phrase,211,27493,29702,2209,70,0.045,-1471,-2139
26022,27563,1541,0,NTB,também por causa disso,26022,27563,1541,1541,1.0,0,0
29529,31227,1698,0,GE-Phrase,211,27493,29702,2209,173,0.102,2036,1525
29529,31227,1698,0,NTB,a renda maior da casa,29529,31227,1698,1698,1.0,0,0
33285,34491,1206,0,GE-Phrase,213,32366,34665,2299,1206,1.0,919,-174
33285,34491,1206,0,NTB,me explicaram,33285,34491,1206,1206,1.0,0,0
50217,51572,1355,0,GE-Phrase,221,49804,51662,1858,1355,1.0,413,-90
50217,51572,1355,0,NTB,o trabalho dele oferece,50217,51572,1355,1355,1.0,0,0
62628,63778,1150,0,GE-Phrase,224,62322,63789,1467,1150,1.0,306,-11
62628,63778,1150,0,NTB,cê tiver alguma coisa,62628,63778,1150,1150,1.0,0,0
63778,65033,1255,0,GE-Phrase,224,62322,63789,1467,11,0.009,1456,1244
63778,65033,1255,0,GE-Phrase,225,63789,64734,945,945,0.753,-11,299
63778,65033,1255,0,GE-Phrase,226,64734,66622,1888,299,0.238,-956,-1589
63778,65033,1255,0,NTB,você vem pra cá,63778,65033,1255,1255,1.0,0,0
10765,11888,1123,0,GE-Phrase,204,10681,11709,1028,944,0.841,84,179
10765,11888,1123,0,GE-Phrase,205,11709,12745,1036,179,0.159,-944,-857
10765,11888,1123,0,NTB,isso é coisa boa,10765,11888,1123,1123,1.0,0,0
14587,15964,1377,0,GE-Phrase,206,12745,15828,3083,1241,0.901,1842,136
14587,15964,1377,0,GE-Phrase,207,15828,17061,1233,136,0.099,-1241,-1097
14587,15964,1377,0,NTB,nesse trabalho novo dela,14587,15964,1377,1377,1.0,0,0
22557,25674,3117,0,GE-Phrase,209,23133,25933,2800,2541,0.815,-576,-259
22557,25674,3117,0,NTB,já o tempo que eu tô fora de casa,22557,25674,3117,3117,1.0,0,0
26022,27563,1541,0,GE-Phrase,210,25933,27493,1560,1471,0.955,89,70
26022,27563,1541,0,GE-Phrase,211,27493,29702,2209,70,0.045,-1471,-2139
26022,27563,1541,0,NTB,também por causa disso,26022,27563,1541,1541,1.0,0,0
29529,31227,1698,0,GE-Phrase,211,27493,29702,2209,173,0.102,2036,1525
29529,31227,1698,0,NTB,a renda maior da casa,29529,31227,1698,1698,1.0,0,0
33285,34491,1206,0,GE-Phrase,213,32366,34665,2299,1206,1.0,919,-174
33285,34491,1206,0,NTB,me explicaram,33285,34491,1206,1206,1.0,0,0
50217,51572,1355,0,GE-Phrase,221,49804,51662,1858,1355,1.0,413,-90
50217,51572,1355,0,NTB,o trabalho dele oferece,50217,51572,1355,1355,1.0,0,0
62628,63778,1150,0,GE-Phrase,224,62322,63789,1467,1150,1.0,306,-11
62628,63778,1150,0,NTB,cê tiver alguma coisa,62628,63778,1150,1150,1.0,0,0
63778,65033,1255,0,GE-Phrase,224,62322,63789,1467,11,0.009,1456,1244
63778,65033,1255,0,GE-Phrase,225,63789,64734,945,945,0.753,-11,299
63778,65033,1255,0,GE-Phrase,226,64734,66622,1888,299,0.238,-956,-1589
63778,65033,1255,0,NTB,você vem pra cá,63778,65033,1255,1255,1.0,0,0
10765,11888,1123,0,GE-Phrase,204,10681,11709,1028,944,0.841,84,179
10765,11888,1123,0,GE-Phrase,205,11709,12745,1036,179,0.159,-944,-857
10765,11888,1123,0,NTB,isso é coisa boa,10765,11888,1123,1123,1.0,0,0
14587,15964,1377,0,GE-Phrase,206,12745,15828,3083,1241,0.901,1842,136
14587,15964,1377,0,GE-Phrase,207,15828,17061,1233,136,0.099,-1241,-1097
14587,15964,1377,0,NTB,nesse trabalho novo dela,14587,15964,1377,1377,1.0,0,0
22557,25674,3117,0,GE-Phrase,209,23133,25933,2800,2541,0.815,-576,-259
22557,25674,3117,0,NTB,já o tempo que eu tô fora de casa,22557,25674,3117,3117,1.0,0,0
26022,27563,1541,0,GE-Phrase,210,25933,27493,1560,1471,0.955,89,70
26022,27563,1541,0,GE-Phrase,211,27493,29702,2209,70,0.045,-1471,-2139
26022,27563,1541,0,NTB,também por causa disso,26022,27563,1541,1541,1.0,0,0
29529,31227,1698,0,GE-Phrase,211,27493,29702,2209,173,0.102,2036,1525
29529,31227,1698,0,NTB,a renda maior da casa,29529,31227,1698,1698,1.0,0,0
33285,34491,1206,0,GE-Phrase,213,32366,34665,2299,1206,1.0,919,-174
33285,34491,1206,0,NTB,me explicaram,33285,34491,1206,1206,1.0,0,0
50217,51572,1355,0,GE-Phrase,221,49804,51662,1858,1355,1.0,413,-90
50217,51572,1355,0,NTB,o trabalho dele oferece,50217,51572,1355,1355,1.0,0,0
62628,63778,1150,0,GE-Phrase,224,62322,63789,1467,1150,1.0,306,-11
62628,63778,1150,0,NTB,cê tiver alguma coisa,62628,63778,1150,1150,1.0,0,0
63778,65033,1255,0,GE-Phrase,224,62322,63789,1467,11,0.009,1456,1244
63778,65033,1255,0,GE-Phrase,225,63789,64734,945,945,0.753,-11,299
63778,65033,1255,0,GE-Phrase,226,64734,66622,1888,299,0.238,-956,-1589
63778,65033,1255,0,NTB,você vem pra cá,63778,65033,1255,1255,1.0,0,0
10765,11888,1123,0,GE-Phrase,204,10681,11709,1028,944,0.841,84,179
10765,11888,1123,0,GE-Phrase,205,11709,12745,1036,179,0.159,-944,-857
10765,11888,1123,0,NTB,isso é coisa boa,10765,11888,1123,1123,1.0,0,0
14587,15964,1377,0,GE-Phrase,206,12745,15828,3083,1241,0.901,1842,136
14587,15964,1377,0,GE-Phrase,207,15828,17061,1233,136,0.099,-1241,-1097
14587,15964,1377,0,NTB,nesse trabalho novo dela,14587,15964,1377,1377,1.0,0,0
22557,25674,3117,0,GE-Phrase,209,23133,25933,2800,2541,0.815,-576,-259
22557,25674,3117,0,NTB,já o tempo que eu tô fora de casa,22557,25674,3117,3117,1.0,0,0
26022,27563,1541,0,GE-Phrase,210,25933,27493,1560,1471,0.955,89,70
26022,27563,1541,0,GE-Phrase,211,27493,29702,2209,70,0.045,-1471,-2139
26022,27563,1541,0,NTB,também por causa disso,26022,27563,1541,1541,1.0,0,0
29529,31227,1698,0,GE-Phrase,211,27493,29702,2209,173,0.102,2036,1525
29529,31227,1698,0,NTB,a renda maior da casa,29529,31227,1698,1698,1.0,0,0
33285,34491,1206,0,GE-Phrase,213,32366,34665,2299,1206,1.0,919,-174
33285,34491,1206,0,NTB,me explicaram,33285,34491,1206,1206,1.0,0,0
50217,51572,1355,0,GE-Phrase,221,49804,51662,1858,1355,1.0,413,-90
50217,51572,1355,0,NTB,o trabalho dele oferece,50217,51572,1355,1355,1.0,0,0
62628,63778,1150,0,GE-Phrase,224,62322,63789,1467,1150,1.0,306,-11
62628,63778,1150,0,NTB,cê tiver alguma coisa,62628,63778,1150,1150,1.0,0,0
63778,65033,1255,0,GE-Phrase,224,62322,63789,1467,11,0.009,1456,1244
63778,65033,1255,0,GE-Phrase,225,63789,64734,945,945,0.753,-11,299
63778,65033,1255,0,GE-Phrase,226,64734,66622,1888,299,0.238,-956,-1589
63778,65033,1255,0,NTB,você vem pra cá,63778,65033,1255,1255,1.0,0,0
10765,11888,1123,0,GE-Phrase,204,10681,11709,1028,944,0.841,84,179
10765,11888,1123,0,GE-Phrase,205,11709,12745,1036,179,0.159,-944,-857
10765,11888,1123,0,NTB,isso é coisa boa,10765,11888,1123,1123,1.0,0,0
14587,15964,1377,0,GE-Phrase,206,12745,15828,3083,1241,0.901,1842,136
14587,15964,1377,0,GE-Phrase,207,15828,17061,1233,136,0.099,-1241,-1097
14587,15964,1377,0,NTB,nesse trabalho novo dela,14587,15964,1377,1377,1.0,0,0
22557,25674,3117,0,GE-Phrase,209,23133,25933,2800,2541,0.815,-576,-259
22557,25674,3117,0,NTB,já o tempo que eu tô fora de casa,22557,25674,3117,3117,1.0,0,0
26022,27563,1541,0,GE-Phrase,210,25933,27493,1560,1471,0.955,89,70
26022,27563,1541,0,GE-Phrase,211,27493,29702,2209,70,0.045,-1471,-2139
26022,27563,1541,0,NTB,também por causa disso,26022,27563,1541,1541,1.0,0,0
29529,31227,1698,0,GE-Phrase,211,27493,29702,2209,173,0.102,2036,1525
29529,31227,1698,0,NTB,a renda maior da casa,29529,31227,1698,1698,1.0,0,0
33285,34491,1206,0,GE-Phrase,213,32366,34665,2299,1206,1.0,919,-174
33285,34491,1206,0,NTB,me explicaram,33285,34491,1206,1206,1.0,0,0
50217,51572,1355,0,GE-Phrase,221,49804,51662,1858,1355,1.0,413,-90
50217,51572,1355,0,NTB,o trabalho dele oferece,50217,51572,1355,1355,1.0,0,0
62628,63778,1150,0,GE-Phrase,224,62322,63789,1467,1150,1.0,306,-11
62628,63778,1150,0,NTB,cê tiver alguma coisa,62628,63778,1150,1150,1.0,0,0
63778,65033,1255,0,GE-Phrase,224,62322,63789,1467,11,0.009,1456,1244
63778,65033,1255,0,GE-Phrase,225,63789,64734,945,945,0.753,-11,299
63778,65033,1255,0,GE-Phrase,226,64734,66622,1888,299,0.238,-956,-1589
63778,65033,1255,0,NTB,você vem pra cá,63778,65033,1255,1255,1.0,0,0
10765,11888,1123,0,GE-Phrase,204,10681,11709,1028,944,0.841,84,179
10765,11888,1123,0,GE-Phrase,205,11709,12745,1036,179,0.159,-944,-857
10765,11888,1123,0,NTB,isso é coisa boa,10765,11888,1123,1123,1.0,0,0
14587,15964,1377,0,GE-Phrase,206,12745,15828,3083,1241,0.901,1842,136
14587,15964,1377,0,GE-Phrase,207,15828,17061,1233,136,0.099,-1241,-1097
14587,15964,1377,0,NTB,nesse trabalho novo dela,14587,15964,1377,1377,1.0,0,0
22557,25674,3117,0,GE-Phrase,209,23133,25933,2800,2541,0.815,-576,-259
22557,25674,3117,0,NTB,já o tempo que eu tô fora de casa,22557,25674,3117,3117,1.0,0,0
26022,27563,1541,0,GE-Phrase,210,25933,27493,1560,1471,0.955,89,70
26022,27563,1541,0,GE-Phrase,211,27493,29702,2209,70,0.045,-1471,-2139
26022,27563,1541,0,NTB,também por causa disso,26022,27563,1541,1541,1.0,0,0
29529,31227,1698,0,GE-Phrase,211,27493,29702,2209,173,0.102,2036,1525
29529,31227,1698,0,NTB,a renda maior da casa,29529,31227,1698,1698,1.0,0,0
33285,34491,1206,0,GE-Phrase,213,32366,34665,2299,1206,1.0,919,-174
33285,34491,1206,0,NTB,me explicaram,33285,34491,1206,1206,1.0,0,0
50217,51572,1355,0,GE-Phrase,221,49804,51662,1858,1355,1.0,413,-90
50217,51572,1355,0,NTB,o trabalho dele oferece,50217,51572,1355,1355,1.0,0,0
62628,63778,1150,0,GE-Phrase,224,62322,63789,1467,1150,1.0,306,-11
62628,63778,1150,0,NTB,cê tiver alguma coisa,62628,63778,1150,1150,1.0,0,0
63778,65033,1255,0,GE-Phrase,224,62322,63789,1467,11,0.009,1456,1244
63778,65033,1255,0,GE-Phrase,225,63789,64734,945,945,0.753,-11,299
63778,65033,1255,0,GE-Phrase,226,64734,66622,1888,299,0.238,-956,-1589
63778,65033,1255,0,NTB,você vem pra cá,63778,65033,1255,1255,1.0,0,0
10765,11888,1123,0,GE-Phrase,204,10681,11709,1028,944,0.841,84,179
10765,11888,1123,0,GE-Phrase,205,11709,12745,1036,179,0.159,-944,-857
10765,11888,1123,0,NTB,isso é coisa boa,10765,11888,1123,1123,1.0,0,0
14587,15964,1377,0,GE-Phrase,206,12745,15828,3083,1241,0.901,1842,136
14587,15964,1377,0,GE-Phrase,207,15828,17061,1233,136,0.099,-1241,-1097
14587,15964,1377,0,NTB,nesse trabalho novo dela,14587,15964,1377,1377,1.0,0,0
22557,25674,3117,0,GE-Phrase,209,23133,25933,2800,2541,0.815,-576,-259
22557,25674,3117,0,NTB,já o tempo que eu tô fora de casa,22557,25674,3117,3117,1.0,0,0
26022,27563,1541,0,GE-Phrase,210,25933,27493,1560,1471,0.955,89,70
26022,27563,1541,0,GE-Phrase,211,27493,29702,2209,70,0.045,-1471,-2139
26022,27563,1541,0,NTB,também por causa disso,26022,27563,1541,1541,1.0,0,0
29529,31227,1698,0,GE-Phrase,211,27493,29702,2209,173,0.102,2036,1525
29529,31227,1698,0,NTB,a renda maior da casa,29529,31227,1698,1698,1.0,0,0
33285,34491,1206,0,GE-Phrase,213,32366,34665,2299,1206,1.0,919,-174
33285,34491,1206,0,NTB,me explicaram,33285,34491,1206,1206,1.0,0,0
50217,51572,1355,0,GE-Phrase,221,49804,51662,1858,1355,1.0,413,-90
50217,51572,1355,0,NTB,o trabalho dele oferece,50217,51572,1355,1355,1.0,0,0
62628,63778,1150,0,GE-Phrase,224,62322,63789,1467,1150,1.0,306,-11
62628,63778,1150,0,NTB,cê tiver alguma coisa,62628,63778,1150,1150,1.0,0,0
63778,65033,1255,0,GE-Phrase,224,62322,63789,1467,11,0.009,1456,1244
63778,65033,1255,0,GE-Phrase,225,63789,64734,945,945,0.753,-11,299
63778,65033,1255,0,GE-Phrase,226,64734,66622,1888,299,0.238,-956,-1589
63778,65033,1255,0,NTB,você vem pra cá,63778,65033,1255,1255,1.0,0,0
10765,11888,1123,0,GE-Phrase,204,10681,11709,1028,944,0.841,84,179
10765,11888,1123,0,GE-Phrase,205,11709,12745,1036,179,0.159,-944,-857
10765,11888,1123,0,NTB,isso é coisa boa,10765,11888,1123,1123,1.0,0,0
14587,15964,1377,0,GE-Phrase,206,12745,15828,3083,1241,0.901,1842,136
14587,15964,1377,0,GE-Phrase,207,15828,17061,1233,136,0.099,-1241,-1097
14587,15964,1377,0,NTB,nesse trabalho novo dela,14587,15964,1377,1377,1.0,0,0
22557,25674,3117,0,GE-Phrase,209,23133,25933,2800,2541,0.815,-576,-259
22557,25674,3117,0,NTB,já o tempo que eu tô fora de casa,22557,25674,3117,3117,1.0,0,0
26022,27563,1541,0,GE-Phrase,210,25933,27493,1560,1471,0.955,89,70
26022,27563,1541,0,GE-Phrase,211,27493,29702,2209,70,0.045,-1471,-2139
26022,27563,1541,0,NTB,também por causa disso,26022,27563,1541,1541,1.0,0,0
29529,31227,1698,0,GE-Phrase,211,27493,29702,2209,173,0.102,2036,1525
29529,31227,1698,0,NTB,a renda maior da casa,29529,31227,1698,1698,1.0,0,0
33285,34491,1206,0,GE-Phrase,213,32366,34665,2299,1206,1.0,919,-174
33285,34491,1206,0,NTB,me explicaram,33285,34491,1206,1206,1.0,0,0
50217,51572,1355,0,GE-Phrase,221,49804,51662,1858,1355,1.0,413,-90
50217,51572,1355,0,NTB,o trabalho dele oferece,50217,51572,1355,1355,1.0,0,0
62628,63778,1150,0,GE-Phrase,224,62322,63789,1467,1150,1.0,306,-11
62628,63778,1150,0,NTB,cê tiver alguma coisa,62628,63778,1150,1150,1.0,0,0
63778,65033,1255,0,GE-Phrase,224,62322,63789,1467,11,0.009,1456,1244
63778,65033,1255,0,GE-Phrase,225,63789,64734,945,945,0.753,-11,299
63778,65033,1255,0,GE-Phrase,226,64734,66622,1888,299,0.238,-956,-1589
63778,65033,1255,0,NTB,você vem pra cá,63778,65033,1255,1255,1.0,0,0
10765,11888,1123,0,GE-Phrase,204,10681,11709,1028,944,0.841,84,179
10765,11888,1123,0,GE-Phrase,205,11709,12745,1036,179,0.159,-944,-857
10765,11888,1123,0,NTB,isso é coisa boa,10765,11888,1123,1123,1.0,0,0
14587,15964,1377,0,GE-Phrase,206,12745,15828,3083,1241,0.901,1842,136
14587,15964,1377,0,GE-Phrase,207,15828,17061,1233,136,0.099,-1241,-1097
14587,15964,1377,0,NTB,nesse trabalho novo dela,14587,15964,1377,1377,1.0,0,0
22557,25674,3117,0,GE-Phrase,209,23133,25933,2800,2541,0.815,-576,-259
22557,25674,3117,0,NTB,já o tempo que eu tô fora de casa,22557,25674,3117,3117,1.0,0,0
26022,27563,1541,0,GE-Phrase,210,25933,27493,1560,1471,0.955,89,70
26022,27563,1541,0,GE-Phrase,211,27493,29702,2209,70,0.045,-1471,-2139
26022,27563,1541,0,NTB,também por causa disso,26022,27563,1541,1541,1.0,0,0
29529,31227,1698,0,GE-Phrase,211,27493,29702,2209,173,0.102,2036,1525
29529,31227,1698,0,NTB,a renda maior da casa,29529,31227,1698,1698,1.0,0,0
33285,34491,1206,0,GE-Phrase,213,32366,34665,2299,1206,1.0,919,-174
33285,34491,1206,0,NTB,me explicaram,33285,34491,1206,1206,1.0,0,0
50217,51572,1355,0,GE-Phrase,221,49804,51662,1858,1355,1.0,413,-90
50217,51572,1355,0,NTB,o trabalho dele oferece,50217,51572,1355,1355,1.0,0,0
62628,63778,1150,0,GE-Phrase,224,62322,63789,1467,1150,1.0,306,-11
62628,63778,1150,0,NTB,cê tiver alguma coisa,62628,63778,1150,1150,1.0,0,0
63778,65033,1255,0,GE-Phrase,224,62322,63789,1467,11,0.009,1456,1244
63778,65033,1255,0,GE-Phrase,225,63789,64734,945,945,0.753,-11,299
63778,65033,1255,0,GE-Phrase,226,64734,66622,1888,299,0.238,-956,-1589
63778,65033,1255,0,NTB,você vem pra cá,63778,65033,1255,1255,1.0,0,0
10765,11888,1123,0,GE-Phrase,204,10681,11709,1028,944,0.841,84,179
10765,11888,1123,0,GE-Phrase,205,11709,12745,1036,179,0.159,-944,-857
10765,11888,1123,0,NTB,isso é coisa boa,10765,11888,1123,1123,1.0,0,0
14587,15964,1377,0,GE-Phrase,206,12745,15828,3083,1241,0.901,1842,136
14587,15964,1377,0,GE-Phrase,207,15828,17061,1233,136,0.099,-1241,-1097
14587,15964,1377,0,NTB,nesse trabalho novo dela,14587,15964,1377,1377,1.0,0,0
22557,25674,3117,0,GE-Phrase,209,23133,25933,2800,2541,0.815,-576,-259
22557,25674,3117,0,NTB,já o tempo que eu tô fora de casa,22557,25674,3117,3117,1.0,0,0
26022,27563,1541,0,GE-Phrase,210,25933,27493,1560,1471,0.955,89,70
26022,27563,1541,0,GE-Phrase,211,27493,29702,2209,70,0.045,-1471,-2139
26022,27563,1541,0,NTB,também por causa disso,26022,27563,1541,1541,1.0,0,0
29529,31227,1698,0,GE-Phrase,211,27493,29702,2209,173,0.102,2036,1525
29529,31227,1698,0,NTB,a renda maior da casa,29529,31227,1698,1698,1.0,0,0
33285,34491,1206,0,GE-Phrase,213,32366,34665,2299,1206,1.0,919,-174
33285,34491,1206,0,NTB,me explicaram,33285,34491,1206,1206,1.0,0,0
50217,51572,1355,0,GE-Phrase,221,49804,51662,1858,1355,1.0,413,-90
50217,51572,1355,0,NTB,o trabalho dele oferece,50217,51572,1355,1355,1.0,0,0
62628,63778,1150,0,GE-Phrase,224,62322,63789,1467,1150,1.0,306,-11
62628,63778,1150,0,NTB,cê tiver alguma coisa,62628,63778,1150,1150,1.0,0,0
63778,65033,1255,0,GE-Phrase,224,62322,63789,1467,11,0.009,1456,1244
63778,65033,1255,0,GE-Phrase,225,63789,64734,945,945,0.753,-11,299
63778,65033,1255,0,GE-Phrase,226,64734,66622,1888,299,0.238,-956,-1589
63778,65033,1255,0,NTB,você vem pra cá,63778,65033,1255,1255,1.0,0,0
10765,11888,1123,0,GE-Phrase,204,10681,11709,1028,944,0.841,84,179
10765,11888,1123,0,GE-Phrase,205,11709,12745,1036,179,0.159,-944,-857
10765,11888,1123,0,NTB,isso é coisa boa,10765,11888,1123,1123,1.0,0,0
14587,15964,1377,0,GE-Phrase,206,12745,15828,3083,1241,0.901,1842,136
14587,15964,1377,0,GE-Phrase,207,15828,17061,1233,136,0.099,-1241,-1097
14587,15964,1377,0,NTB,nesse trabalho novo dela,14587,15964,1377,1377,1.0,0,0
22557,25674,3117,0,GE-Phrase,209,23133,25933,2800,2541,0.815,-576,-259
22557,25674,3117,0,NTB,já o tempo que eu tô fora de casa,22557,25674,3117,3117,1.0,0,0
26022,27563,1541,0,GE-Phrase,210,25933,27493,1560,1471,0.955,89,70
26022,27563,1541,0,GE-Phrase,211,27493,29702,2209,70,0.045,-1471,-2139
26022,27563,1541,0,NTB,também por causa disso,26022,27563,1541,1541,1.0,0,0
29529,31227,1698,0,GE-Phrase,211,27493,29702,2209,173,0.102,2036,1525
29529,31227,1698,0,NTB,a renda maior da casa,29529,31227,1698,1698,1.0,0,0
33285,34491,1206,0,GE-Phrase,213,32366,34665,2299,1206,1.0,919,-174
33285,34491,1206,0,NTB,me explicaram,33285,34491,1206,1206,1.0,0,0
50217,51572,1355,0,GE-Phrase,221,49804,51662,1858,1355,1.0,413,-90
50217,51572,1355,0,NTB,o trabalho dele oferece,50217,51572,1355,1355,1.0,0,0
62628,63778,1150,0,GE-Phrase,224,62322,63789,1467,1150,1.0,306,-11
62628,63778,1150,0,NTB,cê tiver alguma coisa,62628,63778,1150,1150,1.0,0,0
63778,65033,1255,0,GE-Phrase,224,62322,63789,1467,11,0.009,1456,1244
63778,65033,1255,0,GE-Phrase,225,63789,64734,945,945,0.753,-11,299
63778,65033,1255,0,GE-Phrase,226,64734,66622,1888,299,0.238,-956,-1589
63778,65033,1255,0,NTB,você vem pra cá,63778,65033,1255,1255,1.0,0,0
10765,11888,1123,0,GE-Phrase,204,10681,11709,1028,944,0.841,84,179
10765,11888,1123,0,GE-Phrase,205,11709,12745,1036,179,0.159,-944,-857
10765,11888,1123,0,NTB,isso é coisa boa,10765,11888,1123,1123,1.0,0,0
14587,15964,1377,0,GE-Phrase,206,12745,15828,3083,1241,0.901,1842,136
14587,15964,1377,0,GE-Phrase,207,15828,17061,1233,136,0.099,-1241,-1097
14587,15964,1377,0,NTB,nesse trabalho novo dela,14587,15964,1377,1377,1.0,0,0
22557,25674,3117,0,GE-Phrase,209,23133,25933,2800,2541,0.815,-576,-259
22557,25674,3117,0,NTB,já o tempo que eu tô fora de casa,22557,25674,3117,3117,1.0,0,0
26022,27563,1541,0,GE-Phrase,210,25933,27493,1560,1471,0.955,89,70
26022,27563,1541,0,GE-Phrase,211,27493,29702,2209,70,0.045,-1471,-2139
26022,27563,1541,0,NTB,também por causa disso,26022,27563,1541,1541,1.0,0,0
29529,31227,1698,0,GE-Phrase,211,27493,29702,2209,173,0.102,2036,1525
29529,31227,1698,0,NTB,a renda maior da casa,29529,31227,1698,1698,1.0,0,0
33285,34491,1206,0,GE-Phrase,213,32366,34665,2299,1206,1.0,919,-174
33285,34491,1206,0,NTB,me explicaram,33285,34491,1206,1206,1.0,0,0
50217,51572,1355,0,GE-Phrase,221,49804,51662,1858,1355,1.0,413,-90
50217,51572,1355,0,NTB,o trabalho dele oferece,50217,51572,1355,1355,1.0,0,0
62628,63778,1150,0,GE-Phrase,224,62322,63789,1467,1150,1.0,306,-11
62628,63778,1150,0,NTB,cê tiver alguma coisa,62628,63778,1150,1150,1.0,0,0
63778,65033,1255,0,GE-Phrase,224,62322,63789,1467,11,0.009,1456,1244
63778,65033,1255,0,GE-Phrase,225,63789,64734,945,945,0.753,-11,299
63778,65033,1255,0,GE-Phrase,226,64734,66622,1888,299,0.238,-956,-1589
63778,65033,1255,0,NTB,você vem pra cá,63778,65033,1255,1255,1.0,0,0
10765,11888,1123,0,GE-Phrase,204,10681,11709,1028,944,0.841,84,179
10765,11888,1123,0,GE-Phrase,205,11709,12745,1036,179,0.159,-944,-857
10765,11888,1123,0,NTB,isso é coisa boa,10765,11888,1123,1123,1.0,0,0
14587,15964,1377,0,GE-Phrase,206,12745,15828,3083,1241,0.901,1842,136
14587,15964,1377,0,GE-Phrase,207,15828,17061,1233,136,0.099,-1241,-1097
14587,15964,1377,0,NTB,nesse trabalho novo dela,14587,15964,1377,1377,1.0,0,0
22557,25674,3117,0,GE-Phrase,209,23133,25933,2800,2541,0.815,-576,-259
22557,25674,3117,0,NTB,já o tempo que eu tô fora de casa,22557,25674,3117,3117,1.0,0,0
26022,27563,1541,0,GE-Phrase,210,25933,27493,1560,1471,0.955,89,70
26022,27563,1541,0,GE-Phrase,211,27493,29702,2209,70,0.045,-1471,-2139
26022,27563,1541,0,NTB,também por causa disso,26022,27563,1541,1541,1.0,0,0
29529,31227,1698,0,GE-Phrase,211,27493,29702,2209,173,0.102,2036,1525
29529,31227,1698,0,NTB,a renda maior da casa,29529,31227,1698,1698,1.0,0,0
33285,34491,1206,0,GE-Phrase,213,32366,34665,2299,1206,1.0,919,-174
33285,34491,1206,0,NTB,me explicaram,33285,34491,1206,1206,1.0,0,0
50217,51572,1355,0,GE-Phrase,221,49804,51662,1858,1355,1.0,413,-90
50217,51572,1355,0,NTB,o trabalho dele oferece,50217,51572,1355,1355,1.0,0,0
62628,63778,1150,0,GE-Phrase,224,62322,63789,1467,1150,1.0,306,-11
62628,63778,1150,0,NTB,cê tiver alguma coisa,62628,63778,1150,1150,1.0,0,0
63778,65033,1255,0,GE-Phrase,224,62322,63789,1467,11,0.009,1456,1244
63778,65033,1255,0,GE-Phrase,225,63789,64734,945,945,0.753,-11,299
63778,65033,1255,0,GE-Phrase,226,64734,66622,1888,299,0.238,-956,-1589
63778,65033,1255,0,NTB,você vem pra cá,63778,65033,1255,1255,1.0,0,0
10765,11888,1123,0,GE-Phrase,204,10681,11709,1028,944,0.841,84,179
10765,11888,1123,0,GE-Phrase,205,11709,12745,1036,179,0.159,-944,-857
10765,11888,1123,0,NTB,isso é coisa boa,10765,11888,1123,1123,1.0,0,0
14587,15964,1377,0,GE-Phrase,206,12745,15828,3083,1241,0.901,1842,136
14587,15964,1377,0,GE-Phrase,207,15828,17061,1233,136,0.099,-1241,-1097
14587,15964,1377,0,NTB,nesse trabalho novo dela,14587,15964,1377,1377,1.0,0,0
22557,25674,3117,0,GE-Phrase,209,23133,25933,2800,2541,0.815,-576,-259
22557,25674,3117,0,NTB,já o tempo que eu tô fora de casa,22557,25674,3117,3117,1.0,0,0
26022,27563,1541,0,GE-Phrase,210,25933,27493,1560,1471,0.955,89,70
26022,27563,1541,0,GE-Phrase,211,27493,29702,2209,70,0.045,-1471,-2139
26022,27563,1541,0,NTB,também por causa disso,26022,27563,1541,1541,1.0,0,0
29529,31227,1698,0,GE-Phrase,211,27493,29702,2209,173,0.102,2036,1525
29529,31227,1698,0,NTB,a renda maior da casa,29529,31227,1698,1698,1.0,0,0
33285,34491,1206,0,GE-Phrase,213,32366,34665,2299,1206,1.0,919,-174
33285,34491,1206,0,NTB,me explicaram,33285,34491,1206,1206,1.0,0,0
50217,51572,1355,0,GE-Phrase,221,49804,51662,1858,1355,1.0,413,-90
50217,51572,1355,0,NTB,o trabalho dele oferece,50217,51572,1355,1355,1.0,0,0
62628,63778,1150,0,GE-Phrase,224,62322,63789,1467,1150,1.0,306,-11
62628,63778,1150,0,NTB,cê tiver alguma coisa,62628,63778,1150,1150,1.0,0,0
63778,65033,1255,0,GE-Phrase,224,62322,63789,1467,11,0.009,1456,1244
63778,65033,1255,0,GE-Phrase,225,63789,64734,945,945,0.753,-11,299
63778,65033,1255,0,GE-Phrase,226,64734,66622,1888,299,0.238,-956,-1589
63778,65033,1255,0,NTB,você vem pra cá,63778,65033,1255,1255,1.0,0,0
10765,11888,1123,0,GE-Phrase,204,10681,11709,1028,944,0.841,84,179
10765,11888,1123,0,GE-Phrase,205,11709,12745,1036,179,0.159,-944,-857
10765,11888,1123,0,NTB,isso é coisa boa,10765,11888,1123,1123,1.0,0,0
14587,15964,1377,0,GE-Phrase,206,12745,15828,3083,1241,0.901,1842,136
14587,15964,1377,0,GE-Phrase,207,15828,17061,1233,136,0.099,-1241,-1097
14587,15964,1377,0,NTB,nesse trabalho novo dela,14587,15964,1377,1377,1.0,0,0
22557,25674,3117,0,GE-Phrase,209,23133,25933,2800,2541,0.815,-576,-259
22557,25674,3117,0,NTB,já o tempo que eu tô fora de casa,22557,25674,3117,3117,1.0,0,0
26022,27563,1541,0,GE-Phrase,210,25933,27493,1560,1471,0.955,89,70
26022,27563,1541,0,GE-Phrase,211,27493,29702,2209,70,0.045,-1471,-2139
26022,27563,1541,0,NTB,também por causa disso,26022,27563,1541,1541,1.0,0,0
29529,31227,1698,0,GE-Phrase,211,27493,29702,2209,173,0.102,2036,1525
29529,31227,1698,0,NTB,a renda maior da casa,29529,31227,1698,1698,1.0,0,0
33285,34491,1206,0,GE-Phrase,213,32366,34665,2299,1206,1.0,919,-174
33285,34491,1206,0,NTB,me explicaram,33285,34491,1206,1206,1.0,0,0
50217,51572,1355,0,GE-Phrase,221,49804,51662,1858,1355,1.0,413,-90
50217,51572,1355,0,NTB,o trabalho dele oferece,50217,51572,1355,1355,1.0,0,0
62628,63778,1150,0,GE-Phrase,224,62322,63789,1467,1150,1.0,306,-11
62628,63778,1150,0,NTB,cê tiver alguma coisa,62628,63778,1150,1150,1.0,0,0
63778,65033,1255,0,GE-Phrase,224,62322,63789,1467,11,0.009,1456,1244
63778,65033,1255,0,GE-Phrase,225,63789,64734,945,945,0.753,-11,299
63778,65033,1255,0,GE-Phrase,226,64734,66622,1888,299,0.238,-956,-1589
63778,65033,1255,0,NTB,você vem pra cá,63778,65033,1255,1255,1.0,0,0
10765,11888,1123,0,GE-Phrase,204,10681,11709,1028,944,0.841,84,179
10765,11888,1123,0,GE-Phrase,205,11709,12745,1036,179,0.159,-944,-857
10765,11888,1123,0,NTB,isso é coisa boa,10765,11888,1123,1123,1.0,0,0
14587,15964,1377,0,GE-Phrase,206,12745,15828,3083,1241,0.901,1842,136
14587,15964,1377,0,GE-Phrase,207,15828,17061,1233,136,0.099,-1241,-1097
14587,15964,1377,0,NTB,nesse trabalho novo dela,14587,15964,1377,1377,1.0,0,0
22557,25674,3117,0,GE-Phrase,209,23133,25933,2800,2541,0.815,-576,-259
22557,25674,3117,0,NTB,já o tempo que eu tô fora de casa,22557,25674,3117,3117,1.0,0,0
26022,27563,1541,0,GE-Phrase,210,25933,27493,1560,1471,0.955,89,70
26022,27563,1541,0,GE-Phrase,211,27493,29702,2209,70,0.045,-1471,-2139
26022,27563,1541,0,NTB,também por causa disso,26022,27563,1541,1541,1.0,0,0
29529,31227,1698,0,GE-Phrase,211,27493,29702,2209,173,0.102,2036,1525
29529,31227,1698,0,NTB,a renda maior da casa,29529,31227,1698,1698,1.0,0,0
33285,34491,1206,0,GE-Phrase,213,32366,34665,2299,1206,1.0,919,-174
33285,34491,1206,0,NTB,me explicaram,33285,34491,1206,1206,1.0,0,0
50217,51572,1355,0,GE-Phrase,221,49804,51662,1858,1355,1.0,413,-90
50217,51572,1355,0,NTB,o trabalho dele oferece,50217,51572,1355,1355,1.0,0,0
62628,63778,1150,0,GE-Phrase,224,62322,63789,1467,1150,1.0,306,-11
62628,63778,1150,0,NTB,cê tiver alguma coisa,62628,63778,1150,1150,1.0,0,0
63778,65033,1255,0,GE-Phrase,224,62322,63789,1467,11,0.009,1456,1244
63778,65033,1255,0,GE-Phrase,225,63789,64734,945,945,0.753,-11,299
63778,65033,1255,0,GE-Phrase,226,64734,66622,1888,299,0.238,-956,-1589
63778,65033,1255,0,NTB,você vem pra cá,63778,65033,1255,1255,1.0,0,0
10765,11888,1123,0,GE-Phrase,204,10681,11709,1028,944,0.841,84,179
10765,11888,1123,0,GE-Phrase,205,11709,12745,1036,179,0.159,-944,-857
10765,11888,1123,0,NTB,isso é coisa boa,10765,11888,1123,1123,1.0,0,0
14587,15964,1377,0,GE-Phrase,206,12745,15828,3083,1241,0.901,1842,136
14587,15964,1377,0,GE-Phrase,207,15828,17061,1233,136,0.099,-1241,-1097
14587,15964,1377,0,NTB,nesse trabalho novo dela,14587,15964,1377,1377,1.0,0,0
22557,25674,3117,0,GE-Phrase,209,23133,25933,2800,2541,0.815,-576,-259
22557,25674,3117,0,NTB,já o tempo que eu tô fora de casa,22557,25674,3117,3117,1.0,0,0
26022,27563,1541,0,GE-Phrase,210,25933,27493,1560,1471,0.955,89,70
26022,27563,1541,0,GE-Phrase,211,27493,29702,2209,70,0.045,-1471,-2139
26022,27563,1541,0,NTB,também por causa disso,26022,27563,1541,1541,1.0,0,0
29529,31227,1698,0,GE-Phrase,211,27493,29702,2209,173,0.102,2036,1525
29529,31227,1698,0,NTB,a renda maior da casa,29529,31227,1698,1698,1.0,0,0
33285,34491,1206,0,GE-Phrase,213,32366,34665,2299,1206,1.0,919,-174
33285,34491,1206,0,NTB,me explicaram,33285,34491,1206,1206,1.0,0,0
50217,51572,1355,0,GE-Phrase,221,49804,51662,1858,1355,1.0,413,-90
50217,51572,1355,0,NTB,o trabalho dele oferece,50217,51572,1355,1355,1.0,0,0
62628,63778,1150,0,GE-Phrase,224,62322,63789,1467,1150,1.0,306,-11
62628,63778,1150,0,NTB,cê tiver alguma coisa,62628,63778,1150,1150,1.0,0,0
63778,65033,1255,0,GE-Phrase,224,62322,63789,1467,11,0.009,1456,1244
63778,65033,1255,0,GE-Phrase,225,63789,64734,945,945,0.753,-11,299
63778,65033,1255,0,GE-Phrase,226,64734,66622,1888,299,0.238,-956,-1589
63778,65033,1255,0,NTB,você vem pra cá,63778,65033,1255,1255,1.0,0,0
10765,11888,1123,0,GE-Phrase,204,10681,11709,1028,944,0.841,84,179
10765,11888,1123,0,GE-Phrase,205,11709,12745,1036,179,0.159,-944,-857
10765,11888,1123,0,NTB,isso é coisa boa,10765,11888,1123,1123,1.0,0,0
14587,15964,1377,0,GE-Phrase,206,12745,15828,3083,1241,0.901,1842,136
14587,15964,1377,0,GE-Phrase,207,15828,17061,1233,136,0.099,-1241,-1097
14587,15964,1377,0,NTB,nesse trabalho novo dela,14587,15964,1377,1377,1.0,0,0
22557,25674,3117,0,GE-Phrase,209,23133,25933,2800,2541,0.815,-576,-259
22557,25674,3117,0,NTB,já o tempo que eu tô fora de casa,22557,25674,3117,3117,1.0,0,0
26022,27563,1541,0,GE-Phrase,210,25933,27493,1560,1471,0.955,89,70
26022,27563,1541,0,GE-Phrase,211,27493,29702,2209,70,0.045,-1471,-2139
26022,27563,1541,0,NTB,também por causa disso,26022,27563,1541,1541,1.0,0,0
29529,31227,1698,0,GE-Phrase,211,27493,29702,2209,173,0.102,2036,1525
29529,31227,1698,0,NTB,a renda maior da casa,29529,31227,1698,1698,1.0,0,0
33285,34491,1206,0,GE-Phrase,213,32366,34665,2299,1206,1.0,919,-174
33285,34491,1206,0,NTB,me explicaram,33285,34491,1206,1206,1.0,0,0
50217,51572,1355,0,GE-Phrase,221,49804,51662,1858,1355,1.0,413,-90
50217,51572,1355,0,NTB,o trabalho dele oferece,50217,51572,1355,1355,1.0,0,0
62628,63778,1150,0,GE-Phrase,224,62322,63789,1467,1150,1.0,306,-11
62628,63778,1150,0,NTB,cê tiver alguma coisa,62628,63778,1150,1150,1.0,0,0
63778,65033,1255,0,GE-Phrase,224,62322,63789,1467,11,0.009,1456,1244
63778,65033,1255,0,GE-Phrase,225,63789,64734,945,945,0.753,-11,299
63778,65033,1255,0,GE-Phrase,226,64734,66622,1888,299,0.238,-956,-1589
63778,65033,1255,0,NTB,você vem pra cá,63778,65033,1255,1255,1.0,0,0
10765,11888,1123,0,GE-Phrase,204,10681,11709,1028,944,0.841,84,179
10765,11888,1123,0,GE-Phrase,205,11709,12745,1036,179,0.159,-944,-857
10765,11888,1123,0,NTB,isso é coisa boa,10765,11888,1123,1123,1.0,0,0
14587,15964,1377,0,GE-Phrase,206,12745,15828,3083,1241,0.901,1842,136
14587,15964,1377,0,GE-Phrase,207,15828,17061,1233,136,0.099,-1241,-1097
14587,15964,1377,0,NTB,nesse trabalho novo dela,14587,15964,1377,1377,1.0,0,0
22557,25674,3117,0,GE-Phrase,209,23133,25933,2800,2541,0.815,-576,-259
22557,25674,3117,0,NTB,já o tempo que eu tô fora de casa,22557,25674,3117,3117,1.0,0,0
26022,27563,1541,0,GE-Phrase,210,25933,27493,1560,1471,0.955,89,70
26022,27563,1541,0,GE-Phrase,211,27493,29702,2209,70,0.045,-1471,-2139
26022,27563,1541,0,NTB,também por causa disso,26022,27563,1541,1541,1.0,0,0
29529,31227,1698,0,GE-Phrase,211,27493,29702,2209,173,0.102,2036,1525
29529,31227,1698,0,NTB,a renda maior da casa,29529,31227,1698,1698,1.0,0,0
33285,34491,1206,0,GE-Phrase,213,32366,34665,2299,1206,1.0,919,-174
33285,34491,1206,0,NTB,me explicaram,33285,34491,1206,1206,1.0,0,0
50217,51572,1355,0,GE-Phrase,221,49804,51662,1858,1355,1.0,413,-90
50217,51572,1355,0,NTB,o trabalho dele oferece,50217,51572,1355,1355,1.0,0,0
62628,63778,1150,0,GE-Phrase,224,62322,63789,1467,1150,1.0,306,-11
62628,63778,1150,0,NTB,cê tiver alguma coisa,62628,63778,1150,1150,1.0,0,0
63778,65033,1255,0,GE-Phrase,224,62322,63789,1467,11,0.009,1456,1244
63778,65033,1255,0,GE-Phrase,225,63789,64734,945,945,0.753,-11,299
63778,65033,1255,0,GE-Phrase,226,64734,66622,1888,299,0.238,-956,-1589
63778,65033,1255,0,NTB,você vem pra cá,63778,65033,1255,1255,1.0,0,0
10765,11888,1123,0,GE-Phrase,204,10681,11709,1028,944,0.841,84,179
10765,11888,1123,0,GE-Phrase,205,11709,12745,1036,179,0.159,-944,-857
10765,11888,1123,0,NTB,isso é coisa boa,10765,11888,1123,1123,1.0,0,0
14587,15964,1377,0,GE-Phrase,206,12745,15828,3083,1241,0.901,1842,136
14587,15964,1377,0,GE-Phrase,207,15828,17061,1233,136,0.099,-1241,-1097
14587,15964,1377,0,NTB,nesse trabalho novo dela,14587,15964,1377,1377,1.0,0,0
22557,25674,3117,0,GE-Phrase,209,23133,25933,2800,2541,0.815,-576,-259
22557,25674,3117,0,NTB,já o tempo que eu tô fora de casa,22557,25674,3117,3117,1.0,0,0
26022,27563,1541,0,GE-Phrase,210,25933,27493,1560,1471,0.955,89,70
26022,27563,1541,0,GE-Phrase,211,27493,29702,2209,70,0.045,-1471,-2139
26022,27563,1541,0,NTB,também por causa disso,26022,27563,1541,1541,1.0,0,0
29529,31227,1698,0,GE-Phrase,211,27493,29702,2209,173,0.102,2036,1525
29529,31227,1698,0,NTB,a renda maior da casa,29529,31227,1698,1698,1.0,0,0
33285,34491,1206,0,GE-Phrase,213,32366,34665,2299,1206,1.0,919,-174
33285,34491,1206,0,NTB,me explicaram,33285,34491,1206,1206,1.0,0,0
50217,51572,1355,0,GE-Phrase,221,49804,51662,1858,1355,1.0,413,-90
50217,51572,1355,0,NTB,o trabalho dele oferece,50217,51572,1355,1355,1.0,0,0
62628,63778,1150,0,GE-Phrase,224,62322,63789,1467,1150,1.0,306,-11
62628,63778,1150,0,NTB,cê tiver alguma coisa,62628,63778,1150,1150,1.0,0,0
63778,65033,1255,0,GE-Phrase,224,62322,63789,1467,11,0.009,1456,1244
63778,65033,1255,0,GE-Phrase,225,63789,64734,945,945,0.753,-11,299
63778,65033,1255,0,GE-Phrase,226,64734,66622,1888,299,0.238,-956,-1589
63778,65033,1255,0,NTB,você vem pra cá,63778,65033,1255,1255,1.0,0,0
10765,11888,1123,0,GE-Phrase,204,10681,11709,1028,944,0.841,84,179
10765,11888,1123,0,GE-Phrase,205,11709,12745,1036,179,0.159,-944,-857
10765,11888,1123,0,NTB,isso é coisa boa,10765,11888,1123,1123,1.0,0,0
14587,15964,1377,0,GE-Phrase,206,12745,15828,3083,1241,0.901,1842,136
14587,15964,1377,0,GE-Phrase,207,15828,17061,1233,136,0.099,-1241,-1097
14587,15964,1377,0,NTB,nesse trabalho novo dela,14587,15964,1377,1377,1.0,0,0
22557,25674,3117,0,GE-Phrase,209,23133,25933,2800,2541,0.815,-576,-259
22557,25674,3117,0,NTB,já o tempo que eu tô fora de casa,22557,25674,3117,3117,1.0,0,0
26022,27563,1541,0,GE-Phrase,210,25933,27493,1560,1471,0.955,89,70
26022,27563,1541,0,GE-Phrase,211,27493,29702,2209,70,0.045,-1471,-2139
26022,27563,1541,0,NTB,também por causa disso,26022,27563,1541,1541,1.0,0,0
29529,31227,1698,0,GE-Phrase,211,27493,29702,2209,173,0.102,2036,1525
29529,31227,1698,0,NTB,a renda maior da casa,29529,31227,1698,1698,1.0,0,0
33285,34491,1206,0,GE-Phrase,213,32366,34665,2299,1206,1.0,919,-174
33285,34491,1206,0,NTB,me explicaram,33285,34491,1206,1206,1.0,0,0
50217,51572,1355,0,GE-Phrase,221,49804,51662,1858,1355,1.0,413,-90
50217,51572,1355,0,NTB,o trabalho dele oferece,50217,51572,1355,1355,1.0,0,0
62628,63778,1150,0,GE-Phrase,224,62322,63789,1467,1150,1.0,306,-11
62628,63778,1150,0,NTB,cê tiver alguma coisa,62628,63778,1150,1150,1.0,0,0
63778,65033,1255,0,GE-Phrase,224,62322,63789,1467,11,0.009,1456,1244
63778,65033,1255,0,GE-Phrase,225,63789,64734,945,945,0.753,-11,299
63778,65033,1255,0,GE-Phrase,226,64734,66622,1888,299,0.238,-956,-1589
63778,65033,1255,0,NTB,você vem pra cá,63778,65033,1255,1255,1.0,0,0
10765,11888,1123,0,GE-Phrase,204,10681,11709,1028,944,0.841,84,179
10765,11888,1123,0,GE-Phrase,205,11709,12745,1036,179,0.159,-944,-857
10765,11888,1123,0,NTB,isso é coisa boa,10765,11888,1123,1123,1.0,0,0
14587,15964,1377,0,GE-Phrase,206,12745,15828,3083,1241,0.901,1842,136
14587,15964,1377,0,GE-Phrase,207,15828,17061,1233,136,0.099,-1241,-1097
14587,15964,1377,0,NTB,nesse trabalho novo dela,14587,15964,1377,1377,1.0,0,0
22557,25674,3117,0,GE-Phrase,209,23133,25933,2800,2541,0.815,-576,-259
22557,25674,3117,0,NTB,já o tempo que eu tô fora de casa,22557,25674,3117,3117,1.0,0,0
26022,27563,1541,0,GE-Phrase,210,25933,27493,1560,1471,0.955,89,70
26022,27563,1541,0,GE-Phrase,211,27493,29702,2209,70,0.045,-1471,-2139
26022,27563,1541,0,NTB,também por causa disso,26022,27563,1541,1541,1.0,0,0
29529,31227,1698,0,GE-Phrase,211,27493,29702,2209,173,0.102,2036,1525
29529,31227,1698,0,NTB,a renda maior da casa,29529,31227,1698,1698,1.0,0,0
33285,34491,1206,0,GE-Phrase,213,32366,34665,2299,1206,1.0,919,-174
33285,34491,1206,0,NTB,me explicaram,33285,34491,1206,1206,1.0,0,0
50217,51572,1355,0,GE-Phrase,221,49804,51662,1858,1355,1.0,413,-90
50217,51572,1355,0,NTB,o trabalho dele oferece,50217,51572,1355,1355,1.0,0,0
62628,63778,1150,0,GE-Phrase,224,62322,63789,1467,1150,1.0,306,-11
62628,63778,1150,0,NTB,cê tiver alguma coisa,62628,63778,1150,1150,1.0,0,0
63778,65033,1255,0,GE-Phrase,224,62322,63789,1467,11,0.009,1456,1244
63778,65033,1255,0,GE-Phrase,225,63789,64734,945,945,0.753,-11,299
63778,65033,1255,0,GE-Phrase,226,64734,66622,1888,299,0.238,-956,-1589
63778,65033,1255,0,NTB,você vem pra cá,63778,65033,1255,1255,1.0,0,0
10765,11888,1123,0,GE-Phrase,204,10681,11709,1028,944,0.841,84,179
10765,11888,1123,0,GE-Phrase,205,11709,12745,1036,179,0.159,-944,-857
10765,11888,1123,0,NTB,isso é coisa boa,10765,11888,1123,1123,1.0,0,0
14587,15964,1377,0,GE-Phrase,206,12745,15828,3083,1241,0.901,1842,136
14587,15964,1377,0,GE-Phrase,207,15828,17061,1233,136,0.099,-1241,-1097
14587,15964,1377,0,NTB,nesse trabalho novo dela,14587,15964,1377,1377,1.0,0,0
22557,25674,3117,0,GE-Phrase,209,23133,25933,2800,2541,0.815,-576,-259
22557,25674,3117,0,NTB,já o tempo que eu tô fora de casa,22557,25674,3117,3117,1.0,0,0
26022,27563,1541,0,GE-Phrase,210,25933,27493,1560,1471,0.955,89,70
26022,27563,1541,0,GE-Phrase,211,27493,29702,2209,70,0.045,-1471,-2139
26022,27563,1541,0,NTB,também por causa disso,26022,27563,1541,1541,1.0,0,0
29529,31227,1698,0,GE-Phrase,211,27493,29702,2209,173,0.102,2036,1525
29529,31227,1698,0,NTB,a renda maior da casa,29529,31227,1698,1698,1.0,0,0
33285,34491,1206,0,GE-Phrase,213,32366,34665,2299,1206,1.0,919,-174
33285,34491,1206,0,NTB,me explicaram,33285,34491,1206,1206,1.0,0,0
50217,51572,1355,0,GE-Phrase,221,49804,51662,1858,1355,1.0,413,-90
50217,51572,1355,0,NTB,o trabalho dele oferece,50217,51572,1355,1355,1.0,0,0
62628,63778,1150,0,GE-Phrase,224,62322,63789,1467,1150,1.0,306,-11
62628,63778,1150,0,NTB,cê tiver alguma coisa,62628,63778,1150,1150,1.0,0,0
63778,65033,1255,0,GE-Phrase,224,62322,63789,1467,11,0.009,1456,1244
63778,65033,1255,0,GE-Phrase,225,63789,64734,945,945,0.753,-11,299
63778,65033,1255,0,GE-Phrase,226,64734,66622,1888,299,0.238,-956,-1589
63778,65033,1255,0,NTB,você vem pra cá,63778,65033,1255,1255,1.0,0,0
10765,11888,1123,0,GE-Phrase,204,10681,11709,1028,944,0.841,84,179
10765,11888,1123,0,GE-Phrase,205,11709,12745,1036,179,0.159,-944,-857
10765,11888,1123,0,NTB,isso é coisa boa,10765,11888,1123,1123,1.0,0,0
14587,15964,1377,0,GE-Phrase,206,12745,15828,3083,1241,0.901,1842,136
14587,15964,1377,0,GE-Phrase,207,15828,17061,1233,136,0.099,-1241,-1097
14587,15964,1377,0,NTB,nesse trabalho novo dela,14587,15964,1377,1377,1.0,0,0
22557,25674,3117,0,GE-Phrase,209,23133,25933,2800,2541,0.815,-576,-259
22557,25674,3117,0,NTB,já o tempo que eu tô fora de casa,22557,25674,3117,3117,1.0,0,0
26022,27563,1541,0,GE-Phrase,210,25933,27493,1560,1471,0.955,89,70
26022,27563,1541,0,GE-Phrase,211,27493,29702,2209,70,0.045,-1471,-2139
26022,27563,1541,0,NTB,também por causa disso,26022,27563,1541,1541,1.0,0,0
29529,31227,1698,0,GE-Phrase,211,27493,29702,2209,173,0.102,2036,1525
29529,31227,1698,0,NTB,a renda maior da casa,29529,31227,1698,1698,1.0,0,0
33285,34491,1206,0,GE-Phrase,213,32366,34665,2299,1206,1.0,919,-174
33285,34491,1206,0,NTB,me explicaram,33285,34491,1206,1206,1.0,0,0
50217,51572,1355,0,GE-Phrase,221,49804,51662,1858,1355,1.0,413,-90
50217,51572,1355,0,NTB,o trabalho dele oferece,50217,51572,1355,1355,1.0,0,0
62628,63778,1150,0,GE-Phrase,224,62322,63789,1467,1150,1.0,306,-11
62628,63778,1150,0,NTB,cê tiver alguma coisa,62628,63778,1150,1150,1.0,0,0
63778,65033,1255,0,GE-Phrase,224,62322,63789,1467,11,0.009,1456,1244
63778,65033,1255,0,GE-Phrase,225,63789,64734,945,945,0.753,-11,299
63778,65033,1255,0,GE-Phrase,226,64734,66622,1888,299,0.238,-956,-1589
63778,65033,1255,0,NTB,você vem pra cá,63778,65033,1255,1255,1.0,0,0
10765,11888,1123,0,GE-Phrase,204,10681,11709,1028,944,0.841,84,179
10765,11888,1123,0,GE-Phrase,205,11709,12745,1036,179,0.159,-944,-857
10765,11888,1123,0,NTB,isso é coisa boa,10765,11888,1123,1123,1.0,0,0
14587,15964,1377,0,GE-Phrase,206,12745,15828,3083,1241,0.901,1842,136
14587,15964,1377,0,GE-Phrase,207,15828,17061,1233,136,0.099,-1241,-1097
14587,15964,1377,0,NTB,nesse trabalho novo dela,14587,15964,1377,1377,1.0,0,0
22557,25674,3117,0,GE-Phrase,209,23133,25933,2800,2541,0.815,-576,-259
22557,25674,3117,0,NTB,já o tempo que eu tô fora de casa,22557,25674,3117,3117,1.0,0,0
26022,27563,1541,0,GE-Phrase,210,25933,27493,1560,1471,0.955,89,70
26022,27563,1541,0,GE-Phrase,211,27493,29702,2209,70,0.045,-1471,-2139
26022,27563,1541,0,NTB,também por causa disso,26022,27563,1541,1541,1.0,0,0
29529,31227,1698,0,GE-Phrase,211,27493,29702,2209,173,0.102,2036,1525
29529,31227,1698,0,NTB,a renda maior da casa,29529,31227,1698,1698,1.0,0,0
33285,34491,1206,0,GE-Phrase,213,32366,34665,2299,1206,1.0,919,-174
33285,34491,1206,0,NTB,me explicaram,33285,34491,1206,1206,1.0,0,0
50217,51572,1355,0,GE-Phrase,221,49804,51662,1858,1355,1.0,413,-90
50217,51572,1355,0,NTB,o trabalho dele oferece,50217,51572,1355,1355,1.0,0,0
62628,63778,1150,0,GE-Phrase,224,62322,63789,1467,1150,1.0,306,-11
62628,63778,1150,0,NTB,cê tiver alguma coisa,62628,63778,1150,1150,1.0,0,0
63778,65033,1255,0,GE-Phrase,224,62322,63789,1467,11,0.009,1456,1244
63778,65033,1255,0,GE-Phrase,225,63789,64734,945,945,0.753,-11,299
63778,65033,1255,0,GE-Phrase,226,64734,66622,1888,299,0.238,-956,-1589
63778,65033,1255,0,NTB,você vem pra cá,63778,65033,1255,1255,1.0,0,0
10765,11888,1123,0,GE-Phrase,204,10681,11709,1028,944,0.841,84,179
10765,11888,1123,0,GE-Phrase,205,11709,12745,1036,179,0.159,-944,-857
10765,11888,1123,0,NTB,isso é coisa boa,10765,11888,1123,1123,1.0,0,0
14587,15964,1377,0,GE-Phrase,206,12745,15828,3083,1241,0.901,1842,136
14587,15964,1377,0,GE-Phrase,207,15828,17061,1233,136,0.099,-1241,-1097
14587,15964,1377,0,NTB,nesse trabalho novo dela,14587,15964,1377,1377,1.0,0,0
22557,25674,3117,0,GE-Phrase,209,23133,25933,2800,2541,0.815,-576,-259
22557,25674,3117,0,NTB,já o tempo que eu tô fora de casa,22557,25674,3117,3117,1.0,0,0
26022,27563,1541,0,GE-Phrase,210,25933,27493,1560,1471,0.955,89,70
26022,27563,1541,0,GE-Phrase,211,27493,29702,2209,70,0.045,-1471,-2139
26022,27563,1541,0,NTB,também por causa disso,26022,27563,1541,1541,1.0,0,0
29529,31227,1698,0,GE-Phrase,211,27493,29702,2209,173,0.102,2036,1525
29529,31227,1698,0,NTB,a renda maior da casa,29529,31227,1698,1698,1.0,0,0
33285,34491,1206,0,GE-Phrase,213,32366,34665,2299,1206,1.0,919,-174
33285,34491,1206,0,NTB,me explicaram,33285,34491,1206,1206,1.0,0,0
50217,51572,1355,0,GE-Phrase,221,49804,51662,1858,1355,1.0,413,-90
50217,51572,1355,0,NTB,o trabalho dele oferece,50217,51572,1355,1355,1.0,0,0
62628,63778,1150,0,GE-Phrase,224,62322,63789,1467,1150,1.0,306,-11
62628,63778,1150,0,NTB,cê tiver alguma coisa,62628,63778,1150,1150,1.0,0,0
63778,65033,1255,0,GE-Phrase,224,62322,63789,1467,11,0.009,1456,1244
63778,65033,1255,0,GE-Phrase,225,63789,64734,945,945,0.753,-11,299
63778,65033,1255,0,GE-Phrase,226,64734,66622,1888,299,0.238,-956,-1589
63778,65033,1255,0,NTB,você vem pra cá,63778,65033,1255,1255,1.0,0,0
10765,11888,1123,0,GE-Phrase,204,10681,11709,1028,944,0.841,84,179
10765,11888,1123,0,GE-Phrase,205,11709,12745,1036,179,0.159,-944,-857
10765,11888,1123,0,NTB,isso é coisa boa,10765,11888,1123,1123,1.0,0,0
14587,15964,1377,0,GE-Phrase,206,12745,15828,3083,1241,0.901,1842,136
14587,15964,1377,0,GE-Phrase,207,15828,17061,1233,136,0.099,-1241,-1097
14587,15964,1377,0,NTB,nesse trabalho novo dela,14587,15964,1377,1377,1.0,0,0
22557,25674,3117,0,GE-Phrase,209,23133,25933,2800,2541,0.815,-576,-259
22557,25674,3117,0,NTB,já o tempo que eu tô fora de casa,22557,25674,3117,3117,1.0,0,0
26022,27563,1541,0,GE-Phrase,210,25933,27493,1560,1471,0.955,89,70
26022,27563,1541,0,GE-Phrase,211,27493,29702,2209,70,0.045,-1471,-2139
26022,27563,1541,0,NTB,também por causa disso,26022,27563,1541,1541,1.0,0,0
29529,31227,1698,0,GE-Phrase,211,27493,29702,2209,173,0.102,2036,1525
29529,31227,1698,0,NTB,a renda maior da casa,29529,31227,1698,1698,1.0,0,0
33285,34491,1206,0,GE-Phrase,213,32366,34665,2299,1206,1.0,919,-174
33285,34491,1206,0,NTB,me explicaram,33285,34491,1206,1206,1.0,0,0
50217,51572,1355,0,GE-Phrase,221,49804,51662,1858,1355,1.0,413,-90
50217,51572,1355,0,NTB,o trabalho dele oferece,50217,51572,1355,1355,1.0,0,0
62628,63778,1150,0,GE-Phrase,224,62322,63789,1467,1150,1.0,306,-11
62628,63778,1150,0,NTB,cê tiver alguma coisa,62628,63778,1150,1150,1.0,0,0
63778,65033,1255,0,GE-Phrase,224,62322,63789,1467,11,0.009,1456,1244
63778,65033,1255,0,GE-Phrase,225,63789,64734,945,945,0.753,-11,299
63778,65033,1255,0,GE-Phrase,226,64734,66622,1888,299,0.238,-956,-1589
63778,65033,1255,0,NTB,você vem pra cá,63778,65033,1255,1255,1.0,0,0
10765,11888,1123,0,GE-Phrase,204,10681,11709,1028,944,0.841,84,179
10765,11888,1123,0,GE-Phrase,205,11709,12745,1036,179,0.159,-944,-857
10765,11888,1123,0,NTB,isso é coisa boa,10765,11888,1123,1123,1.0,0,0
14587,15964,1377,0,GE-Phrase,206,12745,15828,3083,1241,0.901,1842,136
14587,15964,1377,0,GE-Phrase,207,15828,17061,1233,136,0.099,-1241,-1097
14587,15964,1377,0,NTB,nesse trabalho novo dela,14587,15964,1377,1377,1.0,0,0
22557,25674,3117,0,GE-Phrase,209,23133,25933,2800,2541,0.815,-576,-259
22557,25674,3117,0,NTB,já o tempo que eu tô fora de casa,22557,25674,3117,3117,1.0,0,0
26022,27563,1541,0,GE-Phrase,210,25933,27493,1560,1471,0.955,89,70
26022,27563,1541,0,GE-Phrase,211,27493,29702,2209,70,0.045,-1471,-2139
26022,27563,1541,0,NTB,também por causa disso,26022,27563,1541,1541,1.0,0,0
29529,31227,1698,0,GE-Phrase,211,27493,29702,2209,173,0.102,2036,1525
29529,31227,1698,0,NTB,a renda maior da casa,29529,31227,1698,1698,1.0,0,0
33285,34491,1206,0,GE-Phrase,213,32366,34665,2299,1206,1.0,919,-174
33285,34491,1206,0,NTB,me explicaram,33285,34491,1206,1206,1.0,0,0
50217,51572,1355,0,GE-Phrase,221,49804,51662,1858,1355,1.0,413,-90
50217,51572,1355,0,NTB,o trabalho dele oferece,50217,51572,1355,1355,1.0,0,0
62628,63778,1150,0,GE-Phrase,224,62322,63789,1467,1150,1.0,306,-11
62628,63778,1150,0,NTB,cê tiver alguma coisa,62628,63778,1150,1150,1.0,0,0
63778,65033,1255,0,GE-Phrase,224,62322,63789,1467,11,0.009,1456,1244
63778,65033,1255,0,GE-Phrase,225,63789,64734,945,945,0.753,-11,299
63778,65033,1255,0,GE-Phrase,226,64734,66622,1888,299,0.238,-956,-1589
63778,65033,1255,0,NTB,você vem pra cá,63778,65033,1255,1255,1.0,0,0
10765,11888,1123,0,GE-Phrase,204,10681,11709,1028,944,0.841,84,179
10765,11888,1123,0,GE-Phrase,205,11709,12745,1036,179,0.159,-944,-857
10765,11888,1123,0,NTB,isso é coisa boa,10765,11888,1123,1123,1.0,0,0
14587,15964,1377,0,GE-Phrase,206,12745,15828,3083,1241,0.901,1842,136
14587,15964,1377,0,GE-Phrase,207,15828,17061,1233,136,0.099,-1241,-1097
14587,15964,1377,0,NTB,nesse trabalho novo dela,14587,15964,1377,1377,1.0,0,0
22557,25674,3117,0,GE-Phrase,209,23133,25933,2800,2541,0.815,-576,-259
22557,25674,3117,0,NTB,já o tempo que eu tô fora de casa,22557,25674,3117,3117,1.0,0,0
26022,27563,1541,0,GE-Phrase,210,25933,27493,1560,1471,0.955,89,70
26022,27563,1541,0,GE-Phrase,211,27493,29702,2209,70,0.045,-1471,-2139
26022,27563,1541,0,NTB,também por causa disso,26022,27563,1541,1541,1.0,0,0
29529,31227,1698,0,GE-Phrase,211,27493,29702,2209,173,0.102,2036,1525
29529,31227,1698,0,NTB,a renda maior da casa,29529,31227,1698,1698,1.0,0,0
33285,34491,1206,0,GE-Phrase,213,32366,34665,2299,1206,1.0,919,-174
33285,34491,1206,0,NTB,me explicaram,33285,34491,1206,1206,1.0,0,0
50217,51572,1355,0,GE-Phrase,221,49804,51662,1858,1355,1.0,413,-90
50217,51572,1355,0,NTB,o trabalho dele oferece,50217,51572,1355,1355,1.0,0,0
62628,63778,1150,0,GE-Phrase,224,62322,63789,1467,1150,1.0,306,-11
62628,63778,1150,0,NTB,cê tiver alguma coisa,62628,63778,1150,1150,1.0,0,0
63778,65033,1255,0,GE-Phrase,224,62322,63789,1467,11,0.009,1456,1244
63778,65033,1255,0,GE-Phrase,225,63789,64734,945,945,0.753,-11,299
63778,65033,1255,0,GE-Phrase,226,64734,66622,1888,299,0.238,-956,-1589
63778,65033,1255,0,NTB,você vem pra cá,63778,65033,1255,1255,1.0,0,0
10765,11888,1123,0,GE-Phrase,204,10681,11709,1028,944,0.841,84,179
10765,11888,1123,0,GE-Phrase,205,11709,12745,1036,179,0.159,-944,-857
10765,11888,1123,0,NTB,isso é coisa boa,10765,11888,1123,1123,1.0,0,0
14587,15964,1377,0,GE-Phrase,206,12745,15828,3083,1241,0.901,1842,136
14587,15964,1377,0,GE-Phrase,207,15828,17061,1233,136,0.099,-1241,-1097
14587,15964,1377,0,NTB,nesse trabalho novo dela,14587,15964,1377,1377,1.0,0,0
22557,25674,3117,0,GE-Phrase,209,23133,25933,2800,2541,0.815,-576,-259
22557,25674,3117,0,NTB,já o tempo que eu tô fora de casa,22557,25674,3117,3117,1.0,0,0
26022,27563,1541,0,GE-Phrase,210,25933,27493,1560,1471,0.955,89,70
26022,27563,1541,0,GE-Phrase,211,27493,29702,2209,70,0.045,-1471,-2139
26022,27563,1541,0,NTB,também por causa disso,26022,27563,1541,1541,1.0,0,0
29529,31227,1698,0,GE-Phrase,211,27493,29702,2209,173,0.102,2036,1525
29529,31227,1698,0,NTB,a renda maior da casa,29529,31227,1698,1698,1.0,0,0
33285,34491,1206,0,GE-Phrase,213,32366,34665,2299,1206,1.0,919,-174
33285,34491,1206,0,NTB,me explicaram,33285,34491,1206,1206,1.0,0,0
50217,51572,1355,0,GE-Phrase,221,49804,51662,1858,1355,1.0,413,-90
50217,51572,1355,0,NTB,o trabalho dele oferece,50217,51572,1355,1355,1.0,0,0
62628,63778,1150,0,GE-Phrase,224,62322,63789,1467,1150,1.0,306,-11
62628,63778,1150,0,NTB,cê tiver alguma coisa,62628,63778,1150,1150,1.0,0,0
63778,65033,1255,0,GE-Phrase,224,62322,63789,1467,11,0.009,1456,1244
63778,65033,1255,0,GE-Phrase,225,63789,64734,945,945,0.753,-11,299
63778,65033,1255,0,GE-Phrase,226,64734,66622,1888,299,0.238,-956,-1589
63778,65033,1255,0,NTB,você vem pra cá,63778,65033,1255,1255,1.0,0,0
10765,11888,1123,0,GE-Phrase,204,10681,11709,1028,944,0.841,84,179
10765,11888,1123,0,GE-Phrase,205,11709,12745,1036,179,0.159,-944,-857
10765,11888,1123,0,NTB,isso é coisa boa,10765,11888,1123,1123,1.0,0,0
14587,15964,1377,0,GE-Phrase,206,12745,15828,3083,1241,0.901,1842,136
14587,15964,1377,0,GE-Phrase,207,15828,17061,1233,136,0.099,-1241,-1097
14587,15964,1377,0,NTB,nesse trabalho novo dela,14587,15964,1377,1377,1.0,0,0
22557,25674,3117,0,GE-Phrase,209,23133,25933,2800,2541,0.815,-576,-259
22557,25674,3117,0,NTB,já o tempo que eu tô fora de casa,22557,25674,3117,3117,1.0,0,0
26022,27563,1541,0,GE-Phrase,210,25933,27493,1560,1471,0.955,89,70
26022,27563,1541,0,GE-Phrase,211,27493,29702,2209,70,0.045,-1471,-2139
26022,27563,1541,0,NTB,também por causa disso,26022,27563,1541,1541,1.0,0,0
29529,31227,1698,0,GE-Phrase,211,27493,29702,2209,173,0.102,2036,1525
29529,31227,1698,0,NTB,a renda maior da casa,29529,31227,1698,1698,1.0,0,0
33285,34491,1206,0,GE-Phrase,213,32366,34665,2299,1206,1.0,919,-174
33285,34491,1206,0,NTB,me explicaram,33285,34491,1206,1206,1.0,0,0
50217,51572,1355,0,GE-Phrase,221,49804,51662,1858,1355,1.0,413,-90
50217,51572,1355,0,NTB,o trabalho dele oferece,50217,51572,1355,1355,1.0,0,0
62628,63778,1150,0,GE-Phrase,224,62322,63789,1467,1150,1.0,306,-11
62628,63778,1150,0,NTB,cê tiver alguma coisa,62628,63778,1150,1150,1.0,0,0
63778,65033,1255,0,GE-Phrase,224,62322,63789,1467,11,0.009,1456,1244
63778,65033,1255,0,GE-Phrase,225,63789,64734,945,945,0.753,-11,299
63778,65033,1255,0,GE-Phrase,226,64734,66622,1888,299,0.238,-956,-1589
63778,65033,1255,0,NTB,você vem pra cá,63778,65033,1255,1255,1.0,0,0
10765,11888,1123,0,GE-Phrase,204,10681,11709,1028,944,0.841,84,179
10765,11888,1123,0,GE-Phrase,205,11709,12745,1036,179,0.159,-944,-857
10765,11888,1123,0,NTB,isso é coisa boa,10765,11888,1123,1123,1.0,0,0
14587,15964,1377,0,GE-Phrase,206,12745,15828,3083,1241,0.901,1842,136
14587,15964,1377,0,GE-Phrase,207,15828,17061,1233,136,0.099,-1241,-1097
14587,15964,1377,0,NTB,nesse trabalho novo dela,14587,15964,1377,1377,1.0,0,0
22557,25674,3117,0,GE-Phrase,209,23133,25933,2800,2541,0.815,-576,-259
22557,25674,3117,0,NTB,já o tempo que eu tô fora de casa,22557,25674,3117,3117,1.0,0,0
26022,27563,1541,0,GE-Phrase,210,25933,27493,1560,1471,0.955,89,70
26022,27563,1541,0,GE-Phrase,211,27493,29702,2209,70,0.045,-1471,-2139
26022,27563,1541,0,NTB,também por causa disso,26022,27563,1541,1541,1.0,0,0
29529,31227,1698,0,GE-Phrase,211,27493,29702,2209,173,0.102,2036,1525
29529,31227,1698,0,NTB,a renda maior da casa,29529,31227,1698,1698,1.0,0,0
33285,34491,1206,0,GE-Phrase,213,32366,34665,2299,1206,1.0,919,-174
33285,34491,1206,0,NTB,me explicaram,33285,34491,1206,1206,1.0,0,0
50217,51572,1355,0,GE-Phrase,221,49804,51662,1858,1355,1.0,413,-90
50217,51572,1355,0,NTB,o trabalho dele oferece,50217,51572,1355,1355,1.0,0,0
62628,63778,1150,0,GE-Phrase,224,62322,63789,1467,1150,1.0,306,-11
62628,63778,1150,0,NTB,cê tiver alguma coisa,62628,63778,1150,1150,1.0,0,0
63778,65033,1255,0,GE-Phrase,224,62322,63789,1467,11,0.009,1456,1244
63778,65033,1255,0,GE-Phrase,225,63789,64734,945,945,0.753,-11,299
63778,65033,1255,0,GE-Phrase,226,64734,66622,1888,299,0.238,-956,-1589
63778,65033,1255,0,NTB,você vem pra cá,63778,65033,1255,1255,1.0,0,0
10765,11888,1123,0,GE-Phrase,204,10681,11709,1028,944,0.841,84,179
10765,11888,1123,0,GE-Phrase,205,11709,12745,1036,179,0.159,-944,-857
10765,11888,1123,0,NTB,isso é coisa boa,10765,11888,1123,1123,1.0,0,0
14587,15964,1377,0,GE-Phrase,206,12745,15828,3083,1241,0.901,1842,136
14587,15964,1377,0,GE-Phrase,207,15828,17061,1233,136,0.099,-1241,-1097
14587,15964,1377,0,NTB,nesse trabalho novo dela,14587,15964,1377,1377,1.0,0,0
22557,25674,3117,0,GE-Phrase,209,23133,25933,2800,2541,0.815,-576,-259
22557,25674,3117,0,NTB,já o tempo que eu tô fora de casa,22557,25674,3117,3117,1.0,0,0
26022,27563,1541,0,GE-Phrase,210,25933,27493,1560,1471,0.955,89,70
26022,27563,1541,0,GE-Phrase,211,27493,29702,2209,70,0.045,-1471,-2139
26022,27563,1541,0,NTB,também por causa disso,26022,27563,1541,1541,1.0,0,0
29529,31227,1698,0,GE-Phrase,211,27493,29702,2209,173,0.102,2036,1525
29529,31227,1698,0,NTB,a renda maior da casa,29529,31227,1698,1698,1.0,0,0
33285,34491,1206,0,GE-Phrase,213,32366,34665,2299,1206,1.0,919,-174
33285,34491,1206,0,NTB,me explicaram,33285,34491,1206,1206,1.0,0,0
50217,51572,1355,0,GE-Phrase,221,49804,51662,1858,1355,1.0,413,-90
50217,51572,1355,0,NTB,o trabalho dele oferece,50217,51572,1355,1355,1.0,0,0
62628,63778,1150,0,GE-Phrase,224,62322,63789,1467,1150,1.0,306,-11
62628,63778,1150,0,NTB,cê tiver alguma coisa,62628,63778,1150,1150,1.0,0,0
63778,65033,1255,0,GE-Phrase,224,62322,63789,1467,11,0.009,1456,1244
63778,65033,1255,0,GE-Phrase,225,63789,64734,945,945,0.753,-11,299
63778,65033,1255,0,GE-Phrase,226,64734,66622,1888,299,0.238,-956,-1589
63778,65033,1255,0,NTB,você vem pra cá,63778,65033,1255,1255,1.0,0,0
10765,11888,1123,0,GE-Phrase,204,10681,11709,1028,944,0.841,84,179
10765,11888,1123,0,GE-Phrase,205,11709,12745,1036,179,0.159,-944,-857
10765,11888,1123,0,NTB,isso é coisa boa,10765,11888,1123,1123,1.0,0,0
14587,15964,1377,0,GE-Phrase,206,12745,15828,3083,1241,0.901,1842,136
14587,15964,1377,0,GE-Phrase,207,15828,17061,1233,136,0.099,-1241,-1097
14587,15964,1377,0,NTB,nesse trabalho novo dela,14587,15964,1377,1377,1.0,0,0
22557,25674,3117,0,GE-Phrase,209,23133,25933,2800,2541,0.815,-576,-259
22557,25674,3117,0,NTB,já o tempo que eu tô fora de casa,22557,25674,3117,3117,1.0,0,0
26022,27563,1541,0,GE-Phrase,210,25933,27493,1560,1471,0.955,89,70
26022,27563,1541,0,GE-Phrase,211,27493,29702,2209,70,0.045,-1471,-2139
26022,27563,1541,0,NTB,também por causa disso,26022,27563,1541,1541,1.0,0,0
29529,31227,1698,0,GE-Phrase,211,27493,29702,2209,173,0.102,2036,1525
29529,31227,1698,0,NTB,a renda maior da casa,29529,31227,1698,1698,1.0,0,0
33285,34491,1206,0,GE-Phrase,213,32366,34665,2299,1206,1.0,919,-174
33285,34491,1206,0,NTB,me explicaram,33285,34491,1206,1206,1.0,0,0
50217,51572,1355,0,GE-Phrase,221,49804,51662,1858,1355,1.0,413,-90
50217,51572,1355,0,NTB,o trabalho dele oferece,50217,51572,1355,1355,1.0,0,0
62628,63778,1150,0,GE-Phrase,224,62322,63789,1467,1150,1.0,306,-11
62628,63778,1150,0,NTB,cê tiver alguma coisa,62628,63778,1150,1150,1.0,0,0
63778,65033,1255,0,GE-Phrase,224,62322,63789,1467,11,0.009,1456,1244
63778,65033,1255,0,GE-Phrase,225,63789,64734,945,945,0.753,-11,299
63778,65033,1255,0,GE-Phrase,226,64734,66622,1888,299,0.238,-956,-1589
63778,65033,1255,0,NTB,você vem pra cá,63778,65033,1255,1255,1.0,0,0
10765,11888,1123,0,GE-Phrase,204,10681,11709,1028,944,0.841,84,179
10765,11888,1123,0,GE-Phrase,205,11709,12745,1036,179,0.159,-944,-857
10765,11888,1123,0,NTB,isso é coisa boa,10765,11888,1123,1123,1.0,0,0
14587,15964,1377,0,GE-Phrase,206,12745,15828,3083,1241,0.901,1842,136
14587,15964,1377,0,GE-Phrase,207,15828,17061,1233,136,0.099,-1241,-1097
14587,15964,1377,0,NTB,nesse trabalho novo dela,14587,15964,1377,1377,1.0,0,0
22557,25674,3117,0,GE-Phrase,209,23133,25933,2800,2541,0.815,-576,-259
22557,25674,3117,0,NTB,já o tempo que eu tô fora de casa,22557,25674,3117,3117,1.0,0,0
26022,27563,1541,0,GE-Phrase,210,25933,27493,1560,1471,0.955,89,70
26022,27563,1541,0,GE-Phrase,211,27493,29702,2209,70,0.045,-1471,-2139
26022,27563,1541,0,NTB,também por causa disso,26022,27563,1541,1541,1.0,0,0
29529,31227,1698,0,GE-Phrase,211,27493,29702,2209,173,0.102,2036,1525
29529,31227,1698,0,NTB,a renda maior da casa,29529,31227,1698,1698,1.0,0,0
33285,34491,1206,0,GE-Phrase,213,32366,34665,2299,1206,1.0,919,-174
33285,34491,1206,0,NTB,me explicaram,33285,34491,1206,1206,1.0,0,0
50217,51572,1355,0,GE-Phrase,221,49804,51662,1858,1355,1.0,413,-90
50217,51572,1355,0,NTB,o trabalho dele oferece,50217,51572,1355,1355,1.0,0,0
62628,63778,1150,0,GE-Phrase,224,62322,63789,1467,1150,1.0,306,-11
62628,63778,1150,0,NTB,cê tiver alguma coisa,62628,63778,1150,1150,1.0,0,0
63778,65033,1255,0,GE-Phrase,224,62322,63789,1467,11,0.009,1456,1244
63778,65033,1255,0,GE-Phrase,225,63789,64734,945,945,0.753,-11,299
63778,65033,1255,0,GE-Phrase,226,64734,66622,1888,299,0.238,-956,-1589
63778,65033,1255,0,NTB,você vem pra cá,63778,65033,1255,1255,1.0,0,0
10765,11888,1123,0,GE-Phrase,204,10681,11709,1028,944,0.841,84,179
10765,11888,1123,0,GE-Phrase,205,11709,12745,1036,179,0.159,-944,-857
10765,11888,1123,0,NTB,isso é coisa boa,10765,11888,1123,1123,1.0,0,0
14587,15964,1377,0,GE-Phrase,206,12745,15828,3083,1241,0.901,1842,136
14587,15964,1377,0,GE-Phrase,207,15828,17061,1233,136,0.099,-1241,-1097
14587,15964,1377,0,NTB,nesse trabalho novo dela,14587,15964,1377,1377,1.0,0,0
22557,25674,3117,0,GE-Phrase,209,23133,25933,2800,2541,0.815,-576,-259
22557,25674,3117,0,NTB,já o tempo que eu tô fora de casa,22557,25674,3117,3117,1.0,0,0
26022,27563,1541,0,GE-Phrase,210,25933,27493,1560,1471,0.955,89,70
26022,27563,1541,0,GE-Phrase,211,27493,29702,2209,70,0.045,-1471,-2139
26022,27563,1541,0,NTB,também por causa disso,26022,27563,1541,1541,1.0,0,0
29529,31227,1698,0,GE-Phrase,211,27493,29702,2209,173,0.102,2036,1525
29529,31227,1698,0,NTB,a renda maior da casa,29529,31227,1698,1698,1.0,0,0
33285,34491,1206,0,GE-Phrase,213,32366,34665,2299,1206,1.0,919,-174
33285,34491,1206,0,NTB,me explicaram,33285,34491,1206,1206,1.0,0,0
50217,51572,1355,0,GE-Phrase,221,49804,51662,1858,1355,1.0,413,-90
50217,51572,1355,0,NTB,o trabalho dele oferece,50217,51572,1355,1355,1.0,0,0
62628,63778,1150,0,GE-Phrase,224,62322,63789,1467,1150,1.0,306,-11
62628,63778,1150,0,NTB,cê tiver alguma coisa,62628,63778,1150,1150,1.0,0,0
63778,65033,1255,0,GE-Phrase,224,62322,63789,1467,11,0.009,1456,1244
63778,65033,1255,0,GE-Phrase,225,63789,64734,945,945,0.753,-11,299
63778,65033,1255,0,GE-Phrase,226,64734,66622,1888,299,0.238,-956,-1589
63778,65033,1255,0,NTB,você vem pra cá,63778,65033,1255,1255,1.0,0,0
10765,11888,1123,0,GE-Phrase,204,10681,11709,1028,944,0.841,84,179
10765,11888,1123,0,GE-Phrase,205,11709,12745,1036,179,0.159,-944,-857
10765,11888,1123,0,NTB,isso é coisa boa,10765,11888,1123,1123,1.0,0,0
14587,15964,1377,0,GE-Phrase,206,12745,15828,3083,1241,0.901,1842,136
14587,15964,1377,0,GE-Phrase,207,15828,17061,1233,136,0.099,-1241,-1097
14587,15964,1377,0,NTB,nesse trabalho novo dela,14587,15964,1377,1377,1.0,0,0
22557,25674,3117,0,GE-Phrase,209,23133,25933,2800,2541,0.815,-576,-259
22557,25674,3117,0,NTB,já o tempo que eu tô fora de casa,22557,25674,3117,3117,1.0,0,0
26022,27563,1541,0,GE-Phrase,210,25933,27493,1560,1471,0.955,89,70
26022,27563,1541,0,GE-Phrase,211,27493,29702,2209,70,0.045,-1471,-2139
26022,27563,1541,0,NTB,também por causa disso,26022,27563,1541,1541,1.0,0,0
29529,31227,1698,0,GE-Phrase,211,27493,29702,2209,173,0.102,2036,1525
29529,31227,1698,0,NTB,a renda maior da casa,29529,31227,1698,1698,1.0,0,0
33285,34491,1206,0,GE-Phrase,213,32366,34665,2299,1206,1.0,919,-174
33285,34491,1206,0,NTB,me explicaram,33285,34491,1206,1206,1.0,0,0
50217,51572,1355,0,GE-Phrase,221,49804,51662,1858,1355,1.0,413,-90
50217,51572,1355,0,NTB,o trabalho dele oferece,50217,51572,1355,1355,1.0,0,0
62628,63778,1150,0,GE-Phrase,224,62322,63789,1467,1150,1.0,306,-11
62628,63778,1150,0,NTB,cê tiver alguma coisa,62628,63778,1150,1150,1.0,0,0
63778,65033,1255,0,GE-Phrase,224,62322,63789,1467,11,0.009,1456,1244
63778,65033,1255,0,GE-Phrase,225,63789,64734,945,945,0.753,-11,299
63778,65033,1255,0,GE-Phrase,226,64734,66622,1888,299,0.238,-956,-1589
63778,65033,1255,0,NTB,você vem pra cá,63778,65033,1255,1255,1.0,0,0
10765,11888,1123,0,GE-Phrase,204,10681,11709,1028,944,0.841,84,179
10765,11888,1123,0,GE-Phrase,205,11709,12745,1036,179,0.159,-944,-857
10765,11888,1123,0,NTB,isso é coisa boa,10765,11888,1123,1123,1.0,0,0
14587,15964,1377,0,GE-Phrase,206,12745,15828,3083,1241,0.901,1842,136
14587,15964,1377,0,GE-Phrase,207,15828,17061,1233,136,0.099,-1241,-1097
14587,15964,1377,0,NTB,nesse trabalho novo dela,14587,15964,1377,1377,1.0,0,0
22557,25674,3117,0,GE-Phrase,209,23133,25933,2800,2541,0.815,-576,-259
22557,25674,3117,0,NTB,já o tempo que eu tô fora de casa,22557,25674,3117,3117,1.0,0,0
26022,27563,1541,0,GE-Phrase,210,25933,27493,1560,1471,0.955,89,70
26022,27563,1541,0,GE-Phrase,211,27493,29702,2209,70,0.045,-1471,-2139
26022,27563,1541,0,NTB,também por causa disso,26022,27563,1541,1541,1.0,0,0
29529,31227,1698,0,GE-Phrase,211,27493,29702,2209,173,0.102,2036,1525
29529,31227,1698,0,NTB,a renda maior da casa,29529,31227,1698,1698,1.0,0,0
33285,34491,1206,0,GE-Phrase,213,32366,34665,2299,1206,1.0,919,-174
33285,34491,1206,0,NTB,me explicaram,33285,34491,1206,1206,1.0,0,0
50217,51572,1355,0,GE-Phrase,221,49804,51662,1858,1355,1.0,413,-90
50217,51572,1355,0,NTB,o trabalho dele oferece,50217,51572,1355,1355,1.0,0,0
62628,63778,1150,0,GE-Phrase,224,62322,63789,1467,1150,1.0,306,-11
62628,63778,1150,0,NTB,cê tiver alguma coisa,62628,63778,1150,1150,1.0,0,0
63778,65033,1255,0,GE-Phrase,224,62322,63789,1467,11,0.009,1456,1244
63778,65033,1255,0,GE-Phrase,225,63789,64734,945,945,0.753,-11,299
63778,65033,1255,0,GE-Phrase,226,64734,66622,1888,299,0.238,-956,-1589
63778,65033,1255,0,NTB,você vem pra cá,63778,65033,1255,1255,1.0,0,0
10765,11888,1123,0,GE-Phrase,204,10681,11709,1028,944,0.841,84,179
10765,11888,1123,0,GE-Phrase,205,11709,12745,1036,179,0.159,-944,-857
10765,11888,1123,0,NTB,isso é coisa boa,10765,11888,1123,1123,1.0,0,0
14587,15964,1377,0,GE-Phrase,206,12745,15828,3083,1241,0.901,1842,136
14587,15964,1377,0,GE-Phrase,207,15828,17061,1233,136,0.099,-1241,-1097
14587,15964,1377,0,NTB,nesse trabalho novo dela,14587,15964,1377,1377,1.0,0,0
22557,25674,3117,0,GE-Phrase,209,23133,25933,2800,2541,0.815,-576,-259
22557,25674,3117,0,NTB,já o tempo que eu tô fora de casa,22557,25674,3117,3117,1.0,0,0
26022,27563,1541,0,GE-Phrase,210,25933,27493,1560,1471,0.955,89,70
26022,27563,1541,0,GE-Phrase,211,27493,29702,2209,70,0.045,-1471,-2139
26022,27563,1541,0,NTB,também por causa disso,26022,27563,1541,1541,1.0,0,0
29529,31227,1698,0,GE-Phrase,211,27493,29702,2209,173,0.102,2036,1525
29529,31227,1698,0,NTB,a renda maior da casa,29529,31227,1698,1698,1.0,0,0
33285,34491,1206,0,GE-Phrase,213,32366,34665,2299,1206,1.0,919,-174
33285,34491,1206,0,NTB,me explicaram,33285,34491,1206,1206,1.0,0,0
50217,51572,1355,0,GE-Phrase,221,49804,51662,1858,1355,1.0,413,-90
50217,51572,1355,0,NTB,o trabalho dele oferece,50217,51572,1355,1355,1.0,0,0
62628,63778,1150,0,GE-Phrase,224,62322,63789,1467,1150,1.0,306,-11
62628,63778,1150,0,NTB,cê tiver alguma coisa,62628,63778,1150,1150,1.0,0,0
63778,65033,1255,0,GE-Phrase,224,62322,63789,1467,11,0.009,1456,1244
63778,65033,1255,0,GE-Phrase,225,63789,64734,945,945,0.753,-11,299
63778,65033,1255,0,GE-Phrase,226,64734,66622,1888,299,0.238,-956,-1589
63778,65033,1255,0,NTB,você vem pra cá,63778,65033,1255,1255,1.0,0,0
10765,11888,1123,0,GE-Phrase,204,10681,11709,1028,944,0.841,84,179
10765,11888,1123,0,GE-Phrase,205,11709,12745,1036,179,0.159,-944,-857
10765,11888,1123,0,NTB,isso é coisa boa,10765,11888,1123,1123,1.0,0,0
14587,15964,1377,0,GE-Phrase,206,12745,15828,3083,1241,0.901,1842,136
14587,15964,1377,0,GE-Phrase,207,15828,17061,1233,136,0.099,-1241,-1097
14587,15964,1377,0,NTB,nesse trabalho novo dela,14587,15964,1377,1377,1.0,0,0
22557,25674,3117,0,GE-Phrase,209,23133,25933,2800,2541,0.815,-576,-259
22557,25674,3117,0,NTB,já o tempo que eu tô fora de casa,22557,25674,3117,3117,1.0,0,0
26022,27563,1541,0,GE-Phrase,210,25933,27493,1560,1471,0.955,89,70
26022,27563,1541,0,GE-Phrase,211,27493,29702,2209,70,0.045,-1471,-2139
26022,27563,1541,0,NTB,também por causa disso,26022,27563,1541,1541,1.0,0,0
29529,31227,1698,0,GE-Phrase,211,27493,29702,2209,173,0.102,2036,1525
29529,31227,1698,0,NTB,a renda maior da casa,29529,31227,1698,1698,1.0,0,0
33285,34491,1206,0,GE-Phrase,213,32366,34665,2299,1206,1.0,919,-174
33285,34491,1206,0,NTB,me explicaram,33285,34491,1206,1206,1.0,0,0
50217,51572,1355,0,GE-Phrase,221,49804,51662,1858,1355,1.0,413,-90
50217,51572,1355,0,NTB,o trabalho dele oferece,50217,51572,1355,1355,1.0,0,0
62628,63778,1150,0,GE-Phrase,224,62322,63789,1467,1150,1.0,306,-11
62628,63778,1150,0,NTB,cê tiver alguma coisa,62628,63778,1150,1150,1.0,0,0
63778,65033,1255,0,GE-Phrase,224,62322,63789,1467,11,0.009,1456,1244
63778,65033,1255,0,GE-Phrase,225,63789,64734,945,945,0.753,-11,299
63778,65033,1255,0,GE-Phrase,226,64734,66622,1888,299,0.238,-956,-1589
63778,65033,1255,0,NTB,você vem pra cá,63778,65033,1255,1255,1.0,0,0
10765,11888,1123,0,GE-Phrase,204,10681,11709,1028,944,0.841,84,179
10765,11888,1123,0,GE-Phrase,205,11709,12745,1036,179,0.159,-944,-857
10765,11888,1123,0,NTB,isso é coisa boa,10765,11888,1123,1123,1.0,0,0
14587,15964,1377,0,GE-Phrase,206,12745,15828,3083,1241,0.901,1842,136
14587,15964,1377,0,GE-Phrase,207,15828,17061,1233,136,0.099,-1241,-1097
14587,15964,1377,0,NTB,nesse trabalho novo dela,14587,15964,1377,1377,1.0,0,0
22557,25674,3117,0,GE-Phrase,209,23133,25933,2800,2541,0.815,-576,-259
22557,25674,3117,0,NTB,já o tempo que eu tô fora de casa,22557,25674,3117,3117,1.0,0,0
26022,27563,1541,0,GE-Phrase,210,25933,27493,1560,1471,0.955,89,70
26022,27563,1541,0,GE-Phrase,211,27493,29702,2209,70,0.045,-1471,-2139
26022,27563,1541,0,NTB,também por causa disso,26022,27563,1541,1541,1.0,0,0
29529,31227,1698,0,GE-Phrase,211,27493,29702,2209,173,0.102,2036,1525
29529,31227,1698,0,NTB,a renda maior da casa,29529,31227,1698,1698,1.0,0,0
33285,34491,1206,0,GE-Phrase,213,32366,34665,2299,1206,1.0,919,-174
33285,34491,1206,0,NTB,me explicaram,33285,34491,1206,1206,1.0,0,0
50217,51572,1355,0,GE-Phrase,221,49804,51662,1858,1355,1.0,413,-90
50217,51572,1355,0,NTB,o trabalho dele oferece,50217,51572,1355,1355,1.0,0,0
62628,63778,1150,0,GE-Phrase,224,62322,63789,1467,1150,1.0,306,-11
62628,63778,1150,0,NTB,cê tiver alguma coisa,62628,63778,1150,1150,1.0,0,0
63778,65033,1255,0,GE-Phrase,224,62322,63789,1467,11,0.009,1456,1244
63778,65033,1255,0,GE-Phrase,225,63789,64734,945,945,0.753,-11,299
63778,65033,1255,0,GE-Phrase,226,64734,66622,1888,299,0.238,-956,-1589
63778,65033,1255,0,NTB,você vem pra cá,63778,65033,1255,1255,1.0,0,0
10765,11888,1123,0,GE-Phrase,204,10681,11709,1028,944,0.841,84,179
10765,11888,1123,0,GE-Phrase,205,11709,12745,1036,179,0.159,-944,-857
10765,11888,1123,0,NTB,isso é coisa boa,10765,11888,1123,1123,1.0,0,0
14587,15964,1377,0,GE-Phrase,206,12745,15828,3083,1241,0.901,1842,136
14587,15964,1377,0,GE-Phrase,207,15828,17061,1233,136,0.099,-1241,-1097
14587,15964,1377,0,NTB,nesse trabalho novo dela,14587,15964,1377,1377,1.0,0,0
22557,25674,3117,0,GE-Phrase,209,23133,25933,2800,2541,0.815,-576,-259
22557,25674,3117,0,NTB,já o tempo que eu tô fora de casa,22557,25674,3117,3117,1.0,0,0
26022,27563,1541,0,GE-Phrase,210,25933,27493,1560,1471,0.955,89,70
26022,27563,1541,0,GE-Phrase,211,27493,29702,2209,70,0.045,-1471,-2139
26022,27563,1541,0,NTB,também por causa disso,26022,27563,1541,1541,1.0,0,0
29529,31227,1698,0,GE-Phrase,211,27493,29702,2209,173,0.102,2036,1525
29529,31227,1698,0,NTB,a renda maior da casa,29529,31227,1698,1698,1.0,0,0
33285,34491,1206,0,GE-Phrase,213,32366,34665,2299,1206,1.0,919,-174
33285,34491,1206,0,NTB,me explicaram,33285,34491,1206,1206,1.0,0,0
50217,51572,1355,0,GE-Phrase,221,49804,51662,1858,1355,1.0,413,-90
50217,51572,1355,0,NTB,o trabalho dele oferece,50217,51572,1355,1355,1.0,0,0
62628,63778,1150,0,GE-Phrase,224,62322,63789,1467,1150,1.0,306,-11
62628,63778,1150,0,NTB,cê tiver alguma coisa,62628,63778,1150,1150,1.0,0,0
63778,65033,1255,0,GE-Phrase,224,62322,63789,1467,11,0.009,1456,1244
63778,65033,1255,0,GE-Phrase,225,63789,64734,945,945,0.753,-11,299
63778,65033,1255,0,GE-Phrase,226,64734,66622,1888,299,0.238,-956,-1589
63778,65033,1255,0,NTB,você vem pra cá,63778,65033,1255,1255,1.0,0,0
10765,11888,1123,0,GE-Phrase,204,10681,11709,1028,944,0.841,84,179
10765,11888,1123,0,GE-Phrase,205,11709,12745,1036,179,0.159,-944,-857
10765,11888,1123,0,NTB,isso é coisa boa,10765,11888,1123,1123,1.0,0,0
14587,15964,1377,0,GE-Phrase,206,12745,15828,3083,1241,0.901,1842,136
14587,15964,1377,0,GE-Phrase,207,15828,17061,1233,136,0.099,-1241,-1097
14587,15964,1377,0,NTB,nesse trabalho novo dela,14587,15964,1377,1377,1.0,0,0
22557,25674,3117,0,GE-Phrase,209,23133,25933,2800,2541,0.815,-576,-259
22557,25674,3117,0,NTB,já o tempo que eu tô fora de casa,22557,25674,3117,3117,1.0,0,0
26022,27563,1541,0,GE-Phrase,210,25933,27493,1560,1471,0.955,89,70
26022,27563,1541,0,GE-Phrase,211,27493,29702,2209,70,0.045,-1471,-2139
26022,27563,1541,0,NTB,também por causa disso,26022,27563,1541,1541,1.0,0,0
29529,31227,1698,0,GE-Phrase,211,27493,29702,2209,173,0.102,2036,1525
29529,31227,1698,0,NTB,a renda maior da casa,29529,31227,1698,1698,1.0,0,0
33285,34491,1206,0,GE-Phrase,213,32366,34665,2299,1206,1.0,919,-174
33285,34491,1206,0,NTB,me explicaram,33285,34491,1206,1206,1.0,0,0
50217,51572,1355,0,GE-Phrase,221,49804,51662,1858,1355,1.0,413,-90
50217,51572,1355,0,NTB,o trabalho dele oferece,50217,51572,1355,1355,1.0,0,0
62628,63778,1150,0,GE-Phrase,224,62322,63789,1467,1150,1.0,306,-11
62628,63778,1150,0,NTB,cê tiver alguma coisa,62628,63778,1150,1150,1.0,0,0
63778,65033,1255,0,GE-Phrase,224,62322,63789,1467,11,0.009,1456,1244
63778,65033,1255,0,GE-Phrase,225,63789,64734,945,945,0.753,-11,299
63778,65033,1255,0,GE-Phrase,226,64734,66622,1888,299,0.238,-956,-1589
63778,65033,1255,0,NTB,você vem pra cá,63778,65033,1255,1255,1.0,0,0
10765,11888,1123,0,GE-Phrase,204,10681,11709,1028,944,0.841,84,179
10765,11888,1123,0,GE-Phrase,205,11709,12745,1036,179,0.159,-944,-857
10765,11888,1123,0,NTB,isso é coisa boa,10765,11888,1123,1123,1.0,0,0
14587,15964,1377,0,GE-Phrase,206,12745,15828,3083,1241,0.901,1842,136
14587,15964,1377,0,GE-Phrase,207,15828,17061,1233,136,0.099,-1241,-1097
14587,15964,1377,0,NTB,nesse trabalho novo dela,14587,15964,1377,1377,1.0,0,0
22557,25674,3117,0,GE-Phrase,209,23133,25933,2800,2541,0.815,-576,-259
22557,25674,3117,0,NTB,já o tempo que eu tô fora de casa,22557,25674,3117,3117,1.0,0,0
26022,27563,1541,0,GE-Phrase,210,25933,27493,1560,1471,0.955,89,70
26022,27563,1541,0,GE-Phrase,211,27493,29702,2209,70,0.045,-1471,-2139
26022,27563,1541,0,NTB,também por causa disso,26022,27563,1541,1541,1.0,0,0
29529,31227,1698,0,GE-Phrase,211,27493,29702,2209,173,0.102,2036,1525
29529,31227,1698,0,NTB,a renda maior da casa,29529,31227,1698,1698,1.0,0,0
33285,34491,1206,0,GE-Phrase,213,32366,34665,2299,1206,1.0,919,-174
33285,34491,1206,0,NTB,me explicaram,33285,34491,1206,1206,1.0,0,0
50217,51572,1355,0,GE-Phrase,221,49804,51662,1858,1355,1.0,413,-90
50217,51572,1355,0,NTB,o trabalho dele oferece,50217,51572,1355,1355,1.0,0,0
62628,63778,1150,0,GE-Phrase,224,62322,63789,1467,1150,1.0,306,-11
62628,63778,1150,0,NTB,cê tiver alguma coisa,62628,63778,1150,1150,1.0,0,0
63778,65033,1255,0,GE-Phrase,224,62322,63789,1467,11,0.009,1456,1244
63778,65033,1255,0,GE-Phrase,225,63789,64734,945,945,0.753,-11,299
63778,65033,1255,0,GE-Phrase,226,64734,66622,1888,299,0.238,-956,-1589
63778,65033,1255,0,NTB,você vem pra cá,63778,65033,1255,1255,1.0,0,0
10765,11888,1123,0,GE-Phrase,204,10681,11709,1028,944,0.841,84,179
10765,11888,1123,0,GE-Phrase,205,11709,12745,1036,179,0.159,-944,-857
10765,11888,1123,0,NTB,isso é coisa boa,10765,11888,1123,1123,1.0,0,0
14587,15964,1377,0,GE-Phrase,206,12745,15828,3083,1241,0.901,1842,136
14587,15964,1377,0,GE-Phrase,207,15828,17061,1233,136,0.099,-1241,-1097
14587,15964,1377,0,NTB,nesse trabalho novo dela,14587,15964,1377,1377,1.0,0,0
22557,25674,3117,0,GE-Phrase,209,23133,25933,2800,2541,0.815,-576,-259
22557,25674,3117,0,NTB,já o tempo que eu tô fora de casa,22557,25674,3117,3117,1.0,0,0
26022,27563,1541,0,GE-Phrase,210,25933,27493,1560,1471,0.955,89,70
26022,27563,1541,0,GE-Phrase,211,27493,29702,2209,70,0.045,-1471,-2139
26022,27563,1541,0,NTB,também por causa disso,26022,27563,1541,1541,1.0,0,0
29529,31227,1698,0,GE-Phrase,211,27493,29702,2209,173,0.102,2036,1525
29529,31227,1698,0,NTB,a renda maior da casa,29529,31227,1698,1698,1.0,0,0
33285,34491,1206,0,GE-Phrase,213,32366,34665,2299,1206,1.0,919,-174
33285,34491,1206,0,NTB,me explicaram,33285,34491,1206,1206,1.0,0,0
50217,51572,1355,0,GE-Phrase,221,49804,51662,1858,1355,1.0,413,-90
50217,51572,1355,0,NTB,o trabalho dele oferece,50217,51572,1355,1355,1.0,0,0
62628,63778,1150,0,GE-Phrase,224,62322,63789,1467,1150,1.0,306,-11
62628,63778,1150,0,NTB,cê tiver alguma coisa,62628,63778,1150,1150,1.0,0,0
63778,65033,1255,0,GE-Phrase,224,62322,63789,1467,11,0.009,1456,1244
63778,65033,1255,0,GE-Phrase,225,63789,64734,945,945,0.753,-11,299
63778,65033,1255,0,GE-Phrase,226,64734,66622,1888,299,0.238,-956,-1589
63778,65033,1255,0,NTB,você vem pra cá,63778,65033,1255,1255,1.0,0,0
10765,11888,1123,0,GE-Phrase,204,10681,11709,1028,944,0.841,84,179
10765,11888,1123,0,GE-Phrase,205,11709,12745,1036,179,0.159,-944,-857
10765,11888,1123,0,NTB,isso é coisa boa,10765,11888,1123,1123,1.0,0,0
14587,15964,1377,0,GE-Phrase,206,12745,15828,3083,1241,0.901,1842,136
14587,15964,1377,0,GE-Phrase,207,15828,17061,1233,136,0.099,-1241,-1097
14587,15964,1377,0,NTB,nesse trabalho novo dela,14587,15964,1377,1377,1.0,0,0
22557,25674,3117,0,GE-Phrase,209,23133,25933,2800,2541,0.815,-576,-259
22557,25674,3117,0,NTB,já o tempo que eu tô fora de casa,22557,25674,3117,3117,1.0,0,0
26022,27563,1541,0,GE-Phrase,210,25933,27493,1560,1471,0.955,89,70
26022,27563,1541,0,GE-Phrase,211,27493,29702,2209,70,0.045,-1471,-2139
26022,27563,1541,0,NTB,também por causa disso,26022,27563,1541,1541,1.0,0,0
29529,31227,1698,0,GE-Phrase,211,27493,29702,2209,173,0.102,2036,1525
29529,31227,1698,0,NTB,a renda maior da casa,29529,31227,1698,1698,1.0,0,0
33285,34491,1206,0,GE-Phrase,213,32366,34665,2299,1206,1.0,919,-174
33285,34491,1206,0,NTB,me explicaram,33285,34491,1206,1206,1.0,0,0
50217,51572,1355,0,GE-Phrase,221,49804,51662,1858,1355,1.0,413,-90
50217,51572,1355,0,NTB,o trabalho dele oferece,50217,51572,1355,1355,1.0,0,0
62628,63778,1150,0,GE-Phrase,224,62322,63789,1467,1150,1.0,306,-11
62628,63778,1150,0,NTB,cê tiver alguma coisa,62628,63778,1150,1150,1.0,0,0
63778,65033,1255,0,GE-Phrase,224,62322,63789,1467,11,0.009,1456,1244
63778,65033,1255,0,GE-Phrase,225,63789,64734,945,945,0.753,-11,299
63778,65033,1255,0,GE-Phrase,226,64734,66622,1888,299,0.238,-956,-1589
63778,65033,1255,0,NTB,você vem pra cá,63778,65033,1255,1255,1.0,0,0
10765,11888,1123,0,GE-Phrase,204,10681,11709,1028,944,0.841,84,179
10765,11888,1123,0,GE-Phrase,205,11709,12745,1036,179,0.159,-944,-857
10765,11888,1123,0,NTB,isso é coisa boa,10765,11888,1123,1123,1.0,0,0
14587,15964,1377,0,GE-Phrase,206,12745,15828,3083,1241,0.901,1842,136
14587,15964,1377,0,GE-Phrase,207,15828,17061,1233,136,0.099,-1241,-1097
14587,15964,1377,0,NTB,nesse trabalho novo dela,14587,15964,1377,1377,1.0,0,0
22557,25674,3117,0,GE-Phrase,209,23133,25933,2800,2541,0.815,-576,-259
22557,25674,3117,0,NTB,já o tempo que eu tô fora de casa,22557,25674,3117,3117,1.0,0,0
26022,27563,1541,0,GE-Phrase,210,25933,27493,1560,1471,0.955,89,70
26022,27563,1541,0,GE-Phrase,211,27493,29702,2209,70,0.045,-1471,-2139
26022,27563,1541,0,NTB,também por causa disso,26022,27563,1541,1541,1.0,0,0
29529,31227,1698,0,GE-Phrase,211,27493,29702,2209,173,0.102,2036,1525
29529,31227,1698,0,NTB,a renda maior da casa,29529,31227,1698,1698,1.0,0,0
33285,34491,1206,0,GE-Phrase,213,32366,34665,2299,1206,1.0,919,-174
33285,34491,1206,0,NTB,me explicaram,33285,34491,1206,1206,1.0,0,0
50217,51572,1355,0,GE-Phrase,221,49804,51662,1858,1355,1.0,413,-90
50217,51572,1355,0,NTB,o trabalho dele oferece,50217,51572,1355,1355,1.0,0,0
62628,63778,1150,0,GE-Phrase,224,62322,63789,1467,1150,1.0,306,-11
62628,63778,1150,0,NTB,cê tiver alguma coisa,62628,63778,1150,1150,1.0,0,0
63778,65033,1255,0,GE-Phrase,224,62322,63789,1467,11,0.009,1456,1244
63778,65033,1255,0,GE-Phrase,225,63789,64734,945,945,0.753,-11,299
63778,65033,1255,0,GE-Phrase,226,64734,66622,1888,299,0.238,-956,-1589
63778,65033,1255,0,NTB,você vem pra cá,63778,65033,1255,1255,1.0,0,0
10765,11888,1123,0,GE-Phrase,204,10681,11709,1028,944,0.841,84,179
10765,11888,1123,0,GE-Phrase,205,11709,12745,1036,179,0.159,-944,-857
10765,11888,1123,0,NTB,isso é coisa boa,10765,11888,1123,1123,1.0,0,0
14587,15964,1377,0,GE-Phrase,206,12745,15828,3083,1241,0.901,1842,136
14587,15964,1377,0,GE-Phrase,207,15828,17061,1233,136,0.099,-1241,-1097
14587,15964,1377,0,NTB,nesse trabalho novo dela,14587,15964,1377,1377,1.0,0,0
22557,25674,3117,0,GE-Phrase,209,23133,25933,2800,2541,0.815,-576,-259
22557,25674,3117,0,NTB,já o tempo que eu tô fora de casa,22557,25674,3117,3117,1.0,0,0
26022,27563,1541,0,GE-Phrase,210,25933,27493,1560,1471,0.955,89,70
26022,27563,1541,0,GE-Phrase,211,27493,29702,2209,70,0.045,-1471,-2139
26022,27563,1541,0,NTB,também por causa disso,26022,27563,1541,1541,1.0,0,0
29529,31227,1698,0,GE-Phrase,211,27493,29702,2209,173,0.102,2036,1525
29529,31227,1698,0,NTB,a renda maior da casa,29529,31227,1698,1698,1.0,0,0
33285,34491,1206,0,GE-Phrase,213,32366,34665,2299,1206,1.0,919,-174
33285,34491,1206,0,NTB,me explicaram,33285,34491,1206,1206,1.0,0,0
50217,51572,1355,0,GE-Phrase,221,49804,51662,1858,1355,1.0,413,-90
50217,51572,1355,0,NTB,o trabalho dele oferece,50217,51572,1355,1355,1.0,0,0
62628,63778,1150,0,GE-Phrase,224,62322,63789,1467,1150,1.0,306,-11
62628,63778,1150,0,NTB,cê tiver alguma coisa,62628,63778,1150,1150,1.0,0,0
63778,65033,1255,0,GE-Phrase,224,62322,63789,1467,11,0.009,1456,1244
63778,65033,1255,0,GE-Phrase,225,63789,64734,945,945,0.753,-11,299
63778,65033,1255,0,GE-Phrase,226,64734,66622,1888,299,0.238,-956,-1589
63778,65033,1255,0,NTB,você vem pra cá,63778,65033,1255,1255,1.0,0,0
10765,11888,1123,0,GE-Phrase,204,10681,11709,1028,944,0.841,84,179
10765,11888,1123,0,GE-Phrase,205,11709,12745,1036,179,0.159,-944,-857
10765,11888,1123,0,NTB,isso é coisa boa,10765,11888,1123,1123,1.0,0,0
14587,15964,1377,0,GE-Phrase,206,12745,15828,3083,1241,0.901,1842,136
14587,15964,1377,0,GE-Phrase,207,15828,17061,1233,136,0.099,-1241,-1097
14587,15964,1377,0,NTB,nesse trabalho novo dela,14587,15964,1377,1377,1.0,0,0
22557,25674,3117,0,GE-Phrase,209,23133,25933,2800,2541,0.815,-576,-259
22557,25674,3117,0,NTB,já o tempo que eu tô fora de casa,22557,25674,3117,3117,1.0,0,0
26022,27563,1541,0,GE-Phrase,210,25933,27493,1560,1471,0.955,89,70
26022,27563,1541,0,GE-Phrase,211,27493,29702,2209,70,0.045,-1471,-2139
26022,27563,1541,0,NTB,também por causa disso,26022,27563,1541,1541,1.0,0,0
29529,31227,1698,0,GE-Phrase,211,27493,29702,2209,173,0.102,2036,1525
29529,31227,1698,0,NTB,a renda maior da casa,29529,31227,1698,1698,1.0,0,0
33285,34491,1206,0,GE-Phrase,213,32366,34665,2299,1206,1.0,919,-174
33285,34491,1206,0,NTB,me explicaram,33285,34491,1206,1206,1.0,0,0
50217,51572,1355,0,GE-Phrase,221,49804,51662,1858,1355,1.0,413,-90
50217,51572,1355,0,NTB,o trabalho dele oferece,50217,51572,1355,1355,1.0,0,0
62628,63778,1150,0,GE-Phrase,224,62322,63789,1467,1150,1.0,306,-11
62628,63778,1150,0,NTB,cê tiver alguma coisa,62628,63778,1150,1150,1.0,0,0
63778,65033,1255,0,GE-Phrase,224,62322,63789,1467,11,0.009,1456,1244
63778,65033,1255,0,GE-Phrase,225,63789,64734,945,945,0.753,-11,299
63778,65033,1255,0,GE-Phrase,226,64734,66622,1888,299,0.238,-956,-1589
63778,65033,1255,0,NTB,você vem pra cá,63778,65033,1255,1255,1.0,0,0
10765,11888,1123,0,GE-Phrase,204,10681,11709,1028,944,0.841,84,179
10765,11888,1123,0,GE-Phrase,205,11709,12745,1036,179,0.159,-944,-857
10765,11888,1123,0,NTB,isso é coisa boa,10765,11888,1123,1123,1.0,0,0
14587,15964,1377,0,GE-Phrase,206,12745,15828,3083,1241,0.901,1842,136
14587,15964,1377,0,GE-Phrase,207,15828,17061,1233,136,0.099,-1241,-1097
14587,15964,1377,0,NTB,nesse trabalho novo dela,14587,15964,1377,1377,1.0,0,0
22557,25674,3117,0,GE-Phrase,209,23133,25933,2800,2541,0.815,-576,-259
22557,25674,3117,0,NTB,já o tempo que eu tô fora de casa,22557,25674,3117,3117,1.0,0,0
26022,27563,1541,0,GE-Phrase,210,25933,27493,1560,1471,0.955,89,70
26022,27563,1541,0,GE-Phrase,211,27493,29702,2209,70,0.045,-1471,-2139
26022,27563,1541,0,NTB,também por causa disso,26022,27563,1541,1541,1.0,0,0
29529,31227,1698,0,GE-Phrase,211,27493,29702,2209,173,0.102,2036,1525
29529,31227,1698,0,NTB,a renda maior da casa,29529,31227,1698,1698,1.0,0,0
33285,34491,1206,0,GE-Phrase,213,32366,34665,2299,1206,1.0,919,-174
33285,34491,1206,0,NTB,me explicaram,33285,34491,1206,1206,1.0,0,0
50217,51572,1355,0,GE-Phrase,221,49804,51662,1858,1355,1.0,413,-90
50217,51572,1355,0,NTB,o trabalho dele oferece,50217,51572,1355,1355,1.0,0,0
62628,63778,1150,0,GE-Phrase,224,62322,63789,1467,1150,1.0,306,-11
62628,63778,1150,0,NTB,cê tiver alguma coisa,62628,63778,1150,1150,1.0,0,0
63778,65033,1255,0,GE-Phrase,224,62322,63789,1467,11,0.009,1456,1244
63778,65033,1255,0,GE-Phrase,225,63789,64734,945,945,0.753,-11,299
63778,65033,1255,0,GE-Phrase,226,64734,66622,1888,299,0.238,-956,-1589
63778,65033,1255,0,NTB,você vem pra cá,63778,65033,1255,1255,1.0,0,0
10765,11888,1123,0,GE-Phrase,204,10681,11709,1028,944,0.841,84,179
10765,11888,1123,0,GE-Phrase,205,11709,12745,1036,179,0.159,-944,-857
10765,11888,1123,0,NTB,isso é coisa boa,10765,11888,1123,1123,1.0,0,0
14587,15964,1377,0,GE-Phrase,206,12745,15828,3083,1241,0.901,1842,136
14587,15964,1377,0,GE-Phrase,207,15828,17061,1233,136,0.099,-1241,-1097
14587,15964,1377,0,NTB,nesse trabalho novo dela,14587,15964,1377,1377,1.0,0,0
22557,25674,3117,0,GE-Phrase,209,23133,25933,2800,2541,0.815,-576,-259
22557,25674,3117,0,NTB,já o tempo que eu tô fora de casa,22557,25674,3117,3117,1.0,0,0
26022,27563,1541,0,GE-Phrase,210,25933,27493,1560,1471,0.955,89,70
26022,27563,1541,0,GE-Phrase,211,27493,29702,2209,70,0.045,-1471,-2139
26022,27563,1541,0,NTB,também por causa disso,26022,27563,1541,1541,1.0,0,0
29529,31227,1698,0,GE-Phrase,211,27493,29702,2209,173,0.102,2036,1525
29529,31227,1698,0,NTB,a renda maior da casa,29529,31227,1698,1698,1.0,0,0
33285,34491,1206,0,GE-Phrase,213,32366,34665,2299,1206,1.0,919,-174
33285,34491,1206,0,NTB,me explicaram,33285,34491,1206,1206,1.0,0,0
50217,51572,1355,0,GE-Phrase,221,49804,51662,1858,1355,1.0,413,-90
50217,51572,1355,0,NTB,o trabalho dele oferece,50217,51572,1355,1355,1.0,0,0
62628,63778,1150,0,GE-Phrase,224,62322,63789,1467,1150,1.0,306,-11
62628,63778,1150,0,NTB,cê tiver alguma coisa,62628,63778,1150,1150,1.0,0,0
63778,65033,1255,0,GE-Phrase,224,62322,63789,1467,11,0.009,1456,1244
63778,65033,1255,0,GE-Phrase,225,63789,64734,945,945,0.753,-11,299
63778,65033,1255,0,GE-Phrase,226,64734,66622,1888,299,0.238,-956,-1589
63778,65033,1255,0,NTB,você vem pra cá,63778,65033,1255,1255,1.0,0,0
10765,11888,1123,0,GE-Phrase,204,10681,11709,1028,944,0.841,84,179
10765,11888,1123,0,GE-Phrase,205,11709,12745,1036,179,0.159,-944,-857
10765,11888,1123,0,NTB,isso é coisa boa,10765,11888,1123,1123,1.0,0,0
14587,15964,1377,0,GE-Phrase,206,12745,15828,3083,1241,0.901,1842,136
14587,15964,1377,0,GE-Phrase,207,15828,17061,1233,136,0.099,-1241,-1097
14587,15964,1377,0,NTB,nesse trabalho novo dela,14587,15964,1377,1377,1.0,0,0
22557,25674,3117,0,GE-Phrase,209,23133,25933,2800,2541,0.815,-576,-259
22557,25674,3117,0,NTB,já o tempo que eu tô fora de casa,22557,25674,3117,3117,1.0,0,0
26022,27563,1541,0,GE-Phrase,210,25933,27493,1560,1471,0.955,89,70
26022,27563,1541,0,GE-Phrase,211,27493,29702,2209,70,0.045,-1471,-2139
26022,27563,1541,0,NTB,também por causa disso,26022,27563,1541,1541,1.0,0,0
29529,31227,1698,0,GE-Phrase,211,27493,29702,2209,173,0.102,2036,1525
29529,31227,1698,0,NTB,a renda maior da casa,29529,31227,1698,1698,1.0,0,0
33285,34491,1206,0,GE-Phrase,213,32366,34665,2299,1206,1.0,919,-174
33285,34491,1206,0,NTB,me explicaram,33285,34491,1206,1206,1.0,0,0
50217,51572,1355,0,GE-Phrase,221,49804,51662,1858,1355,1.0,413,-90
50217,51572,1355,0,NTB,o trabalho dele oferece,50217,51572,1355,1355,1.0,0,0
62628,63778,1150,0,GE-Phrase,224,62322,63789,1467,1150,1.0,306,-11
62628,63778,1150,0,NTB,cê tiver alguma coisa,62628,63778,1150,1150,1.0,0,0
63778,65033,1255,0,GE-Phrase,224,62322,63789,1467,11,0.009,1456,1244
63778,65033,1255,0,GE-Phrase,225,63789,64734,945,945,0.753,-11,299
63778,65033,1255,0,GE-Phrase,226,64734,66622,1888,299,0.238,-956,-1589
63778,65033,1255,0,NTB,você vem pra cá,63778,65033,1255,1255,1.0,0,0
10765,11888,1123,0,GE-Phrase,204,10681,11709,1028,944,0.841,84,179
10765,11888,1123,0,GE-Phrase,205,11709,12745,1036,179,0.159,-944,-857
10765,11888,1123,0,NTB,isso é coisa boa,10765,11888,1123,1123,1.0,0,0
14587,15964,1377,0,GE-Phrase,206,12745,15828,3083,1241,0.901,1842,136
14587,15964,1377,0,GE-Phrase,207,15828,17061,1233,136,0.099,-1241,-1097
14587,15964,1377,0,NTB,nesse trabalho novo dela,14587,15964,1377,1377,1.0,0,0
22557,25674,3117,0,GE-Phrase,209,23133,25933,2800,2541,0.815,-576,-259
22557,25674,3117,0,NTB,já o tempo que eu tô fora de casa,22557,25674,3117,3117,1.0,0,0
26022,27563,1541,0,GE-Phrase,210,25933,27493,1560,1471,0.955,89,70
26022,27563,1541,0,GE-Phrase,211,27493,29702,2209,70,0.045,-1471,-2139
26022,27563,1541,0,NTB,também por causa disso,26022,27563,1541,1541,1.0,0,0
29529,31227,1698,0,GE-Phrase,211,27493,29702,2209,173,0.102,2036,1525
29529,31227,1698,0,NTB,a renda maior da casa,29529,31227,1698,1698,1.0,0,0
33285,34491,1206,0,GE-Phrase,213,32366,34665,2299,1206,1.0,919,-174
33285,34491,1206,0,NTB,me explicaram,33285,34491,1206,1206,1.0,0,0
50217,51572,1355,0,GE-Phrase,221,49804,51662,1858,1355,1.0,413,-90
50217,51572,1355,0,NTB,o trabalho dele oferece,50217,51572,1355,1355,1.0,0,0
62628,63778,1150,0,GE-Phrase,224,62322,63789,1467,1150,1.0,306,-11
62628,63778,1150,0,NTB,cê tiver alguma coisa,62628,63778,1150,1150,1.0,0,0
63778,65033,1255,0,GE-Phrase,224,62322,63789,1467,11,0.009,1456,1244
63778,65033,1255,0,GE-Phrase,225,63789,64734,945,945,0.753,-11,299
63778,65033,1255,0,GE-Phrase,226,64734,66622,1888,299,0.238,-956,-1589
63778,65033,1255,0,NTB,você vem pra cá,63778,65033,1255,1255,1.0,0,0
10765,11888,1123,0,GE-Phrase,204,10681,11709,1028,944,0.841,84,179
10765,11888,1123,0,GE-Phrase,205,11709,12745,1036,179,0.159,-944,-857
10765,11888,1123,0,NTB,isso é coisa boa,10765,11888,1123,1123,1.0,0,0
14587,15964,1377,0,GE-Phrase,206,12745,15828,3083,1241,0.901,1842,136
14587,15964,1377,0,GE-Phrase,207,15828,17061,1233,136,0.099,-1241,-1097
14587,15964,1377,0,NTB,nesse trabalho novo dela,14587,15964,1377,1377,1.0,0,0
22557,25674,3117,0,GE-Phrase,209,23133,25933,2800,2541,0.815,-576,-259
22557,25674,3117,0,NTB,já o tempo que eu tô fora de casa,22557,25674,3117,3117,1.0,0,0
26022,27563,1541,0,GE-Phrase,210,25933,27493,1560,1471,0.955,89,70
26022,27563,1541,0,GE-Phrase,211,27493,29702,2209,70,0.045,-1471,-2139
26022,27563,1541,0,NTB,também por causa disso,26022,27563,1541,1541,1.0,0,0
29529,31227,1698,0,GE-Phrase,211,27493,29702,2209,173,0.102,2036,1525
29529,31227,1698,0,NTB,a renda maior da casa,29529,31227,1698,1698,1.0,0,0
33285,34491,1206,0,GE-Phrase,213,32366,34665,2299,1206,1.0,919,-174
33285,34491,1206,0,NTB,me explicaram,33285,34491,1206,1206,1.0,0,0
50217,51572,1355,0,GE-Phrase,221,49804,51662,1858,1355,1.0,413,-90
50217,51572,1355,0,NTB,o trabalho dele oferece,50217,51572,1355,1355,1.0,0,0
62628,63778,1150,0,GE-Phrase,224,62322,63789,1467,1150,1.0,306,-11
62628,63778,1150,0,NTB,cê tiver alguma coisa,62628,63778,1150,1150,1.0,0,0
63778,65033,1255,0,GE-Phrase,224,62322,63789,1467,11,0.009,1456,1244
63778,65033,1255,0,GE-Phrase,225,63789,64734,945,945,0.753,-11,299
63778,65033,1255,0,GE-Phrase,226,64734,66622,1888,299,0.238,-956,-1589
63778,65033,1255,0,NTB,você vem pra cá,63778,65033,1255,1255,1.0,0,0
10765,11888,1123,0,GE-Phrase,204,10681,11709,1028,944,0.841,84,179
10765,11888,1123,0,GE-Phrase,205,11709,12745,1036,179,0.159,-944,-857
10765,11888,1123,0,NTB,isso é coisa boa,10765,11888,1123,1123,1.0,0,0
14587,15964,1377,0,GE-Phrase,206,12745,15828,3083,1241,0.901,1842,136
14587,15964,1377,0,GE-Phrase,207,15828,17061,1233,136,0.099,-1241,-1097
14587,15964,1377,0,NTB,nesse trabalho novo dela,14587,15964,1377,1377,1.0,0,0
22557,25674,3117,0,GE-Phrase,209,23133,25933,2800,2541,0.815,-576,-259
22557,25674,3117,0,NTB,já o tempo que eu tô fora de casa,22557,25674,3117,3117,1.0,0,0
26022,27563,1541,0,GE-Phrase,210,25933,27493,1560,1471,0.955,89,70
26022,27563,1541,0,GE-Phrase,211,27493,29702,2209,70,0.045,-1471,-2139
26022,27563,1541,0,NTB,também por causa disso,26022,27563,1541,1541,1.0,0,0
29529,31227,1698,0,GE-Phrase,211,27493,29702,2209,173,0.102,2036,1525
29529,31227,1698,0,NTB,a renda maior da casa,29529,31227,1698,1698,1.0,0,0
33285,34491,1206,0,GE-Phrase,213,32366,34665,2299,1206,1.0,919,-174
33285,34491,1206,0,NTB,me explicaram,33285,34491,1206,1206,1.0,0,0
50217,51572,1355,0,GE-Phrase,221,49804,51662,1858,1355,1.0,413,-90
50217,51572,1355,0,NTB,o trabalho dele oferece,50217,51572,1355,1355,1.0,0,0
62628,63778,1150,0,GE-Phrase,224,62322,63789,1467,1150,1.0,306,-11
62628,63778,1150,0,NTB,cê tiver alguma coisa,62628,63778,1150,1150,1.0,0,0
63778,65033,1255,0,GE-Phrase,224,62322,63789,1467,11,0.009,1456,1244
63778,65033,1255,0,GE-Phrase,225,63789,64734,945,945,0.753,-11,299
63778,65033,1255,0,GE-Phrase,226,64734,66622,1888,299,0.238,-956,-1589
63778,65033,1255,0,NTB,você vem pra cá,63778,65033,1255,1255,1.0,0,0
10765,11888,1123,0,GE-Phrase,204,10681,11709,1028,944,0.841,84,179
10765,11888,1123,0,GE-Phrase,205,11709,12745,1036,179,0.159,-944,-857
10765,11888,1123,0,NTB,isso é coisa boa,10765,11888,1123,1123,1.0,0,0
14587,15964,1377,0,GE-Phrase,206,12745,15828,3083,1241,0.901,1842,136
14587,15964,1377,0,GE-Phrase,207,15828,17061,1233,136,0.099,-1241,-1097
14587,15964,1377,0,NTB,nesse trabalho novo dela,14587,15964,1377,1377,1.0,0,0
22557,25674,3117,0,GE-Phrase,209,23133,25933,2800,2541,0.815,-576,-259
22557,25674,3117,0,NTB,já o tempo que eu tô fora de casa,22557,25674,3117,3117,1.0,0,0
26022,27563,1541,0,GE-Phrase,210,25933,27493,1560,1471,0.955,89,70
26022,27563,1541,0,GE-Phrase,211,27493,29702,2209,70,0.045,-1471,-2139
26022,27563,1541,0,NTB,também por causa disso,26022,27563,1541,1541,1.0,0,0
29529,31227,1698,0,GE-Phrase,211,27493,29702,2209,173,0.102,2036,1525
29529,31227,1698,0,NTB,a renda maior da casa,29529,31227,1698,1698,1.0,0,0
33285,34491,1206,0,GE-Phrase,213,32366,34665,2299,1206,1.0,919,-174
33285,34491,1206,0,NTB,me explicaram,33285,34491,1206,1206,1.0,0,0
50217,51572,1355,0,GE-Phrase,221,49804,51662,1858,1355,1.0,413,-90
50217,51572,1355,0,NTB,o trabalho dele oferece,50217,51572,1355,1355,1.0,0,0
62628,63778,1150,0,GE-Phrase,224,62322,63789,1467,1150,1.0,306,-11
62628,63778,1150,0,NTB,cê tiver alguma coisa,62628,63778,1150,1150,1.0,0,0
63778,65033,1255,0,GE-Phrase,224,62322,63789,1467,11,0.009,1456,1244
63778,65033,1255,0,GE-Phrase,225,63789,64734,945,945,0.753,-11,299
63778,65033,1255,0,GE-Phrase,226,64734,66622,1888,299,0.238,-956,-1589
63778,65033,1255,0,NTB,você vem pra cá,63778,65033,1255,1255,1.0,0,0
10765,11888,1123,0,GE-Phrase,204,10681,11709,1028,944,0.841,84,179
10765,11888,1123,0,GE-Phrase,205,11709,12745,1036,179,0.159,-944,-857
10765,11888,1123,0,NTB,isso é coisa boa,10765,11888,1123,1123,1.0,0,0
14587,15964,1377,0,GE-Phrase,206,12745,15828,3083,1241,0.901,1842,136
14587,15964,1377,0,GE-Phrase,207,15828,17061,1233,136,0.099,-1241,-1097
14587,15964,1377,0,NTB,nesse trabalho novo dela,14587,15964,1377,1377,1.0,0,0
22557,25674,3117,0,GE-Phrase,209,23133,25933,2800,2541,0.815,-576,-259
22557,25674,3117,0,NTB,já o tempo que eu tô fora de casa,22557,25674,3117,3117,1.0,0,0
26022,27563,1541,0,GE-Phrase,210,25933,27493,1560,1471,0.955,89,70
26022,27563,1541,0,GE-Phrase,211,27493,29702,2209,70,0.045,-1471,-2139
26022,27563,1541,0,NTB,também por causa disso,26022,27563,1541,1541,1.0,0,0
29529,31227,1698,0,GE-Phrase,211,27493,29702,2209,173,0.102,2036,1525
29529,31227,1698,0,NTB,a renda maior da casa,29529,31227,1698,1698,1.0,0,0
33285,34491,1206,0,GE-Phrase,213,32366,34665,2299,1206,1.0,919,-174
33285,34491,1206,0,NTB,me explicaram,33285,34491,1206,1206,1.0,0,0
50217,51572,1355,0,GE-Phrase,221,49804,51662,1858,1355,1.0,413,-90
50217,51572,1355,0,NTB,o trabalho dele oferece,50217,51572,1355,1355,1.0,0,0
62628,63778,1150,0,GE-Phrase,224,62322,63789,1467,1150,1.0,306,-11
62628,63778,1150,0,NTB,cê tiver alguma coisa,62628,63778,1150,1150,1.0,0,0
63778,65033,1255,0,GE-Phrase,224,62322,63789,1467,11,0.009,1456,1244
63778,65033,1255,0,GE-Phrase,225,63789,64734,945,945,0.753,-11,299
63778,65033,1255,0,GE-Phrase,226,64734,66622,1888,299,0.238,-956,-1589
63778,65033,1255,0,NTB,você vem pra cá,63778,65033,1255,1255,1.0,0,0
10765,11888,1123,0,GE-Phrase,204,10681,11709,1028,944,0.841,84,179
10765,11888,1123,0,GE-Phrase,205,11709,12745,1036,179,0.159,-944,-857
10765,11888,1123,0,NTB,isso é coisa boa,10765,11888,1123,1123,1.0,0,0
14587,15964,1377,0,GE-Phrase,206,12745,15828,3083,1241,0.901,1842,136
14587,15964,1377,0,GE-Phrase,207,15828,17061,1233,136,0.099,-1241,-1097
14587,15964,1377,0,NTB,nesse trabalho novo dela,14587,15964,1377,1377,1.0,0,0
22557,25674,3117,0,GE-Phrase,209,23133,25933,2800,2541,0.815,-576,-259
22557,25674,3117,0,NTB,já o tempo que eu tô fora de casa,22557,25674,3117,3117,1.0,0,0
26022,27563,1541,0,GE-Phrase,210,25933,27493,1560,1471,0.955,89,70
26022,27563,1541,0,GE-Phrase,211,27493,29702,2209,70,0.045,-1471,-2139
26022,27563,1541,0,NTB,também por causa disso,26022,27563,1541,1541,1.0,0,0
29529,31227,1698,0,GE-Phrase,211,27493,29702,2209,173,0.102,2036,1525
29529,31227,1698,0,NTB,a renda maior da casa,29529,31227,1698,1698,1.0,0,0
33285,34491,1206,0,GE-Phrase,213,32366,34665,2299,1206,1.0,919,-174
33285,34491,1206,0,NTB,me explicaram,33285,34491,1206,1206,1.0,0,0
50217,51572,1355,0,GE-Phrase,221,49804,51662,1858,1355,1.0,413,-90
50217,51572,1355,0,NTB,o trabalho dele oferece,50217,51572,1355,1355,1.0,0,0
62628,63778,1150,0,GE-Phrase,224,62322,63789,1467,1150,1.0,306,-11
62628,63778,1150,0,NTB,cê tiver alguma coisa,62628,63778,1150,1150,1.0,0,0
63778,65033,1255,0,GE-Phrase,224,62322,63789,1467,11,0.009,1456,1244
63778,65033,1255,0,GE-Phrase,225,63789,64734,945,945,0.753,-11,299
63778,65033,1255,0,GE-Phrase,226,64734,66622,1888,299,0.238,-956,-1589
63778,65033,1255,0,NTB,você vem pra cá,63778,65033,1255,1255,1.0,0,0
10765,11888,1123,0,GE-Phrase,204,10681,11709,1028,944,0.841,84,179
10765,11888,1123,0,GE-Phrase,205,11709,12745,1036,179,0.159,-944,-857
10765,11888,1123,0,NTB,isso é coisa boa,10765,11888,1123,1123,1.0,0,0
14587,15964,1377,0,GE-Phrase,206,12745,15828,3083,1241,0.901,1842,136
14587,15964,1377,0,GE-Phrase,207,15828,17061,1233,136,0.099,-1241,-1097
14587,15964,1377,0,NTB,nesse trabalho novo dela,14587,15964,1377,1377,1.0,0,0
22557,25674,3117,0,GE-Phrase,209,23133,25933,2800,2541,0.815,-576,-259
22557,25674,3117,0,NTB,já o tempo que eu tô fora de casa,22557,25674,3117,3117,1.0,0,0
26022,27563,1541,0,GE-Phrase,210,25933,27493,1560,1471,0.955,89,70
26022,27563,1541,0,GE-Phrase,211,27493,29702,2209,70,0.045,-1471,-2139
26022,27563,1541,0,NTB,também por causa disso,26022,27563,1541,1541,1.0,0,0
29529,31227,1698,0,GE-Phrase,211,27493,29702,2209,173,0.102,2036,1525
29529,31227,1698,0,NTB,a renda maior da casa,29529,31227,1698,1698,1.0,0,0
33285,34491,1206,0,GE-Phrase,213,32366,34665,2299,1206,1.0,919,-174
33285,34491,1206,0,NTB,me explicaram,33285,34491,1206,1206,1.0,0,0
50217,51572,1355,0,GE-Phrase,221,49804,51662,1858,1355,1.0,413,-90
50217,51572,1355,0,NTB,o trabalho dele oferece,50217,51572,1355,1355,1.0,0,0
62628,63778,1150,0,GE-Phrase,224,62322,63789,1467,1150,1.0,306,-11
62628,63778,1150,0,NTB,cê tiver alguma coisa,62628,63778,1150,1150,1.0,0,0
63778,65033,1255,0,GE-Phrase,224,62322,63789,1467,11,0.009,1456,1244
63778,65033,1255,0,GE-Phrase,225,63789,64734,945,945,0.753,-11,299
63778,65033,1255,0,GE-Phrase,226,64734,66622,1888,299,0.238,-956,-1589
63778,65033,1255,0,NTB,você vem pra cá,63778,65033,1255,1255,1.0,0,0
10765,11888,1123,0,GE-Phrase,204,10681,11709,1028,944,0.841,84,179
10765,11888,1123,0,GE-Phrase,205,11709,12745,1036,179,0.159,-944,-857
10765,11888,1123,0,NTB,isso é coisa boa,10765,11888,1123,1123,1.0,0,0
14587,15964,1377,0,GE-Phrase,206,12745,15828,3083,1241,0.901,1842,136
14587,15964,1377,0,GE-Phrase,207,15828,17061,1233,136,0.099,-1241,-1097
14587,15964,1377,0,NTB,nesse trabalho novo dela,14587,15964,1377,1377,1.0,0,0
22557,25674,3117,0,GE-Phrase,209,23133,25933,2800,2541,0.815,-576,-259
22557,25674,3117,0,NTB,já o tempo que eu tô fora de casa,22557,25674,3117,3117,1.0,0,0
26022,27563,1541,0,GE-Phrase,210,25933,27493,1560,1471,0.955,89,70
26022,27563,1541,0,GE-Phrase,211,27493,29702,2209,70,0.045,-1471,-2139
26022,27563,1541,0,NTB,também por causa disso,26022,27563,1541,1541,1.0,0,0
29529,31227,1698,0,GE-Phrase,211,27493,29702,2209,173,0.102,2036,1525
29529,31227,1698,0,NTB,a renda maior da casa,29529,31227,1698,1698,1.0,0,0
33285,34491,1206,0,GE-Phrase,213,32366,34665,2299,1206,1.0,919,-174
33285,34491,1206,0,NTB,me explicaram,33285,34491,1206,1206,1.0,0,0
50217,51572,1355,0,GE-Phrase,221,49804,51662,1858,1355,1.0,413,-90
50217,51572,1355,0,NTB,o trabalho dele oferece,50217,51572,1355,1355,1.0,0,0
62628,63778,1150,0,GE-Phrase,224,62322,63789,1467,1150,1.0,306,-11
62628,63778,1150,0,NTB,cê tiver alguma coisa,62628,63778,1150,1150,1.0,0,0
63778,65033,1255,0,GE-Phrase,224,62322,63789,1467,11,0.009,1456,1244
63778,65033,1255,0,GE-Phrase,225,63789,64734,945,945,0.753,-11,299
63778,65033,1255,0,GE-Phrase,226,64734,66622,1888,299,0.238,-956,-1589
63778,65033,1255,0,NTB,você vem pra cá,63778,65033,1255,1255,1.0,0,0
10765,11888,1123,0,GE-Phrase,204,10681,11709,1028,944,0.841,84,179
10765,11888,1123,0,GE-Phrase,205,11709,12745,1036,179,0.159,-944,-857
10765,11888,1123,0,NTB,isso é coisa boa,10765,11888,1123,1123,1.0,0,0
14587,15964,1377,0,GE-Phrase,206,12745,15828,3083,1241,0.901,1842,136
14587,15964,1377,0,GE-Phrase,207,15828,17061,1233,136,0.099,-1241,-1097
14587,15964,1377,0,NTB,nesse trabalho novo dela,14587,15964,1377,1377,1.0,0,0
22557,25674,3117,0,GE-Phrase,209,23133,25933,2800,2541,0.815,-576,-259
22557,25674,3117,0,NTB,já o tempo que eu tô fora de casa,22557,25674,3117,3117,1.0,0,0
26022,27563,1541,0,GE-Phrase,210,25933,27493,1560,1471,0.955,89,70
26022,27563,1541,0,GE-Phrase,211,27493,29702,2209,70,0.045,-1471,-2139
26022,27563,1541,0,NTB,também por causa disso,26022,27563,1541,1541,1.0,0,0
29529,31227,1698,0,GE-Phrase,211,27493,29702,2209,173,0.102,2036,1525
29529,31227,1698,0,NTB,a renda maior da casa,29529,31227,1698,1698,1.0,0,0
33285,34491,1206,0,GE-Phrase,213,32366,34665,2299,1206,1.0,919,-174
33285,34491,1206,0,NTB,me explicaram,33285,34491,1206,1206,1.0,0,0
50217,51572,1355,0,GE-Phrase,221,49804,51662,1858,1355,1.0,413,-90
50217,51572,1355,0,NTB,o trabalho dele oferece,50217,51572,1355,1355,1.0,0,0
62628,63778,1150,0,GE-Phrase,224,62322,63789,1467,1150,1.0,306,-11
62628,63778,1150,0,NTB,cê tiver alguma coisa,62628,63778,1150,1150,1.0,0,0
63778,65033,1255,0,GE-Phrase,224,62322,63789,1467,11,0.009,1456,1244
63778,65033,1255,0,GE-Phrase,225,63789,64734,945,945,0.753,-11,299
63778,65033,1255,0,GE-Phrase,226,64734,66622,1888,299,0.238,-956,-1589
63778,65033,1255,0,NTB,você vem pra cá,63778,65033,1255,1255,1.0,0,0
10765,11888,1123,0,GE-Phrase,204,10681,11709,1028,944,0.841,84,179
10765,11888,1123,0,GE-Phrase,205,11709,12745,1036,179,0.159,-944,-857
10765,11888,1123,0,NTB,isso é coisa boa,10765,11888,1123,1123,1.0,0,0
14587,15964,1377,0,GE-Phrase,206,12745,15828,3083,1241,0.901,1842,136
14587,15964,1377,0,GE-Phrase,207,15828,17061,1233,136,0.099,-1241,-1097
14587,15964,1377,0,NTB,nesse trabalho novo dela,14587,15964,1377,1377,1.0,0,0
22557,25674,3117,0,GE-Phrase,209,23133,25933,2800,2541,0.815,-576,-259
22557,25674,3117,0,NTB,já o tempo que eu tô fora de casa,22557,25674,3117,3117,1.0,0,0
26022,27563,1541,0,GE-Phrase,210,25933,27493,1560,1471,0.955,89,70
26022,27563,1541,0,GE-Phrase,211,27493,29702,2209,70,0.045,-1471,-2139
26022,27563,1541,0,NTB,também por causa disso,26022,27563,1541,1541,1.0,0,0
29529,31227,1698,0,GE-Phrase,211,27493,29702,2209,173,0.102,2036,1525
29529,31227,1698,0,NTB,a renda maior da casa,29529,31227,1698,1698,1.0,0,0
33285,34491,1206,0,GE-Phrase,213,32366,34665,2299,1206,1.0,919,-174
33285,34491,1206,0,NTB,me explicaram,33285,34491,1206,1206,1.0,0,0
50217,51572,1355,0,GE-Phrase,221,49804,51662,1858,1355,1.0,413,-90
50217,51572,1355,0,NTB,o trabalho dele oferece,50217,51572,1355,1355,1.0,0,0
62628,63778,1150,0,GE-Phrase,224,62322,63789,1467,1150,1.0,306,-11
62628,63778,1150,0,NTB,cê tiver alguma coisa,62628,63778,1150,1150,1.0,0,0
63778,65033,1255,0,GE-Phrase,224,62322,63789,1467,11,0.009,1456,1244
63778,65033,1255,0,GE-Phrase,225,63789,64734,945,945,0.753,-11,299
63778,65033,1255,0,GE-Phrase,226,64734,66622,1888,299,0.238,-956,-1589
63778,65033,1255,0,NTB,você vem pra cá,63778,65033,1255,1255,1.0,0,0
10765,11888,1123,0,GE-Phrase,204,10681,11709,1028,944,0.841,84,179
10765,11888,1123,0,GE-Phrase,205,11709,12745,1036,179,0.159,-944,-857
10765,11888,1123,0,NTB,isso é coisa boa,10765,11888,1123,1123,1.0,0,0
14587,15964,1377,0,GE-Phrase,206,12745,15828,3083,1241,0.901,1842,136
14587,15964,1377,0,GE-Phrase,207,15828,17061,1233,136,0.099,-1241,-1097
14587,15964,1377,0,NTB,nesse trabalho novo dela,14587,15964,1377,1377,1.0,0,0
22557,25674,3117,0,GE-Phrase,209,23133,25933,2800,2541,0.815,-576,-259
22557,25674,3117,0,NTB,já o tempo que eu tô fora de casa,22557,25674,3117,3117,1.0,0,0
26022,27563,1541,0,GE-Phrase,210,25933,27493,1560,1471,0.955,89,70
26022,27563,1541,0,GE-Phrase,211,27493,29702,2209,70,0.045,-1471,-2139
26022,27563,1541,0,NTB,também por causa disso,26022,27563,1541,1541,1.0,0,0
29529,31227,1698,0,GE-Phrase,211,27493,29702,2209,173,0.102,2036,1525
29529,31227,1698,0,NTB,a renda maior da casa,29529,31227,1698,1698,1.0,0,0
33285,34491,1206,0,GE-Phrase,213,32366,34665,2299,1206,1.0,919,-174
33285,34491,1206,0,NTB,me explicaram,33285,34491,1206,1206,1.0,0,0
50217,51572,1355,0,GE-Phrase,221,49804,51662,1858,1355,1.0,413,-90
50217,51572,1355,0,NTB,o trabalho dele oferece,50217,51572,1355,1355,1.0,0,0
62628,63778,1150,0,GE-Phrase,224,62322,63789,1467,1150,1.0,306,-11
62628,63778,1150,0,NTB,cê tiver alguma coisa,62628,63778,1150,1150,1.0,0,0
63778,65033,1255,0,GE-Phrase,224,62322,63789,1467,11,0.009,1456,1244
63778,65033,1255,0,GE-Phrase,225,63789,64734,945,945,0.753,-11,299
63778,65033,1255,0,GE-Phrase,226,64734,66622,1888,299,0.238,-956,-1589
63778,65033,1255,0,NTB,você vem pra cá,63778,65033,1255,1255,1.0,0,0
10765,11888,1123,0,GE-Phrase,204,10681,11709,1028,944,0.841,84,179
10765,11888,1123,0,GE-Phrase,205,11709,12745,1036,179,0.159,-944,-857
10765,11888,1123,0,NTB,isso é coisa boa,10765,11888,1123,1123,1.0,0,0
14587,15964,1377,0,GE-Phrase,206,12745,15828,3083,1241,0.901,1842,136
14587,15964,1377,0,GE-Phrase,207,15828,17061,1233,136,0.099,-1241,-1097
14587,15964,1377,0,NTB,nesse trabalho novo dela,14587,15964,1377,1377,1.0,0,0
22557,25674,3117,0,GE-Phrase,209,23133,25933,2800,2541,0.815,-576,-259
22557,25674,3117,0,NTB,já o tempo que eu tô fora de casa,22557,25674,3117,3117,1.0,0,0
26022,27563,1541,0,GE-Phrase,210,25933,27493,1560,1471,0.955,89,70
26022,27563,1541,0,GE-Phrase,211,27493,29702,2209,70,0.045,-1471,-2139
26022,27563,1541,0,NTB,também por causa disso,26022,27563,1541,1541,1.0,0,0
29529,31227,1698,0,GE-Phrase,211,27493,29702,2209,173,0.102,2036,1525
29529,31227,1698,0,NTB,a renda maior da casa,29529,31227,1698,1698,1.0,0,0
33285,34491,1206,0,GE-Phrase,213,32366,34665,2299,1206,1.0,919,-174
33285,34491,1206,0,NTB,me explicaram,33285,34491,1206,1206,1.0,0,0
50217,51572,1355,0,GE-Phrase,221,49804,51662,1858,1355,1.0,413,-90
50217,51572,1355,0,NTB,o trabalho dele oferece,50217,51572,1355,1355,1.0,0,0
62628,63778,1150,0,GE-Phrase,224,62322,63789,1467,1150,1.0,306,-11
62628,63778,1150,0,NTB,cê tiver alguma coisa,62628,63778,1150,1150,1.0,0,0
63778,65033,1255,0,GE-Phrase,224,62322,63789,1467,11,0.009,1456,1244
63778,65033,1255,0,GE-Phrase,225,63789,64734,945,945,0.753,-11,299
63778,65033,1255,0,GE-Phrase,226,64734,66622,1888,299,0.238,-956,-1589
63778,65033,1255,0,NTB,você vem pra cá,63778,65033,1255,1255,1.0,0,0
10765,11888,1123,0,GE-Phrase,204,10681,11709,1028,944,0.841,84,179
10765,11888,1123,0,GE-Phrase,205,11709,12745,1036,179,0.159,-944,-857
10765,11888,1123,0,NTB,isso é coisa boa,10765,11888,1123,1123,1.0,0,0
14587,15964,1377,0,GE-Phrase,206,12745,15828,3083,1241,0.901,1842,136
14587,15964,1377,0,GE-Phrase,207,15828,17061,1233,136,0.099,-1241,-1097
14587,15964,1377,0,NTB,nesse trabalho novo dela,14587,15964,1377,1377,1.0,0,0
22557,25674,3117,0,GE-Phrase,209,23133,25933,2800,2541,0.815,-576,-259
22557,25674,3117,0,NTB,já o tempo que eu tô fora de casa,22557,25674,3117,3117,1.0,0,0
26022,27563,1541,0,GE-Phrase,210,25933,27493,1560,1471,0.955,89,70
26022,27563,1541,0,GE-Phrase,211,27493,29702,2209,70,0.045,-1471,-2139
26022,27563,1541,0,NTB,também por causa disso,26022,27563,1541,1541,1.0,0,0
29529,31227,1698,0,GE-Phrase,211,27493,29702,2209,173,0.102,2036,1525
29529,31227,1698,0,NTB,a renda maior da casa,29529,31227,1698,1698,1.0,0,0
33285,34491,1206,0,GE-Phrase,213,32366,34665,2299,1206,1.0,919,-174
33285,34491,1206,0,NTB,me explicaram,33285,34491,1206,1206,1.0,0,0
50217,51572,1355,0,GE-Phrase,221,49804,51662,1858,1355,1.0,413,-90
50217,51572,1355,0,NTB,o trabalho dele oferece,50217,51572,1355,1355,1.0,0,0
62628,63778,1150,0,GE-Phrase,224,62322,63789,1467,1150,1.0,306,-11
62628,63778,1150,0,NTB,cê tiver alguma coisa,62628,63778,1150,1150,1.0,0,0
63778,65033,1255,0,GE-Phrase,224,62322,63789,1467,11,0.009,1456,1244
63778,65033,1255,0,GE-Phrase,225,63789,64734,945,945,0.753,-11,299
63778,65033,1255,0,GE-Phrase,226,64734,66622,1888,299,0.238,-956,-1589
63778,65033,1255,0,NTB,você vem pra cá,63778,65033,1255,1255,1.0,0,0
10765,11888,1123,0,GE-Phrase,204,10681,11709,1028,944,0.841,84,179
10765,11888,1123,0,GE-Phrase,205,11709,12745,1036,179,0.159,-944,-857
10765,11888,1123,0,NTB,isso é coisa boa,10765,11888,1123,1123,1.0,0,0
14587,15964,1377,0,GE-Phrase,206,12745,15828,3083,1241,0.901,1842,136
14587,15964,1377,0,GE-Phrase,207,15828,17061,1233,136,0.099,-1241,-1097
14587,15964,1377,0,NTB,nesse trabalho novo dela,14587,15964,1377,1377,1.0,0,0
22557,25674,3117,0,GE-Phrase,209,23133,25933,2800,2541,0.815,-576,-259
22557,25674,3117,0,NTB,já o tempo que eu tô fora de casa,22557,25674,3117,3117,1.0,0,0
26022,27563,1541,0,GE-Phrase,210,25933,27493,1560,1471,0.955,89,70
26022,27563,1541,0,GE-Phrase,211,27493,29702,2209,70,0.045,-1471,-2139
26022,27563,1541,0,NTB,também por causa disso,26022,27563,1541,1541,1.0,0,0
29529,31227,1698,0,GE-Phrase,211,27493,29702,2209,173,0.102,2036,1525
29529,31227,1698,0,NTB,a renda maior da casa,29529,31227,1698,1698,1.0,0,0
33285,34491,1206,0,GE-Phrase,213,32366,34665,2299,1206,1.0,919,-174
33285,34491,1206,0,NTB,me explicaram,33285,34491,1206,1206,1.0,0,0
50217,51572,1355,0,GE-Phrase,221,49804,51662,1858,1355,1.0,413,-90
50217,51572,1355,0,NTB,o trabalho dele oferece,50217,51572,1355,1355,1.0,0,0
62628,63778,1150,0,GE-Phrase,224,62322,63789,1467,1150,1.0,306,-11
62628,63778,1150,0,NTB,cê tiver alguma coisa,62628,63778,1150,1150,1.0,0,0
63778,65033,1255,0,GE-Phrase,224,62322,63789,1467,11,0.009,1456,1244
63778,65033,1255,0,GE-Phrase,225,63789,64734,945,945,0.753,-11,299
63778,65033,1255,0,GE-Phrase,226,64734,66622,1888,299,0.238,-956,-1589
63778,65033,1255,0,NTB,você vem pra cá,63778,65033,1255,1255,1.0,0,0
10765,11888,1123,0,GE-Phrase,204,10681,11709,1028,944,0.841,84,179
10765,11888,1123,0,GE-Phrase,205,11709,12745,1036,179,0.159,-944,-857
10765,11888,1123,0,NTB,isso é coisa boa,10765,11888,1123,1123,1.0,0,0
14587,15964,1377,0,GE-Phrase,206,12745,15828,3083,1241,0.901,1842,136
14587,15964,1377,0,GE-Phrase,207,15828,17061,1233,136,0.099,-1241,-1097
14587,15964,1377,0,NTB,nesse trabalho novo dela,14587,15964,1377,1377,1.0,0,0
22557,25674,3117,0,GE-Phrase,209,23133,25933,2800,2541,0.815,-576,-259
22557,25674,3117,0,NTB,já o tempo que eu tô fora de casa,22557,25674,3117,3117,1.0,0,0
26022,27563,1541,0,GE-Phrase,210,25933,27493,1560,1471,0.955,89,70
26022,27563,1541,0,GE-Phrase,211,27493,29702,2209,70,0.045,-1471,-2139
26022,27563,1541,0,NTB,também por causa disso,26022,27563,1541,1541,1.0,0,0
29529,31227,1698,0,GE-Phrase,211,27493,29702,2209,173,0.102,2036,1525
29529,31227,1698,0,NTB,a renda maior da casa,29529,31227,1698,1698,1.0,0,0
33285,34491,1206,0,GE-Phrase,213,32366,34665,2299,1206,1.0,919,-174
33285,34491,1206,0,NTB,me explicaram,33285,34491,1206,1206,1.0,0,0
50217,51572,1355,0,GE-Phrase,221,49804,51662,1858,1355,1.0,413,-90
50217,51572,1355,0,NTB,o trabalho dele oferece,50217,51572,1355,1355,1.0,0,0
62628,63778,1150,0,GE-Phrase,224,62322,63789,1467,1150,1.0,306,-11
62628,63778,1150,0,NTB,cê tiver alguma coisa,62628,63778,1150,1150,1.0,0,0
63778,65033,1255,0,GE-Phrase,224,62322,63789,1467,11,0.009,1456,1244
63778,65033,1255,0,GE-Phrase,225,63789,64734,945,945,0.753,-11,299
63778,65033,1255,0,GE-Phrase,226,64734,66622,1888,299,0.238,-956,-1589
63778,65033,1255,0,NTB,você vem pra cá,63778,65033,1255,1255,1.0,0,0
10765,11888,1123,0,GE-Phrase,204,10681,11709,1028,944,0.841,84,179
10765,11888,1123,0,GE-Phrase,205,11709,12745,1036,179,0.159,-944,-857
10765,11888,1123,0,NTB,isso é coisa boa,10765,11888,1123,1123,1.0,0,0
14587,15964,1377,0,GE-Phrase,206,12745,15828,3083,1241,0.901,1842,136
14587,15964,1377,0,GE-Phrase,207,15828,17061,1233,136,0.099,-1241,-1097
14587,15964,1377,0,NTB,nesse trabalho novo dela,14587,15964,1377,1377,1.0,0,0
22557,25674,3117,0,GE-Phrase,209,23133,25933,2800,2541,0.815,-576,-259
22557,25674,3117,0,NTB,já o tempo que eu tô fora de casa,22557,25674,3117,3117,1.0,0,0
26022,27563,1541,0,GE-Phrase,210,25933,27493,1560,1471,0.955,89,70
26022,27563,1541,0,GE-Phrase,211,27493,29702,2209,70,0.045,-1471,-2139
26022,27563,1541,0,NTB,também por causa disso,26022,27563,1541,1541,1.0,0,0
29529,31227,1698,0,GE-Phrase,211,27493,29702,2209,173,0.102,2036,1525
29529,31227,1698,0,NTB,a renda maior da casa,29529,31227,1698,1698,1.0,0,0
33285,34491,1206,0,GE-Phrase,213,32366,34665,2299,1206,1.0,919,-174
33285,34491,1206,0,NTB,me explicaram,33285,34491,1206,1206,1.0,0,0
50217,51572,1355,0,GE-Phrase,221,49804,51662,1858,1355,1.0,413,-90
50217,51572,1355,0,NTB,o trabalho dele oferece,50217,51572,1355,1355,1.0,0,0
62628,63778,1150,0,GE-Phrase,224,62322,63789,1467,1150,1.0,306,-11
62628,63778,1150,0,NTB,cê tiver alguma coisa,62628,63778,1150,1150,1.0,0,0
63778,65033,1255,0,GE-Phrase,224,62322,63789,1467,11,0.009,1456,1244
63778,65033,1255,0,GE-Phrase,225,63789,64734,945,945,0.753,-11,299
63778,65033,1255,0,GE-Phrase,226,64734,66622,1888,299,0.238,-956,-1589
63778,65033,1255,0,NTB,você vem pra cá,63778,65033,1255,1255,1.0,0,0
10765,11888,1123,0,GE-Phrase,204,10681,11709,1028,944,0.841,84,179
10765,11888,1123,0,GE-Phrase,205,11709,12745,1036,179,0.159,-944,-857
10765,11888,1123,0,NTB,isso é coisa boa,10765,11888,1123,1123,1.0,0,0
14587,15964,1377,0,GE-Phrase,206,12745,15828,3083,1241,0.901,1842,136
14587,15964,1377,0,GE-Phrase,207,15828,17061,1233,136,0.099,-1241,-1097
14587,15964,1377,0,NTB,nesse trabalho novo dela,14587,15964,1377,1377,1.0,0,0
22557,25674,3117,0,GE-Phrase,209,23133,25933,2800,2541,0.815,-576,-259
22557,25674,3117,0,NTB,já o tempo que eu tô fora de casa,22557,25674,3117,3117,1.0,0,0
26022,27563,1541,0,GE-Phrase,210,25933,27493,1560,1471,0.955,89,70
26022,27563,1541,0,GE-Phrase,211,27493,29702,2209,70,0.045,-1471,-2139
26022,27563,1541,0,NTB,também por causa disso,26022,27563,1541,1541,1.0,0,0
29529,31227,1698,0,GE-Phrase,211,27493,29702,2209,173,0.102,2036,1525
29529,31227,1698,0,NTB,a renda maior da casa,29529,31227,1698,1698,1.0,0,0
33285,34491,1206,0,GE-Phrase,213,32366,34665,2299,1206,1.0,919,-174
33285,34491,1206,0,NTB,me explicaram,33285,34491,1206,1206,1.0,0,0
50217,51572,1355,0,GE-Phrase,221,49804,51662,1858,1355,1.0,413,-90
50217,51572,1355,0,NTB,o trabalho dele oferece,50217,51572,1355,1355,1.0,0,0
62628,63778,1150,0,GE-Phrase,224,62322,63789,1467,1150,1.0,306,-11
62628,63778,1150,0,NTB,cê tiver alguma coisa,62628,63778,1150,1150,1.0,0,0
63778,65033,1255,0,GE-Phrase,224,62322,63789,1467,11,0.009,1456,1244
63778,65033,1255,0,GE-Phrase,225,63789,64734,945,945,0.753,-11,299
63778,65033,1255,0,GE-Phrase,226,64734,66622,1888,299,0.238,-956,-1589
63778,65033,1255,0,NTB,você vem pra cá,63778,65033,1255,1255,1.0,0,0
10765,11888,1123,0,GE-Phrase,204,10681,11709,1028,944,0.841,84,179
10765,11888,1123,0,GE-Phrase,205,11709,12745,1036,179,0.159,-944,-857
10765,11888,1123,0,NTB,isso é coisa boa,10765,11888,1123,1123,1.0,0,0
14587,15964,1377,0,GE-Phrase,206,12745,15828,3083,1241,0.901,1842,136
14587,15964,1377,0,GE-Phrase,207,15828,17061,1233,136,0.099,-1241,-1097
14587,15964,1377,0,NTB,nesse trabalho novo dela,14587,15964,1377,1377,1.0,0,0
22557,25674,3117,0,GE-Phrase,209,23133,25933,2800,2541,0.815,-576,-259
22557,25674,3117,0,NTB,já o tempo que eu tô fora de casa,22557,25674,3117,3117,1.0,0,0
26022,27563,1541,0,GE-Phrase,210,25933,27493,1560,1471,0.955,89,70
26022,27563,1541,0,GE-Phrase,211,27493,29702,2209,70,0.045,-1471,-2139
26022,27563,1541,0,NTB,também por causa disso,26022,27563,1541,1541,1.0,0,0
29529,31227,1698,0,GE-Phrase,211,27493,29702,2209,173,0.102,2036,1525
29529,31227,1698,0,NTB,a renda maior da casa,29529,31227,1698,1698,1.0,0,0
33285,34491,1206,0,GE-Phrase,213,32366,34665,2299,1206,1.0,919,-174
33285,34491,1206,0,NTB,me explicaram,33285,34491,1206,1206,1.0,0,0
50217,51572,1355,0,GE-Phrase,221,49804,51662,1858,1355,1.0,413,-90
50217,51572,1355,0,NTB,o trabalho dele oferece,50217,51572,1355,1355,1.0,0,0
62628,63778,1150,0,GE-Phrase,224,62322,63789,1467,1150,1.0,306,-11
62628,63778,1150,0,NTB,cê tiver alguma coisa,62628,63778,1150,1150,1.0,0,0
63778,65033,1255,0,GE-Phrase,224,62322,63789,1467,11,0.009,1456,1244
63778,65033,1255,0,GE-Phrase,225,63789,64734,945,945,0.753,-11,299
63778,65033,1255,0,GE-Phrase,226,64734,66622,1888,299,0.238,-956,-1589
63778,65033,1255,0,NTB,você vem pra cá,63778,65033,1255,1255,1.0,0,0
10765,11888,1123,0,GE-Phrase,204,10681,11709,1028,944,0.841,84,179
10765,11888,1123,0,GE-Phrase,205,11709,12745,1036,179,0.159,-944,-857
10765,11888,1123,0,NTB,isso é coisa boa,10765,11888,1123,1123,1.0,0,0
14587,15964,1377,0,GE-Phrase,206,12745,15828,3083,1241,0.901,1842,136
14587,15964,1377,0,GE-Phrase,207,15828,17061,1233,136,0.099,-1241,-1097
14587,15964,1377,0,NTB,nesse trabalho novo dela,14587,15964,1377,1377,1.0,0,0
22557,25674,3117,0,GE-Phrase,209,23133,25933,2800,2541,0.815,-576,-259
22557,25674,3117,0,NTB,já o tempo que eu tô fora de casa,22557,25674,3117,3117,1.0,0,0
26022,27563,1541,0,GE-Phrase,210,25933,27493,1560,1471,0.955,89,70
26022,27563,1541,0,GE-Phrase,211,27493,29702,2209,70,0.045,-1471,-2139
26022,27563,1541,0,NTB,também por causa disso,26022,27563,1541,1541,1.0,0,0
29529,31227,1698,0,GE-Phrase,211,27493,29702,2209,173,0.102,2036,1525
29529,31227,1698,0,NTB,a renda maior da casa,29529,31227,1698,1698,1.0,0,0
33285,34491,1206,0,GE-Phrase,213,32366,34665,2299,1206,1.0,919,-174
33285,34491,1206,0,NTB,me explicaram,33285,34491,1206,1206,1.0,0,0
50217,51572,1355,0,GE-Phrase,221,49804,51662,1858,1355,1.0,413,-90
50217,51572,1355,0,NTB,o trabalho dele oferece,50217,51572,1355,1355,1.0,0,0
62628,63778,1150,0,GE-Phrase,224,62322,63789,1467,1150,1.0,306,-11
62628,63778,1150,0,NTB,cê tiver alguma coisa,62628,63778,1150,1150,1.0,0,0
63778,65033,1255,0,GE-Phrase,224,62322,63789,1467,11,0.009,1456,1244
63778,65033,1255,0,GE-Phrase,225,63789,64734,945,945,0.753,-11,299
63778,65033,1255,0,GE-Phrase,226,64734,66622,1888,299,0.238,-956,-1589
63778,65033,1255,0,NTB,você vem pra cá,63778,65033,1255,1255,1.0,0,0
10765,11888,1123,0,GE-Phrase,204,10681,11709,1028,944,0.841,84,179
10765,11888,1123,0,GE-Phrase,205,11709,12745,1036,179,0.159,-944,-857
10765,11888,1123,0,NTB,isso é coisa boa,10765,11888,1123,1123,1.0,0,0
14587,15964,1377,0,GE-Phrase,206,12745,15828,3083,1241,0.901,1842,136
14587,15964,1377,0,GE-Phrase,207,15828,17061,1233,136,0.099,-1241,-1097
14587,15964,1377,0,NTB,nesse trabalho novo dela,14587,15964,1377,1377,1.0,0,0
22557,25674,3117,0,GE-Phrase,209,23133,25933,2800,2541,0.815,-576,-259
22557,25674,3117,0,NTB,já o tempo que eu tô fora de casa,22557,25674,3117,3117,1.0,0,0
26022,27563,1541,0,GE-Phrase,210,25933,27493,1560,1471,0.955,89,70
26022,27563,1541,0,GE-Phrase,211,27493,29702,2209,70,0.045,-1471,-2139
26022,27563,1541,0,NTB,também por causa disso,26022,27563,1541,1541,1.0,0,0
29529,31227,1698,0,GE-Phrase,211,27493,29702,2209,173,0.102,2036,1525
29529,31227,1698,0,NTB,a renda maior da casa,29529,31227,1698,1698,1.0,0,0
33285,34491,1206,0,GE-Phrase,213,32366,34665,2299,1206,1.0,919,-174
33285,34491,1206,0,NTB,me explicaram,33285,34491,1206,1206,1.0,0,0
50217,51572,1355,0,GE-Phrase,221,49804,51662,1858,1355,1.0,413,-90
50217,51572,1355,0,NTB,o trabalho dele oferece,50217,51572,1355,1355,1.0,0,0
62628,63778,1150,0,GE-Phrase,224,62322,63789,1467,1150,1.0,306,-11
62628,63778,1150,0,NTB,cê tiver alguma coisa,62628,63778,1150,1150,1.0,0,0
63778,65033,1255,0,GE-Phrase,224,62322,63789,1467,11,0.009,1456,1244
63778,65033,1255,0,GE-Phrase,225,63789,64734,945,945,0.753,-11,299
63778,65033,1255,0,GE-Phrase,226,64734,66622,1888,299,0.238,-956,-1589
63778,65033,1255,0,NTB,você vem pra cá,63778,65033,1255,1255,1.0,0,0
10765,11888,1123,0,GE-Phrase,204,10681,11709,1028,944,0.841,84,179
10765,11888,1123,0,GE-Phrase,205,11709,12745,1036,179,0.159,-944,-857
10765,11888,1123,0,NTB,isso é coisa boa,10765,11888,1123,1123,1.0,0,0
14587,15964,1377,0,GE-Phrase,206,12745,15828,3083,1241,0.901,1842,136
14587,15964,1377,0,GE-Phrase,207,15828,17061,1233,136,0.099,-1241,-1097
14587,15964,1377,0,NTB,nesse trabalho novo dela,14587,15964,1377,1377,1.0,0,0
22557,25674,3117,0,GE-Phrase,209,23133,25933,2800,2541,0.815,-576,-259
22557,25674,3117,0,NTB,já o tempo que eu tô fora de casa,22557,25674,3117,3117,1.0,0,0
26022,27563,1541,0,GE-Phrase,210,25933,27493,1560,1471,0.955,89,70
26022,27563,1541,0,GE-Phrase,211,27493,29702,2209,70,0.045,-1471,-2139
26022,27563,1541,0,NTB,também por causa disso,26022,27563,1541,1541,1.0,0,0
29529,31227,1698,0,GE-Phrase,211,27493,29702,2209,173,0.102,2036,1525
29529,31227,1698,0,NTB,a renda maior da casa,29529,31227,1698,1698,1.0,0,0
33285,34491,1206,0,GE-Phrase,213,32366,34665,2299,1206,1.0,919,-174
33285,34491,1206,0,NTB,me explicaram,33285,34491,1206,1206,1.0,0,0
50217,51572,1355,0,GE-Phrase,221,49804,51662,1858,1355,1.0,413,-90
50217,51572,1355,0,NTB,o trabalho dele oferece,50217,51572,1355,1355,1.0,0,0
62628,63778,1150,0,GE-Phrase,224,62322,63789,1467,1150,1.0,306,-11
62628,63778,1150,0,NTB,cê tiver alguma coisa,62628,63778,1150,1150,1.0,0,0
63778,65033,1255,0,GE-Phrase,224,62322,63789,1467,11,0.009,1456,1244
63778,65033,1255,0,GE-Phrase,225,63789,64734,945,945,0.753,-11,299
63778,65033,1255,0,GE-Phrase,226,64734,66622,1888,299,0.238,-956,-1589
63778,65033,1255,0,NTB,você vem pra cá,63778,65033,1255,1255,1.0,0,0
10765,11888,1123,0,GE-Phrase,204,10681,11709,1028,944,0.841,84,179
10765,11888,1123,0,GE-Phrase,205,11709,12745,1036,179,0.159,-944,-857
10765,11888,1123,0,NTB,isso é coisa boa,10765,11888,1123,1123,1.0,0,0
14587,15964,1377,0,GE-Phrase,206,12745,15828,3083,1241,0.901,1842,136
14587,15964,1377,0,GE-Phrase,207,15828,17061,1233,136,0.099,-1241,-1097
14587,15964,1377,0,NTB,nesse trabalho novo dela,14587,15964,1377,1377,1.0,0,0
22557,25674,3117,0,GE-Phrase,209,23133,25933,2800,2541,0.815,-576,-259
22557,25674,3117,0,NTB,já o tempo que eu tô fora de casa,22557,25674,3117,3117,1.0,0,0
26022,27563,1541,0,GE-Phrase,210,25933,27493,1560,1471,0.955,89,70
26022,27563,1541,0,GE-Phrase,211,27493,29702,2209,70,0.045,-1471,-2139
26022,27563,1541,0,NTB,também por causa disso,26022,27563,1541,1541,1.0,0,0
29529,31227,1698,0,GE-Phrase,211,27493,29702,2209,173,0.102,2036,1525
29529,31227,1698,0,NTB,a renda maior da casa,29529,31227,1698,1698,1.0,0,0
33285,34491,1206,0,GE-Phrase,213,32366,34665,2299,1206,1.0,919,-174
33285,34491,1206,0,NTB,me explicaram,33285,34491,1206,1206,1.0,0,0
50217,51572,1355,0,GE-Phrase,221,49804,51662,1858,1355,1.0,413,-90
50217,51572,1355,0,NTB,o trabalho dele oferece,50217,51572,1355,1355,1.0,0,0
62628,63778,1150,0,GE-Phrase,224,62322,63789,1467,1150,1.0,306,-11
62628,63778,1150,0,NTB,cê tiver alguma coisa,62628,63778,1150,1150,1.0,0,0
63778,65033,1255,0,GE-Phrase,224,62322,63789,1467,11,0.009,1456,1244
63778,65033,1255,0,GE-Phrase,225,63789,64734,945,945,0.753,-11,299
63778,65033,1255,0,GE-Phrase,226,64734,66622,1888,299,0.238,-956,-1589
63778,65033,1255,0,NTB,você vem pra cá,63778,65033,1255,1255,1.0,0,0
10765,11888,1123,0,GE-Phrase,204,10681,11709,1028,944,0.841,84,179
10765,11888,1123,0,GE-Phrase,205,11709,12745,1036,179,0.159,-944,-857
10765,11888,1123,0,NTB,isso é coisa boa,10765,11888,1123,1123,1.0,0,0
14587,15964,1377,0,GE-Phrase,206,12745,15828,3083,1241,0.901,1842,136
14587,15964,1377,0,GE-Phrase,207,15828,17061,1233,136,0.099,-1241,-1097
14587,15964,1377,0,NTB,nesse trabalho novo dela,14587,15964,1377,1377,1.0,0,0
22557,25674,3117,0,GE-Phrase,209,23133,25933,2800,2541,0.815,-576,-259
22557,25674,3117,0,NTB,já o tempo que eu tô fora de casa,22557,25674,3117,3117,1.0,0,0
26022,27563,1541,0,GE-Phrase,210,25933,27493,1560,1471,0.955,89,70
26022,27563,1541,0,GE-Phrase,211,27493,29702,2209,70,0.045,-1471,-2139
26022,27563,1541,0,NTB,também por causa disso,26022,27563,1541,1541,1.0,0,0
29529,31227,1698,0,GE-Phrase,211,27493,29702,2209,173,0.102,2036,1525
29529,31227,1698,0,NTB,a renda maior da casa,29529,31227,1698,1698,1.0,0,0
33285,34491,1206,0,GE-Phrase,213,32366,34665,2299,1206,1.0,919,-174
33285,34491,1206,0,NTB,me explicaram,33285,34491,1206,1206,1.0,0,0
50217,51572,1355,0,GE-Phrase,221,49804,51662,1858,1355,1.0,413,-90
50217,51572,1355,0,NTB,o trabalho dele oferece,50217,51572,1355,1355,1.0,0,0
62628,63778,1150,0,GE-Phrase,224,62322,63789,1467,1150,1.0,306,-11
62628,63778,1150,0,NTB,cê tiver alguma coisa,62628,63778,1150,1150,1.0,0,0
63778,65033,1255,0,GE-Phrase,224,62322,63789,1467,11,0.009,1456,1244
63778,65033,1255,0,GE-Phrase,225,63789,64734,945,945,0.753,-11,299
63778,65033,1255,0,GE-Phrase,226,64734,66622,1888,299,0.238,-956,-1589
63778,65033,1255,0,NTB,você vem pra cá,63778,65033,1255,1255,1.0,0,0
10765,11888,1123,0,GE-Phrase,204,10681,11709,1028,944,0.841,84,179
10765,11888,1123,0,GE-Phrase,205,11709,12745,1036,179,0.159,-944,-857
10765,11888,1123,0,NTB,isso é coisa boa,10765,11888,1123,1123,1.0,0,0
14587,15964,1377,0,GE-Phrase,206,12745,15828,3083,1241,0.901,1842,136
14587,15964,1377,0,GE-Phrase,207,15828,17061,1233,136,0.099,-1241,-1097
14587,15964,1377,0,NTB,nesse trabalho novo dela,14587,15964,1377,1377,1.0,0,0
22557,25674,3117,0,GE-Phrase,209,23133,25933,2800,2541,0.815,-576,-259
22557,25674,3117,0,NTB,já o tempo que eu tô fora de casa,22557,25674,3117,3117,1.0,0,0
26022,27563,1541,0,GE-Phrase,210,25933,27493,1560,1471,0.955,89,70
26022,27563,1541,0,GE-Phrase,211,27493,29702,2209,70,0.045,-1471,-2139
26022,27563,1541,0,NTB,também por causa disso,26022,27563,1541,1541,1.0,0,0
29529,31227,1698,0,GE-Phrase,211,27493,29702,2209,173,0.102,2036,1525
29529,31227,1698,0,NTB,a renda maior da casa,29529,31227,1698,1698,1.0,0,0
33285,34491,1206,0,GE-Phrase,213,32366,34665,2299,1206,1.0,919,-174
33285,34491,1206,0,NTB,me explicaram,33285,34491,1206,1206,1.0,0,0
50217,51572,1355,0,GE-Phrase,221,49804,51662,1858,1355,1.0,413,-90
50217,51572,1355,0,NTB,o trabalho dele oferece,50217,51572,1355,1355,1.0,0,0
62628,63778,1150,0,GE-Phrase,224,62322,63789,1467,1150,1.0,306,-11
62628,63778,1150,0,NTB,cê tiver alguma coisa,62628,63778,1150,1150,1.0,0,0
63778,65033,1255,0,GE-Phrase,224,62322,63789,1467,11,0.009,1456,1244
63778,65033,1255,0,GE-Phrase,225,63789,64734,945,945,0.753,-11,299
63778,65033,1255,0,GE-Phrase,226,64734,66622,1888,299,0.238,-956,-1589
63778,65033,1255,0,NTB,você vem pra cá,63778,65033,1255,1255,1.0,0,0
10765,11888,1123,0,GE-Phrase,204,10681,11709,1028,944,0.841,84,179
10765,11888,1123,0,GE-Phrase,205,11709,12745,1036,179,0.159,-944,-857
10765,11888,1123,0,NTB,isso é coisa boa,10765,11888,1123,1123,1.0,0,0
14587,15964,1377,0,GE-Phrase,206,12745,15828,3083,1241,0.901,1842,136
14587,15964,1377,0,GE-Phrase,207,15828,17061,1233,136,0.099,-1241,-1097
14587,15964,1377,0,NTB,nesse trabalho novo dela,14587,15964,1377,1377,1.0,0,0
22557,25674,3117,0,GE-Phrase,209,23133,25933,2800,2541,0.815,-576,-259
22557,25674,3117,0,NTB,já o tempo que eu tô fora de casa,22557,25674,3117,3117,1.0,0,0
26022,27563,1541,0,GE-Phrase,210,25933,27493,1560,1471,0.955,89,70
26022,27563,1541,0,GE-Phrase,211,27493,29702,2209,70,0.045,-1471,-2139
26022,27563,1541,0,NTB,também por causa disso,26022,27563,1541,1541,1.0,0,0
29529,31227,1698,0,GE-Phrase,211,27493,29702,2209,173,0.102,2036,1525
29529,31227,1698,0,NTB,a renda maior da casa,29529,31227,1698,1698,1.0,0,0
33285,34491,1206,0,GE-Phrase,213,32366,34665,2299,1206,1.0,919,-174
33285,34491,1206,0,NTB,me explicaram,33285,34491,1206,1206,1.0,0,0
50217,51572,1355,0,GE-Phrase,221,49804,51662,1858,1355,1.0,413,-90
50217,51572,1355,0,NTB,o trabalho dele oferece,50217,51572,1355,1355,1.0,0,0
62628,63778,1150,0,GE-Phrase,224,62322,63789,1467,1150,1.0,306,-11
62628,63778,1150,0,NTB,cê tiver alguma coisa,62628,63778,1150,1150,1.0,0,0
63778,65033,1255,0,GE-Phrase,224,62322,63789,1467,11,0.009,1456,1244
63778,65033,1255,0,GE-Phrase,225,63789,64734,945,945,0.753,-11,299
63778,65033,1255,0,GE-Phrase,226,64734,66622,1888,299,0.238,-956,-1589
63778,65033,1255,0,NTB,você vem pra cá,63778,65033,1255,1255,1.0,0,0
10765,11888,1123,0,GE-Phrase,204,10681,11709,1028,944,0.841,84,179
10765,11888,1123,0,GE-Phrase,205,11709,12745,1036,179,0.159,-944,-857
10765,11888,1123,0,NTB,isso é coisa boa,10765,11888,1123,1123,1.0,0,0
14587,15964,1377,0,GE-Phrase,206,12745,15828,3083,1241,0.901,1842,136
14587,15964,1377,0,GE-Phrase,207,15828,17061,1233,136,0.099,-1241,-1097
14587,15964,1377,0,NTB,nesse trabalho novo dela,14587,15964,1377,1377,1.0,0,0
22557,25674,3117,0,GE-Phrase,209,23133,25933,2800,2541,0.815,-576,-259
22557,25674,3117,0,NTB,já o tempo que eu tô fora de casa,22557,25674,3117,3117,1.0,0,0
26022,27563,1541,0,GE-Phrase,210,25933,27493,1560,1471,0.955,89,70
26022,27563,1541,0,GE-Phrase,211,27493,29702,2209,70,0.045,-1471,-2139
26022,27563,1541,0,NTB,também por causa disso,26022,27563,1541,1541,1.0,0,0
29529,31227,1698,0,GE-Phrase,211,27493,29702,2209,173,0.102,2036,1525
29529,31227,1698,0,NTB,a renda maior da casa,29529,31227,1698,1698,1.0,0,0
33285,34491,1206,0,GE-Phrase,213,32366,34665,2299,1206,1.0,919,-174
33285,34491,1206,0,NTB,me explicaram,33285,34491,1206,1206,1.0,0,0
50217,51572,1355,0,GE-Phrase,221,49804,51662,1858,1355,1.0,413,-90
50217,51572,1355,0,NTB,o trabalho dele oferece,50217,51572,1355,1355,1.0,0,0
62628,63778,1150,0,GE-Phrase,224,62322,63789,1467,1150,1.0,306,-11
62628,63778,1150,0,NTB,cê tiver alguma coisa,62628,63778,1150,1150,1.0,0,0
63778,65033,1255,0,GE-Phrase,224,62322,63789,1467,11,0.009,1456,1244
63778,65033,1255,0,GE-Phrase,225,63789,64734,945,945,0.753,-11,299
63778,65033,1255,0,GE-Phrase,226,64734,66622,1888,299,0.238,-956,-1589
63778,65033,1255,0,NTB,você vem pra cá,63778,65033,1255,1255,1.0,0,0
10765,11888,1123,0,GE-Phrase,204,10681,11709,1028,944,0.841,84,179
10765,11888,1123,0,GE-Phrase,205,11709,12745,1036,179,0.159,-944,-857
10765,11888,1123,0,NTB,isso é coisa boa,10765,11888,1123,1123,1.0,0,0
14587,15964,1377,0,GE-Phrase,206,12745,15828,3083,1241,0.901,1842,136
14587,15964,1377,0,GE-Phrase,207,15828,17061,1233,136,0.099,-1241,-1097
14587,15964,1377,0,NTB,nesse trabalho novo dela,14587,15964,1377,1377,1.0,0,0
22557,25674,3117,0,GE-Phrase,209,23133,25933,2800,2541,0.815,-576,-259
22557,25674,3117,0,NTB,já o tempo que eu tô fora de casa,22557,25674,3117,3117,1.0,0,0
26022,27563,1541,0,GE-Phrase,210,25933,27493,1560,1471,0.955,89,70
26022,27563,1541,0,GE-Phrase,211,27493,29702,2209,70,0.045,-1471,-2139
26022,27563,1541,0,NTB,também por causa disso,26022,27563,1541,1541,1.0,0,0
29529,31227,1698,0,GE-Phrase,211,27493,29702,2209,173,0.102,2036,1525
29529,31227,1698,0,NTB,a renda maior da casa,29529,31227,1698,1698,1.0,0,0
33285,34491,1206,0,GE-Phrase,213,32366,34665,2299,1206,1.0,919,-174
33285,34491,1206,0,NTB,me explicaram,33285,34491,1206,1206,1.0,0,0
50217,51572,1355,0,GE-Phrase,221,49804,51662,1858,1355,1.0,413,-90
50217,51572,1355,0,NTB,o trabalho dele oferece,50217,51572,1355,1355,1.0,0,0
62628,63778,1150,0,GE-Phrase,224,62322,63789,1467,1150,1.0,306,-11
62628,63778,1150,0,NTB,cê tiver alguma coisa,62628,63778,1150,1150,1.0,0,0
63778,65033,1255,0,GE-Phrase,224,62322,63789,1467,11,0.009,1456,1244
63778,65033,1255,0,GE-Phrase,225,63789,64734,945,945,0.753,-11,299
63778,65033,1255,0,GE-Phrase,226,64734,66622,1888,299,0.238,-956,-1589
63778,65033,1255,0,NTB,você vem pra cá,63778,65033,1255,1255,1.0,0,0
10765,11888,1123,0,GE-Phrase,204,10681,11709,1028,944,0.841,84,179
10765,11888,1123,0,GE-Phrase,205,11709,12745,1036,179,0.159,-944,-857
10765,11888,1123,0,NTB,isso é coisa boa,10765,11888,1123,1123,1.0,0,0
14587,15964,1377,0,GE-Phrase,206,12745,15828,3083,1241,0.901,1842,136
14587,15964,1377,0,GE-Phrase,207,15828,17061,1233,136,0.099,-1241,-1097
14587,15964,1377,0,NTB,nesse trabalho novo dela,14587,15964,1377,1377,1.0,0,0
22557,25674,3117,0,GE-Phrase,209,23133,25933,2800,2541,0.815,-576,-259
22557,25674,3117,0,NTB,já o tempo que eu tô fora de casa,22557,25674,3117,3117,1.0,0,0
26022,27563,1541,0,GE-Phrase,210,25933,27493,1560,1471,0.955,89,70
26022,27563,1541,0,GE-Phrase,211,27493,29702,2209,70,0.045,-1471,-2139
26022,27563,1541,0,NTB,também por causa disso,26022,27563,1541,1541,1.0,0,0
29529,31227,1698,0,GE-Phrase,211,27493,29702,2209,173,0.102,2036,1525
29529,31227,1698,0,NTB,a renda maior da casa,29529,31227,1698,1698,1.0,0,0
33285,34491,1206,0,GE-Phrase,213,32366,34665,2299,1206,1.0,919,-174
33285,34491,1206,0,NTB,me explicaram,33285,34491,1206,1206,1.0,0,0
50217,51572,1355,0,GE-Phrase,221,49804,51662,1858,1355,1.0,413,-90
50217,51572,1355,0,NTB,o trabalho dele oferece,50217,51572,1355,1355,1.0,0,0
62628,63778,1150,0,GE-Phrase,224,62322,63789,1467,1150,1.0,306,-11
62628,63778,1150,0,NTB,cê tiver alguma coisa,62628,63778,1150,1150,1.0,0,0
63778,65033,1255,0,GE-Phrase,224,62322,63789,1467,11,0.009,1456,1244
63778,65033,1255,0,GE-Phrase,225,63789,64734,945,945,0.753,-11,299
63778,65033,1255,0,GE-Phrase,226,64734,66622,1888,299,0.238,-956,-1589
63778,65033,1255,0,NTB,você vem pra cá,63778,65033,1255,1255,1.0,0,0
10765,11888,1123,0,GE-Phrase,204,10681,11709,1028,944,0.841,84,179
10765,11888,1123,0,GE-Phrase,205,11709,12745,1036,179,0.159,-944,-857
10765,11888,1123,0,NTB,isso é coisa boa,10765,11888,1123,1123,1.0,0,0
14587,15964,1377,0,GE-Phrase,206,12745,15828,3083,1241,0.901,1842,136
14587,15964,1377,0,GE-Phrase,207,15828,17061,1233,136,0.099,-1241,-1097
14587,15964,1377,0,NTB,nesse trabalho novo dela,14587,15964,1377,1377,1.0,0,0
22557,25674,3117,0,GE-Phrase,209,23133,25933,2800,2541,0.815,-576,-259
22557,25674,3117,0,NTB,já o tempo que eu tô fora de casa,22557,25674,3117,3117,1.0,0,0
26022,27563,1541,0,GE-Phrase,210,25933,27493,1560,1471,0.955,89,70
26022,27563,1541,0,GE-Phrase,211,27493,29702,2209,70,0.045,-1471,-2139
26022,27563,1541,0,NTB,também por causa disso,26022,27563,1541,1541,1.0,0,0
29529,31227,1698,0,GE-Phrase,211,27493,29702,2209,173,0.102,2036,1525
29529,31227,1698,0,NTB,a renda maior da casa,29529,31227,1698,1698,1.0,0,0
33285,34491,1206,0,GE-Phrase,213,32366,34665,2299,1206,1.0,919,-174
33285,34491,1206,0,NTB,me explicaram,33285,34491,1206,1206,1.0,0,0
50217,51572,1355,0,GE-Phrase,221,49804,51662,1858,1355,1.0,413,-90
50217,51572,1355,0,NTB,o trabalho dele oferece,50217,51572,1355,1355,1.0,0,0
62628,63778,1150,0,GE-Phrase,224,62322,63789,1467,1150,1.0,306,-11
62628,63778,1150,0,NTB,cê tiver alguma coisa,62628,63778,1150,1150,1.0,0,0
63778,65033,1255,0,GE-Phrase,224,62322,63789,1467,11,0.009,1456,1244
63778,65033,1255,0,GE-Phrase,225,63789,64734,945,945,0.753,-11,299
63778,65033,1255,0,GE-Phrase,226,64734,66622,1888,299,0.238,-956,-1589
63778,65033,1255,0,NTB,você vem pra cá,63778,65033,1255,1255,1.0,0,0
10765,11888,1123,0,GE-Phrase,204,10681,11709,1028,944,0.841,84,179
10765,11888,1123,0,GE-Phrase,205,11709,12745,1036,179,0.159,-944,-857
10765,11888,1123,0,NTB,isso é coisa boa,10765,11888,1123,1123,1.0,0,0
14587,15964,1377,0,GE-Phrase,206,12745,15828,3083,1241,0.901,1842,136
14587,15964,1377,0,GE-Phrase,207,15828,17061,1233,136,0.099,-1241,-1097
14587,15964,1377,0,NTB,nesse trabalho novo dela,14587,15964,1377,1377,1.0,0,0
22557,25674,3117,0,GE-Phrase,209,23133,25933,2800,2541,0.815,-576,-259
22557,25674,3117,0,NTB,já o tempo que eu tô fora de casa,22557,25674,3117,3117,1.0,0,0
26022,27563,1541,0,GE-Phrase,210,25933,27493,1560,1471,0.955,89,70
26022,27563,1541,0,GE-Phrase,211,27493,29702,2209,70,0.045,-1471,-2139
26022,27563,1541,0,NTB,também por causa disso,26022,27563,1541,1541,1.0,0,0
29529,31227,1698,0,GE-Phrase,211,27493,29702,2209,173,0.102,2036,1525
29529,31227,1698,0,NTB,a renda maior da casa,29529,31227,1698,1698,1.0,0,0
33285,34491,1206,0,GE-Phrase,213,32366,34665,2299,1206,1.0,919,-174
33285,34491,1206,0,NTB,me explicaram,33285,34491,1206,1206,1.0,0,0
50217,51572,1355,0,GE-Phrase,221,49804,51662,1858,1355,1.0,413,-90
50217,51572,1355,0,NTB,o trabalho dele oferece,50217,51572,1355,1355,1.0,0,0
62628,63778,1150,0,GE-Phrase,224,62322,63789,1467,1150,1.0,306,-11
62628,63778,1150,0,NTB,cê tiver alguma coisa,62628,63778,1150,1150,1.0,0,0
63778,65033,1255,0,GE-Phrase,224,62322,63789,1467,11,0.009,1456,1244
63778,65033,1255,0,GE-Phrase,225,63789,64734,945,945,0.753,-11,299
63778,65033,1255,0,GE-Phrase,226,64734,66622,1888,299,0.238,-956,-1589
63778,65033,1255,0,NTB,você vem pra cá,63778,65033,1255,1255,1.0,0,0
10765,11888,1123,0,GE-Phrase,204,10681,11709,1028,944,0.841,84,179
10765,11888,1123,0,GE-Phrase,205,11709,12745,1036,179,0.159,-944,-857
10765,11888,1123,0,NTB,isso é coisa boa,10765,11888,1123,1123,1.0,0,0
14587,15964,1377,0,GE-Phrase,206,12745,15828,3083,1241,0.901,1842,136
14587,15964,1377,0,GE-Phrase,207,15828,17061,1233,136,0.099,-1241,-1097
14587,15964,1377,0,NTB,nesse trabalho novo dela,14587,15964,1377,1377,1.0,0,0
22557,25674,3117,0,GE-Phrase,209,23133,25933,2800,2541,0.815,-576,-259
22557,25674,3117,0,NTB,já o tempo que eu tô fora de casa,22557,25674,3117,3117,1.0,0,0
26022,27563,1541,0,GE-Phrase,210,25933,27493,1560,1471,0.955,89,70
26022,27563,1541,0,GE-Phrase,211,27493,29702,2209,70,0.045,-1471,-2139
26022,27563,1541,0,NTB,também por causa disso,26022,27563,1541,1541,1.0,0,0
29529,31227,1698,0,GE-Phrase,211,27493,29702,2209,173,0.102,2036,1525
29529,31227,1698,0,NTB,a renda maior da casa,29529,31227,1698,1698,1.0,0,0
33285,34491,1206,0,GE-Phrase,213,32366,34665,2299,1206,1.0,919,-174
33285,34491,1206,0,NTB,me explicaram,33285,34491,1206,1206,1.0,0,0
50217,51572,1355,0,GE-Phrase,221,49804,51662,1858,1355,1.0,413,-90
50217,51572,1355,0,NTB,o trabalho dele oferece,50217,51572,1355,1355,1.0,0,0
62628,63778,1150,0,GE-Phrase,224,62322,63789,1467,1150,1.0,306,-11
62628,63778,1150,0,NTB,cê tiver alguma coisa,62628,63778,1150,1150,1.0,0,0
63778,65033,1255,0,GE-Phrase,224,62322,63789,1467,11,0.009,1456,1244
63778,65033,1255,0,GE-Phrase,225,63789,64734,945,945,0.753,-11,299
63778,65033,1255,0,GE-Phrase,226,64734,66622,1888,299,0.238,-956,-1589
63778,65033,1255,0,NTB,você vem pra cá,63778,65033,1255,1255,1.0,0,0
10765,11888,1123,0,GE-Phrase,204,10681,11709,1028,944,0.841,84,179
10765,11888,1123,0,GE-Phrase,205,11709,12745,1036,179,0.159,-944,-857
10765,11888,1123,0,NTB,isso é coisa boa,10765,11888,1123,1123,1.0,0,0
14587,15964,1377,0,GE-Phrase,206,12745,15828,3083,1241,0.901,1842,136
14587,15964,1377,0,GE-Phrase,207,15828,17061,1233,136,0.099,-1241,-1097
14587,15964,1377,0,NTB,nesse trabalho novo dela,14587,15964,1377,1377,1.0,0,0
22557,25674,3117,0,GE-Phrase,209,23133,25933,2800,2541,0.815,-576,-259
22557,25674,3117,0,NTB,já o tempo que eu tô fora de casa,22557,25674,3117,3117,1.0,0,0
26022,27563,1541,0,GE-Phrase,210,25933,27493,1560,1471,0.955,89,70
26022,27563,1541,0,GE-Phrase,211,27493,29702,2209,70,0.045,-1471,-2139
26022,27563,1541,0,NTB,também por causa disso,26022,27563,1541,1541,1.0,0,0
29529,31227,1698,0,GE-Phrase,211,27493,29702,2209,173,0.102,2036,1525
29529,31227,1698,0,NTB,a renda maior da casa,29529,31227,1698,1698,1.0,0,0
33285,34491,1206,0,GE-Phrase,213,32366,34665,2299,1206,1.0,919,-174
33285,34491,1206,0,NTB,me explicaram,33285,34491,1206,1206,1.0,0,0
50217,51572,1355,0,GE-Phrase,221,49804,51662,1858,1355,1.0,413,-90
50217,51572,1355,0,NTB,o trabalho dele oferece,50217,51572,1355,1355,1.0,0,0
62628,63778,1150,0,GE-Phrase,224,62322,63789,1467,1150,1.0,306,-11
62628,63778,1150,0,NTB,cê tiver alguma coisa,62628,63778,1150,1150,1.0,0,0
63778,65033,1255,0,GE-Phrase,224,62322,63789,1467,11,0.009,1456,1244
63778,65033,1255,0,GE-Phrase,225,63789,64734,945,945,0.753,-11,299
63778,65033,1255,0,GE-Phrase,226,64734,66622,1888,299,0.238,-956,-1589
63778,65033,1255,0,NTB,você vem pra cá,63778,65033,1255,1255,1.0,0,0
10765,11888,1123,0,GE-Phrase,204,10681,11709,1028,944,0.841,84,179
10765,11888,1123,0,GE-Phrase,205,11709,12745,1036,179,0.159,-944,-857
10765,11888,1123,0,NTB,isso é coisa boa,10765,11888,1123,1123,1.0,0,0
14587,15964,1377,0,GE-Phrase,206,12745,15828,3083,1241,0.901,1842,136
14587,15964,1377,0,GE-Phrase,207,15828,17061,1233,136,0.099,-1241,-1097
14587,15964,1377,0,NTB,nesse trabalho novo dela,14587,15964,1377,1377,1.0,0,0
22557,25674,3117,0,GE-Phrase,209,23133,25933,2800,2541,0.815,-576,-259
22557,25674,3117,0,NTB,já o tempo que eu tô fora de casa,22557,25674,3117,3117,1.0,0,0
26022,27563,1541,0,GE-Phrase,210,25933,27493,1560,1471,0.955,89,70
26022,27563,1541,0,GE-Phrase,211,27493,29702,2209,70,0.045,-1471,-2139
26022,27563,1541,0,NTB,também por causa disso,26022,27563,1541,1541,1.0,0,0
29529,31227,1698,0,GE-Phrase,211,27493,29702,2209,173,0.102,2036,1525
29529,31227,1698,0,NTB,a renda maior da casa,29529,31227,1698,1698,1.0,0,0
33285,34491,1206,0,GE-Phrase,213,32366,34665,2299,1206,1.0,919,-174
33285,34491,1206,0,NTB,me explicaram,33285,34491,1206,1206,1.0,0,0
50217,51572,1355,0,GE-Phrase,221,49804,51662,1858,1355,1.0,413,-90
50217,51572,1355,0,NTB,o trabalho dele oferece,50217,51572,1355,1355,1.0,0,0
62628,63778,1150,0,GE-Phrase,224,62322,63789,1467,1150,1.0,306,-11
62628,63778,1150,0,NTB,cê tiver alguma coisa,62628,63778,1150,1150,1.0,0,0
63778,65033,1255,0,GE-Phrase,224,62322,63789,1467,11,0.009,1456,1244
63778,65033,1255,0,GE-Phrase,225,63789,64734,945,945,0.753,-11,299
63778,65033,1255,0,GE-Phrase,226,64734,66622,1888,299,0.238,-956,-1589
63778,65033,1255,0,NTB,você vem pra cá,63778,65033,1255,1255,1.0,0,0
10765,11888,1123,0,GE-Phrase,204,10681,11709,1028,944,0.841,84,179
10765,11888,1123,0,GE-Phrase,205,11709,12745,1036,179,0.159,-944,-857
10765,11888,1123,0,NTB,isso é coisa boa,10765,11888,1123,1123,1.0,0,0
14587,15964,1377,0,GE-Phrase,206,12745,15828,3083,1241,0.901,1842,136
14587,15964,1377,0,GE-Phrase,207,15828,17061,1233,136,0.099,-1241,-1097
14587,15964,1377,0,NTB,nesse trabalho novo dela,14587,15964,1377,1377,1.0,0,0
22557,25674,3117,0,GE-Phrase,209,23133,25933,2800,2541,0.815,-576,-259
22557,25674,3117,0,NTB,já o tempo que eu tô fora de casa,22557,25674,3117,3117,1.0,0,0
26022,27563,1541,0,GE-Phrase,210,25933,27493,1560,1471,0.955,89,70
26022,27563,1541,0,GE-Phrase,211,27493,29702,2209,70,0.045,-1471,-2139
26022,27563,1541,0,NTB,também por causa disso,26022,27563,1541,1541,1.0,0,0
29529,31227,1698,0,GE-Phrase,211,27493,29702,2209,173,0.102,2036,1525
29529,31227,1698,0,NTB,a renda maior da casa,29529,31227,1698,1698,1.0,0,0
33285,34491,1206,0,GE-Phrase,213,32366,34665,2299,1206,1.0,919,-174
33285,34491,1206,0,NTB,me explicaram,33285,34491,1206,1206,1.0,0,0
50217,51572,1355,0,GE-Phrase,221,49804,51662,1858,1355,1.0,413,-90
50217,51572,1355,0,NTB,o trabalho dele oferece,50217,51572,1355,1355,1.0,0,0
62628,63778,1150,0,GE-Phrase,224,62322,63789,1467,1150,1.0,306,-11
62628,63778,1150,0,NTB,cê tiver alguma coisa,62628,63778,1150,1150,1.0,0,0
63778,65033,1255,0,GE-Phrase,224,62322,63789,1467,11,0.009,1456,1244
63778,65033,1255,0,GE-Phrase,225,63789,64734,945,945,0.753,-11,299
63778,65033,1255,0,GE-Phrase,226,64734,66622,1888,299,0.238,-956,-1589
63778,65033,1255,0,NTB,você vem pra cá,63778,65033,1255,1255,1.0,0,0
10765,11888,1123,0,GE-Phrase,204,10681,11709,1028,944,0.841,84,179
10765,11888,1123,0,GE-Phrase,205,11709,12745,1036,179,0.159,-944,-857
10765,11888,1123,0,NTB,isso é coisa boa,10765,11888,1123,1123,1.0,0,0
14587,15964,1377,0,GE-Phrase,206,12745,15828,3083,1241,0.901,1842,136
14587,15964,1377,0,GE-Phrase,207,15828,17061,1233,136,0.099,-1241,-1097
14587,15964,1377,0,NTB,nesse trabalho novo dela,14587,15964,1377,1377,1.0,0,0
22557,25674,3117,0,GE-Phrase,209,23133,25933,2800,2541,0.815,-576,-259
22557,25674,3117,0,NTB,já o tempo que eu tô fora de casa,22557,25674,3117,3117,1.0,0,0
26022,27563,1541,0,GE-Phrase,210,25933,27493,1560,1471,0.955,89,70
26022,27563,1541,0,GE-Phrase,211,27493,29702,2209,70,0.045,-1471,-2139
26022,27563,1541,0,NTB,também por causa disso,26022,27563,1541,1541,1.0,0,0
29529,31227,1698,0,GE-Phrase,211,27493,29702,2209,173,0.102,2036,1525
29529,31227,1698,0,NTB,a renda maior da casa,29529,31227,1698,1698,1.0,0,0
33285,34491,1206,0,GE-Phrase,213,32366,34665,2299,1206,1.0,919,-174
33285,34491,1206,0,NTB,me explicaram,33285,34491,1206,1206,1.0,0,0
50217,51572,1355,0,GE-Phrase,221,49804,51662,1858,1355,1.0,413,-90
50217,51572,1355,0,NTB,o trabalho dele oferece,50217,51572,1355,1355,1.0,0,0
62628,63778,1150,0,GE-Phrase,224,62322,63789,1467,1150,1.0,306,-11
62628,63778,1150,0,NTB,cê tiver alguma coisa,62628,63778,1150,1150,1.0,0,0
63778,65033,1255,0,GE-Phrase,224,62322,63789,1467,11,0.009,1456,1244
63778,65033,1255,0,GE-Phrase,225,63789,64734,945,945,0.753,-11,299
63778,65033,1255,0,GE-Phrase,226,64734,66622,1888,299,0.238,-956,-1589
63778,65033,1255,0,NTB,você vem pra cá,63778,65033,1255,1255,1.0,0,0
10765,11888,1123,0,GE-Phrase,204,10681,11709,1028,944,0.841,84,179
10765,11888,1123,0,GE-Phrase,205,11709,12745,1036,179,0.159,-944,-857
10765,11888,1123,0,NTB,isso é coisa boa,10765,11888,1123,1123,1.0,0,0
14587,15964,1377,0,GE-Phrase,206,12745,15828,3083,1241,0.901,1842,136
14587,15964,1377,0,GE-Phrase,207,15828,17061,1233,136,0.099,-1241,-1097
14587,15964,1377,0,NTB,nesse trabalho novo dela,14587,15964,1377,1377,1.0,0,0
22557,25674,3117,0,GE-Phrase,209,23133,25933,2800,2541,0.815,-576,-259
22557,25674,3117,0,NTB,já o tempo que eu tô fora de casa,22557,25674,3117,3117,1.0,0,0
26022,27563,1541,0,GE-Phrase,210,25933,27493,1560,1471,0.955,89,70
26022,27563,1541,0,GE-Phrase,211,27493,29702,2209,70,0.045,-1471,-2139
26022,27563,1541,0,NTB,também por causa disso,26022,27563,1541,1541,1.0,0,0
29529,31227,1698,0,GE-Phrase,211,27493,29702,2209,173,0.102,2036,1525
29529,31227,1698,0,NTB,a renda maior da casa,29529,31227,1698,1698,1.0,0,0
33285,34491,1206,0,GE-Phrase,213,32366,34665,2299,1206,1.0,919,-174
33285,34491,1206,0,NTB,me explicaram,33285,34491,1206,1206,1.0,0,0
50217,51572,1355,0,GE-Phrase,221,49804,51662,1858,1355,1.0,413,-90
50217,51572,1355,0,NTB,o trabalho dele oferece,50217,51572,1355,1355,1.0,0,0
62628,63778,1150,0,GE-Phrase,224,62322,63789,1467,1150,1.0,306,-11
62628,63778,1150,0,NTB,cê tiver alguma coisa,62628,63778,1150,1150,1.0,0,0
63778,65033,1255,0,GE-Phrase,224,62322,63789,1467,11,0.009,1456,1244
63778,65033,1255,0,GE-Phrase,225,63789,64734,945,945,0.753,-11,299
63778,65033,1255,0,GE-Phrase,226,64734,66622,1888,299,0.238,-956,-1589
63778,65033,1255,0,NTB,você vem pra cá,63778,65033,1255,1255,1.0,0,0
10765,11888,1123,0,GE-Phrase,204,10681,11709,1028,944,0.841,84,179
10765,11888,1123,0,GE-Phrase,205,11709,12745,1036,179,0.159,-944,-857
10765,11888,1123,0,NTB,isso é coisa boa,10765,11888,1123,1123,1.0,0,0
14587,15964,1377,0,GE-Phrase,206,12745,15828,3083,1241,0.901,1842,136
14587,15964,1377,0,GE-Phrase,207,15828,17061,1233,136,0.099,-1241,-1097
14587,15964,1377,0,NTB,nesse trabalho novo dela,14587,15964,1377,1377,1.0,0,0
22557,25674,3117,0,GE-Phrase,209,23133,25933,2800,2541,0.815,-576,-259
22557,25674,3117,0,NTB,já o tempo que eu tô fora de casa,22557,25674,3117,3117,1.0,0,0
26022,27563,1541,0,GE-Phrase,210,25933,27493,1560,1471,0.955,89,70
26022,27563,1541,0,GE-Phrase,211,27493,29702,2209,70,0.045,-1471,-2139
26022,27563,1541,0,NTB,também por causa disso,26022,27563,1541,1541,1.0,0,0
29529,31227,1698,0,GE-Phrase,211,27493,29702,2209,173,0.102,2036,1525
29529,31227,1698,0,NTB,a renda maior da casa,29529,31227,1698,1698,1.0,0,0
33285,34491,1206,0,GE-Phrase,213,32366,34665,2299,1206,1.0,919,-174
33285,34491,1206,0,NTB,me explicaram,33285,34491,1206,1206,1.0,0,0
50217,51572,1355,0,GE-Phrase,221,49804,51662,1858,1355,1.0,413,-90
50217,51572,1355,0,NTB,o trabalho dele oferece,50217,51572,1355,1355,1.0,0,0
62628,63778,1150,0,GE-Phrase,224,62322,63789,1467,1150,1.0,306,-11
62628,63778,1150,0,NTB,cê tiver alguma coisa,62628,63778,1150,1150,1.0,0,0
63778,65033,1255,0,GE-Phrase,224,62322,63789,1467,11,0.009,1456,1244
63778,65033,1255,0,GE-Phrase,225,63789,64734,945,945,0.753,-11,299
63778,65033,1255,0,GE-Phrase,226,64734,66622,1888,299,0.238,-956,-1589
63778,65033,1255,0,NTB,você vem pra cá,63778,65033,1255,1255,1.0,0,0
10765,11888,1123,0,GE-Phrase,204,10681,11709,1028,944,0.841,84,179
10765,11888,1123,0,GE-Phrase,205,11709,12745,1036,179,0.159,-944,-857
10765,11888,1123,0,NTB,isso é coisa boa,10765,11888,1123,1123,1.0,0,0
14587,15964,1377,0,GE-Phrase,206,12745,15828,3083,1241,0.901,1842,136
14587,15964,1377,0,GE-Phrase,207,15828,17061,1233,136,0.099,-1241,-1097
14587,15964,1377,0,NTB,nesse trabalho novo dela,14587,15964,1377,1377,1.0,0,0
22557,25674,3117,0,GE-Phrase,209,23133,25933,2800,2541,0.815,-576,-259
22557,25674,3117,0,NTB,já o tempo que eu tô fora de casa,22557,25674,3117,3117,1.0,0,0
26022,27563,1541,0,GE-Phrase,210,25933,27493,1560,1471,0.955,89,70
26022,27563,1541,0,GE-Phrase,211,27493,29702,2209,70,0.045,-1471,-2139
26022,27563,1541,0,NTB,também por causa disso,26022,27563,1541,1541,1.0,0,0
29529,31227,1698,0,GE-Phrase,211,27493,29702,2209,173,0.102,2036,1525
29529,31227,1698,0,NTB,a renda maior da casa,29529,31227,1698,1698,1.0,0,0
33285,34491,1206,0,GE-Phrase,213,32366,34665,2299,1206,1.0,919,-174
33285,34491,1206,0,NTB,me explicaram,33285,34491,1206,1206,1.0,0,0
50217,51572,1355,0,GE-Phrase,221,49804,51662,1858,1355,1.0,413,-90
50217,51572,1355,0,NTB,o trabalho dele oferece,50217,51572,1355,1355,1.0,0,0
62628,63778,1150,0,GE-Phrase,224,62322,63789,1467,1150,1.0,306,-11
62628,63778,1150,0,NTB,cê tiver alguma coisa,62628,63778,1150,1150,1.0,0,0
63778,65033,1255,0,GE-Phrase,224,62322,63789,1467,11,0.009,1456,1244
63778,65033,1255,0,GE-Phrase,225,63789,64734,945,945,0.753,-11,299
63778,65033,1255,0,GE-Phrase,226,64734,66622,1888,299,0.238,-956,-1589
63778,65033,1255,0,NTB,você vem pra cá,63778,65033,1255,1255,1.0,0,0
10765,11888,1123,0,GE-Phrase,204,10681,11709,1028,944,0.841,84,179
10765,11888,1123,0,GE-Phrase,205,11709,12745,1036,179,0.159,-944,-857
10765,11888,1123,0,NTB,isso é coisa boa,10765,11888,1123,1123,1.0,0,0
14587,15964,1377,0,GE-Phrase,206,12745,15828,3083,1241,0.901,1842,136
14587,15964,1377,0,GE-Phrase,207,15828,17061,1233,136,0.099,-1241,-1097
14587,15964,1377,0,NTB,nesse trabalho novo dela,14587,15964,1377,1377,1.0,0,0
22557,25674,3117,0,GE-Phrase,209,23133,25933,2800,2541,0.815,-576,-259
22557,25674,3117,0,NTB,já o tempo que eu tô fora de casa,22557,25674,3117,3117,1.0,0,0
26022,27563,1541,0,GE-Phrase,210,25933,27493,1560,1471,0.955,89,70
26022,27563,1541,0,GE-Phrase,211,27493,29702,2209,70,0.045,-1471,-2139
26022,27563,1541,0,NTB,também por causa disso,26022,27563,1541,1541,1.0,0,0
29529,31227,1698,0,GE-Phrase,211,27493,29702,2209,173,0.102,2036,1525
29529,31227,1698,0,NTB,a renda maior da casa,29529,31227,1698,1698,1.0,0,0
33285,34491,1206,0,GE-Phrase,213,32366,34665,2299,1206,1.0,919,-174
33285,34491,1206,0,NTB,me explicaram,33285,34491,1206,1206,1.0,0,0
50217,51572,1355,0,GE-Phrase,221,49804,51662,1858,1355,1.0,413,-90
50217,51572,1355,0,NTB,o trabalho dele oferece,50217,51572,1355,1355,1.0,0,0
62628,63778,1150,0,GE-Phrase,224,62322,63789,1467,1150,1.0,306,-11
62628,63778,1150,0,NTB,cê tiver alguma coisa,62628,63778,1150,1150,1.0,0,0
63778,65033,1255,0,GE-Phrase,224,62322,63789,1467,11,0.009,1456,1244
63778,65033,1255,0,GE-Phrase,225,63789,64734,945,945,0.753,-11,299
63778,65033,1255,0,GE-Phrase,226,64734,66622,1888,299,0.238,-956,-1589
63778,65033,1255,0,NTB,você vem pra cá,63778,65033,1255,1255,1.0,0,0
10765,11888,1123,0,GE-Phrase,204,10681,11709,1028,944,0.841,84,179
10765,11888,1123,0,GE-Phrase,205,11709,12745,1036,179,0.159,-944,-857
10765,11888,1123,0,NTB,isso é coisa boa,10765,11888,1123,1123,1.0,0,0
14587,15964,1377,0,GE-Phrase,206,12745,15828,3083,1241,0.901,1842,136
14587,15964,1377,0,GE-Phrase,207,15828,17061,1233,136,0.099,-1241,-1097
14587,15964,1377,0,NTB,nesse trabalho novo dela,14587,15964,1377,1377,1.0,0,0
22557,25674,3117,0,GE-Phrase,209,23133,25933,2800,2541,0.815,-576,-259
22557,25674,3117,0,NTB,já o tempo que eu tô fora de casa,22557,25674,3117,3117,1.0,0,0
26022,27563,1541,0,GE-Phrase,210,25933,27493,1560,1471,0.955,89,70
26022,27563,1541,0,GE-Phrase,211,27493,29702,2209,70,0.045,-1471,-2139
26022,27563,1541,0,NTB,também por causa disso,26022,27563,1541,1541,1.0,0,0
29529,31227,1698,0,GE-Phrase,211,27493,29702,2209,173,0.102,2036,1525
29529,31227,1698,0,NTB,a renda maior da casa,29529,31227,1698,1698,1.0,0,0
33285,34491,1206,0,GE-Phrase,213,32366,34665,2299,1206,1.0,919,-174
33285,34491,1206,0,NTB,me explicaram,33285,34491,1206,1206,1.0,0,0
50217,51572,1355,0,GE-Phrase,221,49804,51662,1858,1355,1.0,413,-90
50217,51572,1355,0,NTB,o trabalho dele oferece,50217,51572,1355,1355,1.0,0,0
62628,63778,1150,0,GE-Phrase,224,62322,63789,1467,1150,1.0,306,-11
62628,63778,1150,0,NTB,cê tiver alguma coisa,62628,63778,1150,1150,1.0,0,0
63778,65033,1255,0,GE-Phrase,224,62322,63789,1467,11,0.009,1456,1244
63778,65033,1255,0,GE-Phrase,225,63789,64734,945,945,0.753,-11,299
63778,65033,1255,0,GE-Phrase,226,64734,66622,1888,299,0.238,-956,-1589
63778,65033,1255,0,NTB,você vem pra cá,63778,65033,1255,1255,1.0,0,0
10765,11888,1123,0,GE-Phrase,204,10681,11709,1028,944,0.841,84,179
10765,11888,1123,0,GE-Phrase,205,11709,12745,1036,179,0.159,-944,-857
10765,11888,1123,0,NTB,isso é coisa boa,10765,11888,1123,1123,1.0,0,0
14587,15964,1377,0,GE-Phrase,206,12745,15828,3083,1241,0.901,1842,136
14587,15964,1377,0,GE-Phrase,207,15828,17061,1233,136,0.099,-1241,-1097
14587,15964,1377,0,NTB,nesse trabalho novo dela,14587,15964,1377,1377,1.0,0,0
22557,25674,3117,0,GE-Phrase,209,23133,25933,2800,2541,0.815,-576,-259
22557,25674,3117,0,NTB,já o tempo que eu tô fora de casa,22557,25674,3117,3117,1.0,0,0
26022,27563,1541,0,GE-Phrase,210,25933,27493,1560,1471,0.955,89,70
26022,27563,1541,0,GE-Phrase,211,27493,29702,2209,70,0.045,-1471,-2139
26022,27563,1541,0,NTB,também por causa disso,26022,27563,1541,1541,1.0,0,0
29529,31227,1698,0,GE-Phrase,211,27493,29702,2209,173,0.102,2036,1525
29529,31227,1698,0,NTB,a renda maior da casa,29529,31227,1698,1698,1.0,0,0
33285,34491,1206,0,GE-Phrase,213,32366,34665,2299,1206,1.0,919,-174
33285,34491,1206,0,NTB,me explicaram,33285,34491,1206,1206,1.0,0,0
50217,51572,1355,0,GE-Phrase,221,49804,51662,1858,1355,1.0,413,-90
50217,51572,1355,0,NTB,o trabalho dele oferece,50217,51572,1355,1355,1.0,0,0
62628,63778,1150,0,GE-Phrase,224,62322,63789,1467,1150,1.0,306,-11
62628,63778,1150,0,NTB,cê tiver alguma coisa,62628,63778,1150,1150,1.0,0,0
63778,65033,1255,0,GE-Phrase,224,62322,63789,1467,11,0.009,1456,1244
63778,65033,1255,0,GE-Phrase,225,63789,64734,945,945,0.753,-11,299
63778,65033,1255,0,GE-Phrase,226,64734,66622,1888,299,0.238,-956,-1589
63778,65033,1255,0,NTB,você vem pra cá,63778,65033,1255,1255,1.0,0,0
10765,11888,1123,0,GE-Phrase,204,10681,11709,1028,944,0.841,84,179
10765,11888,1123,0,GE-Phrase,205,11709,12745,1036,179,0.159,-944,-857
10765,11888,1123,0,NTB,isso é coisa boa,10765,11888,1123,1123,1.0,0,0
14587,15964,1377,0,GE-Phrase,206,12745,15828,3083,1241,0.901,1842,136
14587,15964,1377,0,GE-Phrase,207,15828,17061,1233,136,0.099,-1241,-1097
14587,15964,1377,0,NTB,nesse trabalho novo dela,14587,15964,1377,1377,1.0,0,0
22557,25674,3117,0,GE-Phrase,209,23133,25933,2800,2541,0.815,-576,-259
22557,25674,3117,0,NTB,já o tempo que eu tô fora de casa,22557,25674,3117,3117,1.0,0,0
26022,27563,1541,0,GE-Phrase,210,25933,27493,1560,1471,0.955,89,70
26022,27563,1541,0,GE-Phrase,211,27493,29702,2209,70,0.045,-1471,-2139
26022,27563,1541,0,NTB,também por causa disso,26022,27563,1541,1541,1.0,0,0
29529,31227,1698,0,GE-Phrase,211,27493,29702,2209,173,0.102,2036,1525
29529,31227,1698,0,NTB,a renda maior da casa,29529,31227,1698,1698,1.0,0,0
33285,34491,1206,0,GE-Phrase,213,32366,34665,2299,1206,1.0,919,-174
33285,34491,1206,0,NTB,me explicaram,33285,34491,1206,1206,1.0,0,0
50217,51572,1355,0,GE-Phrase,221,49804,51662,1858,1355,1.0,413,-90
50217,51572,1355,0,NTB,o trabalho dele oferece,50217,51572,1355,1355,1.0,0,0
62628,63778,1150,0,GE-Phrase,224,62322,63789,1467,1150,1.0,306,-11
62628,63778,1150,0,NTB,cê tiver alguma coisa,62628,63778,1150,1150,1.0,0,0
63778,65033,1255,0,GE-Phrase,224,62322,63789,1467,11,0.009,1456,1244
63778,65033,1255,0,GE-Phrase,225,63789,64734,945,945,0.753,-11,299
63778,65033,1255,0,GE-Phrase,226,64734,66622,1888,299,0.238,-956,-1589
63778,65033,1255,0,NTB,você vem pra cá,63778,65033,1255,1255,1.0,0,0
10765,11888,1123,0,GE-Phrase,204,10681,11709,1028,944,0.841,84,179
10765,11888,1123,0,GE-Phrase,205,11709,12745,1036,179,0.159,-944,-857
10765,11888,1123,0,NTB,isso é coisa boa,10765,11888,1123,1123,1.0,0,0
14587,15964,1377,0,GE-Phrase,206,12745,15828,3083,1241,0.901,1842,136
14587,15964,1377,0,GE-Phrase,207,15828,17061,1233,136,0.099,-1241,-1097
14587,15964,1377,0,NTB,nesse trabalho novo dela,14587,15964,1377,1377,1.0,0,0
22557,25674,3117,0,GE-Phrase,209,23133,25933,2800,2541,0.815,-576,-259
22557,25674,3117,0,NTB,já o tempo que eu tô fora de casa,22557,25674,3117,3117,1.0,0,0
26022,27563,1541,0,GE-Phrase,210,25933,27493,1560,1471,0.955,89,70
26022,27563,1541,0,GE-Phrase,211,27493,29702,2209,70,0.045,-1471,-2139
26022,27563,1541,0,NTB,também por causa disso,26022,27563,1541,1541,1.0,0,0
29529,31227,1698,0,GE-Phrase,211,27493,29702,2209,173,0.102,2036,1525
29529,31227,1698,0,NTB,a renda maior da casa,29529,31227,1698,1698,1.0,0,0
33285,34491,1206,0,GE-Phrase,213,32366,34665,2299,1206,1.0,919,-174
33285,34491,1206,0,NTB,me explicaram,33285,34491,1206,1206,1.0,0,0
50217,51572,1355,0,GE-Phrase,221,49804,51662,1858,1355,1.0,413,-90
50217,51572,1355,0,NTB,o trabalho dele oferece,50217,51572,1355,1355,1.0,0,0
62628,63778,1150,0,GE-Phrase,224,62322,63789,1467,1150,1.0,306,-11
62628,63778,1150,0,NTB,cê tiver alguma coisa,62628,63778,1150,1150,1.0,0,0
63778,65033,1255,0,GE-Phrase,224,62322,63789,1467,11,0.009,1456,1244
63778,65033,1255,0,GE-Phrase,225,63789,64734,945,945,0.753,-11,299
63778,65033,1255,0,GE-Phrase,226,64734,66622,1888,299,0.238,-956,-1589
63778,65033,1255,0,NTB,você vem pra cá,63778,65033,1255,1255,1.0,0,0
10765,11888,1123,0,GE-Phrase,204,10681,11709,1028,944,0.841,84,179
10765,11888,1123,0,GE-Phrase,205,11709,12745,1036,179,0.159,-944,-857
10765,11888,1123,0,NTB,isso é coisa boa,10765,11888,1123,1123,1.0,0,0
14587,15964,1377,0,GE-Phrase,206,12745,15828,3083,1241,0.901,1842,136
14587,15964,1377,0,GE-Phrase,207,15828,17061,1233,136,0.099,-1241,-1097
14587,15964,1377,0,NTB,nesse trabalho novo dela,14587,15964,1377,1377,1.0,0,0
22557,25674,3117,0,GE-Phrase,209,23133,25933,2800,2541,0.815,-576,-259
22557,25674,3117,0,NTB,já o tempo que eu tô fora de casa,22557,25674,3117,3117,1.0,0,0
26022,27563,1541,0,GE-Phrase,210,25933,27493,1560,1471,0.955,89,70
26022,27563,1541,0,GE-Phrase,211,27493,29702,2209,70,0.045,-1471,-2139
26022,27563,1541,0,NTB,também por causa disso,26022,27563,1541,1541,1.0,0,0
29529,31227,1698,0,GE-Phrase,211,27493,29702,2209,173,0.102,2036,1525
29529,31227,1698,0,NTB,a renda maior da casa,29529,31227,1698,1698,1.0,0,0
33285,34491,1206,0,GE-Phrase,213,32366,34665,2299,1206,1.0,919,-174
33285,34491,1206,0,NTB,me explicaram,33285,34491,1206,1206,1.0,0,0
50217,51572,1355,0,GE-Phrase,221,49804,51662,1858,1355,1.0,413,-90
50217,51572,1355,0,NTB,o trabalho dele oferece,50217,51572,1355,1355,1.0,0,0
62628,63778,1150,0,GE-Phrase,224,62322,63789,1467,1150,1.0,306,-11
62628,63778,1150,0,NTB,cê tiver alguma coisa,62628,63778,1150,1150,1.0,0,0
63778,65033,1255,0,GE-Phrase,224,62322,63789,1467,11,0.009,1456,1244
63778,65033,1255,0,GE-Phrase,225,63789,64734,945,945,0.753,-11,299
63778,65033,1255,0,GE-Phrase,226,64734,66622,1888,299,0.238,-956,-1589
63778,65033,1255,0,NTB,você vem pra cá,63778,65033,1255,1255,1.0,0,0
10765,11888,1123,0,GE-Phrase,204,10681,11709,1028,944,0.841,84,179
10765,11888,1123,0,GE-Phrase,205,11709,12745,1036,179,0.159,-944,-857
10765,11888,1123,0,NTB,isso é coisa boa,10765,11888,1123,1123,1.0,0,0
14587,15964,1377,0,GE-Phrase,206,12745,15828,3083,1241,0.901,1842,136
14587,15964,1377,0,GE-Phrase,207,15828,17061,1233,136,0.099,-1241,-1097
14587,15964,1377,0,NTB,nesse trabalho novo dela,14587,15964,1377,1377,1.0,0,0
22557,25674,3117,0,GE-Phrase,209,23133,25933,2800,2541,0.815,-576,-259
22557,25674,3117,0,NTB,já o tempo que eu tô fora de casa,22557,25674,3117,3117,1.0,0,0
26022,27563,1541,0,GE-Phrase,210,25933,27493,1560,1471,0.955,89,70
26022,27563,1541,0,GE-Phrase,211,27493,29702,2209,70,0.045,-1471,-2139
26022,27563,1541,0,NTB,também por causa disso,26022,27563,1541,1541,1.0,0,0
29529,31227,1698,0,GE-Phrase,211,27493,29702,2209,173,0.102,2036,1525
29529,31227,1698,0,NTB,a renda maior da casa,29529,31227,1698,1698,1.0,0,0
33285,34491,1206,0,GE-Phrase,213,32366,34665,2299,1206,1.0,919,-174
33285,34491,1206,0,NTB,me explicaram,33285,34491,1206,1206,1.0,0,0
50217,51572,1355,0,GE-Phrase,221,49804,51662,1858,1355,1.0,413,-90
50217,51572,1355,0,NTB,o trabalho dele oferece,50217,51572,1355,1355,1.0,0,0
62628,63778,1150,0,GE-Phrase,224,62322,63789,1467,1150,1.0,306,-11
62628,63778,1150,0,NTB,cê tiver alguma coisa,62628,63778,1150,1150,1.0,0,0
63778,65033,1255,0,GE-Phrase,224,62322,63789,1467,11,0.009,1456,1244
63778,65033,1255,0,GE-Phrase,225,63789,64734,945,945,0.753,-11,299
63778,65033,1255,0,GE-Phrase,226,64734,66622,1888,299,0.238,-956,-1589
63778,65033,1255,0,NTB,você vem pra cá,63778,65033,1255,1255,1.0,0,0
85824,88041,2217,0,GE-Phrase,233,85300,86352,1052,528,0.238,524,1689
85824,88041,2217,0,GE-Phrase,234,86352,87587,1235,1235,0.557,-528,454
85824,88041,2217,0,GE-Phrase,235,87587,88868,1281,454,0.205,-1763,-827
85824,88041,2217,0,NTB,que roda umas otimizações lá,85824,88041,2217,2217,1.0,0,0
88041,89282,1241,0,GE-Phrase,235,87587,88868,1281,827,0.666,454,414
88041,89282,1241,0,NTB,umas viagem,88041,89282,1241,1241,1.0,0,0
98828,99456,628,0,GE-Phrase,238,97522,99461,1939,628,1.0,1306,-5
98828,99456,628,0,NTB,normalmente é,98828,99456,628,628,1.0,0,0
99456,99868,412,0,GE-Phrase,238,97522,99461,1939,5,0.012,1934,407
99456,99868,412,0,GE-Phrase,239,99461,102171,2710,407,0.988,-5,-2303
99456,99868,412,0,NTB,tipo assim,99456,99868,412,412,1.0,0,0
100294,101506,1212,0,GE-Phrase,239,99461,102171,2710,1212,1.0,833,-665
100294,101506,1212,0,NTB,realmente o avião que a gente vai voar,100294,101506,1212,1212,1.0,0,0
102256,103393,1137,0,GE-Phrase,240,102171,104002,1831,1137,1.0,85,-609
102256,103393,1137,0,NTB,fazer ensaio nele,102256,103393,1137,1137,1.0,0,0
103393,106072,2679,0,GE-Phrase,240,102171,104002,1831,609,0.227,1222,2070
103393,106072,2679,0,NTB,que tem essa parte também,103393,106072,2679,2679,1.0,0,0
112081,113696,1615,0,GE-Phrase,241,111522,113521,1999,1440,0.892,559,175
112081,113696,1615,0,GE-Phrase,242,113521,115411,1890,175,0.108,-1440,-1715
112081,113696,1615,0,NTB,que é aquelas coisa que fica mexendo e,112081,113696,1615,1615,1.0,0,0
113696,114860,1164,0,GE-Phrase,242,113521,115411,1890,1164,1.0,175,-551
113696,114860,1164,0,NTB,que tem várias corzinhas,113696,114860,1164,1164,1.0,0,0
114860,115793,933,0,GE-Phrase,242,113521,115411,1890,551,0.591,1339,382
114860,115793,933,0,NTB,bonitinhas e +,114860,115793,933,933,1.0,0,0
85824,88041,2217,0,GE-Phrase,233,85300,86352,1052,528,0.238,524,1689
85824,88041,2217,0,GE-Phrase,234,86352,87587,1235,1235,0.557,-528,454
85824,88041,2217,0,GE-Phrase,235,87587,88868,1281,454,0.205,-1763,-827
85824,88041,2217,0,NTB,que roda umas otimizações lá,85824,88041,2217,2217,1.0,0,0
88041,89282,1241,0,GE-Phrase,235,87587,88868,1281,827,0.666,454,414
88041,89282,1241,0,NTB,umas viagem,88041,89282,1241,1241,1.0,0,0
98828,99456,628,0,GE-Phrase,238,97522,99461,1939,628,1.0,1306,-5
98828,99456,628,0,NTB,normalmente é,98828,99456,628,628,1.0,0,0
99456,99868,412,0,GE-Phrase,238,97522,99461,1939,5,0.012,1934,407
99456,99868,412,0,GE-Phrase,239,99461,102171,2710,407,0.988,-5,-2303
99456,99868,412,0,NTB,tipo assim,99456,99868,412,412,1.0,0,0
100294,101506,1212,0,GE-Phrase,239,99461,102171,2710,1212,1.0,833,-665
100294,101506,1212,0,NTB,realmente o avião que a gente vai voar,100294,101506,1212,1212,1.0,0,0
102256,103393,1137,0,GE-Phrase,240,102171,104002,1831,1137,1.0,85,-609
102256,103393,1137,0,NTB,fazer ensaio nele,102256,103393,1137,1137,1.0,0,0
103393,106072,2679,0,GE-Phrase,240,102171,104002,1831,609,0.227,1222,2070
103393,106072,2679,0,NTB,que tem essa parte também,103393,106072,2679,2679,1.0,0,0
112081,113696,1615,0,GE-Phrase,241,111522,113521,1999,1440,0.892,559,175
112081,113696,1615,0,GE-Phrase,242,113521,115411,1890,175,0.108,-1440,-1715
112081,113696,1615,0,NTB,que é aquelas coisa que fica mexendo e,112081,113696,1615,1615,1.0,0,0
113696,114860,1164,0,GE-Phrase,242,113521,115411,1890,1164,1.0,175,-551
113696,114860,1164,0,NTB,que tem várias corzinhas,113696,114860,1164,1164,1.0,0,0
114860,115793,933,0,GE-Phrase,242,113521,115411,1890,551,0.591,1339,382
114860,115793,933,0,NTB,bonitinhas e +,114860,115793,933,933,1.0,0,0
85824,88041,2217,0,GE-Phrase,233,85300,86352,1052,528,0.238,524,1689
85824,88041,2217,0,GE-Phrase,234,86352,87587,1235,1235,0.557,-528,454
85824,88041,2217,0,GE-Phrase,235,87587,88868,1281,454,0.205,-1763,-827
85824,88041,2217,0,NTB,que roda umas otimizações lá,85824,88041,2217,2217,1.0,0,0
88041,89282,1241,0,GE-Phrase,235,87587,88868,1281,827,0.666,454,414
88041,89282,1241,0,NTB,umas viagem,88041,89282,1241,1241,1.0,0,0
98828,99456,628,0,GE-Phrase,238,97522,99461,1939,628,1.0,1306,-5
98828,99456,628,0,NTB,normalmente é,98828,99456,628,628,1.0,0,0
99456,99868,412,0,GE-Phrase,238,97522,99461,1939,5,0.012,1934,407
99456,99868,412,0,GE-Phrase,239,99461,102171,2710,407,0.988,-5,-2303
99456,99868,412,0,NTB,tipo assim,99456,99868,412,412,1.0,0,0
100294,101506,1212,0,GE-Phrase,239,99461,102171,2710,1212,1.0,833,-665
100294,101506,1212,0,NTB,realmente o avião que a gente vai voar,100294,101506,1212,1212,1.0,0,0
102256,103393,1137,0,GE-Phrase,240,102171,104002,1831,1137,1.0,85,-609
102256,103393,1137,0,NTB,fazer ensaio nele,102256,103393,1137,1137,1.0,0,0
103393,106072,2679,0,GE-Phrase,240,102171,104002,1831,609,0.227,1222,2070
103393,106072,2679,0,NTB,que tem essa parte também,103393,106072,2679,2679,1.0,0,0
112081,113696,1615,0,GE-Phrase,241,111522,113521,1999,1440,0.892,559,175
112081,113696,1615,0,GE-Phrase,242,113521,115411,1890,175,0.108,-1440,-1715
112081,113696,1615,0,NTB,que é aquelas coisa que fica mexendo e,112081,113696,1615,1615,1.0,0,0
113696,114860,1164,0,GE-Phrase,242,113521,115411,1890,1164,1.0,175,-551
113696,114860,1164,0,NTB,que tem várias corzinhas,113696,114860,1164,1164,1.0,0,0
114860,115793,933,0,GE-Phrase,242,113521,115411,1890,551,0.591,1339,382
114860,115793,933,0,NTB,bonitinhas e +,114860,115793,933,933,1.0,0,0
85824,88041,2217,0,GE-Phrase,233,85300,86352,1052,528,0.238,524,1689
85824,88041,2217,0,GE-Phrase,234,86352,87587,1235,1235,0.557,-528,454
85824,88041,2217,0,GE-Phrase,235,87587,88868,1281,454,0.205,-1763,-827
85824,88041,2217,0,NTB,que roda umas otimizações lá,85824,88041,2217,2217,1.0,0,0
88041,89282,1241,0,GE-Phrase,235,87587,88868,1281,827,0.666,454,414
88041,89282,1241,0,NTB,umas viagem,88041,89282,1241,1241,1.0,0,0
98828,99456,628,0,GE-Phrase,238,97522,99461,1939,628,1.0,1306,-5
98828,99456,628,0,NTB,normalmente é,98828,99456,628,628,1.0,0,0
99456,99868,412,0,GE-Phrase,238,97522,99461,1939,5,0.012,1934,407
99456,99868,412,0,GE-Phrase,239,99461,102171,2710,407,0.988,-5,-2303
99456,99868,412,0,NTB,tipo assim,99456,99868,412,412,1.0,0,0
100294,101506,1212,0,GE-Phrase,239,99461,102171,2710,1212,1.0,833,-665
100294,101506,1212,0,NTB,realmente o avião que a gente vai voar,100294,101506,1212,1212,1.0,0,0
102256,103393,1137,0,GE-Phrase,240,102171,104002,1831,1137,1.0,85,-609
102256,103393,1137,0,NTB,fazer ensaio nele,102256,103393,1137,1137,1.0,0,0
103393,106072,2679,0,GE-Phrase,240,102171,104002,1831,609,0.227,1222,2070
103393,106072,2679,0,NTB,que tem essa parte também,103393,106072,2679,2679,1.0,0,0
112081,113696,1615,0,GE-Phrase,241,111522,113521,1999,1440,0.892,559,175
112081,113696,1615,0,GE-Phrase,242,113521,115411,1890,175,0.108,-1440,-1715
112081,113696,1615,0,NTB,que é aquelas coisa que fica mexendo e,112081,113696,1615,1615,1.0,0,0
113696,114860,1164,0,GE-Phrase,242,113521,115411,1890,1164,1.0,175,-551
113696,114860,1164,0,NTB,que tem várias corzinhas,113696,114860,1164,1164,1.0,0,0
114860,115793,933,0,GE-Phrase,242,113521,115411,1890,551,0.591,1339,382
114860,115793,933,0,NTB,bonitinhas e +,114860,115793,933,933,1.0,0,0
85824,88041,2217,0,GE-Phrase,233,85300,86352,1052,528,0.238,524,1689
85824,88041,2217,0,GE-Phrase,234,86352,87587,1235,1235,0.557,-528,454
85824,88041,2217,0,GE-Phrase,235,87587,88868,1281,454,0.205,-1763,-827
85824,88041,2217,0,NTB,que roda umas otimizações lá,85824,88041,2217,2217,1.0,0,0
88041,89282,1241,0,GE-Phrase,235,87587,88868,1281,827,0.666,454,414
88041,89282,1241,0,NTB,umas viagem,88041,89282,1241,1241,1.0,0,0
98828,99456,628,0,GE-Phrase,238,97522,99461,1939,628,1.0,1306,-5
98828,99456,628,0,NTB,normalmente é,98828,99456,628,628,1.0,0,0
99456,99868,412,0,GE-Phrase,238,97522,99461,1939,5,0.012,1934,407
99456,99868,412,0,GE-Phrase,239,99461,102171,2710,407,0.988,-5,-2303
99456,99868,412,0,NTB,tipo assim,99456,99868,412,412,1.0,0,0
100294,101506,1212,0,GE-Phrase,239,99461,102171,2710,1212,1.0,833,-665
100294,101506,1212,0,NTB,realmente o avião que a gente vai voar,100294,101506,1212,1212,1.0,0,0
102256,103393,1137,0,GE-Phrase,240,102171,104002,1831,1137,1.0,85,-609
102256,103393,1137,0,NTB,fazer ensaio nele,102256,103393,1137,1137,1.0,0,0
103393,106072,2679,0,GE-Phrase,240,102171,104002,1831,609,0.227,1222,2070
103393,106072,2679,0,NTB,que tem essa parte também,103393,106072,2679,2679,1.0,0,0
112081,113696,1615,0,GE-Phrase,241,111522,113521,1999,1440,0.892,559,175
112081,113696,1615,0,GE-Phrase,242,113521,115411,1890,175,0.108,-1440,-1715
112081,113696,1615,0,NTB,que é aquelas coisa que fica mexendo e,112081,113696,1615,1615,1.0,0,0
113696,114860,1164,0,GE-Phrase,242,113521,115411,1890,1164,1.0,175,-551
113696,114860,1164,0,NTB,que tem várias corzinhas,113696,114860,1164,1164,1.0,0,0
114860,115793,933,0,GE-Phrase,242,113521,115411,1890,551,0.591,1339,382
114860,115793,933,0,NTB,bonitinhas e +,114860,115793,933,933,1.0,0,0
85824,88041,2217,0,GE-Phrase,233,85300,86352,1052,528,0.238,524,1689
85824,88041,2217,0,GE-Phrase,234,86352,87587,1235,1235,0.557,-528,454
85824,88041,2217,0,GE-Phrase,235,87587,88868,1281,454,0.205,-1763,-827
85824,88041,2217,0,NTB,que roda umas otimizações lá,85824,88041,2217,2217,1.0,0,0
88041,89282,1241,0,GE-Phrase,235,87587,88868,1281,827,0.666,454,414
88041,89282,1241,0,NTB,umas viagem,88041,89282,1241,1241,1.0,0,0
98828,99456,628,0,GE-Phrase,238,97522,99461,1939,628,1.0,1306,-5
98828,99456,628,0,NTB,normalmente é,98828,99456,628,628,1.0,0,0
99456,99868,412,0,GE-Phrase,238,97522,99461,1939,5,0.012,1934,407
99456,99868,412,0,GE-Phrase,239,99461,102171,2710,407,0.988,-5,-2303
99456,99868,412,0,NTB,tipo assim,99456,99868,412,412,1.0,0,0
100294,101506,1212,0,GE-Phrase,239,99461,102171,2710,1212,1.0,833,-665
100294,101506,1212,0,NTB,realmente o avião que a gente vai voar,100294,101506,1212,1212,1.0,0,0
102256,103393,1137,0,GE-Phrase,240,102171,104002,1831,1137,1.0,85,-609
102256,103393,1137,0,NTB,fazer ensaio nele,102256,103393,1137,1137,1.0,0,0
103393,106072,2679,0,GE-Phrase,240,102171,104002,1831,609,0.227,1222,2070
103393,106072,2679,0,NTB,que tem essa parte também,103393,106072,2679,2679,1.0,0,0
112081,113696,1615,0,GE-Phrase,241,111522,113521,1999,1440,0.892,559,175
112081,113696,1615,0,GE-Phrase,242,113521,115411,1890,175,0.108,-1440,-1715
112081,113696,1615,0,NTB,que é aquelas coisa que fica mexendo e,112081,113696,1615,1615,1.0,0,0
113696,114860,1164,0,GE-Phrase,242,113521,115411,1890,1164,1.0,175,-551
113696,114860,1164,0,NTB,que tem várias corzinhas,113696,114860,1164,1164,1.0,0,0
114860,115793,933,0,GE-Phrase,242,113521,115411,1890,551,0.591,1339,382
114860,115793,933,0,NTB,bonitinhas e +,114860,115793,933,933,1.0,0,0
85824,88041,2217,0,GE-Phrase,233,85300,86352,1052,528,0.238,524,1689
85824,88041,2217,0,GE-Phrase,234,86352,87587,1235,1235,0.557,-528,454
85824,88041,2217,0,GE-Phrase,235,87587,88868,1281,454,0.205,-1763,-827
85824,88041,2217,0,NTB,que roda umas otimizações lá,85824,88041,2217,2217,1.0,0,0
88041,89282,1241,0,GE-Phrase,235,87587,88868,1281,827,0.666,454,414
88041,89282,1241,0,NTB,umas viagem,88041,89282,1241,1241,1.0,0,0
98828,99456,628,0,GE-Phrase,238,97522,99461,1939,628,1.0,1306,-5
98828,99456,628,0,NTB,normalmente é,98828,99456,628,628,1.0,0,0
99456,99868,412,0,GE-Phrase,238,97522,99461,1939,5,0.012,1934,407
99456,99868,412,0,GE-Phrase,239,99461,102171,2710,407,0.988,-5,-2303
99456,99868,412,0,NTB,tipo assim,99456,99868,412,412,1.0,0,0
100294,101506,1212,0,GE-Phrase,239,99461,102171,2710,1212,1.0,833,-665
100294,101506,1212,0,NTB,realmente o avião que a gente vai voar,100294,101506,1212,1212,1.0,0,0
102256,103393,1137,0,GE-Phrase,240,102171,104002,1831,1137,1.0,85,-609
102256,103393,1137,0,NTB,fazer ensaio nele,102256,103393,1137,1137,1.0,0,0
103393,106072,2679,0,GE-Phrase,240,102171,104002,1831,609,0.227,1222,2070
103393,106072,2679,0,NTB,que tem essa parte também,103393,106072,2679,2679,1.0,0,0
112081,113696,1615,0,GE-Phrase,241,111522,113521,1999,1440,0.892,559,175
112081,113696,1615,0,GE-Phrase,242,113521,115411,1890,175,0.108,-1440,-1715
112081,113696,1615,0,NTB,que é aquelas coisa que fica mexendo e,112081,113696,1615,1615,1.0,0,0
113696,114860,1164,0,GE-Phrase,242,113521,115411,1890,1164,1.0,175,-551
113696,114860,1164,0,NTB,que tem várias corzinhas,113696,114860,1164,1164,1.0,0,0
114860,115793,933,0,GE-Phrase,242,113521,115411,1890,551,0.591,1339,382
114860,115793,933,0,NTB,bonitinhas e +,114860,115793,933,933,1.0,0,0
85824,88041,2217,0,GE-Phrase,233,85300,86352,1052,528,0.238,524,1689
85824,88041,2217,0,GE-Phrase,234,86352,87587,1235,1235,0.557,-528,454
85824,88041,2217,0,GE-Phrase,235,87587,88868,1281,454,0.205,-1763,-827
85824,88041,2217,0,NTB,que roda umas otimizações lá,85824,88041,2217,2217,1.0,0,0
88041,89282,1241,0,GE-Phrase,235,87587,88868,1281,827,0.666,454,414
88041,89282,1241,0,NTB,umas viagem,88041,89282,1241,1241,1.0,0,0
98828,99456,628,0,GE-Phrase,238,97522,99461,1939,628,1.0,1306,-5
98828,99456,628,0,NTB,normalmente é,98828,99456,628,628,1.0,0,0
99456,99868,412,0,GE-Phrase,238,97522,99461,1939,5,0.012,1934,407
99456,99868,412,0,GE-Phrase,239,99461,102171,2710,407,0.988,-5,-2303
99456,99868,412,0,NTB,tipo assim,99456,99868,412,412,1.0,0,0
100294,101506,1212,0,GE-Phrase,239,99461,102171,2710,1212,1.0,833,-665
100294,101506,1212,0,NTB,realmente o avião que a gente vai voar,100294,101506,1212,1212,1.0,0,0
102256,103393,1137,0,GE-Phrase,240,102171,104002,1831,1137,1.0,85,-609
102256,103393,1137,0,NTB,fazer ensaio nele,102256,103393,1137,1137,1.0,0,0
103393,106072,2679,0,GE-Phrase,240,102171,104002,1831,609,0.227,1222,2070
103393,106072,2679,0,NTB,que tem essa parte também,103393,106072,2679,2679,1.0,0,0
112081,113696,1615,0,GE-Phrase,241,111522,113521,1999,1440,0.892,559,175
112081,113696,1615,0,GE-Phrase,242,113521,115411,1890,175,0.108,-1440,-1715
112081,113696,1615,0,NTB,que é aquelas coisa que fica mexendo e,112081,113696,1615,1615,1.0,0,0
113696,114860,1164,0,GE-Phrase,242,113521,115411,1890,1164,1.0,175,-551
113696,114860,1164,0,NTB,que tem várias corzinhas,113696,114860,1164,1164,1.0,0,0
114860,115793,933,0,GE-Phrase,242,113521,115411,1890,551,0.591,1339,382
114860,115793,933,0,NTB,bonitinhas e +,114860,115793,933,933,1.0,0,0
85824,88041,2217,0,GE-Phrase,233,85300,86352,1052,528,0.238,524,1689
85824,88041,2217,0,GE-Phrase,234,86352,87587,1235,1235,0.557,-528,454
85824,88041,2217,0,GE-Phrase,235,87587,88868,1281,454,0.205,-1763,-827
85824,88041,2217,0,NTB,que roda umas otimizações lá,85824,88041,2217,2217,1.0,0,0
88041,89282,1241,0,GE-Phrase,235,87587,88868,1281,827,0.666,454,414
88041,89282,1241,0,NTB,umas viagem,88041,89282,1241,1241,1.0,0,0
98828,99456,628,0,GE-Phrase,238,97522,99461,1939,628,1.0,1306,-5
98828,99456,628,0,NTB,normalmente é,98828,99456,628,628,1.0,0,0
99456,99868,412,0,GE-Phrase,238,97522,99461,1939,5,0.012,1934,407
99456,99868,412,0,GE-Phrase,239,99461,102171,2710,407,0.988,-5,-2303
99456,99868,412,0,NTB,tipo assim,99456,99868,412,412,1.0,0,0
100294,101506,1212,0,GE-Phrase,239,99461,102171,2710,1212,1.0,833,-665
100294,101506,1212,0,NTB,realmente o avião que a gente vai voar,100294,101506,1212,1212,1.0,0,0
102256,103393,1137,0,GE-Phrase,240,102171,104002,1831,1137,1.0,85,-609
102256,103393,1137,0,NTB,fazer ensaio nele,102256,103393,1137,1137,1.0,0,0
103393,106072,2679,0,GE-Phrase,240,102171,104002,1831,609,0.227,1222,2070
103393,106072,2679,0,NTB,que tem essa parte também,103393,106072,2679,2679,1.0,0,0
112081,113696,1615,0,GE-Phrase,241,111522,113521,1999,1440,0.892,559,175
112081,113696,1615,0,GE-Phrase,242,113521,115411,1890,175,0.108,-1440,-1715
112081,113696,1615,0,NTB,que é aquelas coisa que fica mexendo e,112081,113696,1615,1615,1.0,0,0
113696,114860,1164,0,GE-Phrase,242,113521,115411,1890,1164,1.0,175,-551
113696,114860,1164,0,NTB,que tem várias corzinhas,113696,114860,1164,1164,1.0,0,0
114860,115793,933,0,GE-Phrase,242,113521,115411,1890,551,0.591,1339,382
114860,115793,933,0,NTB,bonitinhas e +,114860,115793,933,933,1.0,0,0
85824,88041,2217,0,GE-Phrase,233,85300,86352,1052,528,0.238,524,1689
85824,88041,2217,0,GE-Phrase,234,86352,87587,1235,1235,0.557,-528,454
85824,88041,2217,0,GE-Phrase,235,87587,88868,1281,454,0.205,-1763,-827
85824,88041,2217,0,NTB,que roda umas otimizações lá,85824,88041,2217,2217,1.0,0,0
88041,89282,1241,0,GE-Phrase,235,87587,88868,1281,827,0.666,454,414
88041,89282,1241,0,NTB,umas viagem,88041,89282,1241,1241,1.0,0,0
98828,99456,628,0,GE-Phrase,238,97522,99461,1939,628,1.0,1306,-5
98828,99456,628,0,NTB,normalmente é,98828,99456,628,628,1.0,0,0
99456,99868,412,0,GE-Phrase,238,97522,99461,1939,5,0.012,1934,407
99456,99868,412,0,GE-Phrase,239,99461,102171,2710,407,0.988,-5,-2303
99456,99868,412,0,NTB,tipo assim,99456,99868,412,412,1.0,0,0
100294,101506,1212,0,GE-Phrase,239,99461,102171,2710,1212,1.0,833,-665
100294,101506,1212,0,NTB,realmente o avião que a gente vai voar,100294,101506,1212,1212,1.0,0,0
102256,103393,1137,0,GE-Phrase,240,102171,104002,1831,1137,1.0,85,-609
102256,103393,1137,0,NTB,fazer ensaio nele,102256,103393,1137,1137,1.0,0,0
103393,106072,2679,0,GE-Phrase,240,102171,104002,1831,609,0.227,1222,2070
103393,106072,2679,0,NTB,que tem essa parte também,103393,106072,2679,2679,1.0,0,0
112081,113696,1615,0,GE-Phrase,241,111522,113521,1999,1440,0.892,559,175
112081,113696,1615,0,GE-Phrase,242,113521,115411,1890,175,0.108,-1440,-1715
112081,113696,1615,0,NTB,que é aquelas coisa que fica mexendo e,112081,113696,1615,1615,1.0,0,0
113696,114860,1164,0,GE-Phrase,242,113521,115411,1890,1164,1.0,175,-551
113696,114860,1164,0,NTB,que tem várias corzinhas,113696,114860,1164,1164,1.0,0,0
114860,115793,933,0,GE-Phrase,242,113521,115411,1890,551,0.591,1339,382
114860,115793,933,0,NTB,bonitinhas e +,114860,115793,933,933,1.0,0,0
85824,88041,2217,0,GE-Phrase,233,85300,86352,1052,528,0.238,524,1689
85824,88041,2217,0,GE-Phrase,234,86352,87587,1235,1235,0.557,-528,454
85824,88041,2217,0,GE-Phrase,235,87587,88868,1281,454,0.205,-1763,-827
85824,88041,2217,0,NTB,que roda umas otimizações lá,85824,88041,2217,2217,1.0,0,0
88041,89282,1241,0,GE-Phrase,235,87587,88868,1281,827,0.666,454,414
88041,89282,1241,0,NTB,umas viagem,88041,89282,1241,1241,1.0,0,0
98828,99456,628,0,GE-Phrase,238,97522,99461,1939,628,1.0,1306,-5
98828,99456,628,0,NTB,normalmente é,98828,99456,628,628,1.0,0,0
99456,99868,412,0,GE-Phrase,238,97522,99461,1939,5,0.012,1934,407
99456,99868,412,0,GE-Phrase,239,99461,102171,2710,407,0.988,-5,-2303
99456,99868,412,0,NTB,tipo assim,99456,99868,412,412,1.0,0,0
100294,101506,1212,0,GE-Phrase,239,99461,102171,2710,1212,1.0,833,-665
100294,101506,1212,0,NTB,realmente o avião que a gente vai voar,100294,101506,1212,1212,1.0,0,0
102256,103393,1137,0,GE-Phrase,240,102171,104002,1831,1137,1.0,85,-609
102256,103393,1137,0,NTB,fazer ensaio nele,102256,103393,1137,1137,1.0,0,0
103393,106072,2679,0,GE-Phrase,240,102171,104002,1831,609,0.227,1222,2070
103393,106072,2679,0,NTB,que tem essa parte também,103393,106072,2679,2679,1.0,0,0
112081,113696,1615,0,GE-Phrase,241,111522,113521,1999,1440,0.892,559,175
112081,113696,1615,0,GE-Phrase,242,113521,115411,1890,175,0.108,-1440,-1715
112081,113696,1615,0,NTB,que é aquelas coisa que fica mexendo e,112081,113696,1615,1615,1.0,0,0
113696,114860,1164,0,GE-Phrase,242,113521,115411,1890,1164,1.0,175,-551
113696,114860,1164,0,NTB,que tem várias corzinhas,113696,114860,1164,1164,1.0,0,0
114860,115793,933,0,GE-Phrase,242,113521,115411,1890,551,0.591,1339,382
114860,115793,933,0,NTB,bonitinhas e +,114860,115793,933,933,1.0,0,0
85824,88041,2217,0,GE-Phrase,233,85300,86352,1052,528,0.238,524,1689
85824,88041,2217,0,GE-Phrase,234,86352,87587,1235,1235,0.557,-528,454
85824,88041,2217,0,GE-Phrase,235,87587,88868,1281,454,0.205,-1763,-827
85824,88041,2217,0,NTB,que roda umas otimizações lá,85824,88041,2217,2217,1.0,0,0
88041,89282,1241,0,GE-Phrase,235,87587,88868,1281,827,0.666,454,414
88041,89282,1241,0,NTB,umas viagem,88041,89282,1241,1241,1.0,0,0
98828,99456,628,0,GE-Phrase,238,97522,99461,1939,628,1.0,1306,-5
98828,99456,628,0,NTB,normalmente é,98828,99456,628,628,1.0,0,0
99456,99868,412,0,GE-Phrase,238,97522,99461,1939,5,0.012,1934,407
99456,99868,412,0,GE-Phrase,239,99461,102171,2710,407,0.988,-5,-2303
99456,99868,412,0,NTB,tipo assim,99456,99868,412,412,1.0,0,0
100294,101506,1212,0,GE-Phrase,239,99461,102171,2710,1212,1.0,833,-665
100294,101506,1212,0,NTB,realmente o avião que a gente vai voar,100294,101506,1212,1212,1.0,0,0
102256,103393,1137,0,GE-Phrase,240,102171,104002,1831,1137,1.0,85,-609
102256,103393,1137,0,NTB,fazer ensaio nele,102256,103393,1137,1137,1.0,0,0
103393,106072,2679,0,GE-Phrase,240,102171,104002,1831,609,0.227,1222,2070
103393,106072,2679,0,NTB,que tem essa parte também,103393,106072,2679,2679,1.0,0,0
112081,113696,1615,0,GE-Phrase,241,111522,113521,1999,1440,0.892,559,175
112081,113696,1615,0,GE-Phrase,242,113521,115411,1890,175,0.108,-1440,-1715
112081,113696,1615,0,NTB,que é aquelas coisa que fica mexendo e,112081,113696,1615,1615,1.0,0,0
113696,114860,1164,0,GE-Phrase,242,113521,115411,1890,1164,1.0,175,-551
113696,114860,1164,0,NTB,que tem várias corzinhas,113696,114860,1164,1164,1.0,0,0
114860,115793,933,0,GE-Phrase,242,113521,115411,1890,551,0.591,1339,382
114860,115793,933,0,NTB,bonitinhas e +,114860,115793,933,933,1.0,0,0
85824,88041,2217,0,GE-Phrase,233,85300,86352,1052,528,0.238,524,1689
85824,88041,2217,0,GE-Phrase,234,86352,87587,1235,1235,0.557,-528,454
85824,88041,2217,0,GE-Phrase,235,87587,88868,1281,454,0.205,-1763,-827
85824,88041,2217,0,NTB,que roda umas otimizações lá,85824,88041,2217,2217,1.0,0,0
88041,89282,1241,0,GE-Phrase,235,87587,88868,1281,827,0.666,454,414
88041,89282,1241,0,NTB,umas viagem,88041,89282,1241,1241,1.0,0,0
98828,99456,628,0,GE-Phrase,238,97522,99461,1939,628,1.0,1306,-5
98828,99456,628,0,NTB,normalmente é,98828,99456,628,628,1.0,0,0
99456,99868,412,0,GE-Phrase,238,97522,99461,1939,5,0.012,1934,407
99456,99868,412,0,GE-Phrase,239,99461,102171,2710,407,0.988,-5,-2303
99456,99868,412,0,NTB,tipo assim,99456,99868,412,412,1.0,0,0
100294,101506,1212,0,GE-Phrase,239,99461,102171,2710,1212,1.0,833,-665
100294,101506,1212,0,NTB,realmente o avião que a gente vai voar,100294,101506,1212,1212,1.0,0,0
102256,103393,1137,0,GE-Phrase,240,102171,104002,1831,1137,1.0,85,-609
102256,103393,1137,0,NTB,fazer ensaio nele,102256,103393,1137,1137,1.0,0,0
103393,106072,2679,0,GE-Phrase,240,102171,104002,1831,609,0.227,1222,2070
103393,106072,2679,0,NTB,que tem essa parte também,103393,106072,2679,2679,1.0,0,0
112081,113696,1615,0,GE-Phrase,241,111522,113521,1999,1440,0.892,559,175
112081,113696,1615,0,GE-Phrase,242,113521,115411,1890,175,0.108,-1440,-1715
112081,113696,1615,0,NTB,que é aquelas coisa que fica mexendo e,112081,113696,1615,1615,1.0,0,0
113696,114860,1164,0,GE-Phrase,242,113521,115411,1890,1164,1.0,175,-551
113696,114860,1164,0,NTB,que tem várias corzinhas,113696,114860,1164,1164,1.0,0,0
114860,115793,933,0,GE-Phrase,242,113521,115411,1890,551,0.591,1339,382
114860,115793,933,0,NTB,bonitinhas e +,114860,115793,933,933,1.0,0,0
85824,88041,2217,0,GE-Phrase,233,85300,86352,1052,528,0.238,524,1689
85824,88041,2217,0,GE-Phrase,234,86352,87587,1235,1235,0.557,-528,454
85824,88041,2217,0,GE-Phrase,235,87587,88868,1281,454,0.205,-1763,-827
85824,88041,2217,0,NTB,que roda umas otimizações lá,85824,88041,2217,2217,1.0,0,0
88041,89282,1241,0,GE-Phrase,235,87587,88868,1281,827,0.666,454,414
88041,89282,1241,0,NTB,umas viagem,88041,89282,1241,1241,1.0,0,0
98828,99456,628,0,GE-Phrase,238,97522,99461,1939,628,1.0,1306,-5
98828,99456,628,0,NTB,normalmente é,98828,99456,628,628,1.0,0,0
99456,99868,412,0,GE-Phrase,238,97522,99461,1939,5,0.012,1934,407
99456,99868,412,0,GE-Phrase,239,99461,102171,2710,407,0.988,-5,-2303
99456,99868,412,0,NTB,tipo assim,99456,99868,412,412,1.0,0,0
100294,101506,1212,0,GE-Phrase,239,99461,102171,2710,1212,1.0,833,-665
100294,101506,1212,0,NTB,realmente o avião que a gente vai voar,100294,101506,1212,1212,1.0,0,0
102256,103393,1137,0,GE-Phrase,240,102171,104002,1831,1137,1.0,85,-609
102256,103393,1137,0,NTB,fazer ensaio nele,102256,103393,1137,1137,1.0,0,0
103393,106072,2679,0,GE-Phrase,240,102171,104002,1831,609,0.227,1222,2070
103393,106072,2679,0,NTB,que tem essa parte também,103393,106072,2679,2679,1.0,0,0
112081,113696,1615,0,GE-Phrase,241,111522,113521,1999,1440,0.892,559,175
112081,113696,1615,0,GE-Phrase,242,113521,115411,1890,175,0.108,-1440,-1715
112081,113696,1615,0,NTB,que é aquelas coisa que fica mexendo e,112081,113696,1615,1615,1.0,0,0
113696,114860,1164,0,GE-Phrase,242,113521,115411,1890,1164,1.0,175,-551
113696,114860,1164,0,NTB,que tem várias corzinhas,113696,114860,1164,1164,1.0,0,0
114860,115793,933,0,GE-Phrase,242,113521,115411,1890,551,0.591,1339,382
114860,115793,933,0,NTB,bonitinhas e +,114860,115793,933,933,1.0,0,0
85824,88041,2217,0,GE-Phrase,233,85300,86352,1052,528,0.238,524,1689
85824,88041,2217,0,GE-Phrase,234,86352,87587,1235,1235,0.557,-528,454
85824,88041,2217,0,GE-Phrase,235,87587,88868,1281,454,0.205,-1763,-827
85824,88041,2217,0,NTB,que roda umas otimizações lá,85824,88041,2217,2217,1.0,0,0
88041,89282,1241,0,GE-Phrase,235,87587,88868,1281,827,0.666,454,414
88041,89282,1241,0,NTB,umas viagem,88041,89282,1241,1241,1.0,0,0
98828,99456,628,0,GE-Phrase,238,97522,99461,1939,628,1.0,1306,-5
98828,99456,628,0,NTB,normalmente é,98828,99456,628,628,1.0,0,0
99456,99868,412,0,GE-Phrase,238,97522,99461,1939,5,0.012,1934,407
99456,99868,412,0,GE-Phrase,239,99461,102171,2710,407,0.988,-5,-2303
99456,99868,412,0,NTB,tipo assim,99456,99868,412,412,1.0,0,0
100294,101506,1212,0,GE-Phrase,239,99461,102171,2710,1212,1.0,833,-665
100294,101506,1212,0,NTB,realmente o avião que a gente vai voar,100294,101506,1212,1212,1.0,0,0
102256,103393,1137,0,GE-Phrase,240,102171,104002,1831,1137,1.0,85,-609
102256,103393,1137,0,NTB,fazer ensaio nele,102256,103393,1137,1137,1.0,0,0
103393,106072,2679,0,GE-Phrase,240,102171,104002,1831,609,0.227,1222,2070
103393,106072,2679,0,NTB,que tem essa parte também,103393,106072,2679,2679,1.0,0,0
112081,113696,1615,0,GE-Phrase,241,111522,113521,1999,1440,0.892,559,175
112081,113696,1615,0,GE-Phrase,242,113521,115411,1890,175,0.108,-1440,-1715
112081,113696,1615,0,NTB,que é aquelas coisa que fica mexendo e,112081,113696,1615,1615,1.0,0,0
113696,114860,1164,0,GE-Phrase,242,113521,115411,1890,1164,1.0,175,-551
113696,114860,1164,0,NTB,que tem várias corzinhas,113696,114860,1164,1164,1.0,0,0
114860,115793,933,0,GE-Phrase,242,113521,115411,1890,551,0.591,1339,382
114860,115793,933,0,NTB,bonitinhas e +,114860,115793,933,933,1.0,0,0
85824,88041,2217,0,GE-Phrase,233,85300,86352,1052,528,0.238,524,1689
85824,88041,2217,0,GE-Phrase,234,86352,87587,1235,1235,0.557,-528,454
85824,88041,2217,0,GE-Phrase,235,87587,88868,1281,454,0.205,-1763,-827
85824,88041,2217,0,NTB,que roda umas otimizações lá,85824,88041,2217,2217,1.0,0,0
88041,89282,1241,0,GE-Phrase,235,87587,88868,1281,827,0.666,454,414
88041,89282,1241,0,NTB,umas viagem,88041,89282,1241,1241,1.0,0,0
98828,99456,628,0,GE-Phrase,238,97522,99461,1939,628,1.0,1306,-5
98828,99456,628,0,NTB,normalmente é,98828,99456,628,628,1.0,0,0
99456,99868,412,0,GE-Phrase,238,97522,99461,1939,5,0.012,1934,407
99456,99868,412,0,GE-Phrase,239,99461,102171,2710,407,0.988,-5,-2303
99456,99868,412,0,NTB,tipo assim,99456,99868,412,412,1.0,0,0
100294,101506,1212,0,GE-Phrase,239,99461,102171,2710,1212,1.0,833,-665
100294,101506,1212,0,NTB,realmente o avião que a gente vai voar,100294,101506,1212,1212,1.0,0,0
102256,103393,1137,0,GE-Phrase,240,102171,104002,1831,1137,1.0,85,-609
102256,103393,1137,0,NTB,fazer ensaio nele,102256,103393,1137,1137,1.0,0,0
103393,106072,2679,0,GE-Phrase,240,102171,104002,1831,609,0.227,1222,2070
103393,106072,2679,0,NTB,que tem essa parte também,103393,106072,2679,2679,1.0,0,0
112081,113696,1615,0,GE-Phrase,241,111522,113521,1999,1440,0.892,559,175
112081,113696,1615,0,GE-Phrase,242,113521,115411,1890,175,0.108,-1440,-1715
112081,113696,1615,0,NTB,que é aquelas coisa que fica mexendo e,112081,113696,1615,1615,1.0,0,0
113696,114860,1164,0,GE-Phrase,242,113521,115411,1890,1164,1.0,175,-551
113696,114860,1164,0,NTB,que tem várias corzinhas,113696,114860,1164,1164,1.0,0,0
114860,115793,933,0,GE-Phrase,242,113521,115411,1890,551,0.591,1339,382
114860,115793,933,0,NTB,bonitinhas e +,114860,115793,933,933,1.0,0,0
85824,88041,2217,0,GE-Phrase,233,85300,86352,1052,528,0.238,524,1689
85824,88041,2217,0,GE-Phrase,234,86352,87587,1235,1235,0.557,-528,454
85824,88041,2217,0,GE-Phrase,235,87587,88868,1281,454,0.205,-1763,-827
85824,88041,2217,0,NTB,que roda umas otimizações lá,85824,88041,2217,2217,1.0,0,0
88041,89282,1241,0,GE-Phrase,235,87587,88868,1281,827,0.666,454,414
88041,89282,1241,0,NTB,umas viagem,88041,89282,1241,1241,1.0,0,0
98828,99456,628,0,GE-Phrase,238,97522,99461,1939,628,1.0,1306,-5
98828,99456,628,0,NTB,normalmente é,98828,99456,628,628,1.0,0,0
99456,99868,412,0,GE-Phrase,238,97522,99461,1939,5,0.012,1934,407
99456,99868,412,0,GE-Phrase,239,99461,102171,2710,407,0.988,-5,-2303
99456,99868,412,0,NTB,tipo assim,99456,99868,412,412,1.0,0,0
100294,101506,1212,0,GE-Phrase,239,99461,102171,2710,1212,1.0,833,-665
100294,101506,1212,0,NTB,realmente o avião que a gente vai voar,100294,101506,1212,1212,1.0,0,0
102256,103393,1137,0,GE-Phrase,240,102171,104002,1831,1137,1.0,85,-609
102256,103393,1137,0,NTB,fazer ensaio nele,102256,103393,1137,1137,1.0,0,0
103393,106072,2679,0,GE-Phrase,240,102171,104002,1831,609,0.227,1222,2070
103393,106072,2679,0,NTB,que tem essa parte também,103393,106072,2679,2679,1.0,0,0
112081,113696,1615,0,GE-Phrase,241,111522,113521,1999,1440,0.892,559,175
112081,113696,1615,0,GE-Phrase,242,113521,115411,1890,175,0.108,-1440,-1715
112081,113696,1615,0,NTB,que é aquelas coisa que fica mexendo e,112081,113696,1615,1615,1.0,0,0
113696,114860,1164,0,GE-Phrase,242,113521,115411,1890,1164,1.0,175,-551
113696,114860,1164,0,NTB,que tem várias corzinhas,113696,114860,1164,1164,1.0,0,0
114860,115793,933,0,GE-Phrase,242,113521,115411,1890,551,0.591,1339,382
114860,115793,933,0,NTB,bonitinhas e +,114860,115793,933,933,1.0,0,0
85824,88041,2217,0,GE-Phrase,233,85300,86352,1052,528,0.238,524,1689
85824,88041,2217,0,GE-Phrase,234,86352,87587,1235,1235,0.557,-528,454
85824,88041,2217,0,GE-Phrase,235,87587,88868,1281,454,0.205,-1763,-827
85824,88041,2217,0,NTB,que roda umas otimizações lá,85824,88041,2217,2217,1.0,0,0
88041,89282,1241,0,GE-Phrase,235,87587,88868,1281,827,0.666,454,414
88041,89282,1241,0,NTB,umas viagem,88041,89282,1241,1241,1.0,0,0
98828,99456,628,0,GE-Phrase,238,97522,99461,1939,628,1.0,1306,-5
98828,99456,628,0,NTB,normalmente é,98828,99456,628,628,1.0,0,0
99456,99868,412,0,GE-Phrase,238,97522,99461,1939,5,0.012,1934,407
99456,99868,412,0,GE-Phrase,239,99461,102171,2710,407,0.988,-5,-2303
99456,99868,412,0,NTB,tipo assim,99456,99868,412,412,1.0,0,0
100294,101506,1212,0,GE-Phrase,239,99461,102171,2710,1212,1.0,833,-665
100294,101506,1212,0,NTB,realmente o avião que a gente vai voar,100294,101506,1212,1212,1.0,0,0
102256,103393,1137,0,GE-Phrase,240,102171,104002,1831,1137,1.0,85,-609
102256,103393,1137,0,NTB,fazer ensaio nele,102256,103393,1137,1137,1.0,0,0
103393,106072,2679,0,GE-Phrase,240,102171,104002,1831,609,0.227,1222,2070
103393,106072,2679,0,NTB,que tem essa parte também,103393,106072,2679,2679,1.0,0,0
112081,113696,1615,0,GE-Phrase,241,111522,113521,1999,1440,0.892,559,175
112081,113696,1615,0,GE-Phrase,242,113521,115411,1890,175,0.108,-1440,-1715
112081,113696,1615,0,NTB,que é aquelas coisa que fica mexendo e,112081,113696,1615,1615,1.0,0,0
113696,114860,1164,0,GE-Phrase,242,113521,115411,1890,1164,1.0,175,-551
113696,114860,1164,0,NTB,que tem várias corzinhas,113696,114860,1164,1164,1.0,0,0
114860,115793,933,0,GE-Phrase,242,113521,115411,1890,551,0.591,1339,382
114860,115793,933,0,NTB,bonitinhas e +,114860,115793,933,933,1.0,0,0
85824,88041,2217,0,GE-Phrase,233,85300,86352,1052,528,0.238,524,1689
85824,88041,2217,0,GE-Phrase,234,86352,87587,1235,1235,0.557,-528,454
85824,88041,2217,0,GE-Phrase,235,87587,88868,1281,454,0.205,-1763,-827
85824,88041,2217,0,NTB,que roda umas otimizações lá,85824,88041,2217,2217,1.0,0,0
88041,89282,1241,0,GE-Phrase,235,87587,88868,1281,827,0.666,454,414
88041,89282,1241,0,NTB,umas viagem,88041,89282,1241,1241,1.0,0,0
98828,99456,628,0,GE-Phrase,238,97522,99461,1939,628,1.0,1306,-5
98828,99456,628,0,NTB,normalmente é,98828,99456,628,628,1.0,0,0
99456,99868,412,0,GE-Phrase,238,97522,99461,1939,5,0.012,1934,407
99456,99868,412,0,GE-Phrase,239,99461,102171,2710,407,0.988,-5,-2303
99456,99868,412,0,NTB,tipo assim,99456,99868,412,412,1.0,0,0
100294,101506,1212,0,GE-Phrase,239,99461,102171,2710,1212,1.0,833,-665
100294,101506,1212,0,NTB,realmente o avião que a gente vai voar,100294,101506,1212,1212,1.0,0,0
102256,103393,1137,0,GE-Phrase,240,102171,104002,1831,1137,1.0,85,-609
102256,103393,1137,0,NTB,fazer ensaio nele,102256,103393,1137,1137,1.0,0,0
103393,106072,2679,0,GE-Phrase,240,102171,104002,1831,609,0.227,1222,2070
103393,106072,2679,0,NTB,que tem essa parte também,103393,106072,2679,2679,1.0,0,0
112081,113696,1615,0,GE-Phrase,241,111522,113521,1999,1440,0.892,559,175
112081,113696,1615,0,GE-Phrase,242,113521,115411,1890,175,0.108,-1440,-1715
112081,113696,1615,0,NTB,que é aquelas coisa que fica mexendo e,112081,113696,1615,1615,1.0,0,0
113696,114860,1164,0,GE-Phrase,242,113521,115411,1890,1164,1.0,175,-551
113696,114860,1164,0,NTB,que tem várias corzinhas,113696,114860,1164,1164,1.0,0,0
114860,115793,933,0,GE-Phrase,242,113521,115411,1890,551,0.591,1339,382
114860,115793,933,0,NTB,bonitinhas e +,114860,115793,933,933,1.0,0,0
85824,88041,2217,0,GE-Phrase,233,85300,86352,1052,528,0.238,524,1689
85824,88041,2217,0,GE-Phrase,234,86352,87587,1235,1235,0.557,-528,454
85824,88041,2217,0,GE-Phrase,235,87587,88868,1281,454,0.205,-1763,-827
85824,88041,2217,0,NTB,que roda umas otimizações lá,85824,88041,2217,2217,1.0,0,0
88041,89282,1241,0,GE-Phrase,235,87587,88868,1281,827,0.666,454,414
88041,89282,1241,0,NTB,umas viagem,88041,89282,1241,1241,1.0,0,0
98828,99456,628,0,GE-Phrase,238,97522,99461,1939,628,1.0,1306,-5
98828,99456,628,0,NTB,normalmente é,98828,99456,628,628,1.0,0,0
99456,99868,412,0,GE-Phrase,238,97522,99461,1939,5,0.012,1934,407
99456,99868,412,0,GE-Phrase,239,99461,102171,2710,407,0.988,-5,-2303
99456,99868,412,0,NTB,tipo assim,99456,99868,412,412,1.0,0,0
100294,101506,1212,0,GE-Phrase,239,99461,102171,2710,1212,1.0,833,-665
100294,101506,1212,0,NTB,realmente o avião que a gente vai voar,100294,101506,1212,1212,1.0,0,0
102256,103393,1137,0,GE-Phrase,240,102171,104002,1831,1137,1.0,85,-609
102256,103393,1137,0,NTB,fazer ensaio nele,102256,103393,1137,1137,1.0,0,0
103393,106072,2679,0,GE-Phrase,240,102171,104002,1831,609,0.227,1222,2070
103393,106072,2679,0,NTB,que tem essa parte também,103393,106072,2679,2679,1.0,0,0
112081,113696,1615,0,GE-Phrase,241,111522,113521,1999,1440,0.892,559,175
112081,113696,1615,0,GE-Phrase,242,113521,115411,1890,175,0.108,-1440,-1715
112081,113696,1615,0,NTB,que é aquelas coisa que fica mexendo e,112081,113696,1615,1615,1.0,0,0
113696,114860,1164,0,GE-Phrase,242,113521,115411,1890,1164,1.0,175,-551
113696,114860,1164,0,NTB,que tem várias corzinhas,113696,114860,1164,1164,1.0,0,0
114860,115793,933,0,GE-Phrase,242,113521,115411,1890,551,0.591,1339,382
114860,115793,933,0,NTB,bonitinhas e +,114860,115793,933,933,1.0,0,0
85824,88041,2217,0,GE-Phrase,233,85300,86352,1052,528,0.238,524,1689
85824,88041,2217,0,GE-Phrase,234,86352,87587,1235,1235,0.557,-528,454
85824,88041,2217,0,GE-Phrase,235,87587,88868,1281,454,0.205,-1763,-827
85824,88041,2217,0,NTB,que roda umas otimizações lá,85824,88041,2217,2217,1.0,0,0
88041,89282,1241,0,GE-Phrase,235,87587,88868,1281,827,0.666,454,414
88041,89282,1241,0,NTB,umas viagem,88041,89282,1241,1241,1.0,0,0
98828,99456,628,0,GE-Phrase,238,97522,99461,1939,628,1.0,1306,-5
98828,99456,628,0,NTB,normalmente é,98828,99456,628,628,1.0,0,0
99456,99868,412,0,GE-Phrase,238,97522,99461,1939,5,0.012,1934,407
99456,99868,412,0,GE-Phrase,239,99461,102171,2710,407,0.988,-5,-2303
99456,99868,412,0,NTB,tipo assim,99456,99868,412,412,1.0,0,0
100294,101506,1212,0,GE-Phrase,239,99461,102171,2710,1212,1.0,833,-665
100294,101506,1212,0,NTB,realmente o avião que a gente vai voar,100294,101506,1212,1212,1.0,0,0
102256,103393,1137,0,GE-Phrase,240,102171,104002,1831,1137,1.0,85,-609
102256,103393,1137,0,NTB,fazer ensaio nele,102256,103393,1137,1137,1.0,0,0
103393,106072,2679,0,GE-Phrase,240,102171,104002,1831,609,0.227,1222,2070
103393,106072,2679,0,NTB,que tem essa parte também,103393,106072,2679,2679,1.0,0,0
112081,113696,1615,0,GE-Phrase,241,111522,113521,1999,1440,0.892,559,175
112081,113696,1615,0,GE-Phrase,242,113521,115411,1890,175,0.108,-1440,-1715
112081,113696,1615,0,NTB,que é aquelas coisa que fica mexendo e,112081,113696,1615,1615,1.0,0,0
113696,114860,1164,0,GE-Phrase,242,113521,115411,1890,1164,1.0,175,-551
113696,114860,1164,0,NTB,que tem várias corzinhas,113696,114860,1164,1164,1.0,0,0
114860,115793,933,0,GE-Phrase,242,113521,115411,1890,551,0.591,1339,382
114860,115793,933,0,NTB,bonitinhas e +,114860,115793,933,933,1.0,0,0
85824,88041,2217,0,GE-Phrase,233,85300,86352,1052,528,0.238,524,1689
85824,88041,2217,0,GE-Phrase,234,86352,87587,1235,1235,0.557,-528,454
85824,88041,2217,0,GE-Phrase,235,87587,88868,1281,454,0.205,-1763,-827
85824,88041,2217,0,NTB,que roda umas otimizações lá,85824,88041,2217,2217,1.0,0,0
88041,89282,1241,0,GE-Phrase,235,87587,88868,1281,827,0.666,454,414
88041,89282,1241,0,NTB,umas viagem,88041,89282,1241,1241,1.0,0,0
98828,99456,628,0,GE-Phrase,238,97522,99461,1939,628,1.0,1306,-5
98828,99456,628,0,NTB,normalmente é,98828,99456,628,628,1.0,0,0
99456,99868,412,0,GE-Phrase,238,97522,99461,1939,5,0.012,1934,407
99456,99868,412,0,GE-Phrase,239,99461,102171,2710,407,0.988,-5,-2303
99456,99868,412,0,NTB,tipo assim,99456,99868,412,412,1.0,0,0
100294,101506,1212,0,GE-Phrase,239,99461,102171,2710,1212,1.0,833,-665
100294,101506,1212,0,NTB,realmente o avião que a gente vai voar,100294,101506,1212,1212,1.0,0,0
102256,103393,1137,0,GE-Phrase,240,102171,104002,1831,1137,1.0,85,-609
102256,103393,1137,0,NTB,fazer ensaio nele,102256,103393,1137,1137,1.0,0,0
103393,106072,2679,0,GE-Phrase,240,102171,104002,1831,609,0.227,1222,2070
103393,106072,2679,0,NTB,que tem essa parte também,103393,106072,2679,2679,1.0,0,0
112081,113696,1615,0,GE-Phrase,241,111522,113521,1999,1440,0.892,559,175
112081,113696,1615,0,GE-Phrase,242,113521,115411,1890,175,0.108,-1440,-1715
112081,113696,1615,0,NTB,que é aquelas coisa que fica mexendo e,112081,113696,1615,1615,1.0,0,0
113696,114860,1164,0,GE-Phrase,242,113521,115411,1890,1164,1.0,175,-551
113696,114860,1164,0,NTB,que tem várias corzinhas,113696,114860,1164,1164,1.0,0,0
114860,115793,933,0,GE-Phrase,242,113521,115411,1890,551,0.591,1339,382
114860,115793,933,0,NTB,bonitinhas e +,114860,115793,933,933,1.0,0,0
85824,88041,2217,0,GE-Phrase,233,85300,86352,1052,528,0.238,524,1689
85824,88041,2217,0,GE-Phrase,234,86352,87587,1235,1235,0.557,-528,454
85824,88041,2217,0,GE-Phrase,235,87587,88868,1281,454,0.205,-1763,-827
85824,88041,2217,0,NTB,que roda umas otimizações lá,85824,88041,2217,2217,1.0,0,0
88041,89282,1241,0,GE-Phrase,235,87587,88868,1281,827,0.666,454,414
88041,89282,1241,0,NTB,umas viagem,88041,89282,1241,1241,1.0,0,0
98828,99456,628,0,GE-Phrase,238,97522,99461,1939,628,1.0,1306,-5
98828,99456,628,0,NTB,normalmente é,98828,99456,628,628,1.0,0,0
99456,99868,412,0,GE-Phrase,238,97522,99461,1939,5,0.012,1934,407
99456,99868,412,0,GE-Phrase,239,99461,102171,2710,407,0.988,-5,-2303
99456,99868,412,0,NTB,tipo assim,99456,99868,412,412,1.0,0,0
100294,101506,1212,0,GE-Phrase,239,99461,102171,2710,1212,1.0,833,-665
100294,101506,1212,0,NTB,realmente o avião que a gente vai voar,100294,101506,1212,1212,1.0,0,0
102256,103393,1137,0,GE-Phrase,240,102171,104002,1831,1137,1.0,85,-609
102256,103393,1137,0,NTB,fazer ensaio nele,102256,103393,1137,1137,1.0,0,0
103393,106072,2679,0,GE-Phrase,240,102171,104002,1831,609,0.227,1222,2070
103393,106072,2679,0,NTB,que tem essa parte também,103393,106072,2679,2679,1.0,0,0
112081,113696,1615,0,GE-Phrase,241,111522,113521,1999,1440,0.892,559,175
112081,113696,1615,0,GE-Phrase,242,113521,115411,1890,175,0.108,-1440,-1715
112081,113696,1615,0,NTB,que é aquelas coisa que fica mexendo e,112081,113696,1615,1615,1.0,0,0
113696,114860,1164,0,GE-Phrase,242,113521,115411,1890,1164,1.0,175,-551
113696,114860,1164,0,NTB,que tem várias corzinhas,113696,114860,1164,1164,1.0,0,0
114860,115793,933,0,GE-Phrase,242,113521,115411,1890,551,0.591,1339,382
114860,115793,933,0,NTB,bonitinhas e +,114860,115793,933,933,1.0,0,0
85824,88041,2217,0,GE-Phrase,233,85300,86352,1052,528,0.238,524,1689
85824,88041,2217,0,GE-Phrase,234,86352,87587,1235,1235,0.557,-528,454
85824,88041,2217,0,GE-Phrase,235,87587,88868,1281,454,0.205,-1763,-827
85824,88041,2217,0,NTB,que roda umas otimizações lá,85824,88041,2217,2217,1.0,0,0
88041,89282,1241,0,GE-Phrase,235,87587,88868,1281,827,0.666,454,414
88041,89282,1241,0,NTB,umas viagem,88041,89282,1241,1241,1.0,0,0
98828,99456,628,0,GE-Phrase,238,97522,99461,1939,628,1.0,1306,-5
98828,99456,628,0,NTB,normalmente é,98828,99456,628,628,1.0,0,0
99456,99868,412,0,GE-Phrase,238,97522,99461,1939,5,0.012,1934,407
99456,99868,412,0,GE-Phrase,239,99461,102171,2710,407,0.988,-5,-2303
99456,99868,412,0,NTB,tipo assim,99456,99868,412,412,1.0,0,0
100294,101506,1212,0,GE-Phrase,239,99461,102171,2710,1212,1.0,833,-665
100294,101506,1212,0,NTB,realmente o avião que a gente vai voar,100294,101506,1212,1212,1.0,0,0
102256,103393,1137,0,GE-Phrase,240,102171,104002,1831,1137,1.0,85,-609
102256,103393,1137,0,NTB,fazer ensaio nele,102256,103393,1137,1137,1.0,0,0
103393,106072,2679,0,GE-Phrase,240,102171,104002,1831,609,0.227,1222,2070
103393,106072,2679,0,NTB,que tem essa parte também,103393,106072,2679,2679,1.0,0,0
112081,113696,1615,0,GE-Phrase,241,111522,113521,1999,1440,0.892,559,175
112081,113696,1615,0,GE-Phrase,242,113521,115411,1890,175,0.108,-1440,-1715
112081,113696,1615,0,NTB,que é aquelas coisa que fica mexendo e,112081,113696,1615,1615,1.0,0,0
113696,114860,1164,0,GE-Phrase,242,113521,115411,1890,1164,1.0,175,-551
113696,114860,1164,0,NTB,que tem várias corzinhas,113696,114860,1164,1164,1.0,0,0
114860,115793,933,0,GE-Phrase,242,113521,115411,1890,551,0.591,1339,382
114860,115793,933,0,NTB,bonitinhas e +,114860,115793,933,933,1.0,0,0
85824,88041,2217,0,GE-Phrase,233,85300,86352,1052,528,0.238,524,1689
85824,88041,2217,0,GE-Phrase,234,86352,87587,1235,1235,0.557,-528,454
85824,88041,2217,0,GE-Phrase,235,87587,88868,1281,454,0.205,-1763,-827
85824,88041,2217,0,NTB,que roda umas otimizações lá,85824,88041,2217,2217,1.0,0,0
88041,89282,1241,0,GE-Phrase,235,87587,88868,1281,827,0.666,454,414
88041,89282,1241,0,NTB,umas viagem,88041,89282,1241,1241,1.0,0,0
98828,99456,628,0,GE-Phrase,238,97522,99461,1939,628,1.0,1306,-5
98828,99456,628,0,NTB,normalmente é,98828,99456,628,628,1.0,0,0
99456,99868,412,0,GE-Phrase,238,97522,99461,1939,5,0.012,1934,407
99456,99868,412,0,GE-Phrase,239,99461,102171,2710,407,0.988,-5,-2303
99456,99868,412,0,NTB,tipo assim,99456,99868,412,412,1.0,0,0
100294,101506,1212,0,GE-Phrase,239,99461,102171,2710,1212,1.0,833,-665
100294,101506,1212,0,NTB,realmente o avião que a gente vai voar,100294,101506,1212,1212,1.0,0,0
102256,103393,1137,0,GE-Phrase,240,102171,104002,1831,1137,1.0,85,-609
102256,103393,1137,0,NTB,fazer ensaio nele,102256,103393,1137,1137,1.0,0,0
103393,106072,2679,0,GE-Phrase,240,102171,104002,1831,609,0.227,1222,2070
103393,106072,2679,0,NTB,que tem essa parte também,103393,106072,2679,2679,1.0,0,0
112081,113696,1615,0,GE-Phrase,241,111522,113521,1999,1440,0.892,559,175
112081,113696,1615,0,GE-Phrase,242,113521,115411,1890,175,0.108,-1440,-1715
112081,113696,1615,0,NTB,que é aquelas coisa que fica mexendo e,112081,113696,1615,1615,1.0,0,0
113696,114860,1164,0,GE-Phrase,242,113521,115411,1890,1164,1.0,175,-551
113696,114860,1164,0,NTB,que tem várias corzinhas,113696,114860,1164,1164,1.0,0,0
114860,115793,933,0,GE-Phrase,242,113521,115411,1890,551,0.591,1339,382
114860,115793,933,0,NTB,bonitinhas e +,114860,115793,933,933,1.0,0,0
85824,88041,2217,0,GE-Phrase,233,85300,86352,1052,528,0.238,524,1689
85824,88041,2217,0,GE-Phrase,234,86352,87587,1235,1235,0.557,-528,454
85824,88041,2217,0,GE-Phrase,235,87587,88868,1281,454,0.205,-1763,-827
85824,88041,2217,0,NTB,que roda umas otimizações lá,85824,88041,2217,2217,1.0,0,0
88041,89282,1241,0,GE-Phrase,235,87587,88868,1281,827,0.666,454,414
88041,89282,1241,0,NTB,umas viagem,88041,89282,1241,1241,1.0,0,0
98828,99456,628,0,GE-Phrase,238,97522,99461,1939,628,1.0,1306,-5
98828,99456,628,0,NTB,normalmente é,98828,99456,628,628,1.0,0,0
99456,99868,412,0,GE-Phrase,238,97522,99461,1939,5,0.012,1934,407
99456,99868,412,0,GE-Phrase,239,99461,102171,2710,407,0.988,-5,-2303
99456,99868,412,0,NTB,tipo assim,99456,99868,412,412,1.0,0,0
100294,101506,1212,0,GE-Phrase,239,99461,102171,2710,1212,1.0,833,-665
100294,101506,1212,0,NTB,realmente o avião que a gente vai voar,100294,101506,1212,1212,1.0,0,0
102256,103393,1137,0,GE-Phrase,240,102171,104002,1831,1137,1.0,85,-609
102256,103393,1137,0,NTB,fazer ensaio nele,102256,103393,1137,1137,1.0,0,0
103393,106072,2679,0,GE-Phrase,240,102171,104002,1831,609,0.227,1222,2070
103393,106072,2679,0,NTB,que tem essa parte também,103393,106072,2679,2679,1.0,0,0
112081,113696,1615,0,GE-Phrase,241,111522,113521,1999,1440,0.892,559,175
112081,113696,1615,0,GE-Phrase,242,113521,115411,1890,175,0.108,-1440,-1715
112081,113696,1615,0,NTB,que é aquelas coisa que fica mexendo e,112081,113696,1615,1615,1.0,0,0
113696,114860,1164,0,GE-Phrase,242,113521,115411,1890,1164,1.0,175,-551
113696,114860,1164,0,NTB,que tem várias corzinhas,113696,114860,1164,1164,1.0,0,0
114860,115793,933,0,GE-Phrase,242,113521,115411,1890,551,0.591,1339,382
114860,115793,933,0,NTB,bonitinhas e +,114860,115793,933,933,1.0,0,0
85824,88041,2217,0,GE-Phrase,233,85300,86352,1052,528,0.238,524,1689
85824,88041,2217,0,GE-Phrase,234,86352,87587,1235,1235,0.557,-528,454
85824,88041,2217,0,GE-Phrase,235,87587,88868,1281,454,0.205,-1763,-827
85824,88041,2217,0,NTB,que roda umas otimizações lá,85824,88041,2217,2217,1.0,0,0
88041,89282,1241,0,GE-Phrase,235,87587,88868,1281,827,0.666,454,414
88041,89282,1241,0,NTB,umas viagem,88041,89282,1241,1241,1.0,0,0
98828,99456,628,0,GE-Phrase,238,97522,99461,1939,628,1.0,1306,-5
98828,99456,628,0,NTB,normalmente é,98828,99456,628,628,1.0,0,0
99456,99868,412,0,GE-Phrase,238,97522,99461,1939,5,0.012,1934,407
99456,99868,412,0,GE-Phrase,239,99461,102171,2710,407,0.988,-5,-2303
99456,99868,412,0,NTB,tipo assim,99456,99868,412,412,1.0,0,0
100294,101506,1212,0,GE-Phrase,239,99461,102171,2710,1212,1.0,833,-665
100294,101506,1212,0,NTB,realmente o avião que a gente vai voar,100294,101506,1212,1212,1.0,0,0
102256,103393,1137,0,GE-Phrase,240,102171,104002,1831,1137,1.0,85,-609
102256,103393,1137,0,NTB,fazer ensaio nele,102256,103393,1137,1137,1.0,0,0
103393,106072,2679,0,GE-Phrase,240,102171,104002,1831,609,0.227,1222,2070
103393,106072,2679,0,NTB,que tem essa parte também,103393,106072,2679,2679,1.0,0,0
112081,113696,1615,0,GE-Phrase,241,111522,113521,1999,1440,0.892,559,175
112081,113696,1615,0,GE-Phrase,242,113521,115411,1890,175,0.108,-1440,-1715
112081,113696,1615,0,NTB,que é aquelas coisa que fica mexendo e,112081,113696,1615,1615,1.0,0,0
113696,114860,1164,0,GE-Phrase,242,113521,115411,1890,1164,1.0,175,-551
113696,114860,1164,0,NTB,que tem várias corzinhas,113696,114860,1164,1164,1.0,0,0
114860,115793,933,0,GE-Phrase,242,113521,115411,1890,551,0.591,1339,382
114860,115793,933,0,NTB,bonitinhas e +,114860,115793,933,933,1.0,0,0
85824,88041,2217,0,GE-Phrase,233,85300,86352,1052,528,0.238,524,1689
85824,88041,2217,0,GE-Phrase,234,86352,87587,1235,1235,0.557,-528,454
85824,88041,2217,0,GE-Phrase,235,87587,88868,1281,454,0.205,-1763,-827
85824,88041,2217,0,NTB,que roda umas otimizações lá,85824,88041,2217,2217,1.0,0,0
88041,89282,1241,0,GE-Phrase,235,87587,88868,1281,827,0.666,454,414
88041,89282,1241,0,NTB,umas viagem,88041,89282,1241,1241,1.0,0,0
98828,99456,628,0,GE-Phrase,238,97522,99461,1939,628,1.0,1306,-5
98828,99456,628,0,NTB,normalmente é,98828,99456,628,628,1.0,0,0
99456,99868,412,0,GE-Phrase,238,97522,99461,1939,5,0.012,1934,407
99456,99868,412,0,GE-Phrase,239,99461,102171,2710,407,0.988,-5,-2303
99456,99868,412,0,NTB,tipo assim,99456,99868,412,412,1.0,0,0
100294,101506,1212,0,GE-Phrase,239,99461,102171,2710,1212,1.0,833,-665
100294,101506,1212,0,NTB,realmente o avião que a gente vai voar,100294,101506,1212,1212,1.0,0,0
102256,103393,1137,0,GE-Phrase,240,102171,104002,1831,1137,1.0,85,-609
102256,103393,1137,0,NTB,fazer ensaio nele,102256,103393,1137,1137,1.0,0,0
103393,106072,2679,0,GE-Phrase,240,102171,104002,1831,609,0.227,1222,2070
103393,106072,2679,0,NTB,que tem essa parte também,103393,106072,2679,2679,1.0,0,0
112081,113696,1615,0,GE-Phrase,241,111522,113521,1999,1440,0.892,559,175
112081,113696,1615,0,GE-Phrase,242,113521,115411,1890,175,0.108,-1440,-1715
112081,113696,1615,0,NTB,que é aquelas coisa que fica mexendo e,112081,113696,1615,1615,1.0,0,0
113696,114860,1164,0,GE-Phrase,242,113521,115411,1890,1164,1.0,175,-551
113696,114860,1164,0,NTB,que tem várias corzinhas,113696,114860,1164,1164,1.0,0,0
114860,115793,933,0,GE-Phrase,242,113521,115411,1890,551,0.591,1339,382
114860,115793,933,0,NTB,bonitinhas e +,114860,115793,933,933,1.0,0,0
85824,88041,2217,0,GE-Phrase,233,85300,86352,1052,528,0.238,524,1689
85824,88041,2217,0,GE-Phrase,234,86352,87587,1235,1235,0.557,-528,454
85824,88041,2217,0,GE-Phrase,235,87587,88868,1281,454,0.205,-1763,-827
85824,88041,2217,0,NTB,que roda umas otimizações lá,85824,88041,2217,2217,1.0,0,0
88041,89282,1241,0,GE-Phrase,235,87587,88868,1281,827,0.666,454,414
88041,89282,1241,0,NTB,umas viagem,88041,89282,1241,1241,1.0,0,0
98828,99456,628,0,GE-Phrase,238,97522,99461,1939,628,1.0,1306,-5
98828,99456,628,0,NTB,normalmente é,98828,99456,628,628,1.0,0,0
99456,99868,412,0,GE-Phrase,238,97522,99461,1939,5,0.012,1934,407
99456,99868,412,0,GE-Phrase,239,99461,102171,2710,407,0.988,-5,-2303
99456,99868,412,0,NTB,tipo assim,99456,99868,412,412,1.0,0,0
100294,101506,1212,0,GE-Phrase,239,99461,102171,2710,1212,1.0,833,-665
100294,101506,1212,0,NTB,realmente o avião que a gente vai voar,100294,101506,1212,1212,1.0,0,0
102256,103393,1137,0,GE-Phrase,240,102171,104002,1831,1137,1.0,85,-609
102256,103393,1137,0,NTB,fazer ensaio nele,102256,103393,1137,1137,1.0,0,0
103393,106072,2679,0,GE-Phrase,240,102171,104002,1831,609,0.227,1222,2070
103393,106072,2679,0,NTB,que tem essa parte também,103393,106072,2679,2679,1.0,0,0
112081,113696,1615,0,GE-Phrase,241,111522,113521,1999,1440,0.892,559,175
112081,113696,1615,0,GE-Phrase,242,113521,115411,1890,175,0.108,-1440,-1715
112081,113696,1615,0,NTB,que é aquelas coisa que fica mexendo e,112081,113696,1615,1615,1.0,0,0
113696,114860,1164,0,GE-Phrase,242,113521,115411,1890,1164,1.0,175,-551
113696,114860,1164,0,NTB,que tem várias corzinhas,113696,114860,1164,1164,1.0,0,0
114860,115793,933,0,GE-Phrase,242,113521,115411,1890,551,0.591,1339,382
114860,115793,933,0,NTB,bonitinhas e +,114860,115793,933,933,1.0,0,0
85824,88041,2217,0,GE-Phrase,233,85300,86352,1052,528,0.238,524,1689
85824,88041,2217,0,GE-Phrase,234,86352,87587,1235,1235,0.557,-528,454
85824,88041,2217,0,GE-Phrase,235,87587,88868,1281,454,0.205,-1763,-827
85824,88041,2217,0,NTB,que roda umas otimizações lá,85824,88041,2217,2217,1.0,0,0
88041,89282,1241,0,GE-Phrase,235,87587,88868,1281,827,0.666,454,414
88041,89282,1241,0,NTB,umas viagem,88041,89282,1241,1241,1.0,0,0
98828,99456,628,0,GE-Phrase,238,97522,99461,1939,628,1.0,1306,-5
98828,99456,628,0,NTB,normalmente é,98828,99456,628,628,1.0,0,0
99456,99868,412,0,GE-Phrase,238,97522,99461,1939,5,0.012,1934,407
99456,99868,412,0,GE-Phrase,239,99461,102171,2710,407,0.988,-5,-2303
99456,99868,412,0,NTB,tipo assim,99456,99868,412,412,1.0,0,0
100294,101506,1212,0,GE-Phrase,239,99461,102171,2710,1212,1.0,833,-665
100294,101506,1212,0,NTB,realmente o avião que a gente vai voar,100294,101506,1212,1212,1.0,0,0
102256,103393,1137,0,GE-Phrase,240,102171,104002,1831,1137,1.0,85,-609
102256,103393,1137,0,NTB,fazer ensaio nele,102256,103393,1137,1137,1.0,0,0
103393,106072,2679,0,GE-Phrase,240,102171,104002,1831,609,0.227,1222,2070
103393,106072,2679,0,NTB,que tem essa parte também,103393,106072,2679,2679,1.0,0,0
112081,113696,1615,0,GE-Phrase,241,111522,113521,1999,1440,0.892,559,175
112081,113696,1615,0,GE-Phrase,242,113521,115411,1890,175,0.108,-1440,-1715
112081,113696,1615,0,NTB,que é aquelas coisa que fica mexendo e,112081,113696,1615,1615,1.0,0,0
113696,114860,1164,0,GE-Phrase,242,113521,115411,1890,1164,1.0,175,-551
113696,114860,1164,0,NTB,que tem várias corzinhas,113696,114860,1164,1164,1.0,0,0
114860,115793,933,0,GE-Phrase,242,113521,115411,1890,551,0.591,1339,382
114860,115793,933,0,NTB,bonitinhas e +,114860,115793,933,933,1.0,0,0
85824,88041,2217,0,GE-Phrase,233,85300,86352,1052,528,0.238,524,1689
85824,88041,2217,0,GE-Phrase,234,86352,87587,1235,1235,0.557,-528,454
85824,88041,2217,0,GE-Phrase,235,87587,88868,1281,454,0.205,-1763,-827
85824,88041,2217,0,NTB,que roda umas otimizações lá,85824,88041,2217,2217,1.0,0,0
88041,89282,1241,0,GE-Phrase,235,87587,88868,1281,827,0.666,454,414
88041,89282,1241,0,NTB,umas viagem,88041,89282,1241,1241,1.0,0,0
98828,99456,628,0,GE-Phrase,238,97522,99461,1939,628,1.0,1306,-5
98828,99456,628,0,NTB,normalmente é,98828,99456,628,628,1.0,0,0
99456,99868,412,0,GE-Phrase,238,97522,99461,1939,5,0.012,1934,407
99456,99868,412,0,GE-Phrase,239,99461,102171,2710,407,0.988,-5,-2303
99456,99868,412,0,NTB,tipo assim,99456,99868,412,412,1.0,0,0
100294,101506,1212,0,GE-Phrase,239,99461,102171,2710,1212,1.0,833,-665
100294,101506,1212,0,NTB,realmente o avião que a gente vai voar,100294,101506,1212,1212,1.0,0,0
102256,103393,1137,0,GE-Phrase,240,102171,104002,1831,1137,1.0,85,-609
102256,103393,1137,0,NTB,fazer ensaio nele,102256,103393,1137,1137,1.0,0,0
103393,106072,2679,0,GE-Phrase,240,102171,104002,1831,609,0.227,1222,2070
103393,106072,2679,0,NTB,que tem essa parte também,103393,106072,2679,2679,1.0,0,0
112081,113696,1615,0,GE-Phrase,241,111522,113521,1999,1440,0.892,559,175
112081,113696,1615,0,GE-Phrase,242,113521,115411,1890,175,0.108,-1440,-1715
112081,113696,1615,0,NTB,que é aquelas coisa que fica mexendo e,112081,113696,1615,1615,1.0,0,0
113696,114860,1164,0,GE-Phrase,242,113521,115411,1890,1164,1.0,175,-551
113696,114860,1164,0,NTB,que tem várias corzinhas,113696,114860,1164,1164,1.0,0,0
114860,115793,933,0,GE-Phrase,242,113521,115411,1890,551,0.591,1339,382
114860,115793,933,0,NTB,bonitinhas e +,114860,115793,933,933,1.0,0,0
85824,88041,2217,0,GE-Phrase,233,85300,86352,1052,528,0.238,524,1689
85824,88041,2217,0,GE-Phrase,234,86352,87587,1235,1235,0.557,-528,454
85824,88041,2217,0,GE-Phrase,235,87587,88868,1281,454,0.205,-1763,-827
85824,88041,2217,0,NTB,que roda umas otimizações lá,85824,88041,2217,2217,1.0,0,0
88041,89282,1241,0,GE-Phrase,235,87587,88868,1281,827,0.666,454,414
88041,89282,1241,0,NTB,umas viagem,88041,89282,1241,1241,1.0,0,0
98828,99456,628,0,GE-Phrase,238,97522,99461,1939,628,1.0,1306,-5
98828,99456,628,0,NTB,normalmente é,98828,99456,628,628,1.0,0,0
99456,99868,412,0,GE-Phrase,238,97522,99461,1939,5,0.012,1934,407
99456,99868,412,0,GE-Phrase,239,99461,102171,2710,407,0.988,-5,-2303
99456,99868,412,0,NTB,tipo assim,99456,99868,412,412,1.0,0,0
100294,101506,1212,0,GE-Phrase,239,99461,102171,2710,1212,1.0,833,-665
100294,101506,1212,0,NTB,realmente o avião que a gente vai voar,100294,101506,1212,1212,1.0,0,0
102256,103393,1137,0,GE-Phrase,240,102171,104002,1831,1137,1.0,85,-609
102256,103393,1137,0,NTB,fazer ensaio nele,102256,103393,1137,1137,1.0,0,0
103393,106072,2679,0,GE-Phrase,240,102171,104002,1831,609,0.227,1222,2070
103393,106072,2679,0,NTB,que tem essa parte também,103393,106072,2679,2679,1.0,0,0
112081,113696,1615,0,GE-Phrase,241,111522,113521,1999,1440,0.892,559,175
112081,113696,1615,0,GE-Phrase,242,113521,115411,1890,175,0.108,-1440,-1715
112081,113696,1615,0,NTB,que é aquelas coisa que fica mexendo e,112081,113696,1615,1615,1.0,0,0
113696,114860,1164,0,GE-Phrase,242,113521,115411,1890,1164,1.0,175,-551
113696,114860,1164,0,NTB,que tem várias corzinhas,113696,114860,1164,1164,1.0,0,0
114860,115793,933,0,GE-Phrase,242,113521,115411,1890,551,0.591,1339,382
114860,115793,933,0,NTB,bonitinhas e +,114860,115793,933,933,1.0,0,0
85824,88041,2217,0,GE-Phrase,233,85300,86352,1052,528,0.238,524,1689
85824,88041,2217,0,GE-Phrase,234,86352,87587,1235,1235,0.557,-528,454
85824,88041,2217,0,GE-Phrase,235,87587,88868,1281,454,0.205,-1763,-827
85824,88041,2217,0,NTB,que roda umas otimizações lá,85824,88041,2217,2217,1.0,0,0
88041,89282,1241,0,GE-Phrase,235,87587,88868,1281,827,0.666,454,414
88041,89282,1241,0,NTB,umas viagem,88041,89282,1241,1241,1.0,0,0
98828,99456,628,0,GE-Phrase,238,97522,99461,1939,628,1.0,1306,-5
98828,99456,628,0,NTB,normalmente é,98828,99456,628,628,1.0,0,0
99456,99868,412,0,GE-Phrase,238,97522,99461,1939,5,0.012,1934,407
99456,99868,412,0,GE-Phrase,239,99461,102171,2710,407,0.988,-5,-2303
99456,99868,412,0,NTB,tipo assim,99456,99868,412,412,1.0,0,0
100294,101506,1212,0,GE-Phrase,239,99461,102171,2710,1212,1.0,833,-665
100294,101506,1212,0,NTB,realmente o avião que a gente vai voar,100294,101506,1212,1212,1.0,0,0
102256,103393,1137,0,GE-Phrase,240,102171,104002,1831,1137,1.0,85,-609
102256,103393,1137,0,NTB,fazer ensaio nele,102256,103393,1137,1137,1.0,0,0
103393,106072,2679,0,GE-Phrase,240,102171,104002,1831,609,0.227,1222,2070
103393,106072,2679,0,NTB,que tem essa parte também,103393,106072,2679,2679,1.0,0,0
112081,113696,1615,0,GE-Phrase,241,111522,113521,1999,1440,0.892,559,175
112081,113696,1615,0,GE-Phrase,242,113521,115411,1890,175,0.108,-1440,-1715
112081,113696,1615,0,NTB,que é aquelas coisa que fica mexendo e,112081,113696,1615,1615,1.0,0,0
113696,114860,1164,0,GE-Phrase,242,113521,115411,1890,1164,1.0,175,-551
113696,114860,1164,0,NTB,que tem várias corzinhas,113696,114860,1164,1164,1.0,0,0
114860,115793,933,0,GE-Phrase,242,113521,115411,1890,551,0.591,1339,382
114860,115793,933,0,NTB,bonitinhas e +,114860,115793,933,933,1.0,0,0
85824,88041,2217,0,GE-Phrase,233,85300,86352,1052,528,0.238,524,1689
85824,88041,2217,0,GE-Phrase,234,86352,87587,1235,1235,0.557,-528,454
85824,88041,2217,0,GE-Phrase,235,87587,88868,1281,454,0.205,-1763,-827
85824,88041,2217,0,NTB,que roda umas otimizações lá,85824,88041,2217,2217,1.0,0,0
88041,89282,1241,0,GE-Phrase,235,87587,88868,1281,827,0.666,454,414
88041,89282,1241,0,NTB,umas viagem,88041,89282,1241,1241,1.0,0,0
98828,99456,628,0,GE-Phrase,238,97522,99461,1939,628,1.0,1306,-5
98828,99456,628,0,NTB,normalmente é,98828,99456,628,628,1.0,0,0
99456,99868,412,0,GE-Phrase,238,97522,99461,1939,5,0.012,1934,407
99456,99868,412,0,GE-Phrase,239,99461,102171,2710,407,0.988,-5,-2303
99456,99868,412,0,NTB,tipo assim,99456,99868,412,412,1.0,0,0
100294,101506,1212,0,GE-Phrase,239,99461,102171,2710,1212,1.0,833,-665
100294,101506,1212,0,NTB,realmente o avião que a gente vai voar,100294,101506,1212,1212,1.0,0,0
102256,103393,1137,0,GE-Phrase,240,102171,104002,1831,1137,1.0,85,-609
102256,103393,1137,0,NTB,fazer ensaio nele,102256,103393,1137,1137,1.0,0,0
103393,106072,2679,0,GE-Phrase,240,102171,104002,1831,609,0.227,1222,2070
103393,106072,2679,0,NTB,que tem essa parte também,103393,106072,2679,2679,1.0,0,0
112081,113696,1615,0,GE-Phrase,241,111522,113521,1999,1440,0.892,559,175
112081,113696,1615,0,GE-Phrase,242,113521,115411,1890,175,0.108,-1440,-1715
112081,113696,1615,0,NTB,que é aquelas coisa que fica mexendo e,112081,113696,1615,1615,1.0,0,0
113696,114860,1164,0,GE-Phrase,242,113521,115411,1890,1164,1.0,175,-551
113696,114860,1164,0,NTB,que tem várias corzinhas,113696,114860,1164,1164,1.0,0,0
114860,115793,933,0,GE-Phrase,242,113521,115411,1890,551,0.591,1339,382
114860,115793,933,0,NTB,bonitinhas e +,114860,115793,933,933,1.0,0,0
85824,88041,2217,0,GE-Phrase,233,85300,86352,1052,528,0.238,524,1689
85824,88041,2217,0,GE-Phrase,234,86352,87587,1235,1235,0.557,-528,454
85824,88041,2217,0,GE-Phrase,235,87587,88868,1281,454,0.205,-1763,-827
85824,88041,2217,0,NTB,que roda umas otimizações lá,85824,88041,2217,2217,1.0,0,0
88041,89282,1241,0,GE-Phrase,235,87587,88868,1281,827,0.666,454,414
88041,89282,1241,0,NTB,umas viagem,88041,89282,1241,1241,1.0,0,0
98828,99456,628,0,GE-Phrase,238,97522,99461,1939,628,1.0,1306,-5
98828,99456,628,0,NTB,normalmente é,98828,99456,628,628,1.0,0,0
99456,99868,412,0,GE-Phrase,238,97522,99461,1939,5,0.012,1934,407
99456,99868,412,0,GE-Phrase,239,99461,102171,2710,407,0.988,-5,-2303
99456,99868,412,0,NTB,tipo assim,99456,99868,412,412,1.0,0,0
100294,101506,1212,0,GE-Phrase,239,99461,102171,2710,1212,1.0,833,-665
100294,101506,1212,0,NTB,realmente o avião que a gente vai voar,100294,101506,1212,1212,1.0,0,0
102256,103393,1137,0,GE-Phrase,240,102171,104002,1831,1137,1.0,85,-609
102256,103393,1137,0,NTB,fazer ensaio nele,102256,103393,1137,1137,1.0,0,0
103393,106072,2679,0,GE-Phrase,240,102171,104002,1831,609,0.227,1222,2070
103393,106072,2679,0,NTB,que tem essa parte também,103393,106072,2679,2679,1.0,0,0
112081,113696,1615,0,GE-Phrase,241,111522,113521,1999,1440,0.892,559,175
112081,113696,1615,0,GE-Phrase,242,113521,115411,1890,175,0.108,-1440,-1715
112081,113696,1615,0,NTB,que é aquelas coisa que fica mexendo e,112081,113696,1615,1615,1.0,0,0
113696,114860,1164,0,GE-Phrase,242,113521,115411,1890,1164,1.0,175,-551
113696,114860,1164,0,NTB,que tem várias corzinhas,113696,114860,1164,1164,1.0,0,0
114860,115793,933,0,GE-Phrase,242,113521,115411,1890,551,0.591,1339,382
114860,115793,933,0,NTB,bonitinhas e +,114860,115793,933,933,1.0,0,0
85824,88041,2217,0,GE-Phrase,233,85300,86352,1052,528,0.238,524,1689
85824,88041,2217,0,GE-Phrase,234,86352,87587,1235,1235,0.557,-528,454
85824,88041,2217,0,GE-Phrase,235,87587,88868,1281,454,0.205,-1763,-827
85824,88041,2217,0,NTB,que roda umas otimizações lá,85824,88041,2217,2217,1.0,0,0
88041,89282,1241,0,GE-Phrase,235,87587,88868,1281,827,0.666,454,414
88041,89282,1241,0,NTB,umas viagem,88041,89282,1241,1241,1.0,0,0
98828,99456,628,0,GE-Phrase,238,97522,99461,1939,628,1.0,1306,-5
98828,99456,628,0,NTB,normalmente é,98828,99456,628,628,1.0,0,0
99456,99868,412,0,GE-Phrase,238,97522,99461,1939,5,0.012,1934,407
99456,99868,412,0,GE-Phrase,239,99461,102171,2710,407,0.988,-5,-2303
99456,99868,412,0,NTB,tipo assim,99456,99868,412,412,1.0,0,0
100294,101506,1212,0,GE-Phrase,239,99461,102171,2710,1212,1.0,833,-665
100294,101506,1212,0,NTB,realmente o avião que a gente vai voar,100294,101506,1212,1212,1.0,0,0
102256,103393,1137,0,GE-Phrase,240,102171,104002,1831,1137,1.0,85,-609
102256,103393,1137,0,NTB,fazer ensaio nele,102256,103393,1137,1137,1.0,0,0
103393,106072,2679,0,GE-Phrase,240,102171,104002,1831,609,0.227,1222,2070
103393,106072,2679,0,NTB,que tem essa parte também,103393,106072,2679,2679,1.0,0,0
112081,113696,1615,0,GE-Phrase,241,111522,113521,1999,1440,0.892,559,175
112081,113696,1615,0,GE-Phrase,242,113521,115411,1890,175,0.108,-1440,-1715
112081,113696,1615,0,NTB,que é aquelas coisa que fica mexendo e,112081,113696,1615,1615,1.0,0,0
113696,114860,1164,0,GE-Phrase,242,113521,115411,1890,1164,1.0,175,-551
113696,114860,1164,0,NTB,que tem várias corzinhas,113696,114860,1164,1164,1.0,0,0
114860,115793,933,0,GE-Phrase,242,113521,115411,1890,551,0.591,1339,382
114860,115793,933,0,NTB,bonitinhas e +,114860,115793,933,933,1.0,0,0
85824,88041,2217,0,GE-Phrase,233,85300,86352,1052,528,0.238,524,1689
85824,88041,2217,0,GE-Phrase,234,86352,87587,1235,1235,0.557,-528,454
85824,88041,2217,0,GE-Phrase,235,87587,88868,1281,454,0.205,-1763,-827
85824,88041,2217,0,NTB,que roda umas otimizações lá,85824,88041,2217,2217,1.0,0,0
88041,89282,1241,0,GE-Phrase,235,87587,88868,1281,827,0.666,454,414
88041,89282,1241,0,NTB,umas viagem,88041,89282,1241,1241,1.0,0,0
98828,99456,628,0,GE-Phrase,238,97522,99461,1939,628,1.0,1306,-5
98828,99456,628,0,NTB,normalmente é,98828,99456,628,628,1.0,0,0
99456,99868,412,0,GE-Phrase,238,97522,99461,1939,5,0.012,1934,407
99456,99868,412,0,GE-Phrase,239,99461,102171,2710,407,0.988,-5,-2303
99456,99868,412,0,NTB,tipo assim,99456,99868,412,412,1.0,0,0
100294,101506,1212,0,GE-Phrase,239,99461,102171,2710,1212,1.0,833,-665
100294,101506,1212,0,NTB,realmente o avião que a gente vai voar,100294,101506,1212,1212,1.0,0,0
102256,103393,1137,0,GE-Phrase,240,102171,104002,1831,1137,1.0,85,-609
102256,103393,1137,0,NTB,fazer ensaio nele,102256,103393,1137,1137,1.0,0,0
103393,106072,2679,0,GE-Phrase,240,102171,104002,1831,609,0.227,1222,2070
103393,106072,2679,0,NTB,que tem essa parte também,103393,106072,2679,2679,1.0,0,0
112081,113696,1615,0,GE-Phrase,241,111522,113521,1999,1440,0.892,559,175
112081,113696,1615,0,GE-Phrase,242,113521,115411,1890,175,0.108,-1440,-1715
112081,113696,1615,0,NTB,que é aquelas coisa que fica mexendo e,112081,113696,1615,1615,1.0,0,0
113696,114860,1164,0,GE-Phrase,242,113521,115411,1890,1164,1.0,175,-551
113696,114860,1164,0,NTB,que tem várias corzinhas,113696,114860,1164,1164,1.0,0,0
114860,115793,933,0,GE-Phrase,242,113521,115411,1890,551,0.591,1339,382
114860,115793,933,0,NTB,bonitinhas e +,114860,115793,933,933,1.0,0,0
85824,88041,2217,0,GE-Phrase,233,85300,86352,1052,528,0.238,524,1689
85824,88041,2217,0,GE-Phrase,234,86352,87587,1235,1235,0.557,-528,454
85824,88041,2217,0,GE-Phrase,235,87587,88868,1281,454,0.205,-1763,-827
85824,88041,2217,0,NTB,que roda umas otimizações lá,85824,88041,2217,2217,1.0,0,0
88041,89282,1241,0,GE-Phrase,235,87587,88868,1281,827,0.666,454,414
88041,89282,1241,0,NTB,umas viagem,88041,89282,1241,1241,1.0,0,0
98828,99456,628,0,GE-Phrase,238,97522,99461,1939,628,1.0,1306,-5
98828,99456,628,0,NTB,normalmente é,98828,99456,628,628,1.0,0,0
99456,99868,412,0,GE-Phrase,238,97522,99461,1939,5,0.012,1934,407
99456,99868,412,0,GE-Phrase,239,99461,102171,2710,407,0.988,-5,-2303
99456,99868,412,0,NTB,tipo assim,99456,99868,412,412,1.0,0,0
100294,101506,1212,0,GE-Phrase,239,99461,102171,2710,1212,1.0,833,-665
100294,101506,1212,0,NTB,realmente o avião que a gente vai voar,100294,101506,1212,1212,1.0,0,0
102256,103393,1137,0,GE-Phrase,240,102171,104002,1831,1137,1.0,85,-609
102256,103393,1137,0,NTB,fazer ensaio nele,102256,103393,1137,1137,1.0,0,0
103393,106072,2679,0,GE-Phrase,240,102171,104002,1831,609,0.227,1222,2070
103393,106072,2679,0,NTB,que tem essa parte também,103393,106072,2679,2679,1.0,0,0
112081,113696,1615,0,GE-Phrase,241,111522,113521,1999,1440,0.892,559,175
112081,113696,1615,0,GE-Phrase,242,113521,115411,1890,175,0.108,-1440,-1715
112081,113696,1615,0,NTB,que é aquelas coisa que fica mexendo e,112081,113696,1615,1615,1.0,0,0
113696,114860,1164,0,GE-Phrase,242,113521,115411,1890,1164,1.0,175,-551
113696,114860,1164,0,NTB,que tem várias corzinhas,113696,114860,1164,1164,1.0,0,0
114860,115793,933,0,GE-Phrase,242,113521,115411,1890,551,0.591,1339,382
114860,115793,933,0,NTB,bonitinhas e +,114860,115793,933,933,1.0,0,0
85824,88041,2217,0,GE-Phrase,233,85300,86352,1052,528,0.238,524,1689
85824,88041,2217,0,GE-Phrase,234,86352,87587,1235,1235,0.557,-528,454
85824,88041,2217,0,GE-Phrase,235,87587,88868,1281,454,0.205,-1763,-827
85824,88041,2217,0,NTB,que roda umas otimizações lá,85824,88041,2217,2217,1.0,0,0
88041,89282,1241,0,GE-Phrase,235,87587,88868,1281,827,0.666,454,414
88041,89282,1241,0,NTB,umas viagem,88041,89282,1241,1241,1.0,0,0
98828,99456,628,0,GE-Phrase,238,97522,99461,1939,628,1.0,1306,-5
98828,99456,628,0,NTB,normalmente é,98828,99456,628,628,1.0,0,0
99456,99868,412,0,GE-Phrase,238,97522,99461,1939,5,0.012,1934,407
99456,99868,412,0,GE-Phrase,239,99461,102171,2710,407,0.988,-5,-2303
99456,99868,412,0,NTB,tipo assim,99456,99868,412,412,1.0,0,0
100294,101506,1212,0,GE-Phrase,239,99461,102171,2710,1212,1.0,833,-665
100294,101506,1212,0,NTB,realmente o avião que a gente vai voar,100294,101506,1212,1212,1.0,0,0
102256,103393,1137,0,GE-Phrase,240,102171,104002,1831,1137,1.0,85,-609
102256,103393,1137,0,NTB,fazer ensaio nele,102256,103393,1137,1137,1.0,0,0
103393,106072,2679,0,GE-Phrase,240,102171,104002,1831,609,0.227,1222,2070
103393,106072,2679,0,NTB,que tem essa parte também,103393,106072,2679,2679,1.0,0,0
112081,113696,1615,0,GE-Phrase,241,111522,113521,1999,1440,0.892,559,175
112081,113696,1615,0,GE-Phrase,242,113521,115411,1890,175,0.108,-1440,-1715
112081,113696,1615,0,NTB,que é aquelas coisa que fica mexendo e,112081,113696,1615,1615,1.0,0,0
113696,114860,1164,0,GE-Phrase,242,113521,115411,1890,1164,1.0,175,-551
113696,114860,1164,0,NTB,que tem várias corzinhas,113696,114860,1164,1164,1.0,0,0
114860,115793,933,0,GE-Phrase,242,113521,115411,1890,551,0.591,1339,382
114860,115793,933,0,NTB,bonitinhas e +,114860,115793,933,933,1.0,0,0
85824,88041,2217,0,GE-Phrase,233,85300,86352,1052,528,0.238,524,1689
85824,88041,2217,0,GE-Phrase,234,86352,87587,1235,1235,0.557,-528,454
85824,88041,2217,0,GE-Phrase,235,87587,88868,1281,454,0.205,-1763,-827
85824,88041,2217,0,NTB,que roda umas otimizações lá,85824,88041,2217,2217,1.0,0,0
88041,89282,1241,0,GE-Phrase,235,87587,88868,1281,827,0.666,454,414
88041,89282,1241,0,NTB,umas viagem,88041,89282,1241,1241,1.0,0,0
98828,99456,628,0,GE-Phrase,238,97522,99461,1939,628,1.0,1306,-5
98828,99456,628,0,NTB,normalmente é,98828,99456,628,628,1.0,0,0
99456,99868,412,0,GE-Phrase,238,97522,99461,1939,5,0.012,1934,407
99456,99868,412,0,GE-Phrase,239,99461,102171,2710,407,0.988,-5,-2303
99456,99868,412,0,NTB,tipo assim,99456,99868,412,412,1.0,0,0
100294,101506,1212,0,GE-Phrase,239,99461,102171,2710,1212,1.0,833,-665
100294,101506,1212,0,NTB,realmente o avião que a gente vai voar,100294,101506,1212,1212,1.0,0,0
102256,103393,1137,0,GE-Phrase,240,102171,104002,1831,1137,1.0,85,-609
102256,103393,1137,0,NTB,fazer ensaio nele,102256,103393,1137,1137,1.0,0,0
103393,106072,2679,0,GE-Phrase,240,102171,104002,1831,609,0.227,1222,2070
103393,106072,2679,0,NTB,que tem essa parte também,103393,106072,2679,2679,1.0,0,0
112081,113696,1615,0,GE-Phrase,241,111522,113521,1999,1440,0.892,559,175
112081,113696,1615,0,GE-Phrase,242,113521,115411,1890,175,0.108,-1440,-1715
112081,113696,1615,0,NTB,que é aquelas coisa que fica mexendo e,112081,113696,1615,1615,1.0,0,0
113696,114860,1164,0,GE-Phrase,242,113521,115411,1890,1164,1.0,175,-551
113696,114860,1164,0,NTB,que tem várias corzinhas,113696,114860,1164,1164,1.0,0,0
114860,115793,933,0,GE-Phrase,242,113521,115411,1890,551,0.591,1339,382
114860,115793,933,0,NTB,bonitinhas e +,114860,115793,933,933,1.0,0,0
85824,88041,2217,0,GE-Phrase,233,85300,86352,1052,528,0.238,524,1689
85824,88041,2217,0,GE-Phrase,234,86352,87587,1235,1235,0.557,-528,454
85824,88041,2217,0,GE-Phrase,235,87587,88868,1281,454,0.205,-1763,-827
85824,88041,2217,0,NTB,que roda umas otimizações lá,85824,88041,2217,2217,1.0,0,0
88041,89282,1241,0,GE-Phrase,235,87587,88868,1281,827,0.666,454,414
88041,89282,1241,0,NTB,umas viagem,88041,89282,1241,1241,1.0,0,0
98828,99456,628,0,GE-Phrase,238,97522,99461,1939,628,1.0,1306,-5
98828,99456,628,0,NTB,normalmente é,98828,99456,628,628,1.0,0,0
99456,99868,412,0,GE-Phrase,238,97522,99461,1939,5,0.012,1934,407
99456,99868,412,0,GE-Phrase,239,99461,102171,2710,407,0.988,-5,-2303
99456,99868,412,0,NTB,tipo assim,99456,99868,412,412,1.0,0,0
100294,101506,1212,0,GE-Phrase,239,99461,102171,2710,1212,1.0,833,-665
100294,101506,1212,0,NTB,realmente o avião que a gente vai voar,100294,101506,1212,1212,1.0,0,0
102256,103393,1137,0,GE-Phrase,240,102171,104002,1831,1137,1.0,85,-609
102256,103393,1137,0,NTB,fazer ensaio nele,102256,103393,1137,1137,1.0,0,0
103393,106072,2679,0,GE-Phrase,240,102171,104002,1831,609,0.227,1222,2070
103393,106072,2679,0,NTB,que tem essa parte também,103393,106072,2679,2679,1.0,0,0
112081,113696,1615,0,GE-Phrase,241,111522,113521,1999,1440,0.892,559,175
112081,113696,1615,0,GE-Phrase,242,113521,115411,1890,175,0.108,-1440,-1715
112081,113696,1615,0,NTB,que é aquelas coisa que fica mexendo e,112081,113696,1615,1615,1.0,0,0
113696,114860,1164,0,GE-Phrase,242,113521,115411,1890,1164,1.0,175,-551
113696,114860,1164,0,NTB,que tem várias corzinhas,113696,114860,1164,1164,1.0,0,0
114860,115793,933,0,GE-Phrase,242,113521,115411,1890,551,0.591,1339,382
114860,115793,933,0,NTB,bonitinhas e +,114860,115793,933,933,1.0,0,0
85824,88041,2217,0,GE-Phrase,233,85300,86352,1052,528,0.238,524,1689
85824,88041,2217,0,GE-Phrase,234,86352,87587,1235,1235,0.557,-528,454
85824,88041,2217,0,GE-Phrase,235,87587,88868,1281,454,0.205,-1763,-827
85824,88041,2217,0,NTB,que roda umas otimizações lá,85824,88041,2217,2217,1.0,0,0
88041,89282,1241,0,GE-Phrase,235,87587,88868,1281,827,0.666,454,414
88041,89282,1241,0,NTB,umas viagem,88041,89282,1241,1241,1.0,0,0
98828,99456,628,0,GE-Phrase,238,97522,99461,1939,628,1.0,1306,-5
98828,99456,628,0,NTB,normalmente é,98828,99456,628,628,1.0,0,0
99456,99868,412,0,GE-Phrase,238,97522,99461,1939,5,0.012,1934,407
99456,99868,412,0,GE-Phrase,239,99461,102171,2710,407,0.988,-5,-2303
99456,99868,412,0,NTB,tipo assim,99456,99868,412,412,1.0,0,0
100294,101506,1212,0,GE-Phrase,239,99461,102171,2710,1212,1.0,833,-665
100294,101506,1212,0,NTB,realmente o avião que a gente vai voar,100294,101506,1212,1212,1.0,0,0
102256,103393,1137,0,GE-Phrase,240,102171,104002,1831,1137,1.0,85,-609
102256,103393,1137,0,NTB,fazer ensaio nele,102256,103393,1137,1137,1.0,0,0
103393,106072,2679,0,GE-Phrase,240,102171,104002,1831,609,0.227,1222,2070
103393,106072,2679,0,NTB,que tem essa parte também,103393,106072,2679,2679,1.0,0,0
112081,113696,1615,0,GE-Phrase,241,111522,113521,1999,1440,0.892,559,175
112081,113696,1615,0,GE-Phrase,242,113521,115411,1890,175,0.108,-1440,-1715
112081,113696,1615,0,NTB,que é aquelas coisa que fica mexendo e,112081,113696,1615,1615,1.0,0,0
113696,114860,1164,0,GE-Phrase,242,113521,115411,1890,1164,1.0,175,-551
113696,114860,1164,0,NTB,que tem várias corzinhas,113696,114860,1164,1164,1.0,0,0
114860,115793,933,0,GE-Phrase,242,113521,115411,1890,551,0.591,1339,382
114860,115793,933,0,NTB,bonitinhas e +,114860,115793,933,933,1.0,0,0
85824,88041,2217,0,GE-Phrase,233,85300,86352,1052,528,0.238,524,1689
85824,88041,2217,0,GE-Phrase,234,86352,87587,1235,1235,0.557,-528,454
85824,88041,2217,0,GE-Phrase,235,87587,88868,1281,454,0.205,-1763,-827
85824,88041,2217,0,NTB,que roda umas otimizações lá,85824,88041,2217,2217,1.0,0,0
88041,89282,1241,0,GE-Phrase,235,87587,88868,1281,827,0.666,454,414
88041,89282,1241,0,NTB,umas viagem,88041,89282,1241,1241,1.0,0,0
98828,99456,628,0,GE-Phrase,238,97522,99461,1939,628,1.0,1306,-5
98828,99456,628,0,NTB,normalmente é,98828,99456,628,628,1.0,0,0
99456,99868,412,0,GE-Phrase,238,97522,99461,1939,5,0.012,1934,407
99456,99868,412,0,GE-Phrase,239,99461,102171,2710,407,0.988,-5,-2303
99456,99868,412,0,NTB,tipo assim,99456,99868,412,412,1.0,0,0
100294,101506,1212,0,GE-Phrase,239,99461,102171,2710,1212,1.0,833,-665
100294,101506,1212,0,NTB,realmente o avião que a gente vai voar,100294,101506,1212,1212,1.0,0,0
102256,103393,1137,0,GE-Phrase,240,102171,104002,1831,1137,1.0,85,-609
102256,103393,1137,0,NTB,fazer ensaio nele,102256,103393,1137,1137,1.0,0,0
103393,106072,2679,0,GE-Phrase,240,102171,104002,1831,609,0.227,1222,2070
103393,106072,2679,0,NTB,que tem essa parte também,103393,106072,2679,2679,1.0,0,0
112081,113696,1615,0,GE-Phrase,241,111522,113521,1999,1440,0.892,559,175
112081,113696,1615,0,GE-Phrase,242,113521,115411,1890,175,0.108,-1440,-1715
112081,113696,1615,0,NTB,que é aquelas coisa que fica mexendo e,112081,113696,1615,1615,1.0,0,0
113696,114860,1164,0,GE-Phrase,242,113521,115411,1890,1164,1.0,175,-551
113696,114860,1164,0,NTB,que tem várias corzinhas,113696,114860,1164,1164,1.0,0,0
114860,115793,933,0,GE-Phrase,242,113521,115411,1890,551,0.591,1339,382
114860,115793,933,0,NTB,bonitinhas e +,114860,115793,933,933,1.0,0,0
85824,88041,2217,0,GE-Phrase,233,85300,86352,1052,528,0.238,524,1689
85824,88041,2217,0,GE-Phrase,234,86352,87587,1235,1235,0.557,-528,454
85824,88041,2217,0,GE-Phrase,235,87587,88868,1281,454,0.205,-1763,-827
85824,88041,2217,0,NTB,que roda umas otimizações lá,85824,88041,2217,2217,1.0,0,0
88041,89282,1241,0,GE-Phrase,235,87587,88868,1281,827,0.666,454,414
88041,89282,1241,0,NTB,umas viagem,88041,89282,1241,1241,1.0,0,0
98828,99456,628,0,GE-Phrase,238,97522,99461,1939,628,1.0,1306,-5
98828,99456,628,0,NTB,normalmente é,98828,99456,628,628,1.0,0,0
99456,99868,412,0,GE-Phrase,238,97522,99461,1939,5,0.012,1934,407
99456,99868,412,0,GE-Phrase,239,99461,102171,2710,407,0.988,-5,-2303
99456,99868,412,0,NTB,tipo assim,99456,99868,412,412,1.0,0,0
100294,101506,1212,0,GE-Phrase,239,99461,102171,2710,1212,1.0,833,-665
100294,101506,1212,0,NTB,realmente o avião que a gente vai voar,100294,101506,1212,1212,1.0,0,0
102256,103393,1137,0,GE-Phrase,240,102171,104002,1831,1137,1.0,85,-609
102256,103393,1137,0,NTB,fazer ensaio nele,102256,103393,1137,1137,1.0,0,0
103393,106072,2679,0,GE-Phrase,240,102171,104002,1831,609,0.227,1222,2070
103393,106072,2679,0,NTB,que tem essa parte também,103393,106072,2679,2679,1.0,0,0
112081,113696,1615,0,GE-Phrase,241,111522,113521,1999,1440,0.892,559,175
112081,113696,1615,0,GE-Phrase,242,113521,115411,1890,175,0.108,-1440,-1715
112081,113696,1615,0,NTB,que é aquelas coisa que fica mexendo e,112081,113696,1615,1615,1.0,0,0
113696,114860,1164,0,GE-Phrase,242,113521,115411,1890,1164,1.0,175,-551
113696,114860,1164,0,NTB,que tem várias corzinhas,113696,114860,1164,1164,1.0,0,0
114860,115793,933,0,GE-Phrase,242,113521,115411,1890,551,0.591,1339,382
114860,115793,933,0,NTB,bonitinhas e +,114860,115793,933,933,1.0,0,0
85824,88041,2217,0,GE-Phrase,233,85300,86352,1052,528,0.238,524,1689
85824,88041,2217,0,GE-Phrase,234,86352,87587,1235,1235,0.557,-528,454
85824,88041,2217,0,GE-Phrase,235,87587,88868,1281,454,0.205,-1763,-827
85824,88041,2217,0,NTB,que roda umas otimizações lá,85824,88041,2217,2217,1.0,0,0
88041,89282,1241,0,GE-Phrase,235,87587,88868,1281,827,0.666,454,414
88041,89282,1241,0,NTB,umas viagem,88041,89282,1241,1241,1.0,0,0
98828,99456,628,0,GE-Phrase,238,97522,99461,1939,628,1.0,1306,-5
98828,99456,628,0,NTB,normalmente é,98828,99456,628,628,1.0,0,0
99456,99868,412,0,GE-Phrase,238,97522,99461,1939,5,0.012,1934,407
99456,99868,412,0,GE-Phrase,239,99461,102171,2710,407,0.988,-5,-2303
99456,99868,412,0,NTB,tipo assim,99456,99868,412,412,1.0,0,0
100294,101506,1212,0,GE-Phrase,239,99461,102171,2710,1212,1.0,833,-665
100294,101506,1212,0,NTB,realmente o avião que a gente vai voar,100294,101506,1212,1212,1.0,0,0
102256,103393,1137,0,GE-Phrase,240,102171,104002,1831,1137,1.0,85,-609
102256,103393,1137,0,NTB,fazer ensaio nele,102256,103393,1137,1137,1.0,0,0
103393,106072,2679,0,GE-Phrase,240,102171,104002,1831,609,0.227,1222,2070
103393,106072,2679,0,NTB,que tem essa parte também,103393,106072,2679,2679,1.0,0,0
112081,113696,1615,0,GE-Phrase,241,111522,113521,1999,1440,0.892,559,175
112081,113696,1615,0,GE-Phrase,242,113521,115411,1890,175,0.108,-1440,-1715
112081,113696,1615,0,NTB,que é aquelas coisa que fica mexendo e,112081,113696,1615,1615,1.0,0,0
113696,114860,1164,0,GE-Phrase,242,113521,115411,1890,1164,1.0,175,-551
113696,114860,1164,0,NTB,que tem várias corzinhas,113696,114860,1164,1164,1.0,0,0
114860,115793,933,0,GE-Phrase,242,113521,115411,1890,551,0.591,1339,382
114860,115793,933,0,NTB,bonitinhas e +,114860,115793,933,933,1.0,0,0
85824,88041,2217,0,GE-Phrase,233,85300,86352,1052,528,0.238,524,1689
85824,88041,2217,0,GE-Phrase,234,86352,87587,1235,1235,0.557,-528,454
85824,88041,2217,0,GE-Phrase,235,87587,88868,1281,454,0.205,-1763,-827
85824,88041,2217,0,NTB,que roda umas otimizações lá,85824,88041,2217,2217,1.0,0,0
88041,89282,1241,0,GE-Phrase,235,87587,88868,1281,827,0.666,454,414
88041,89282,1241,0,NTB,umas viagem,88041,89282,1241,1241,1.0,0,0
98828,99456,628,0,GE-Phrase,238,97522,99461,1939,628,1.0,1306,-5
98828,99456,628,0,NTB,normalmente é,98828,99456,628,628,1.0,0,0
99456,99868,412,0,GE-Phrase,238,97522,99461,1939,5,0.012,1934,407
99456,99868,412,0,GE-Phrase,239,99461,102171,2710,407,0.988,-5,-2303
99456,99868,412,0,NTB,tipo assim,99456,99868,412,412,1.0,0,0
100294,101506,1212,0,GE-Phrase,239,99461,102171,2710,1212,1.0,833,-665
100294,101506,1212,0,NTB,realmente o avião que a gente vai voar,100294,101506,1212,1212,1.0,0,0
102256,103393,1137,0,GE-Phrase,240,102171,104002,1831,1137,1.0,85,-609
102256,103393,1137,0,NTB,fazer ensaio nele,102256,103393,1137,1137,1.0,0,0
103393,106072,2679,0,GE-Phrase,240,102171,104002,1831,609,0.227,1222,2070
103393,106072,2679,0,NTB,que tem essa parte também,103393,106072,2679,2679,1.0,0,0
112081,113696,1615,0,GE-Phrase,241,111522,113521,1999,1440,0.892,559,175
112081,113696,1615,0,GE-Phrase,242,113521,115411,1890,175,0.108,-1440,-1715
112081,113696,1615,0,NTB,que é aquelas coisa que fica mexendo e,112081,113696,1615,1615,1.0,0,0
113696,114860,1164,0,GE-Phrase,242,113521,115411,1890,1164,1.0,175,-551
113696,114860,1164,0,NTB,que tem várias corzinhas,113696,114860,1164,1164,1.0,0,0
114860,115793,933,0,GE-Phrase,242,113521,115411,1890,551,0.591,1339,382
114860,115793,933,0,NTB,bonitinhas e +,114860,115793,933,933,1.0,0,0
85824,88041,2217,0,GE-Phrase,233,85300,86352,1052,528,0.238,524,1689
85824,88041,2217,0,GE-Phrase,234,86352,87587,1235,1235,0.557,-528,454
85824,88041,2217,0,GE-Phrase,235,87587,88868,1281,454,0.205,-1763,-827
85824,88041,2217,0,NTB,que roda umas otimizações lá,85824,88041,2217,2217,1.0,0,0
88041,89282,1241,0,GE-Phrase,235,87587,88868,1281,827,0.666,454,414
88041,89282,1241,0,NTB,umas viagem,88041,89282,1241,1241,1.0,0,0
98828,99456,628,0,GE-Phrase,238,97522,99461,1939,628,1.0,1306,-5
98828,99456,628,0,NTB,normalmente é,98828,99456,628,628,1.0,0,0
99456,99868,412,0,GE-Phrase,238,97522,99461,1939,5,0.012,1934,407
99456,99868,412,0,GE-Phrase,239,99461,102171,2710,407,0.988,-5,-2303
99456,99868,412,0,NTB,tipo assim,99456,99868,412,412,1.0,0,0
100294,101506,1212,0,GE-Phrase,239,99461,102171,2710,1212,1.0,833,-665
100294,101506,1212,0,NTB,realmente o avião que a gente vai voar,100294,101506,1212,1212,1.0,0,0
102256,103393,1137,0,GE-Phrase,240,102171,104002,1831,1137,1.0,85,-609
102256,103393,1137,0,NTB,fazer ensaio nele,102256,103393,1137,1137,1.0,0,0
103393,106072,2679,0,GE-Phrase,240,102171,104002,1831,609,0.227,1222,2070
103393,106072,2679,0,NTB,que tem essa parte também,103393,106072,2679,2679,1.0,0,0
112081,113696,1615,0,GE-Phrase,241,111522,113521,1999,1440,0.892,559,175
112081,113696,1615,0,GE-Phrase,242,113521,115411,1890,175,0.108,-1440,-1715
112081,113696,1615,0,NTB,que é aquelas coisa que fica mexendo e,112081,113696,1615,1615,1.0,0,0
113696,114860,1164,0,GE-Phrase,242,113521,115411,1890,1164,1.0,175,-551
113696,114860,1164,0,NTB,que tem várias corzinhas,113696,114860,1164,1164,1.0,0,0
114860,115793,933,0,GE-Phrase,242,113521,115411,1890,551,0.591,1339,382
114860,115793,933,0,NTB,bonitinhas e +,114860,115793,933,933,1.0,0,0
85824,88041,2217,0,GE-Phrase,233,85300,86352,1052,528,0.238,524,1689
85824,88041,2217,0,GE-Phrase,234,86352,87587,1235,1235,0.557,-528,454
85824,88041,2217,0,GE-Phrase,235,87587,88868,1281,454,0.205,-1763,-827
85824,88041,2217,0,NTB,que roda umas otimizações lá,85824,88041,2217,2217,1.0,0,0
88041,89282,1241,0,GE-Phrase,235,87587,88868,1281,827,0.666,454,414
88041,89282,1241,0,NTB,umas viagem,88041,89282,1241,1241,1.0,0,0
98828,99456,628,0,GE-Phrase,238,97522,99461,1939,628,1.0,1306,-5
98828,99456,628,0,NTB,normalmente é,98828,99456,628,628,1.0,0,0
99456,99868,412,0,GE-Phrase,238,97522,99461,1939,5,0.012,1934,407
99456,99868,412,0,GE-Phrase,239,99461,102171,2710,407,0.988,-5,-2303
99456,99868,412,0,NTB,tipo assim,99456,99868,412,412,1.0,0,0
100294,101506,1212,0,GE-Phrase,239,99461,102171,2710,1212,1.0,833,-665
100294,101506,1212,0,NTB,realmente o avião que a gente vai voar,100294,101506,1212,1212,1.0,0,0
102256,103393,1137,0,GE-Phrase,240,102171,104002,1831,1137,1.0,85,-609
102256,103393,1137,0,NTB,fazer ensaio nele,102256,103393,1137,1137,1.0,0,0
103393,106072,2679,0,GE-Phrase,240,102171,104002,1831,609,0.227,1222,2070
103393,106072,2679,0,NTB,que tem essa parte também,103393,106072,2679,2679,1.0,0,0
112081,113696,1615,0,GE-Phrase,241,111522,113521,1999,1440,0.892,559,175
112081,113696,1615,0,GE-Phrase,242,113521,115411,1890,175,0.108,-1440,-1715
112081,113696,1615,0,NTB,que é aquelas coisa que fica mexendo e,112081,113696,1615,1615,1.0,0,0
113696,114860,1164,0,GE-Phrase,242,113521,115411,1890,1164,1.0,175,-551
113696,114860,1164,0,NTB,que tem várias corzinhas,113696,114860,1164,1164,1.0,0,0
114860,115793,933,0,GE-Phrase,242,113521,115411,1890,551,0.591,1339,382
114860,115793,933,0,NTB,bonitinhas e +,114860,115793,933,933,1.0,0,0
85824,88041,2217,0,GE-Phrase,233,85300,86352,1052,528,0.238,524,1689
85824,88041,2217,0,GE-Phrase,234,86352,87587,1235,1235,0.557,-528,454
85824,88041,2217,0,GE-Phrase,235,87587,88868,1281,454,0.205,-1763,-827
85824,88041,2217,0,NTB,que roda umas otimizações lá,85824,88041,2217,2217,1.0,0,0
88041,89282,1241,0,GE-Phrase,235,87587,88868,1281,827,0.666,454,414
88041,89282,1241,0,NTB,umas viagem,88041,89282,1241,1241,1.0,0,0
98828,99456,628,0,GE-Phrase,238,97522,99461,1939,628,1.0,1306,-5
98828,99456,628,0,NTB,normalmente é,98828,99456,628,628,1.0,0,0
99456,99868,412,0,GE-Phrase,238,97522,99461,1939,5,0.012,1934,407
99456,99868,412,0,GE-Phrase,239,99461,102171,2710,407,0.988,-5,-2303
99456,99868,412,0,NTB,tipo assim,99456,99868,412,412,1.0,0,0
100294,101506,1212,0,GE-Phrase,239,99461,102171,2710,1212,1.0,833,-665
100294,101506,1212,0,NTB,realmente o avião que a gente vai voar,100294,101506,1212,1212,1.0,0,0
102256,103393,1137,0,GE-Phrase,240,102171,104002,1831,1137,1.0,85,-609
102256,103393,1137,0,NTB,fazer ensaio nele,102256,103393,1137,1137,1.0,0,0
103393,106072,2679,0,GE-Phrase,240,102171,104002,1831,609,0.227,1222,2070
103393,106072,2679,0,NTB,que tem essa parte também,103393,106072,2679,2679,1.0,0,0
112081,113696,1615,0,GE-Phrase,241,111522,113521,1999,1440,0.892,559,175
112081,113696,1615,0,GE-Phrase,242,113521,115411,1890,175,0.108,-1440,-1715
112081,113696,1615,0,NTB,que é aquelas coisa que fica mexendo e,112081,113696,1615,1615,1.0,0,0
113696,114860,1164,0,GE-Phrase,242,113521,115411,1890,1164,1.0,175,-551
113696,114860,1164,0,NTB,que tem várias corzinhas,113696,114860,1164,1164,1.0,0,0
114860,115793,933,0,GE-Phrase,242,113521,115411,1890,551,0.591,1339,382
114860,115793,933,0,NTB,bonitinhas e +,114860,115793,933,933,1.0,0,0
85824,88041,2217,0,GE-Phrase,233,85300,86352,1052,528,0.238,524,1689
85824,88041,2217,0,GE-Phrase,234,86352,87587,1235,1235,0.557,-528,454
85824,88041,2217,0,GE-Phrase,235,87587,88868,1281,454,0.205,-1763,-827
85824,88041,2217,0,NTB,que roda umas otimizações lá,85824,88041,2217,2217,1.0,0,0
88041,89282,1241,0,GE-Phrase,235,87587,88868,1281,827,0.666,454,414
88041,89282,1241,0,NTB,umas viagem,88041,89282,1241,1241,1.0,0,0
98828,99456,628,0,GE-Phrase,238,97522,99461,1939,628,1.0,1306,-5
98828,99456,628,0,NTB,normalmente é,98828,99456,628,628,1.0,0,0
99456,99868,412,0,GE-Phrase,238,97522,99461,1939,5,0.012,1934,407
99456,99868,412,0,GE-Phrase,239,99461,102171,2710,407,0.988,-5,-2303
99456,99868,412,0,NTB,tipo assim,99456,99868,412,412,1.0,0,0
100294,101506,1212,0,GE-Phrase,239,99461,102171,2710,1212,1.0,833,-665
100294,101506,1212,0,NTB,realmente o avião que a gente vai voar,100294,101506,1212,1212,1.0,0,0
102256,103393,1137,0,GE-Phrase,240,102171,104002,1831,1137,1.0,85,-609
102256,103393,1137,0,NTB,fazer ensaio nele,102256,103393,1137,1137,1.0,0,0
103393,106072,2679,0,GE-Phrase,240,102171,104002,1831,609,0.227,1222,2070
103393,106072,2679,0,NTB,que tem essa parte também,103393,106072,2679,2679,1.0,0,0
112081,113696,1615,0,GE-Phrase,241,111522,113521,1999,1440,0.892,559,175
112081,113696,1615,0,GE-Phrase,242,113521,115411,1890,175,0.108,-1440,-1715
112081,113696,1615,0,NTB,que é aquelas coisa que fica mexendo e,112081,113696,1615,1615,1.0,0,0
113696,114860,1164,0,GE-Phrase,242,113521,115411,1890,1164,1.0,175,-551
113696,114860,1164,0,NTB,que tem várias corzinhas,113696,114860,1164,1164,1.0,0,0
114860,115793,933,0,GE-Phrase,242,113521,115411,1890,551,0.591,1339,382
114860,115793,933,0,NTB,bonitinhas e +,114860,115793,933,933,1.0,0,0
85824,88041,2217,0,GE-Phrase,233,85300,86352,1052,528,0.238,524,1689
85824,88041,2217,0,GE-Phrase,234,86352,87587,1235,1235,0.557,-528,454
85824,88041,2217,0,GE-Phrase,235,87587,88868,1281,454,0.205,-1763,-827
85824,88041,2217,0,NTB,que roda umas otimizações lá,85824,88041,2217,2217,1.0,0,0
88041,89282,1241,0,GE-Phrase,235,87587,88868,1281,827,0.666,454,414
88041,89282,1241,0,NTB,umas viagem,88041,89282,1241,1241,1.0,0,0
98828,99456,628,0,GE-Phrase,238,97522,99461,1939,628,1.0,1306,-5
98828,99456,628,0,NTB,normalmente é,98828,99456,628,628,1.0,0,0
99456,99868,412,0,GE-Phrase,238,97522,99461,1939,5,0.012,1934,407
99456,99868,412,0,GE-Phrase,239,99461,102171,2710,407,0.988,-5,-2303
99456,99868,412,0,NTB,tipo assim,99456,99868,412,412,1.0,0,0
100294,101506,1212,0,GE-Phrase,239,99461,102171,2710,1212,1.0,833,-665
100294,101506,1212,0,NTB,realmente o avião que a gente vai voar,100294,101506,1212,1212,1.0,0,0
102256,103393,1137,0,GE-Phrase,240,102171,104002,1831,1137,1.0,85,-609
102256,103393,1137,0,NTB,fazer ensaio nele,102256,103393,1137,1137,1.0,0,0
103393,106072,2679,0,GE-Phrase,240,102171,104002,1831,609,0.227,1222,2070
103393,106072,2679,0,NTB,que tem essa parte também,103393,106072,2679,2679,1.0,0,0
112081,113696,1615,0,GE-Phrase,241,111522,113521,1999,1440,0.892,559,175
112081,113696,1615,0,GE-Phrase,242,113521,115411,1890,175,0.108,-1440,-1715
112081,113696,1615,0,NTB,que é aquelas coisa que fica mexendo e,112081,113696,1615,1615,1.0,0,0
113696,114860,1164,0,GE-Phrase,242,113521,115411,1890,1164,1.0,175,-551
113696,114860,1164,0,NTB,que tem várias corzinhas,113696,114860,1164,1164,1.0,0,0
114860,115793,933,0,GE-Phrase,242,113521,115411,1890,551,0.591,1339,382
114860,115793,933,0,NTB,bonitinhas e +,114860,115793,933,933,1.0,0,0
85824,88041,2217,0,GE-Phrase,233,85300,86352,1052,528,0.238,524,1689
85824,88041,2217,0,GE-Phrase,234,86352,87587,1235,1235,0.557,-528,454
85824,88041,2217,0,GE-Phrase,235,87587,88868,1281,454,0.205,-1763,-827
85824,88041,2217,0,NTB,que roda umas otimizações lá,85824,88041,2217,2217,1.0,0,0
88041,89282,1241,0,GE-Phrase,235,87587,88868,1281,827,0.666,454,414
88041,89282,1241,0,NTB,umas viagem,88041,89282,1241,1241,1.0,0,0
98828,99456,628,0,GE-Phrase,238,97522,99461,1939,628,1.0,1306,-5
98828,99456,628,0,NTB,normalmente é,98828,99456,628,628,1.0,0,0
99456,99868,412,0,GE-Phrase,238,97522,99461,1939,5,0.012,1934,407
99456,99868,412,0,GE-Phrase,239,99461,102171,2710,407,0.988,-5,-2303
99456,99868,412,0,NTB,tipo assim,99456,99868,412,412,1.0,0,0
100294,101506,1212,0,GE-Phrase,239,99461,102171,2710,1212,1.0,833,-665
100294,101506,1212,0,NTB,realmente o avião que a gente vai voar,100294,101506,1212,1212,1.0,0,0
102256,103393,1137,0,GE-Phrase,240,102171,104002,1831,1137,1.0,85,-609
102256,103393,1137,0,NTB,fazer ensaio nele,102256,103393,1137,1137,1.0,0,0
103393,106072,2679,0,GE-Phrase,240,102171,104002,1831,609,0.227,1222,2070
103393,106072,2679,0,NTB,que tem essa parte também,103393,106072,2679,2679,1.0,0,0
112081,113696,1615,0,GE-Phrase,241,111522,113521,1999,1440,0.892,559,175
112081,113696,1615,0,GE-Phrase,242,113521,115411,1890,175,0.108,-1440,-1715
112081,113696,1615,0,NTB,que é aquelas coisa que fica mexendo e,112081,113696,1615,1615,1.0,0,0
113696,114860,1164,0,GE-Phrase,242,113521,115411,1890,1164,1.0,175,-551
113696,114860,1164,0,NTB,que tem várias corzinhas,113696,114860,1164,1164,1.0,0,0
114860,115793,933,0,GE-Phrase,242,113521,115411,1890,551,0.591,1339,382
114860,115793,933,0,NTB,bonitinhas e +,114860,115793,933,933,1.0,0,0
85824,88041,2217,0,GE-Phrase,233,85300,86352,1052,528,0.238,524,1689
85824,88041,2217,0,GE-Phrase,234,86352,87587,1235,1235,0.557,-528,454
85824,88041,2217,0,GE-Phrase,235,87587,88868,1281,454,0.205,-1763,-827
85824,88041,2217,0,NTB,que roda umas otimizações lá,85824,88041,2217,2217,1.0,0,0
88041,89282,1241,0,GE-Phrase,235,87587,88868,1281,827,0.666,454,414
88041,89282,1241,0,NTB,umas viagem,88041,89282,1241,1241,1.0,0,0
98828,99456,628,0,GE-Phrase,238,97522,99461,1939,628,1.0,1306,-5
98828,99456,628,0,NTB,normalmente é,98828,99456,628,628,1.0,0,0
99456,99868,412,0,GE-Phrase,238,97522,99461,1939,5,0.012,1934,407
99456,99868,412,0,GE-Phrase,239,99461,102171,2710,407,0.988,-5,-2303
99456,99868,412,0,NTB,tipo assim,99456,99868,412,412,1.0,0,0
100294,101506,1212,0,GE-Phrase,239,99461,102171,2710,1212,1.0,833,-665
100294,101506,1212,0,NTB,realmente o avião que a gente vai voar,100294,101506,1212,1212,1.0,0,0
102256,103393,1137,0,GE-Phrase,240,102171,104002,1831,1137,1.0,85,-609
102256,103393,1137,0,NTB,fazer ensaio nele,102256,103393,1137,1137,1.0,0,0
103393,106072,2679,0,GE-Phrase,240,102171,104002,1831,609,0.227,1222,2070
103393,106072,2679,0,NTB,que tem essa parte também,103393,106072,2679,2679,1.0,0,0
112081,113696,1615,0,GE-Phrase,241,111522,113521,1999,1440,0.892,559,175
112081,113696,1615,0,GE-Phrase,242,113521,115411,1890,175,0.108,-1440,-1715
112081,113696,1615,0,NTB,que é aquelas coisa que fica mexendo e,112081,113696,1615,1615,1.0,0,0
113696,114860,1164,0,GE-Phrase,242,113521,115411,1890,1164,1.0,175,-551
113696,114860,1164,0,NTB,que tem várias corzinhas,113696,114860,1164,1164,1.0,0,0
114860,115793,933,0,GE-Phrase,242,113521,115411,1890,551,0.591,1339,382
114860,115793,933,0,NTB,bonitinhas e +,114860,115793,933,933,1.0,0,0
85824,88041,2217,0,GE-Phrase,233,85300,86352,1052,528,0.238,524,1689
85824,88041,2217,0,GE-Phrase,234,86352,87587,1235,1235,0.557,-528,454
85824,88041,2217,0,GE-Phrase,235,87587,88868,1281,454,0.205,-1763,-827
85824,88041,2217,0,NTB,que roda umas otimizações lá,85824,88041,2217,2217,1.0,0,0
88041,89282,1241,0,GE-Phrase,235,87587,88868,1281,827,0.666,454,414
88041,89282,1241,0,NTB,umas viagem,88041,89282,1241,1241,1.0,0,0
98828,99456,628,0,GE-Phrase,238,97522,99461,1939,628,1.0,1306,-5
98828,99456,628,0,NTB,normalmente é,98828,99456,628,628,1.0,0,0
99456,99868,412,0,GE-Phrase,238,97522,99461,1939,5,0.012,1934,407
99456,99868,412,0,GE-Phrase,239,99461,102171,2710,407,0.988,-5,-2303
99456,99868,412,0,NTB,tipo assim,99456,99868,412,412,1.0,0,0
100294,101506,1212,0,GE-Phrase,239,99461,102171,2710,1212,1.0,833,-665
100294,101506,1212,0,NTB,realmente o avião que a gente vai voar,100294,101506,1212,1212,1.0,0,0
102256,103393,1137,0,GE-Phrase,240,102171,104002,1831,1137,1.0,85,-609
102256,103393,1137,0,NTB,fazer ensaio nele,102256,103393,1137,1137,1.0,0,0
103393,106072,2679,0,GE-Phrase,240,102171,104002,1831,609,0.227,1222,2070
103393,106072,2679,0,NTB,que tem essa parte também,103393,106072,2679,2679,1.0,0,0
112081,113696,1615,0,GE-Phrase,241,111522,113521,1999,1440,0.892,559,175
112081,113696,1615,0,GE-Phrase,242,113521,115411,1890,175,0.108,-1440,-1715
112081,113696,1615,0,NTB,que é aquelas coisa que fica mexendo e,112081,113696,1615,1615,1.0,0,0
113696,114860,1164,0,GE-Phrase,242,113521,115411,1890,1164,1.0,175,-551
113696,114860,1164,0,NTB,que tem várias corzinhas,113696,114860,1164,1164,1.0,0,0
114860,115793,933,0,GE-Phrase,242,113521,115411,1890,551,0.591,1339,382
114860,115793,933,0,NTB,bonitinhas e +,114860,115793,933,933,1.0,0,0
85824,88041,2217,0,GE-Phrase,233,85300,86352,1052,528,0.238,524,1689
85824,88041,2217,0,GE-Phrase,234,86352,87587,1235,1235,0.557,-528,454
85824,88041,2217,0,GE-Phrase,235,87587,88868,1281,454,0.205,-1763,-827
85824,88041,2217,0,NTB,que roda umas otimizações lá,85824,88041,2217,2217,1.0,0,0
88041,89282,1241,0,GE-Phrase,235,87587,88868,1281,827,0.666,454,414
88041,89282,1241,0,NTB,umas viagem,88041,89282,1241,1241,1.0,0,0
98828,99456,628,0,GE-Phrase,238,97522,99461,1939,628,1.0,1306,-5
98828,99456,628,0,NTB,normalmente é,98828,99456,628,628,1.0,0,0
99456,99868,412,0,GE-Phrase,238,97522,99461,1939,5,0.012,1934,407
99456,99868,412,0,GE-Phrase,239,99461,102171,2710,407,0.988,-5,-2303
99456,99868,412,0,NTB,tipo assim,99456,99868,412,412,1.0,0,0
100294,101506,1212,0,GE-Phrase,239,99461,102171,2710,1212,1.0,833,-665
100294,101506,1212,0,NTB,realmente o avião que a gente vai voar,100294,101506,1212,1212,1.0,0,0
102256,103393,1137,0,GE-Phrase,240,102171,104002,1831,1137,1.0,85,-609
102256,103393,1137,0,NTB,fazer ensaio nele,102256,103393,1137,1137,1.0,0,0
103393,106072,2679,0,GE-Phrase,240,102171,104002,1831,609,0.227,1222,2070
103393,106072,2679,0,NTB,que tem essa parte também,103393,106072,2679,2679,1.0,0,0
112081,113696,1615,0,GE-Phrase,241,111522,113521,1999,1440,0.892,559,175
112081,113696,1615,0,GE-Phrase,242,113521,115411,1890,175,0.108,-1440,-1715
112081,113696,1615,0,NTB,que é aquelas coisa que fica mexendo e,112081,113696,1615,1615,1.0,0,0
113696,114860,1164,0,GE-Phrase,242,113521,115411,1890,1164,1.0,175,-551
113696,114860,1164,0,NTB,que tem várias corzinhas,113696,114860,1164,1164,1.0,0,0
114860,115793,933,0,GE-Phrase,242,113521,115411,1890,551,0.591,1339,382
114860,115793,933,0,NTB,bonitinhas e +,114860,115793,933,933,1.0,0,0
85824,88041,2217,0,GE-Phrase,233,85300,86352,1052,528,0.238,524,1689
85824,88041,2217,0,GE-Phrase,234,86352,87587,1235,1235,0.557,-528,454
85824,88041,2217,0,GE-Phrase,235,87587,88868,1281,454,0.205,-1763,-827
85824,88041,2217,0,NTB,que roda umas otimizações lá,85824,88041,2217,2217,1.0,0,0
88041,89282,1241,0,GE-Phrase,235,87587,88868,1281,827,0.666,454,414
88041,89282,1241,0,NTB,umas viagem,88041,89282,1241,1241,1.0,0,0
98828,99456,628,0,GE-Phrase,238,97522,99461,1939,628,1.0,1306,-5
98828,99456,628,0,NTB,normalmente é,98828,99456,628,628,1.0,0,0
99456,99868,412,0,GE-Phrase,238,97522,99461,1939,5,0.012,1934,407
99456,99868,412,0,GE-Phrase,239,99461,102171,2710,407,0.988,-5,-2303
99456,99868,412,0,NTB,tipo assim,99456,99868,412,412,1.0,0,0
100294,101506,1212,0,GE-Phrase,239,99461,102171,2710,1212,1.0,833,-665
100294,101506,1212,0,NTB,realmente o avião que a gente vai voar,100294,101506,1212,1212,1.0,0,0
102256,103393,1137,0,GE-Phrase,240,102171,104002,1831,1137,1.0,85,-609
102256,103393,1137,0,NTB,fazer ensaio nele,102256,103393,1137,1137,1.0,0,0
103393,106072,2679,0,GE-Phrase,240,102171,104002,1831,609,0.227,1222,2070
103393,106072,2679,0,NTB,que tem essa parte também,103393,106072,2679,2679,1.0,0,0
112081,113696,1615,0,GE-Phrase,241,111522,113521,1999,1440,0.892,559,175
112081,113696,1615,0,GE-Phrase,242,113521,115411,1890,175,0.108,-1440,-1715
112081,113696,1615,0,NTB,que é aquelas coisa que fica mexendo e,112081,113696,1615,1615,1.0,0,0
113696,114860,1164,0,GE-Phrase,242,113521,115411,1890,1164,1.0,175,-551
113696,114860,1164,0,NTB,que tem várias corzinhas,113696,114860,1164,1164,1.0,0,0
114860,115793,933,0,GE-Phrase,242,113521,115411,1890,551,0.591,1339,382
114860,115793,933,0,NTB,bonitinhas e +,114860,115793,933,933,1.0,0,0
85824,88041,2217,0,GE-Phrase,233,85300,86352,1052,528,0.238,524,1689
85824,88041,2217,0,GE-Phrase,234,86352,87587,1235,1235,0.557,-528,454
85824,88041,2217,0,GE-Phrase,235,87587,88868,1281,454,0.205,-1763,-827
85824,88041,2217,0,NTB,que roda umas otimizações lá,85824,88041,2217,2217,1.0,0,0
88041,89282,1241,0,GE-Phrase,235,87587,88868,1281,827,0.666,454,414
88041,89282,1241,0,NTB,umas viagem,88041,89282,1241,1241,1.0,0,0
98828,99456,628,0,GE-Phrase,238,97522,99461,1939,628,1.0,1306,-5
98828,99456,628,0,NTB,normalmente é,98828,99456,628,628,1.0,0,0
99456,99868,412,0,GE-Phrase,238,97522,99461,1939,5,0.012,1934,407
99456,99868,412,0,GE-Phrase,239,99461,102171,2710,407,0.988,-5,-2303
99456,99868,412,0,NTB,tipo assim,99456,99868,412,412,1.0,0,0
100294,101506,1212,0,GE-Phrase,239,99461,102171,2710,1212,1.0,833,-665
100294,101506,1212,0,NTB,realmente o avião que a gente vai voar,100294,101506,1212,1212,1.0,0,0
102256,103393,1137,0,GE-Phrase,240,102171,104002,1831,1137,1.0,85,-609
102256,103393,1137,0,NTB,fazer ensaio nele,102256,103393,1137,1137,1.0,0,0
103393,106072,2679,0,GE-Phrase,240,102171,104002,1831,609,0.227,1222,2070
103393,106072,2679,0,NTB,que tem essa parte também,103393,106072,2679,2679,1.0,0,0
112081,113696,1615,0,GE-Phrase,241,111522,113521,1999,1440,0.892,559,175
112081,113696,1615,0,GE-Phrase,242,113521,115411,1890,175,0.108,-1440,-1715
112081,113696,1615,0,NTB,que é aquelas coisa que fica mexendo e,112081,113696,1615,1615,1.0,0,0
113696,114860,1164,0,GE-Phrase,242,113521,115411,1890,1164,1.0,175,-551
113696,114860,1164,0,NTB,que tem várias corzinhas,113696,114860,1164,1164,1.0,0,0
114860,115793,933,0,GE-Phrase,242,113521,115411,1890,551,0.591,1339,382
114860,115793,933,0,NTB,bonitinhas e +,114860,115793,933,933,1.0,0,0
85824,88041,2217,0,GE-Phrase,233,85300,86352,1052,528,0.238,524,1689
85824,88041,2217,0,GE-Phrase,234,86352,87587,1235,1235,0.557,-528,454
85824,88041,2217,0,GE-Phrase,235,87587,88868,1281,454,0.205,-1763,-827
85824,88041,2217,0,NTB,que roda umas otimizações lá,85824,88041,2217,2217,1.0,0,0
88041,89282,1241,0,GE-Phrase,235,87587,88868,1281,827,0.666,454,414
88041,89282,1241,0,NTB,umas viagem,88041,89282,1241,1241,1.0,0,0
98828,99456,628,0,GE-Phrase,238,97522,99461,1939,628,1.0,1306,-5
98828,99456,628,0,NTB,normalmente é,98828,99456,628,628,1.0,0,0
99456,99868,412,0,GE-Phrase,238,97522,99461,1939,5,0.012,1934,407
99456,99868,412,0,GE-Phrase,239,99461,102171,2710,407,0.988,-5,-2303
99456,99868,412,0,NTB,tipo assim,99456,99868,412,412,1.0,0,0
100294,101506,1212,0,GE-Phrase,239,99461,102171,2710,1212,1.0,833,-665
100294,101506,1212,0,NTB,realmente o avião que a gente vai voar,100294,101506,1212,1212,1.0,0,0
102256,103393,1137,0,GE-Phrase,240,102171,104002,1831,1137,1.0,85,-609
102256,103393,1137,0,NTB,fazer ensaio nele,102256,103393,1137,1137,1.0,0,0
103393,106072,2679,0,GE-Phrase,240,102171,104002,1831,609,0.227,1222,2070
103393,106072,2679,0,NTB,que tem essa parte também,103393,106072,2679,2679,1.0,0,0
112081,113696,1615,0,GE-Phrase,241,111522,113521,1999,1440,0.892,559,175
112081,113696,1615,0,GE-Phrase,242,113521,115411,1890,175,0.108,-1440,-1715
112081,113696,1615,0,NTB,que é aquelas coisa que fica mexendo e,112081,113696,1615,1615,1.0,0,0
113696,114860,1164,0,GE-Phrase,242,113521,115411,1890,1164,1.0,175,-551
113696,114860,1164,0,NTB,que tem várias corzinhas,113696,114860,1164,1164,1.0,0,0
114860,115793,933,0,GE-Phrase,242,113521,115411,1890,551,0.591,1339,382
114860,115793,933,0,NTB,bonitinhas e +,114860,115793,933,933,1.0,0,0
85824,88041,2217,0,GE-Phrase,233,85300,86352,1052,528,0.238,524,1689
85824,88041,2217,0,GE-Phrase,234,86352,87587,1235,1235,0.557,-528,454
85824,88041,2217,0,GE-Phrase,235,87587,88868,1281,454,0.205,-1763,-827
85824,88041,2217,0,NTB,que roda umas otimizações lá,85824,88041,2217,2217,1.0,0,0
88041,89282,1241,0,GE-Phrase,235,87587,88868,1281,827,0.666,454,414
88041,89282,1241,0,NTB,umas viagem,88041,89282,1241,1241,1.0,0,0
98828,99456,628,0,GE-Phrase,238,97522,99461,1939,628,1.0,1306,-5
98828,99456,628,0,NTB,normalmente é,98828,99456,628,628,1.0,0,0
99456,99868,412,0,GE-Phrase,238,97522,99461,1939,5,0.012,1934,407
99456,99868,412,0,GE-Phrase,239,99461,102171,2710,407,0.988,-5,-2303
99456,99868,412,0,NTB,tipo assim,99456,99868,412,412,1.0,0,0
100294,101506,1212,0,GE-Phrase,239,99461,102171,2710,1212,1.0,833,-665
100294,101506,1212,0,NTB,realmente o avião que a gente vai voar,100294,101506,1212,1212,1.0,0,0
102256,103393,1137,0,GE-Phrase,240,102171,104002,1831,1137,1.0,85,-609
102256,103393,1137,0,NTB,fazer ensaio nele,102256,103393,1137,1137,1.0,0,0
103393,106072,2679,0,GE-Phrase,240,102171,104002,1831,609,0.227,1222,2070
103393,106072,2679,0,NTB,que tem essa parte também,103393,106072,2679,2679,1.0,0,0
112081,113696,1615,0,GE-Phrase,241,111522,113521,1999,1440,0.892,559,175
112081,113696,1615,0,GE-Phrase,242,113521,115411,1890,175,0.108,-1440,-1715
112081,113696,1615,0,NTB,que é aquelas coisa que fica mexendo e,112081,113696,1615,1615,1.0,0,0
113696,114860,1164,0,GE-Phrase,242,113521,115411,1890,1164,1.0,175,-551
113696,114860,1164,0,NTB,que tem várias corzinhas,113696,114860,1164,1164,1.0,0,0
114860,115793,933,0,GE-Phrase,242,113521,115411,1890,551,0.591,1339,382
114860,115793,933,0,NTB,bonitinhas e +,114860,115793,933,933,1.0,0,0
85824,88041,2217,0,GE-Phrase,233,85300,86352,1052,528,0.238,524,1689
85824,88041,2217,0,GE-Phrase,234,86352,87587,1235,1235,0.557,-528,454
85824,88041,2217,0,GE-Phrase,235,87587,88868,1281,454,0.205,-1763,-827
85824,88041,2217,0,NTB,que roda umas otimizações lá,85824,88041,2217,2217,1.0,0,0
88041,89282,1241,0,GE-Phrase,235,87587,88868,1281,827,0.666,454,414
88041,89282,1241,0,NTB,umas viagem,88041,89282,1241,1241,1.0,0,0
98828,99456,628,0,GE-Phrase,238,97522,99461,1939,628,1.0,1306,-5
98828,99456,628,0,NTB,normalmente é,98828,99456,628,628,1.0,0,0
99456,99868,412,0,GE-Phrase,238,97522,99461,1939,5,0.012,1934,407
99456,99868,412,0,GE-Phrase,239,99461,102171,2710,407,0.988,-5,-2303
99456,99868,412,0,NTB,tipo assim,99456,99868,412,412,1.0,0,0
100294,101506,1212,0,GE-Phrase,239,99461,102171,2710,1212,1.0,833,-665
100294,101506,1212,0,NTB,realmente o avião que a gente vai voar,100294,101506,1212,1212,1.0,0,0
102256,103393,1137,0,GE-Phrase,240,102171,104002,1831,1137,1.0,85,-609
102256,103393,1137,0,NTB,fazer ensaio nele,102256,103393,1137,1137,1.0,0,0
103393,106072,2679,0,GE-Phrase,240,102171,104002,1831,609,0.227,1222,2070
103393,106072,2679,0,NTB,que tem essa parte também,103393,106072,2679,2679,1.0,0,0
112081,113696,1615,0,GE-Phrase,241,111522,113521,1999,1440,0.892,559,175
112081,113696,1615,0,GE-Phrase,242,113521,115411,1890,175,0.108,-1440,-1715
112081,113696,1615,0,NTB,que é aquelas coisa que fica mexendo e,112081,113696,1615,1615,1.0,0,0
113696,114860,1164,0,GE-Phrase,242,113521,115411,1890,1164,1.0,175,-551
113696,114860,1164,0,NTB,que tem várias corzinhas,113696,114860,1164,1164,1.0,0,0
114860,115793,933,0,GE-Phrase,242,113521,115411,1890,551,0.591,1339,382
114860,115793,933,0,NTB,bonitinhas e +,114860,115793,933,933,1.0,0,0
85824,88041,2217,0,GE-Phrase,233,85300,86352,1052,528,0.238,524,1689
85824,88041,2217,0,GE-Phrase,234,86352,87587,1235,1235,0.557,-528,454
85824,88041,2217,0,GE-Phrase,235,87587,88868,1281,454,0.205,-1763,-827
85824,88041,2217,0,NTB,que roda umas otimizações lá,85824,88041,2217,2217,1.0,0,0
88041,89282,1241,0,GE-Phrase,235,87587,88868,1281,827,0.666,454,414
88041,89282,1241,0,NTB,umas viagem,88041,89282,1241,1241,1.0,0,0
98828,99456,628,0,GE-Phrase,238,97522,99461,1939,628,1.0,1306,-5
98828,99456,628,0,NTB,normalmente é,98828,99456,628,628,1.0,0,0
99456,99868,412,0,GE-Phrase,238,97522,99461,1939,5,0.012,1934,407
99456,99868,412,0,GE-Phrase,239,99461,102171,2710,407,0.988,-5,-2303
99456,99868,412,0,NTB,tipo assim,99456,99868,412,412,1.0,0,0
100294,101506,1212,0,GE-Phrase,239,99461,102171,2710,1212,1.0,833,-665
100294,101506,1212,0,NTB,realmente o avião que a gente vai voar,100294,101506,1212,1212,1.0,0,0
102256,103393,1137,0,GE-Phrase,240,102171,104002,1831,1137,1.0,85,-609
102256,103393,1137,0,NTB,fazer ensaio nele,102256,103393,1137,1137,1.0,0,0
103393,106072,2679,0,GE-Phrase,240,102171,104002,1831,609,0.227,1222,2070
103393,106072,2679,0,NTB,que tem essa parte também,103393,106072,2679,2679,1.0,0,0
112081,113696,1615,0,GE-Phrase,241,111522,113521,1999,1440,0.892,559,175
112081,113696,1615,0,GE-Phrase,242,113521,115411,1890,175,0.108,-1440,-1715
112081,113696,1615,0,NTB,que é aquelas coisa que fica mexendo e,112081,113696,1615,1615,1.0,0,0
113696,114860,1164,0,GE-Phrase,242,113521,115411,1890,1164,1.0,175,-551
113696,114860,1164,0,NTB,que tem várias corzinhas,113696,114860,1164,1164,1.0,0,0
114860,115793,933,0,GE-Phrase,242,113521,115411,1890,551,0.591,1339,382
114860,115793,933,0,NTB,bonitinhas e +,114860,115793,933,933,1.0,0,0
85824,88041,2217,0,GE-Phrase,233,85300,86352,1052,528,0.238,524,1689
85824,88041,2217,0,GE-Phrase,234,86352,87587,1235,1235,0.557,-528,454
85824,88041,2217,0,GE-Phrase,235,87587,88868,1281,454,0.205,-1763,-827
85824,88041,2217,0,NTB,que roda umas otimizações lá,85824,88041,2217,2217,1.0,0,0
88041,89282,1241,0,GE-Phrase,235,87587,88868,1281,827,0.666,454,414
88041,89282,1241,0,NTB,umas viagem,88041,89282,1241,1241,1.0,0,0
98828,99456,628,0,GE-Phrase,238,97522,99461,1939,628,1.0,1306,-5
98828,99456,628,0,NTB,normalmente é,98828,99456,628,628,1.0,0,0
99456,99868,412,0,GE-Phrase,238,97522,99461,1939,5,0.012,1934,407
99456,99868,412,0,GE-Phrase,239,99461,102171,2710,407,0.988,-5,-2303
99456,99868,412,0,NTB,tipo assim,99456,99868,412,412,1.0,0,0
100294,101506,1212,0,GE-Phrase,239,99461,102171,2710,1212,1.0,833,-665
100294,101506,1212,0,NTB,realmente o avião que a gente vai voar,100294,101506,1212,1212,1.0,0,0
102256,103393,1137,0,GE-Phrase,240,102171,104002,1831,1137,1.0,85,-609
102256,103393,1137,0,NTB,fazer ensaio nele,102256,103393,1137,1137,1.0,0,0
103393,106072,2679,0,GE-Phrase,240,102171,104002,1831,609,0.227,1222,2070
103393,106072,2679,0,NTB,que tem essa parte também,103393,106072,2679,2679,1.0,0,0
112081,113696,1615,0,GE-Phrase,241,111522,113521,1999,1440,0.892,559,175
112081,113696,1615,0,GE-Phrase,242,113521,115411,1890,175,0.108,-1440,-1715
112081,113696,1615,0,NTB,que é aquelas coisa que fica mexendo e,112081,113696,1615,1615,1.0,0,0
113696,114860,1164,0,GE-Phrase,242,113521,115411,1890,1164,1.0,175,-551
113696,114860,1164,0,NTB,que tem várias corzinhas,113696,114860,1164,1164,1.0,0,0
114860,115793,933,0,GE-Phrase,242,113521,115411,1890,551,0.591,1339,382
114860,115793,933,0,NTB,bonitinhas e +,114860,115793,933,933,1.0,0,0
85824,88041,2217,0,GE-Phrase,233,85300,86352,1052,528,0.238,524,1689
85824,88041,2217,0,GE-Phrase,234,86352,87587,1235,1235,0.557,-528,454
85824,88041,2217,0,GE-Phrase,235,87587,88868,1281,454,0.205,-1763,-827
85824,88041,2217,0,NTB,que roda umas otimizações lá,85824,88041,2217,2217,1.0,0,0
88041,89282,1241,0,GE-Phrase,235,87587,88868,1281,827,0.666,454,414
88041,89282,1241,0,NTB,umas viagem,88041,89282,1241,1241,1.0,0,0
98828,99456,628,0,GE-Phrase,238,97522,99461,1939,628,1.0,1306,-5
98828,99456,628,0,NTB,normalmente é,98828,99456,628,628,1.0,0,0
99456,99868,412,0,GE-Phrase,238,97522,99461,1939,5,0.012,1934,407
99456,99868,412,0,GE-Phrase,239,99461,102171,2710,407,0.988,-5,-2303
99456,99868,412,0,NTB,tipo assim,99456,99868,412,412,1.0,0,0
100294,101506,1212,0,GE-Phrase,239,99461,102171,2710,1212,1.0,833,-665
100294,101506,1212,0,NTB,realmente o avião que a gente vai voar,100294,101506,1212,1212,1.0,0,0
102256,103393,1137,0,GE-Phrase,240,102171,104002,1831,1137,1.0,85,-609
102256,103393,1137,0,NTB,fazer ensaio nele,102256,103393,1137,1137,1.0,0,0
103393,106072,2679,0,GE-Phrase,240,102171,104002,1831,609,0.227,1222,2070
103393,106072,2679,0,NTB,que tem essa parte também,103393,106072,2679,2679,1.0,0,0
112081,113696,1615,0,GE-Phrase,241,111522,113521,1999,1440,0.892,559,175
112081,113696,1615,0,GE-Phrase,242,113521,115411,1890,175,0.108,-1440,-1715
112081,113696,1615,0,NTB,que é aquelas coisa que fica mexendo e,112081,113696,1615,1615,1.0,0,0
113696,114860,1164,0,GE-Phrase,242,113521,115411,1890,1164,1.0,175,-551
113696,114860,1164,0,NTB,que tem várias corzinhas,113696,114860,1164,1164,1.0,0,0
114860,115793,933,0,GE-Phrase,242,113521,115411,1890,551,0.591,1339,382
114860,115793,933,0,NTB,bonitinhas e +,114860,115793,933,933,1.0,0,0
85824,88041,2217,0,GE-Phrase,233,85300,86352,1052,528,0.238,524,1689
85824,88041,2217,0,GE-Phrase,234,86352,87587,1235,1235,0.557,-528,454
85824,88041,2217,0,GE-Phrase,235,87587,88868,1281,454,0.205,-1763,-827
85824,88041,2217,0,NTB,que roda umas otimizações lá,85824,88041,2217,2217,1.0,0,0
88041,89282,1241,0,GE-Phrase,235,87587,88868,1281,827,0.666,454,414
88041,89282,1241,0,NTB,umas viagem,88041,89282,1241,1241,1.0,0,0
98828,99456,628,0,GE-Phrase,238,97522,99461,1939,628,1.0,1306,-5
98828,99456,628,0,NTB,normalmente é,98828,99456,628,628,1.0,0,0
99456,99868,412,0,GE-Phrase,238,97522,99461,1939,5,0.012,1934,407
99456,99868,412,0,GE-Phrase,239,99461,102171,2710,407,0.988,-5,-2303
99456,99868,412,0,NTB,tipo assim,99456,99868,412,412,1.0,0,0
100294,101506,1212,0,GE-Phrase,239,99461,102171,2710,1212,1.0,833,-665
100294,101506,1212,0,NTB,realmente o avião que a gente vai voar,100294,101506,1212,1212,1.0,0,0
102256,103393,1137,0,GE-Phrase,240,102171,104002,1831,1137,1.0,85,-609
102256,103393,1137,0,NTB,fazer ensaio nele,102256,103393,1137,1137,1.0,0,0
103393,106072,2679,0,GE-Phrase,240,102171,104002,1831,609,0.227,1222,2070
103393,106072,2679,0,NTB,que tem essa parte também,103393,106072,2679,2679,1.0,0,0
112081,113696,1615,0,GE-Phrase,241,111522,113521,1999,1440,0.892,559,175
112081,113696,1615,0,GE-Phrase,242,113521,115411,1890,175,0.108,-1440,-1715
112081,113696,1615,0,NTB,que é aquelas coisa que fica mexendo e,112081,113696,1615,1615,1.0,0,0
113696,114860,1164,0,GE-Phrase,242,113521,115411,1890,1164,1.0,175,-551
113696,114860,1164,0,NTB,que tem várias corzinhas,113696,114860,1164,1164,1.0,0,0
114860,115793,933,0,GE-Phrase,242,113521,115411,1890,551,0.591,1339,382
114860,115793,933,0,NTB,bonitinhas e +,114860,115793,933,933,1.0,0,0
85824,88041,2217,0,GE-Phrase,233,85300,86352,1052,528,0.238,524,1689
85824,88041,2217,0,GE-Phrase,234,86352,87587,1235,1235,0.557,-528,454
85824,88041,2217,0,GE-Phrase,235,87587,88868,1281,454,0.205,-1763,-827
85824,88041,2217,0,NTB,que roda umas otimizações lá,85824,88041,2217,2217,1.0,0,0
88041,89282,1241,0,GE-Phrase,235,87587,88868,1281,827,0.666,454,414
88041,89282,1241,0,NTB,umas viagem,88041,89282,1241,1241,1.0,0,0
98828,99456,628,0,GE-Phrase,238,97522,99461,1939,628,1.0,1306,-5
98828,99456,628,0,NTB,normalmente é,98828,99456,628,628,1.0,0,0
99456,99868,412,0,GE-Phrase,238,97522,99461,1939,5,0.012,1934,407
99456,99868,412,0,GE-Phrase,239,99461,102171,2710,407,0.988,-5,-2303
99456,99868,412,0,NTB,tipo assim,99456,99868,412,412,1.0,0,0
100294,101506,1212,0,GE-Phrase,239,99461,102171,2710,1212,1.0,833,-665
100294,101506,1212,0,NTB,realmente o avião que a gente vai voar,100294,101506,1212,1212,1.0,0,0
102256,103393,1137,0,GE-Phrase,240,102171,104002,1831,1137,1.0,85,-609
102256,103393,1137,0,NTB,fazer ensaio nele,102256,103393,1137,1137,1.0,0,0
103393,106072,2679,0,GE-Phrase,240,102171,104002,1831,609,0.227,1222,2070
103393,106072,2679,0,NTB,que tem essa parte também,103393,106072,2679,2679,1.0,0,0
112081,113696,1615,0,GE-Phrase,241,111522,113521,1999,1440,0.892,559,175
112081,113696,1615,0,GE-Phrase,242,113521,115411,1890,175,0.108,-1440,-1715
112081,113696,1615,0,NTB,que é aquelas coisa que fica mexendo e,112081,113696,1615,1615,1.0,0,0
113696,114860,1164,0,GE-Phrase,242,113521,115411,1890,1164,1.0,175,-551
113696,114860,1164,0,NTB,que tem várias corzinhas,113696,114860,1164,1164,1.0,0,0
114860,115793,933,0,GE-Phrase,242,113521,115411,1890,551,0.591,1339,382
114860,115793,933,0,NTB,bonitinhas e +,114860,115793,933,933,1.0,0,0
85824,88041,2217,0,GE-Phrase,233,85300,86352,1052,528,0.238,524,1689
85824,88041,2217,0,GE-Phrase,234,86352,87587,1235,1235,0.557,-528,454
85824,88041,2217,0,GE-Phrase,235,87587,88868,1281,454,0.205,-1763,-827
85824,88041,2217,0,NTB,que roda umas otimizações lá,85824,88041,2217,2217,1.0,0,0
88041,89282,1241,0,GE-Phrase,235,87587,88868,1281,827,0.666,454,414
88041,89282,1241,0,NTB,umas viagem,88041,89282,1241,1241,1.0,0,0
98828,99456,628,0,GE-Phrase,238,97522,99461,1939,628,1.0,1306,-5
98828,99456,628,0,NTB,normalmente é,98828,99456,628,628,1.0,0,0
99456,99868,412,0,GE-Phrase,238,97522,99461,1939,5,0.012,1934,407
99456,99868,412,0,GE-Phrase,239,99461,102171,2710,407,0.988,-5,-2303
99456,99868,412,0,NTB,tipo assim,99456,99868,412,412,1.0,0,0
100294,101506,1212,0,GE-Phrase,239,99461,102171,2710,1212,1.0,833,-665
100294,101506,1212,0,NTB,realmente o avião que a gente vai voar,100294,101506,1212,1212,1.0,0,0
102256,103393,1137,0,GE-Phrase,240,102171,104002,1831,1137,1.0,85,-609
102256,103393,1137,0,NTB,fazer ensaio nele,102256,103393,1137,1137,1.0,0,0
103393,106072,2679,0,GE-Phrase,240,102171,104002,1831,609,0.227,1222,2070
103393,106072,2679,0,NTB,que tem essa parte também,103393,106072,2679,2679,1.0,0,0
112081,113696,1615,0,GE-Phrase,241,111522,113521,1999,1440,0.892,559,175
112081,113696,1615,0,GE-Phrase,242,113521,115411,1890,175,0.108,-1440,-1715
112081,113696,1615,0,NTB,que é aquelas coisa que fica mexendo e,112081,113696,1615,1615,1.0,0,0
113696,114860,1164,0,GE-Phrase,242,113521,115411,1890,1164,1.0,175,-551
113696,114860,1164,0,NTB,que tem várias corzinhas,113696,114860,1164,1164,1.0,0,0
114860,115793,933,0,GE-Phrase,242,113521,115411,1890,551,0.591,1339,382
114860,115793,933,0,NTB,bonitinhas e +,114860,115793,933,933,1.0,0,0
85824,88041,2217,0,GE-Phrase,233,85300,86352,1052,528,0.238,524,1689
85824,88041,2217,0,GE-Phrase,234,86352,87587,1235,1235,0.557,-528,454
85824,88041,2217,0,GE-Phrase,235,87587,88868,1281,454,0.205,-1763,-827
85824,88041,2217,0,NTB,que roda umas otimizações lá,85824,88041,2217,2217,1.0,0,0
88041,89282,1241,0,GE-Phrase,235,87587,88868,1281,827,0.666,454,414
88041,89282,1241,0,NTB,umas viagem,88041,89282,1241,1241,1.0,0,0
98828,99456,628,0,GE-Phrase,238,97522,99461,1939,628,1.0,1306,-5
98828,99456,628,0,NTB,normalmente é,98828,99456,628,628,1.0,0,0
99456,99868,412,0,GE-Phrase,238,97522,99461,1939,5,0.012,1934,407
99456,99868,412,0,GE-Phrase,239,99461,102171,2710,407,0.988,-5,-2303
99456,99868,412,0,NTB,tipo assim,99456,99868,412,412,1.0,0,0
100294,101506,1212,0,GE-Phrase,239,99461,102171,2710,1212,1.0,833,-665
100294,101506,1212,0,NTB,realmente o avião que a gente vai voar,100294,101506,1212,1212,1.0,0,0
102256,103393,1137,0,GE-Phrase,240,102171,104002,1831,1137,1.0,85,-609
102256,103393,1137,0,NTB,fazer ensaio nele,102256,103393,1137,1137,1.0,0,0
103393,106072,2679,0,GE-Phrase,240,102171,104002,1831,609,0.227,1222,2070
103393,106072,2679,0,NTB,que tem essa parte também,103393,106072,2679,2679,1.0,0,0
112081,113696,1615,0,GE-Phrase,241,111522,113521,1999,1440,0.892,559,175
112081,113696,1615,0,GE-Phrase,242,113521,115411,1890,175,0.108,-1440,-1715
112081,113696,1615,0,NTB,que é aquelas coisa que fica mexendo e,112081,113696,1615,1615,1.0,0,0
113696,114860,1164,0,GE-Phrase,242,113521,115411,1890,1164,1.0,175,-551
113696,114860,1164,0,NTB,que tem várias corzinhas,113696,114860,1164,1164,1.0,0,0
114860,115793,933,0,GE-Phrase,242,113521,115411,1890,551,0.591,1339,382
114860,115793,933,0,NTB,bonitinhas e +,114860,115793,933,933,1.0,0,0
85824,88041,2217,0,GE-Phrase,233,85300,86352,1052,528,0.238,524,1689
85824,88041,2217,0,GE-Phrase,234,86352,87587,1235,1235,0.557,-528,454
85824,88041,2217,0,GE-Phrase,235,87587,88868,1281,454,0.205,-1763,-827
85824,88041,2217,0,NTB,que roda umas otimizações lá,85824,88041,2217,2217,1.0,0,0
88041,89282,1241,0,GE-Phrase,235,87587,88868,1281,827,0.666,454,414
88041,89282,1241,0,NTB,umas viagem,88041,89282,1241,1241,1.0,0,0
98828,99456,628,0,GE-Phrase,238,97522,99461,1939,628,1.0,1306,-5
98828,99456,628,0,NTB,normalmente é,98828,99456,628,628,1.0,0,0
99456,99868,412,0,GE-Phrase,238,97522,99461,1939,5,0.012,1934,407
99456,99868,412,0,GE-Phrase,239,99461,102171,2710,407,0.988,-5,-2303
99456,99868,412,0,NTB,tipo assim,99456,99868,412,412,1.0,0,0
100294,101506,1212,0,GE-Phrase,239,99461,102171,2710,1212,1.0,833,-665
100294,101506,1212,0,NTB,realmente o avião que a gente vai voar,100294,101506,1212,1212,1.0,0,0
102256,103393,1137,0,GE-Phrase,240,102171,104002,1831,1137,1.0,85,-609
102256,103393,1137,0,NTB,fazer ensaio nele,102256,103393,1137,1137,1.0,0,0
103393,106072,2679,0,GE-Phrase,240,102171,104002,1831,609,0.227,1222,2070
103393,106072,2679,0,NTB,que tem essa parte também,103393,106072,2679,2679,1.0,0,0
112081,113696,1615,0,GE-Phrase,241,111522,113521,1999,1440,0.892,559,175
112081,113696,1615,0,GE-Phrase,242,113521,115411,1890,175,0.108,-1440,-1715
112081,113696,1615,0,NTB,que é aquelas coisa que fica mexendo e,112081,113696,1615,1615,1.0,0,0
113696,114860,1164,0,GE-Phrase,242,113521,115411,1890,1164,1.0,175,-551
113696,114860,1164,0,NTB,que tem várias corzinhas,113696,114860,1164,1164,1.0,0,0
114860,115793,933,0,GE-Phrase,242,113521,115411,1890,551,0.591,1339,382
114860,115793,933,0,NTB,bonitinhas e +,114860,115793,933,933,1.0,0,0
85824,88041,2217,0,GE-Phrase,233,85300,86352,1052,528,0.238,524,1689
85824,88041,2217,0,GE-Phrase,234,86352,87587,1235,1235,0.557,-528,454
85824,88041,2217,0,GE-Phrase,235,87587,88868,1281,454,0.205,-1763,-827
85824,88041,2217,0,NTB,que roda umas otimizações lá,85824,88041,2217,2217,1.0,0,0
88041,89282,1241,0,GE-Phrase,235,87587,88868,1281,827,0.666,454,414
88041,89282,1241,0,NTB,umas viagem,88041,89282,1241,1241,1.0,0,0
98828,99456,628,0,GE-Phrase,238,97522,99461,1939,628,1.0,1306,-5
98828,99456,628,0,NTB,normalmente é,98828,99456,628,628,1.0,0,0
99456,99868,412,0,GE-Phrase,238,97522,99461,1939,5,0.012,1934,407
99456,99868,412,0,GE-Phrase,239,99461,102171,2710,407,0.988,-5,-2303
99456,99868,412,0,NTB,tipo assim,99456,99868,412,412,1.0,0,0
100294,101506,1212,0,GE-Phrase,239,99461,102171,2710,1212,1.0,833,-665
100294,101506,1212,0,NTB,realmente o avião que a gente vai voar,100294,101506,1212,1212,1.0,0,0
102256,103393,1137,0,GE-Phrase,240,102171,104002,1831,1137,1.0,85,-609
102256,103393,1137,0,NTB,fazer ensaio nele,102256,103393,1137,1137,1.0,0,0
103393,106072,2679,0,GE-Phrase,240,102171,104002,1831,609,0.227,1222,2070
103393,106072,2679,0,NTB,que tem essa parte também,103393,106072,2679,2679,1.0,0,0
112081,113696,1615,0,GE-Phrase,241,111522,113521,1999,1440,0.892,559,175
112081,113696,1615,0,GE-Phrase,242,113521,115411,1890,175,0.108,-1440,-1715
112081,113696,1615,0,NTB,que é aquelas coisa que fica mexendo e,112081,113696,1615,1615,1.0,0,0
113696,114860,1164,0,GE-Phrase,242,113521,115411,1890,1164,1.0,175,-551
113696,114860,1164,0,NTB,que tem várias corzinhas,113696,114860,1164,1164,1.0,0,0
114860,115793,933,0,GE-Phrase,242,113521,115411,1890,551,0.591,1339,382
114860,115793,933,0,NTB,bonitinhas e +,114860,115793,933,933,1.0,0,0
85824,88041,2217,0,GE-Phrase,233,85300,86352,1052,528,0.238,524,1689
85824,88041,2217,0,GE-Phrase,234,86352,87587,1235,1235,0.557,-528,454
85824,88041,2217,0,GE-Phrase,235,87587,88868,1281,454,0.205,-1763,-827
85824,88041,2217,0,NTB,que roda umas otimizações lá,85824,88041,2217,2217,1.0,0,0
88041,89282,1241,0,GE-Phrase,235,87587,88868,1281,827,0.666,454,414
88041,89282,1241,0,NTB,umas viagem,88041,89282,1241,1241,1.0,0,0
98828,99456,628,0,GE-Phrase,238,97522,99461,1939,628,1.0,1306,-5
98828,99456,628,0,NTB,normalmente é,98828,99456,628,628,1.0,0,0
99456,99868,412,0,GE-Phrase,238,97522,99461,1939,5,0.012,1934,407
99456,99868,412,0,GE-Phrase,239,99461,102171,2710,407,0.988,-5,-2303
99456,99868,412,0,NTB,tipo assim,99456,99868,412,412,1.0,0,0
100294,101506,1212,0,GE-Phrase,239,99461,102171,2710,1212,1.0,833,-665
100294,101506,1212,0,NTB,realmente o avião que a gente vai voar,100294,101506,1212,1212,1.0,0,0
102256,103393,1137,0,GE-Phrase,240,102171,104002,1831,1137,1.0,85,-609
102256,103393,1137,0,NTB,fazer ensaio nele,102256,103393,1137,1137,1.0,0,0
103393,106072,2679,0,GE-Phrase,240,102171,104002,1831,609,0.227,1222,2070
103393,106072,2679,0,NTB,que tem essa parte também,103393,106072,2679,2679,1.0,0,0
112081,113696,1615,0,GE-Phrase,241,111522,113521,1999,1440,0.892,559,175
112081,113696,1615,0,GE-Phrase,242,113521,115411,1890,175,0.108,-1440,-1715
112081,113696,1615,0,NTB,que é aquelas coisa que fica mexendo e,112081,113696,1615,1615,1.0,0,0
113696,114860,1164,0,GE-Phrase,242,113521,115411,1890,1164,1.0,175,-551
113696,114860,1164,0,NTB,que tem várias corzinhas,113696,114860,1164,1164,1.0,0,0
114860,115793,933,0,GE-Phrase,242,113521,115411,1890,551,0.591,1339,382
114860,115793,933,0,NTB,bonitinhas e +,114860,115793,933,933,1.0,0,0
85824,88041,2217,0,GE-Phrase,233,85300,86352,1052,528,0.238,524,1689
85824,88041,2217,0,GE-Phrase,234,86352,87587,1235,1235,0.557,-528,454
85824,88041,2217,0,GE-Phrase,235,87587,88868,1281,454,0.205,-1763,-827
85824,88041,2217,0,NTB,que roda umas otimizações lá,85824,88041,2217,2217,1.0,0,0
88041,89282,1241,0,GE-Phrase,235,87587,88868,1281,827,0.666,454,414
88041,89282,1241,0,NTB,umas viagem,88041,89282,1241,1241,1.0,0,0
98828,99456,628,0,GE-Phrase,238,97522,99461,1939,628,1.0,1306,-5
98828,99456,628,0,NTB,normalmente é,98828,99456,628,628,1.0,0,0
99456,99868,412,0,GE-Phrase,238,97522,99461,1939,5,0.012,1934,407
99456,99868,412,0,GE-Phrase,239,99461,102171,2710,407,0.988,-5,-2303
99456,99868,412,0,NTB,tipo assim,99456,99868,412,412,1.0,0,0
100294,101506,1212,0,GE-Phrase,239,99461,102171,2710,1212,1.0,833,-665
100294,101506,1212,0,NTB,realmente o avião que a gente vai voar,100294,101506,1212,1212,1.0,0,0
102256,103393,1137,0,GE-Phrase,240,102171,104002,1831,1137,1.0,85,-609
102256,103393,1137,0,NTB,fazer ensaio nele,102256,103393,1137,1137,1.0,0,0
103393,106072,2679,0,GE-Phrase,240,102171,104002,1831,609,0.227,1222,2070
103393,106072,2679,0,NTB,que tem essa parte também,103393,106072,2679,2679,1.0,0,0
112081,113696,1615,0,GE-Phrase,241,111522,113521,1999,1440,0.892,559,175
112081,113696,1615,0,GE-Phrase,242,113521,115411,1890,175,0.108,-1440,-1715
112081,113696,1615,0,NTB,que é aquelas coisa que fica mexendo e,112081,113696,1615,1615,1.0,0,0
113696,114860,1164,0,GE-Phrase,242,113521,115411,1890,1164,1.0,175,-551
113696,114860,1164,0,NTB,que tem várias corzinhas,113696,114860,1164,1164,1.0,0,0
114860,115793,933,0,GE-Phrase,242,113521,115411,1890,551,0.591,1339,382
114860,115793,933,0,NTB,bonitinhas e +,114860,115793,933,933,1.0,0,0
85824,88041,2217,0,GE-Phrase,233,85300,86352,1052,528,0.238,524,1689
85824,88041,2217,0,GE-Phrase,234,86352,87587,1235,1235,0.557,-528,454
85824,88041,2217,0,GE-Phrase,235,87587,88868,1281,454,0.205,-1763,-827
85824,88041,2217,0,NTB,que roda umas otimizações lá,85824,88041,2217,2217,1.0,0,0
88041,89282,1241,0,GE-Phrase,235,87587,88868,1281,827,0.666,454,414
88041,89282,1241,0,NTB,umas viagem,88041,89282,1241,1241,1.0,0,0
98828,99456,628,0,GE-Phrase,238,97522,99461,1939,628,1.0,1306,-5
98828,99456,628,0,NTB,normalmente é,98828,99456,628,628,1.0,0,0
99456,99868,412,0,GE-Phrase,238,97522,99461,1939,5,0.012,1934,407
99456,99868,412,0,GE-Phrase,239,99461,102171,2710,407,0.988,-5,-2303
99456,99868,412,0,NTB,tipo assim,99456,99868,412,412,1.0,0,0
100294,101506,1212,0,GE-Phrase,239,99461,102171,2710,1212,1.0,833,-665
100294,101506,1212,0,NTB,realmente o avião que a gente vai voar,100294,101506,1212,1212,1.0,0,0
102256,103393,1137,0,GE-Phrase,240,102171,104002,1831,1137,1.0,85,-609
102256,103393,1137,0,NTB,fazer ensaio nele,102256,103393,1137,1137,1.0,0,0
103393,106072,2679,0,GE-Phrase,240,102171,104002,1831,609,0.227,1222,2070
103393,106072,2679,0,NTB,que tem essa parte também,103393,106072,2679,2679,1.0,0,0
112081,113696,1615,0,GE-Phrase,241,111522,113521,1999,1440,0.892,559,175
112081,113696,1615,0,GE-Phrase,242,113521,115411,1890,175,0.108,-1440,-1715
112081,113696,1615,0,NTB,que é aquelas coisa que fica mexendo e,112081,113696,1615,1615,1.0,0,0
113696,114860,1164,0,GE-Phrase,242,113521,115411,1890,1164,1.0,175,-551
113696,114860,1164,0,NTB,que tem várias corzinhas,113696,114860,1164,1164,1.0,0,0
114860,115793,933,0,GE-Phrase,242,113521,115411,1890,551,0.591,1339,382
114860,115793,933,0,NTB,bonitinhas e +,114860,115793,933,933,1.0,0,0
85824,88041,2217,0,GE-Phrase,233,85300,86352,1052,528,0.238,524,1689
85824,88041,2217,0,GE-Phrase,234,86352,87587,1235,1235,0.557,-528,454
85824,88041,2217,0,GE-Phrase,235,87587,88868,1281,454,0.205,-1763,-827
85824,88041,2217,0,NTB,que roda umas otimizações lá,85824,88041,2217,2217,1.0,0,0
88041,89282,1241,0,GE-Phrase,235,87587,88868,1281,827,0.666,454,414
88041,89282,1241,0,NTB,umas viagem,88041,89282,1241,1241,1.0,0,0
98828,99456,628,0,GE-Phrase,238,97522,99461,1939,628,1.0,1306,-5
98828,99456,628,0,NTB,normalmente é,98828,99456,628,628,1.0,0,0
99456,99868,412,0,GE-Phrase,238,97522,99461,1939,5,0.012,1934,407
99456,99868,412,0,GE-Phrase,239,99461,102171,2710,407,0.988,-5,-2303
99456,99868,412,0,NTB,tipo assim,99456,99868,412,412,1.0,0,0
100294,101506,1212,0,GE-Phrase,239,99461,102171,2710,1212,1.0,833,-665
100294,101506,1212,0,NTB,realmente o avião que a gente vai voar,100294,101506,1212,1212,1.0,0,0
102256,103393,1137,0,GE-Phrase,240,102171,104002,1831,1137,1.0,85,-609
102256,103393,1137,0,NTB,fazer ensaio nele,102256,103393,1137,1137,1.0,0,0
103393,106072,2679,0,GE-Phrase,240,102171,104002,1831,609,0.227,1222,2070
103393,106072,2679,0,NTB,que tem essa parte também,103393,106072,2679,2679,1.0,0,0
112081,113696,1615,0,GE-Phrase,241,111522,113521,1999,1440,0.892,559,175
112081,113696,1615,0,GE-Phrase,242,113521,115411,1890,175,0.108,-1440,-1715
112081,113696,1615,0,NTB,que é aquelas coisa que fica mexendo e,112081,113696,1615,1615,1.0,0,0
113696,114860,1164,0,GE-Phrase,242,113521,115411,1890,1164,1.0,175,-551
113696,114860,1164,0,NTB,que tem várias corzinhas,113696,114860,1164,1164,1.0,0,0
114860,115793,933,0,GE-Phrase,242,113521,115411,1890,551,0.591,1339,382
114860,115793,933,0,NTB,bonitinhas e +,114860,115793,933,933,1.0,0,0
85824,88041,2217,0,GE-Phrase,233,85300,86352,1052,528,0.238,524,1689
85824,88041,2217,0,GE-Phrase,234,86352,87587,1235,1235,0.557,-528,454
85824,88041,2217,0,GE-Phrase,235,87587,88868,1281,454,0.205,-1763,-827
85824,88041,2217,0,NTB,que roda umas otimizações lá,85824,88041,2217,2217,1.0,0,0
88041,89282,1241,0,GE-Phrase,235,87587,88868,1281,827,0.666,454,414
88041,89282,1241,0,NTB,umas viagem,88041,89282,1241,1241,1.0,0,0
98828,99456,628,0,GE-Phrase,238,97522,99461,1939,628,1.0,1306,-5
98828,99456,628,0,NTB,normalmente é,98828,99456,628,628,1.0,0,0
99456,99868,412,0,GE-Phrase,238,97522,99461,1939,5,0.012,1934,407
99456,99868,412,0,GE-Phrase,239,99461,102171,2710,407,0.988,-5,-2303
99456,99868,412,0,NTB,tipo assim,99456,99868,412,412,1.0,0,0
100294,101506,1212,0,GE-Phrase,239,99461,102171,2710,1212,1.0,833,-665
100294,101506,1212,0,NTB,realmente o avião que a gente vai voar,100294,101506,1212,1212,1.0,0,0
102256,103393,1137,0,GE-Phrase,240,102171,104002,1831,1137,1.0,85,-609
102256,103393,1137,0,NTB,fazer ensaio nele,102256,103393,1137,1137,1.0,0,0
103393,106072,2679,0,GE-Phrase,240,102171,104002,1831,609,0.227,1222,2070
103393,106072,2679,0,NTB,que tem essa parte também,103393,106072,2679,2679,1.0,0,0
112081,113696,1615,0,GE-Phrase,241,111522,113521,1999,1440,0.892,559,175
112081,113696,1615,0,GE-Phrase,242,113521,115411,1890,175,0.108,-1440,-1715
112081,113696,1615,0,NTB,que é aquelas coisa que fica mexendo e,112081,113696,1615,1615,1.0,0,0
113696,114860,1164,0,GE-Phrase,242,113521,115411,1890,1164,1.0,175,-551
113696,114860,1164,0,NTB,que tem várias corzinhas,113696,114860,1164,1164,1.0,0,0
114860,115793,933,0,GE-Phrase,242,113521,115411,1890,551,0.591,1339,382
114860,115793,933,0,NTB,bonitinhas e +,114860,115793,933,933,1.0,0,0
85824,88041,2217,0,GE-Phrase,233,85300,86352,1052,528,0.238,524,1689
85824,88041,2217,0,GE-Phrase,234,86352,87587,1235,1235,0.557,-528,454
85824,88041,2217,0,GE-Phrase,235,87587,88868,1281,454,0.205,-1763,-827
85824,88041,2217,0,NTB,que roda umas otimizações lá,85824,88041,2217,2217,1.0,0,0
88041,89282,1241,0,GE-Phrase,235,87587,88868,1281,827,0.666,454,414
88041,89282,1241,0,NTB,umas viagem,88041,89282,1241,1241,1.0,0,0
98828,99456,628,0,GE-Phrase,238,97522,99461,1939,628,1.0,1306,-5
98828,99456,628,0,NTB,normalmente é,98828,99456,628,628,1.0,0,0
99456,99868,412,0,GE-Phrase,238,97522,99461,1939,5,0.012,1934,407
99456,99868,412,0,GE-Phrase,239,99461,102171,2710,407,0.988,-5,-2303
99456,99868,412,0,NTB,tipo assim,99456,99868,412,412,1.0,0,0
100294,101506,1212,0,GE-Phrase,239,99461,102171,2710,1212,1.0,833,-665
100294,101506,1212,0,NTB,realmente o avião que a gente vai voar,100294,101506,1212,1212,1.0,0,0
102256,103393,1137,0,GE-Phrase,240,102171,104002,1831,1137,1.0,85,-609
102256,103393,1137,0,NTB,fazer ensaio nele,102256,103393,1137,1137,1.0,0,0
103393,106072,2679,0,GE-Phrase,240,102171,104002,1831,609,0.227,1222,2070
103393,106072,2679,0,NTB,que tem essa parte também,103393,106072,2679,2679,1.0,0,0
112081,113696,1615,0,GE-Phrase,241,111522,113521,1999,1440,0.892,559,175
112081,113696,1615,0,GE-Phrase,242,113521,115411,1890,175,0.108,-1440,-1715
112081,113696,1615,0,NTB,que é aquelas coisa que fica mexendo e,112081,113696,1615,1615,1.0,0,0
113696,114860,1164,0,GE-Phrase,242,113521,115411,1890,1164,1.0,175,-551
113696,114860,1164,0,NTB,que tem várias corzinhas,113696,114860,1164,1164,1.0,0,0
114860,115793,933,0,GE-Phrase,242,113521,115411,1890,551,0.591,1339,382
114860,115793,933,0,NTB,bonitinhas e +,114860,115793,933,933,1.0,0,0
85824,88041,2217,0,GE-Phrase,233,85300,86352,1052,528,0.238,524,1689
85824,88041,2217,0,GE-Phrase,234,86352,87587,1235,1235,0.557,-528,454
85824,88041,2217,0,GE-Phrase,235,87587,88868,1281,454,0.205,-1763,-827
85824,88041,2217,0,NTB,que roda umas otimizações lá,85824,88041,2217,2217,1.0,0,0
88041,89282,1241,0,GE-Phrase,235,87587,88868,1281,827,0.666,454,414
88041,89282,1241,0,NTB,umas viagem,88041,89282,1241,1241,1.0,0,0
98828,99456,628,0,GE-Phrase,238,97522,99461,1939,628,1.0,1306,-5
98828,99456,628,0,NTB,normalmente é,98828,99456,628,628,1.0,0,0
99456,99868,412,0,GE-Phrase,238,97522,99461,1939,5,0.012,1934,407
99456,99868,412,0,GE-Phrase,239,99461,102171,2710,407,0.988,-5,-2303
99456,99868,412,0,NTB,tipo assim,99456,99868,412,412,1.0,0,0
100294,101506,1212,0,GE-Phrase,239,99461,102171,2710,1212,1.0,833,-665
100294,101506,1212,0,NTB,realmente o avião que a gente vai voar,100294,101506,1212,1212,1.0,0,0
102256,103393,1137,0,GE-Phrase,240,102171,104002,1831,1137,1.0,85,-609
102256,103393,1137,0,NTB,fazer ensaio nele,102256,103393,1137,1137,1.0,0,0
103393,106072,2679,0,GE-Phrase,240,102171,104002,1831,609,0.227,1222,2070
103393,106072,2679,0,NTB,que tem essa parte também,103393,106072,2679,2679,1.0,0,0
112081,113696,1615,0,GE-Phrase,241,111522,113521,1999,1440,0.892,559,175
112081,113696,1615,0,GE-Phrase,242,113521,115411,1890,175,0.108,-1440,-1715
112081,113696,1615,0,NTB,que é aquelas coisa que fica mexendo e,112081,113696,1615,1615,1.0,0,0
113696,114860,1164,0,GE-Phrase,242,113521,115411,1890,1164,1.0,175,-551
113696,114860,1164,0,NTB,que tem várias corzinhas,113696,114860,1164,1164,1.0,0,0
114860,115793,933,0,GE-Phrase,242,113521,115411,1890,551,0.591,1339,382
114860,115793,933,0,NTB,bonitinhas e +,114860,115793,933,933,1.0,0,0
85824,88041,2217,0,GE-Phrase,233,85300,86352,1052,528,0.238,524,1689
85824,88041,2217,0,GE-Phrase,234,86352,87587,1235,1235,0.557,-528,454
85824,88041,2217,0,GE-Phrase,235,87587,88868,1281,454,0.205,-1763,-827
85824,88041,2217,0,NTB,que roda umas otimizações lá,85824,88041,2217,2217,1.0,0,0
88041,89282,1241,0,GE-Phrase,235,87587,88868,1281,827,0.666,454,414
88041,89282,1241,0,NTB,umas viagem,88041,89282,1241,1241,1.0,0,0
98828,99456,628,0,GE-Phrase,238,97522,99461,1939,628,1.0,1306,-5
98828,99456,628,0,NTB,normalmente é,98828,99456,628,628,1.0,0,0
99456,99868,412,0,GE-Phrase,238,97522,99461,1939,5,0.012,1934,407
99456,99868,412,0,GE-Phrase,239,99461,102171,2710,407,0.988,-5,-2303
99456,99868,412,0,NTB,tipo assim,99456,99868,412,412,1.0,0,0
100294,101506,1212,0,GE-Phrase,239,99461,102171,2710,1212,1.0,833,-665
100294,101506,1212,0,NTB,realmente o avião que a gente vai voar,100294,101506,1212,1212,1.0,0,0
102256,103393,1137,0,GE-Phrase,240,102171,104002,1831,1137,1.0,85,-609
102256,103393,1137,0,NTB,fazer ensaio nele,102256,103393,1137,1137,1.0,0,0
103393,106072,2679,0,GE-Phrase,240,102171,104002,1831,609,0.227,1222,2070
103393,106072,2679,0,NTB,que tem essa parte também,103393,106072,2679,2679,1.0,0,0
112081,113696,1615,0,GE-Phrase,241,111522,113521,1999,1440,0.892,559,175
112081,113696,1615,0,GE-Phrase,242,113521,115411,1890,175,0.108,-1440,-1715
112081,113696,1615,0,NTB,que é aquelas coisa que fica mexendo e,112081,113696,1615,1615,1.0,0,0
113696,114860,1164,0,GE-Phrase,242,113521,115411,1890,1164,1.0,175,-551
113696,114860,1164,0,NTB,que tem várias corzinhas,113696,114860,1164,1164,1.0,0,0
114860,115793,933,0,GE-Phrase,242,113521,115411,1890,551,0.591,1339,382
114860,115793,933,0,NTB,bonitinhas e +,114860,115793,933,933,1.0,0,0
85824,88041,2217,0,GE-Phrase,233,85300,86352,1052,528,0.238,524,1689
85824,88041,2217,0,GE-Phrase,234,86352,87587,1235,1235,0.557,-528,454
85824,88041,2217,0,GE-Phrase,235,87587,88868,1281,454,0.205,-1763,-827
85824,88041,2217,0,NTB,que roda umas otimizações lá,85824,88041,2217,2217,1.0,0,0
88041,89282,1241,0,GE-Phrase,235,87587,88868,1281,827,0.666,454,414
88041,89282,1241,0,NTB,umas viagem,88041,89282,1241,1241,1.0,0,0
98828,99456,628,0,GE-Phrase,238,97522,99461,1939,628,1.0,1306,-5
98828,99456,628,0,NTB,normalmente é,98828,99456,628,628,1.0,0,0
99456,99868,412,0,GE-Phrase,238,97522,99461,1939,5,0.012,1934,407
99456,99868,412,0,GE-Phrase,239,99461,102171,2710,407,0.988,-5,-2303
99456,99868,412,0,NTB,tipo assim,99456,99868,412,412,1.0,0,0
100294,101506,1212,0,GE-Phrase,239,99461,102171,2710,1212,1.0,833,-665
100294,101506,1212,0,NTB,realmente o avião que a gente vai voar,100294,101506,1212,1212,1.0,0,0
102256,103393,1137,0,GE-Phrase,240,102171,104002,1831,1137,1.0,85,-609
102256,103393,1137,0,NTB,fazer ensaio nele,102256,103393,1137,1137,1.0,0,0
103393,106072,2679,0,GE-Phrase,240,102171,104002,1831,609,0.227,1222,2070
103393,106072,2679,0,NTB,que tem essa parte também,103393,106072,2679,2679,1.0,0,0
112081,113696,1615,0,GE-Phrase,241,111522,113521,1999,1440,0.892,559,175
112081,113696,1615,0,GE-Phrase,242,113521,115411,1890,175,0.108,-1440,-1715
112081,113696,1615,0,NTB,que é aquelas coisa que fica mexendo e,112081,113696,1615,1615,1.0,0,0
113696,114860,1164,0,GE-Phrase,242,113521,115411,1890,1164,1.0,175,-551
113696,114860,1164,0,NTB,que tem várias corzinhas,113696,114860,1164,1164,1.0,0,0
114860,115793,933,0,GE-Phrase,242,113521,115411,1890,551,0.591,1339,382
114860,115793,933,0,NTB,bonitinhas e +,114860,115793,933,933,1.0,0,0
85824,88041,2217,0,GE-Phrase,233,85300,86352,1052,528,0.238,524,1689
85824,88041,2217,0,GE-Phrase,234,86352,87587,1235,1235,0.557,-528,454
85824,88041,2217,0,GE-Phrase,235,87587,88868,1281,454,0.205,-1763,-827
85824,88041,2217,0,NTB,que roda umas otimizações lá,85824,88041,2217,2217,1.0,0,0
88041,89282,1241,0,GE-Phrase,235,87587,88868,1281,827,0.666,454,414
88041,89282,1241,0,NTB,umas viagem,88041,89282,1241,1241,1.0,0,0
98828,99456,628,0,GE-Phrase,238,97522,99461,1939,628,1.0,1306,-5
98828,99456,628,0,NTB,normalmente é,98828,99456,628,628,1.0,0,0
99456,99868,412,0,GE-Phrase,238,97522,99461,1939,5,0.012,1934,407
99456,99868,412,0,GE-Phrase,239,99461,102171,2710,407,0.988,-5,-2303
99456,99868,412,0,NTB,tipo assim,99456,99868,412,412,1.0,0,0
100294,101506,1212,0,GE-Phrase,239,99461,102171,2710,1212,1.0,833,-665
100294,101506,1212,0,NTB,realmente o avião que a gente vai voar,100294,101506,1212,1212,1.0,0,0
102256,103393,1137,0,GE-Phrase,240,102171,104002,1831,1137,1.0,85,-609
102256,103393,1137,0,NTB,fazer ensaio nele,102256,103393,1137,1137,1.0,0,0
103393,106072,2679,0,GE-Phrase,240,102171,104002,1831,609,0.227,1222,2070
103393,106072,2679,0,NTB,que tem essa parte também,103393,106072,2679,2679,1.0,0,0
112081,113696,1615,0,GE-Phrase,241,111522,113521,1999,1440,0.892,559,175
112081,113696,1615,0,GE-Phrase,242,113521,115411,1890,175,0.108,-1440,-1715
112081,113696,1615,0,NTB,que é aquelas coisa que fica mexendo e,112081,113696,1615,1615,1.0,0,0
113696,114860,1164,0,GE-Phrase,242,113521,115411,1890,1164,1.0,175,-551
113696,114860,1164,0,NTB,que tem várias corzinhas,113696,114860,1164,1164,1.0,0,0
114860,115793,933,0,GE-Phrase,242,113521,115411,1890,551,0.591,1339,382
114860,115793,933,0,NTB,bonitinhas e +,114860,115793,933,933,1.0,0,0
85824,88041,2217,0,GE-Phrase,233,85300,86352,1052,528,0.238,524,1689
85824,88041,2217,0,GE-Phrase,234,86352,87587,1235,1235,0.557,-528,454
85824,88041,2217,0,GE-Phrase,235,87587,88868,1281,454,0.205,-1763,-827
85824,88041,2217,0,NTB,que roda umas otimizações lá,85824,88041,2217,2217,1.0,0,0
88041,89282,1241,0,GE-Phrase,235,87587,88868,1281,827,0.666,454,414
88041,89282,1241,0,NTB,umas viagem,88041,89282,1241,1241,1.0,0,0
98828,99456,628,0,GE-Phrase,238,97522,99461,1939,628,1.0,1306,-5
98828,99456,628,0,NTB,normalmente é,98828,99456,628,628,1.0,0,0
99456,99868,412,0,GE-Phrase,238,97522,99461,1939,5,0.012,1934,407
99456,99868,412,0,GE-Phrase,239,99461,102171,2710,407,0.988,-5,-2303
99456,99868,412,0,NTB,tipo assim,99456,99868,412,412,1.0,0,0
100294,101506,1212,0,GE-Phrase,239,99461,102171,2710,1212,1.0,833,-665
100294,101506,1212,0,NTB,realmente o avião que a gente vai voar,100294,101506,1212,1212,1.0,0,0
102256,103393,1137,0,GE-Phrase,240,102171,104002,1831,1137,1.0,85,-609
102256,103393,1137,0,NTB,fazer ensaio nele,102256,103393,1137,1137,1.0,0,0
103393,106072,2679,0,GE-Phrase,240,102171,104002,1831,609,0.227,1222,2070
103393,106072,2679,0,NTB,que tem essa parte também,103393,106072,2679,2679,1.0,0,0
112081,113696,1615,0,GE-Phrase,241,111522,113521,1999,1440,0.892,559,175
112081,113696,1615,0,GE-Phrase,242,113521,115411,1890,175,0.108,-1440,-1715
112081,113696,1615,0,NTB,que é aquelas coisa que fica mexendo e,112081,113696,1615,1615,1.0,0,0
113696,114860,1164,0,GE-Phrase,242,113521,115411,1890,1164,1.0,175,-551
113696,114860,1164,0,NTB,que tem várias corzinhas,113696,114860,1164,1164,1.0,0,0
114860,115793,933,0,GE-Phrase,242,113521,115411,1890,551,0.591,1339,382
114860,115793,933,0,NTB,bonitinhas e +,114860,115793,933,933,1.0,0,0
85824,88041,2217,0,GE-Phrase,233,85300,86352,1052,528,0.238,524,1689
85824,88041,2217,0,GE-Phrase,234,86352,87587,1235,1235,0.557,-528,454
85824,88041,2217,0,GE-Phrase,235,87587,88868,1281,454,0.205,-1763,-827
85824,88041,2217,0,NTB,que roda umas otimizações lá,85824,88041,2217,2217,1.0,0,0
88041,89282,1241,0,GE-Phrase,235,87587,88868,1281,827,0.666,454,414
88041,89282,1241,0,NTB,umas viagem,88041,89282,1241,1241,1.0,0,0
98828,99456,628,0,GE-Phrase,238,97522,99461,1939,628,1.0,1306,-5
98828,99456,628,0,NTB,normalmente é,98828,99456,628,628,1.0,0,0
99456,99868,412,0,GE-Phrase,238,97522,99461,1939,5,0.012,1934,407
99456,99868,412,0,GE-Phrase,239,99461,102171,2710,407,0.988,-5,-2303
99456,99868,412,0,NTB,tipo assim,99456,99868,412,412,1.0,0,0
100294,101506,1212,0,GE-Phrase,239,99461,102171,2710,1212,1.0,833,-665
100294,101506,1212,0,NTB,realmente o avião que a gente vai voar,100294,101506,1212,1212,1.0,0,0
102256,103393,1137,0,GE-Phrase,240,102171,104002,1831,1137,1.0,85,-609
102256,103393,1137,0,NTB,fazer ensaio nele,102256,103393,1137,1137,1.0,0,0
103393,106072,2679,0,GE-Phrase,240,102171,104002,1831,609,0.227,1222,2070
103393,106072,2679,0,NTB,que tem essa parte também,103393,106072,2679,2679,1.0,0,0
112081,113696,1615,0,GE-Phrase,241,111522,113521,1999,1440,0.892,559,175
112081,113696,1615,0,GE-Phrase,242,113521,115411,1890,175,0.108,-1440,-1715
112081,113696,1615,0,NTB,que é aquelas coisa que fica mexendo e,112081,113696,1615,1615,1.0,0,0
113696,114860,1164,0,GE-Phrase,242,113521,115411,1890,1164,1.0,175,-551
113696,114860,1164,0,NTB,que tem várias corzinhas,113696,114860,1164,1164,1.0,0,0
114860,115793,933,0,GE-Phrase,242,113521,115411,1890,551,0.591,1339,382
114860,115793,933,0,NTB,bonitinhas e +,114860,115793,933,933,1.0,0,0
85824,88041,2217,0,GE-Phrase,233,85300,86352,1052,528,0.238,524,1689
85824,88041,2217,0,GE-Phrase,234,86352,87587,1235,1235,0.557,-528,454
85824,88041,2217,0,GE-Phrase,235,87587,88868,1281,454,0.205,-1763,-827
85824,88041,2217,0,NTB,que roda umas otimizações lá,85824,88041,2217,2217,1.0,0,0
88041,89282,1241,0,GE-Phrase,235,87587,88868,1281,827,0.666,454,414
88041,89282,1241,0,NTB,umas viagem,88041,89282,1241,1241,1.0,0,0
98828,99456,628,0,GE-Phrase,238,97522,99461,1939,628,1.0,1306,-5
98828,99456,628,0,NTB,normalmente é,98828,99456,628,628,1.0,0,0
99456,99868,412,0,GE-Phrase,238,97522,99461,1939,5,0.012,1934,407
99456,99868,412,0,GE-Phrase,239,99461,102171,2710,407,0.988,-5,-2303
99456,99868,412,0,NTB,tipo assim,99456,99868,412,412,1.0,0,0
100294,101506,1212,0,GE-Phrase,239,99461,102171,2710,1212,1.0,833,-665
100294,101506,1212,0,NTB,realmente o avião que a gente vai voar,100294,101506,1212,1212,1.0,0,0
102256,103393,1137,0,GE-Phrase,240,102171,104002,1831,1137,1.0,85,-609
102256,103393,1137,0,NTB,fazer ensaio nele,102256,103393,1137,1137,1.0,0,0
103393,106072,2679,0,GE-Phrase,240,102171,104002,1831,609,0.227,1222,2070
103393,106072,2679,0,NTB,que tem essa parte também,103393,106072,2679,2679,1.0,0,0
112081,113696,1615,0,GE-Phrase,241,111522,113521,1999,1440,0.892,559,175
112081,113696,1615,0,GE-Phrase,242,113521,115411,1890,175,0.108,-1440,-1715
112081,113696,1615,0,NTB,que é aquelas coisa que fica mexendo e,112081,113696,1615,1615,1.0,0,0
113696,114860,1164,0,GE-Phrase,242,113521,115411,1890,1164,1.0,175,-551
113696,114860,1164,0,NTB,que tem várias corzinhas,113696,114860,1164,1164,1.0,0,0
114860,115793,933,0,GE-Phrase,242,113521,115411,1890,551,0.591,1339,382
114860,115793,933,0,NTB,bonitinhas e +,114860,115793,933,933,1.0,0,0
85824,88041,2217,0,GE-Phrase,233,85300,86352,1052,528,0.238,524,1689
85824,88041,2217,0,GE-Phrase,234,86352,87587,1235,1235,0.557,-528,454
85824,88041,2217,0,GE-Phrase,235,87587,88868,1281,454,0.205,-1763,-827
85824,88041,2217,0,NTB,que roda umas otimizações lá,85824,88041,2217,2217,1.0,0,0
88041,89282,1241,0,GE-Phrase,235,87587,88868,1281,827,0.666,454,414
88041,89282,1241,0,NTB,umas viagem,88041,89282,1241,1241,1.0,0,0
98828,99456,628,0,GE-Phrase,238,97522,99461,1939,628,1.0,1306,-5
98828,99456,628,0,NTB,normalmente é,98828,99456,628,628,1.0,0,0
99456,99868,412,0,GE-Phrase,238,97522,99461,1939,5,0.012,1934,407
99456,99868,412,0,GE-Phrase,239,99461,102171,2710,407,0.988,-5,-2303
99456,99868,412,0,NTB,tipo assim,99456,99868,412,412,1.0,0,0
100294,101506,1212,0,GE-Phrase,239,99461,102171,2710,1212,1.0,833,-665
100294,101506,1212,0,NTB,realmente o avião que a gente vai voar,100294,101506,1212,1212,1.0,0,0
102256,103393,1137,0,GE-Phrase,240,102171,104002,1831,1137,1.0,85,-609
102256,103393,1137,0,NTB,fazer ensaio nele,102256,103393,1137,1137,1.0,0,0
103393,106072,2679,0,GE-Phrase,240,102171,104002,1831,609,0.227,1222,2070
103393,106072,2679,0,NTB,que tem essa parte também,103393,106072,2679,2679,1.0,0,0
112081,113696,1615,0,GE-Phrase,241,111522,113521,1999,1440,0.892,559,175
112081,113696,1615,0,GE-Phrase,242,113521,115411,1890,175,0.108,-1440,-1715
112081,113696,1615,0,NTB,que é aquelas coisa que fica mexendo e,112081,113696,1615,1615,1.0,0,0
113696,114860,1164,0,GE-Phrase,242,113521,115411,1890,1164,1.0,175,-551
113696,114860,1164,0,NTB,que tem várias corzinhas,113696,114860,1164,1164,1.0,0,0
114860,115793,933,0,GE-Phrase,242,113521,115411,1890,551,0.591,1339,382
114860,115793,933,0,NTB,bonitinhas e +,114860,115793,933,933,1.0,0,0
85824,88041,2217,0,GE-Phrase,233,85300,86352,1052,528,0.238,524,1689
85824,88041,2217,0,GE-Phrase,234,86352,87587,1235,1235,0.557,-528,454
85824,88041,2217,0,GE-Phrase,235,87587,88868,1281,454,0.205,-1763,-827
85824,88041,2217,0,NTB,que roda umas otimizações lá,85824,88041,2217,2217,1.0,0,0
88041,89282,1241,0,GE-Phrase,235,87587,88868,1281,827,0.666,454,414
88041,89282,1241,0,NTB,umas viagem,88041,89282,1241,1241,1.0,0,0
98828,99456,628,0,GE-Phrase,238,97522,99461,1939,628,1.0,1306,-5
98828,99456,628,0,NTB,normalmente é,98828,99456,628,628,1.0,0,0
99456,99868,412,0,GE-Phrase,238,97522,99461,1939,5,0.012,1934,407
99456,99868,412,0,GE-Phrase,239,99461,102171,2710,407,0.988,-5,-2303
99456,99868,412,0,NTB,tipo assim,99456,99868,412,412,1.0,0,0
100294,101506,1212,0,GE-Phrase,239,99461,102171,2710,1212,1.0,833,-665
100294,101506,1212,0,NTB,realmente o avião que a gente vai voar,100294,101506,1212,1212,1.0,0,0
102256,103393,1137,0,GE-Phrase,240,102171,104002,1831,1137,1.0,85,-609
102256,103393,1137,0,NTB,fazer ensaio nele,102256,103393,1137,1137,1.0,0,0
103393,106072,2679,0,GE-Phrase,240,102171,104002,1831,609,0.227,1222,2070
103393,106072,2679,0,NTB,que tem essa parte também,103393,106072,2679,2679,1.0,0,0
112081,113696,1615,0,GE-Phrase,241,111522,113521,1999,1440,0.892,559,175
112081,113696,1615,0,GE-Phrase,242,113521,115411,1890,175,0.108,-1440,-1715
112081,113696,1615,0,NTB,que é aquelas coisa que fica mexendo e,112081,113696,1615,1615,1.0,0,0
113696,114860,1164,0,GE-Phrase,242,113521,115411,1890,1164,1.0,175,-551
113696,114860,1164,0,NTB,que tem várias corzinhas,113696,114860,1164,1164,1.0,0,0
114860,115793,933,0,GE-Phrase,242,113521,115411,1890,551,0.591,1339,382
114860,115793,933,0,NTB,bonitinhas e +,114860,115793,933,933,1.0,0,0
85824,88041,2217,0,GE-Phrase,233,85300,86352,1052,528,0.238,524,1689
85824,88041,2217,0,GE-Phrase,234,86352,87587,1235,1235,0.557,-528,454
85824,88041,2217,0,GE-Phrase,235,87587,88868,1281,454,0.205,-1763,-827
85824,88041,2217,0,NTB,que roda umas otimizações lá,85824,88041,2217,2217,1.0,0,0
88041,89282,1241,0,GE-Phrase,235,87587,88868,1281,827,0.666,454,414
88041,89282,1241,0,NTB,umas viagem,88041,89282,1241,1241,1.0,0,0
98828,99456,628,0,GE-Phrase,238,97522,99461,1939,628,1.0,1306,-5
98828,99456,628,0,NTB,normalmente é,98828,99456,628,628,1.0,0,0
99456,99868,412,0,GE-Phrase,238,97522,99461,1939,5,0.012,1934,407
99456,99868,412,0,GE-Phrase,239,99461,102171,2710,407,0.988,-5,-2303
99456,99868,412,0,NTB,tipo assim,99456,99868,412,412,1.0,0,0
100294,101506,1212,0,GE-Phrase,239,99461,102171,2710,1212,1.0,833,-665
100294,101506,1212,0,NTB,realmente o avião que a gente vai voar,100294,101506,1212,1212,1.0,0,0
102256,103393,1137,0,GE-Phrase,240,102171,104002,1831,1137,1.0,85,-609
102256,103393,1137,0,NTB,fazer ensaio nele,102256,103393,1137,1137,1.0,0,0
103393,106072,2679,0,GE-Phrase,240,102171,104002,1831,609,0.227,1222,2070
103393,106072,2679,0,NTB,que tem essa parte também,103393,106072,2679,2679,1.0,0,0
112081,113696,1615,0,GE-Phrase,241,111522,113521,1999,1440,0.892,559,175
112081,113696,1615,0,GE-Phrase,242,113521,115411,1890,175,0.108,-1440,-1715
112081,113696,1615,0,NTB,que é aquelas coisa que fica mexendo e,112081,113696,1615,1615,1.0,0,0
113696,114860,1164,0,GE-Phrase,242,113521,115411,1890,1164,1.0,175,-551
113696,114860,1164,0,NTB,que tem várias corzinhas,113696,114860,1164,1164,1.0,0,0
114860,115793,933,0,GE-Phrase,242,113521,115411,1890,551,0.591,1339,382
114860,115793,933,0,NTB,bonitinhas e +,114860,115793,933,933,1.0,0,0
85824,88041,2217,0,GE-Phrase,233,85300,86352,1052,528,0.238,524,1689
85824,88041,2217,0,GE-Phrase,234,86352,87587,1235,1235,0.557,-528,454
85824,88041,2217,0,GE-Phrase,235,87587,88868,1281,454,0.205,-1763,-827
85824,88041,2217,0,NTB,que roda umas otimizações lá,85824,88041,2217,2217,1.0,0,0
88041,89282,1241,0,GE-Phrase,235,87587,88868,1281,827,0.666,454,414
88041,89282,1241,0,NTB,umas viagem,88041,89282,1241,1241,1.0,0,0
98828,99456,628,0,GE-Phrase,238,97522,99461,1939,628,1.0,1306,-5
98828,99456,628,0,NTB,normalmente é,98828,99456,628,628,1.0,0,0
99456,99868,412,0,GE-Phrase,238,97522,99461,1939,5,0.012,1934,407
99456,99868,412,0,GE-Phrase,239,99461,102171,2710,407,0.988,-5,-2303
99456,99868,412,0,NTB,tipo assim,99456,99868,412,412,1.0,0,0
100294,101506,1212,0,GE-Phrase,239,99461,102171,2710,1212,1.0,833,-665
100294,101506,1212,0,NTB,realmente o avião que a gente vai voar,100294,101506,1212,1212,1.0,0,0
102256,103393,1137,0,GE-Phrase,240,102171,104002,1831,1137,1.0,85,-609
102256,103393,1137,0,NTB,fazer ensaio nele,102256,103393,1137,1137,1.0,0,0
103393,106072,2679,0,GE-Phrase,240,102171,104002,1831,609,0.227,1222,2070
103393,106072,2679,0,NTB,que tem essa parte também,103393,106072,2679,2679,1.0,0,0
112081,113696,1615,0,GE-Phrase,241,111522,113521,1999,1440,0.892,559,175
112081,113696,1615,0,GE-Phrase,242,113521,115411,1890,175,0.108,-1440,-1715
112081,113696,1615,0,NTB,que é aquelas coisa que fica mexendo e,112081,113696,1615,1615,1.0,0,0
113696,114860,1164,0,GE-Phrase,242,113521,115411,1890,1164,1.0,175,-551
113696,114860,1164,0,NTB,que tem várias corzinhas,113696,114860,1164,1164,1.0,0,0
114860,115793,933,0,GE-Phrase,242,113521,115411,1890,551,0.591,1339,382
114860,115793,933,0,NTB,bonitinhas e +,114860,115793,933,933,1.0,0,0
85824,88041,2217,0,GE-Phrase,233,85300,86352,1052,528,0.238,524,1689
85824,88041,2217,0,GE-Phrase,234,86352,87587,1235,1235,0.557,-528,454
85824,88041,2217,0,GE-Phrase,235,87587,88868,1281,454,0.205,-1763,-827
85824,88041,2217,0,NTB,que roda umas otimizações lá,85824,88041,2217,2217,1.0,0,0
88041,89282,1241,0,GE-Phrase,235,87587,88868,1281,827,0.666,454,414
88041,89282,1241,0,NTB,umas viagem,88041,89282,1241,1241,1.0,0,0
98828,99456,628,0,GE-Phrase,238,97522,99461,1939,628,1.0,1306,-5
98828,99456,628,0,NTB,normalmente é,98828,99456,628,628,1.0,0,0
99456,99868,412,0,GE-Phrase,238,97522,99461,1939,5,0.012,1934,407
99456,99868,412,0,GE-Phrase,239,99461,102171,2710,407,0.988,-5,-2303
99456,99868,412,0,NTB,tipo assim,99456,99868,412,412,1.0,0,0
100294,101506,1212,0,GE-Phrase,239,99461,102171,2710,1212,1.0,833,-665
100294,101506,1212,0,NTB,realmente o avião que a gente vai voar,100294,101506,1212,1212,1.0,0,0
102256,103393,1137,0,GE-Phrase,240,102171,104002,1831,1137,1.0,85,-609
102256,103393,1137,0,NTB,fazer ensaio nele,102256,103393,1137,1137,1.0,0,0
103393,106072,2679,0,GE-Phrase,240,102171,104002,1831,609,0.227,1222,2070
103393,106072,2679,0,NTB,que tem essa parte também,103393,106072,2679,2679,1.0,0,0
112081,113696,1615,0,GE-Phrase,241,111522,113521,1999,1440,0.892,559,175
112081,113696,1615,0,GE-Phrase,242,113521,115411,1890,175,0.108,-1440,-1715
112081,113696,1615,0,NTB,que é aquelas coisa que fica mexendo e,112081,113696,1615,1615,1.0,0,0
113696,114860,1164,0,GE-Phrase,242,113521,115411,1890,1164,1.0,175,-551
113696,114860,1164,0,NTB,que tem várias corzinhas,113696,114860,1164,1164,1.0,0,0
114860,115793,933,0,GE-Phrase,242,113521,115411,1890,551,0.591,1339,382
114860,115793,933,0,NTB,bonitinhas e +,114860,115793,933,933,1.0,0,0
85824,88041,2217,0,GE-Phrase,233,85300,86352,1052,528,0.238,524,1689
85824,88041,2217,0,GE-Phrase,234,86352,87587,1235,1235,0.557,-528,454
85824,88041,2217,0,GE-Phrase,235,87587,88868,1281,454,0.205,-1763,-827
85824,88041,2217,0,NTB,que roda umas otimizações lá,85824,88041,2217,2217,1.0,0,0
88041,89282,1241,0,GE-Phrase,235,87587,88868,1281,827,0.666,454,414
88041,89282,1241,0,NTB,umas viagem,88041,89282,1241,1241,1.0,0,0
98828,99456,628,0,GE-Phrase,238,97522,99461,1939,628,1.0,1306,-5
98828,99456,628,0,NTB,normalmente é,98828,99456,628,628,1.0,0,0
99456,99868,412,0,GE-Phrase,238,97522,99461,1939,5,0.012,1934,407
99456,99868,412,0,GE-Phrase,239,99461,102171,2710,407,0.988,-5,-2303
99456,99868,412,0,NTB,tipo assim,99456,99868,412,412,1.0,0,0
100294,101506,1212,0,GE-Phrase,239,99461,102171,2710,1212,1.0,833,-665
100294,101506,1212,0,NTB,realmente o avião que a gente vai voar,100294,101506,1212,1212,1.0,0,0
102256,103393,1137,0,GE-Phrase,240,102171,104002,1831,1137,1.0,85,-609
102256,103393,1137,0,NTB,fazer ensaio nele,102256,103393,1137,1137,1.0,0,0
103393,106072,2679,0,GE-Phrase,240,102171,104002,1831,609,0.227,1222,2070
103393,106072,2679,0,NTB,que tem essa parte também,103393,106072,2679,2679,1.0,0,0
112081,113696,1615,0,GE-Phrase,241,111522,113521,1999,1440,0.892,559,175
112081,113696,1615,0,GE-Phrase,242,113521,115411,1890,175,0.108,-1440,-1715
112081,113696,1615,0,NTB,que é aquelas coisa que fica mexendo e,112081,113696,1615,1615,1.0,0,0
113696,114860,1164,0,GE-Phrase,242,113521,115411,1890,1164,1.0,175,-551
113696,114860,1164,0,NTB,que tem várias corzinhas,113696,114860,1164,1164,1.0,0,0
114860,115793,933,0,GE-Phrase,242,113521,115411,1890,551,0.591,1339,382
114860,115793,933,0,NTB,bonitinhas e +,114860,115793,933,933,1.0,0,0
85824,88041,2217,0,GE-Phrase,233,85300,86352,1052,528,0.238,524,1689
85824,88041,2217,0,GE-Phrase,234,86352,87587,1235,1235,0.557,-528,454
85824,88041,2217,0,GE-Phrase,235,87587,88868,1281,454,0.205,-1763,-827
85824,88041,2217,0,NTB,que roda umas otimizações lá,85824,88041,2217,2217,1.0,0,0
88041,89282,1241,0,GE-Phrase,235,87587,88868,1281,827,0.666,454,414
88041,89282,1241,0,NTB,umas viagem,88041,89282,1241,1241,1.0,0,0
98828,99456,628,0,GE-Phrase,238,97522,99461,1939,628,1.0,1306,-5
98828,99456,628,0,NTB,normalmente é,98828,99456,628,628,1.0,0,0
99456,99868,412,0,GE-Phrase,238,97522,99461,1939,5,0.012,1934,407
99456,99868,412,0,GE-Phrase,239,99461,102171,2710,407,0.988,-5,-2303
99456,99868,412,0,NTB,tipo assim,99456,99868,412,412,1.0,0,0
100294,101506,1212,0,GE-Phrase,239,99461,102171,2710,1212,1.0,833,-665
100294,101506,1212,0,NTB,realmente o avião que a gente vai voar,100294,101506,1212,1212,1.0,0,0
102256,103393,1137,0,GE-Phrase,240,102171,104002,1831,1137,1.0,85,-609
102256,103393,1137,0,NTB,fazer ensaio nele,102256,103393,1137,1137,1.0,0,0
103393,106072,2679,0,GE-Phrase,240,102171,104002,1831,609,0.227,1222,2070
103393,106072,2679,0,NTB,que tem essa parte também,103393,106072,2679,2679,1.0,0,0
112081,113696,1615,0,GE-Phrase,241,111522,113521,1999,1440,0.892,559,175
112081,113696,1615,0,GE-Phrase,242,113521,115411,1890,175,0.108,-1440,-1715
112081,113696,1615,0,NTB,que é aquelas coisa que fica mexendo e,112081,113696,1615,1615,1.0,0,0
113696,114860,1164,0,GE-Phrase,242,113521,115411,1890,1164,1.0,175,-551
113696,114860,1164,0,NTB,que tem várias corzinhas,113696,114860,1164,1164,1.0,0,0
114860,115793,933,0,GE-Phrase,242,113521,115411,1890,551,0.591,1339,382
114860,115793,933,0,NTB,bonitinhas e +,114860,115793,933,933,1.0,0,0
85824,88041,2217,0,GE-Phrase,233,85300,86352,1052,528,0.238,524,1689
85824,88041,2217,0,GE-Phrase,234,86352,87587,1235,1235,0.557,-528,454
85824,88041,2217,0,GE-Phrase,235,87587,88868,1281,454,0.205,-1763,-827
85824,88041,2217,0,NTB,que roda umas otimizações lá,85824,88041,2217,2217,1.0,0,0
88041,89282,1241,0,GE-Phrase,235,87587,88868,1281,827,0.666,454,414
88041,89282,1241,0,NTB,umas viagem,88041,89282,1241,1241,1.0,0,0
98828,99456,628,0,GE-Phrase,238,97522,99461,1939,628,1.0,1306,-5
98828,99456,628,0,NTB,normalmente é,98828,99456,628,628,1.0,0,0
99456,99868,412,0,GE-Phrase,238,97522,99461,1939,5,0.012,1934,407
99456,99868,412,0,GE-Phrase,239,99461,102171,2710,407,0.988,-5,-2303
99456,99868,412,0,NTB,tipo assim,99456,99868,412,412,1.0,0,0
100294,101506,1212,0,GE-Phrase,239,99461,102171,2710,1212,1.0,833,-665
100294,101506,1212,0,NTB,realmente o avião que a gente vai voar,100294,101506,1212,1212,1.0,0,0
102256,103393,1137,0,GE-Phrase,240,102171,104002,1831,1137,1.0,85,-609
102256,103393,1137,0,NTB,fazer ensaio nele,102256,103393,1137,1137,1.0,0,0
103393,106072,2679,0,GE-Phrase,240,102171,104002,1831,609,0.227,1222,2070
103393,106072,2679,0,NTB,que tem essa parte também,103393,106072,2679,2679,1.0,0,0
112081,113696,1615,0,GE-Phrase,241,111522,113521,1999,1440,0.892,559,175
112081,113696,1615,0,GE-Phrase,242,113521,115411,1890,175,0.108,-1440,-1715
112081,113696,1615,0,NTB,que é aquelas coisa que fica mexendo e,112081,113696,1615,1615,1.0,0,0
113696,114860,1164,0,GE-Phrase,242,113521,115411,1890,1164,1.0,175,-551
113696,114860,1164,0,NTB,que tem várias corzinhas,113696,114860,1164,1164,1.0,0,0
114860,115793,933,0,GE-Phrase,242,113521,115411,1890,551,0.591,1339,382
114860,115793,933,0,NTB,bonitinhas e +,114860,115793,933,933,1.0,0,0
85824,88041,2217,0,GE-Phrase,233,85300,86352,1052,528,0.238,524,1689
85824,88041,2217,0,GE-Phrase,234,86352,87587,1235,1235,0.557,-528,454
85824,88041,2217,0,GE-Phrase,235,87587,88868,1281,454,0.205,-1763,-827
85824,88041,2217,0,NTB,que roda umas otimizações lá,85824,88041,2217,2217,1.0,0,0
88041,89282,1241,0,GE-Phrase,235,87587,88868,1281,827,0.666,454,414
88041,89282,1241,0,NTB,umas viagem,88041,89282,1241,1241,1.0,0,0
98828,99456,628,0,GE-Phrase,238,97522,99461,1939,628,1.0,1306,-5
98828,99456,628,0,NTB,normalmente é,98828,99456,628,628,1.0,0,0
99456,99868,412,0,GE-Phrase,238,97522,99461,1939,5,0.012,1934,407
99456,99868,412,0,GE-Phrase,239,99461,102171,2710,407,0.988,-5,-2303
99456,99868,412,0,NTB,tipo assim,99456,99868,412,412,1.0,0,0
100294,101506,1212,0,GE-Phrase,239,99461,102171,2710,1212,1.0,833,-665
100294,101506,1212,0,NTB,realmente o avião que a gente vai voar,100294,101506,1212,1212,1.0,0,0
102256,103393,1137,0,GE-Phrase,240,102171,104002,1831,1137,1.0,85,-609
102256,103393,1137,0,NTB,fazer ensaio nele,102256,103393,1137,1137,1.0,0,0
103393,106072,2679,0,GE-Phrase,240,102171,104002,1831,609,0.227,1222,2070
103393,106072,2679,0,NTB,que tem essa parte também,103393,106072,2679,2679,1.0,0,0
112081,113696,1615,0,GE-Phrase,241,111522,113521,1999,1440,0.892,559,175
112081,113696,1615,0,GE-Phrase,242,113521,115411,1890,175,0.108,-1440,-1715
112081,113696,1615,0,NTB,que é aquelas coisa que fica mexendo e,112081,113696,1615,1615,1.0,0,0
113696,114860,1164,0,GE-Phrase,242,113521,115411,1890,1164,1.0,175,-551
113696,114860,1164,0,NTB,que tem várias corzinhas,113696,114860,1164,1164,1.0,0,0
114860,115793,933,0,GE-Phrase,242,113521,115411,1890,551,0.591,1339,382
114860,115793,933,0,NTB,bonitinhas e +,114860,115793,933,933,1.0,0,0
85824,88041,2217,0,GE-Phrase,233,85300,86352,1052,528,0.238,524,1689
85824,88041,2217,0,GE-Phrase,234,86352,87587,1235,1235,0.557,-528,454
85824,88041,2217,0,GE-Phrase,235,87587,88868,1281,454,0.205,-1763,-827
85824,88041,2217,0,NTB,que roda umas otimizações lá,85824,88041,2217,2217,1.0,0,0
88041,89282,1241,0,GE-Phrase,235,87587,88868,1281,827,0.666,454,414
88041,89282,1241,0,NTB,umas viagem,88041,89282,1241,1241,1.0,0,0
98828,99456,628,0,GE-Phrase,238,97522,99461,1939,628,1.0,1306,-5
98828,99456,628,0,NTB,normalmente é,98828,99456,628,628,1.0,0,0
99456,99868,412,0,GE-Phrase,238,97522,99461,1939,5,0.012,1934,407
99456,99868,412,0,GE-Phrase,239,99461,102171,2710,407,0.988,-5,-2303
99456,99868,412,0,NTB,tipo assim,99456,99868,412,412,1.0,0,0
100294,101506,1212,0,GE-Phrase,239,99461,102171,2710,1212,1.0,833,-665
100294,101506,1212,0,NTB,realmente o avião que a gente vai voar,100294,101506,1212,1212,1.0,0,0
102256,103393,1137,0,GE-Phrase,240,102171,104002,1831,1137,1.0,85,-609
102256,103393,1137,0,NTB,fazer ensaio nele,102256,103393,1137,1137,1.0,0,0
103393,106072,2679,0,GE-Phrase,240,102171,104002,1831,609,0.227,1222,2070
103393,106072,2679,0,NTB,que tem essa parte também,103393,106072,2679,2679,1.0,0,0
112081,113696,1615,0,GE-Phrase,241,111522,113521,1999,1440,0.892,559,175
112081,113696,1615,0,GE-Phrase,242,113521,115411,1890,175,0.108,-1440,-1715
112081,113696,1615,0,NTB,que é aquelas coisa que fica mexendo e,112081,113696,1615,1615,1.0,0,0
113696,114860,1164,0,GE-Phrase,242,113521,115411,1890,1164,1.0,175,-551
113696,114860,1164,0,NTB,que tem várias corzinhas,113696,114860,1164,1164,1.0,0,0
114860,115793,933,0,GE-Phrase,242,113521,115411,1890,551,0.591,1339,382
114860,115793,933,0,NTB,bonitinhas e +,114860,115793,933,933,1.0,0,0
85824,88041,2217,0,GE-Phrase,233,85300,86352,1052,528,0.238,524,1689
85824,88041,2217,0,GE-Phrase,234,86352,87587,1235,1235,0.557,-528,454
85824,88041,2217,0,GE-Phrase,235,87587,88868,1281,454,0.205,-1763,-827
85824,88041,2217,0,NTB,que roda umas otimizações lá,85824,88041,2217,2217,1.0,0,0
88041,89282,1241,0,GE-Phrase,235,87587,88868,1281,827,0.666,454,414
88041,89282,1241,0,NTB,umas viagem,88041,89282,1241,1241,1.0,0,0
98828,99456,628,0,GE-Phrase,238,97522,99461,1939,628,1.0,1306,-5
98828,99456,628,0,NTB,normalmente é,98828,99456,628,628,1.0,0,0
99456,99868,412,0,GE-Phrase,238,97522,99461,1939,5,0.012,1934,407
99456,99868,412,0,GE-Phrase,239,99461,102171,2710,407,0.988,-5,-2303
99456,99868,412,0,NTB,tipo assim,99456,99868,412,412,1.0,0,0
100294,101506,1212,0,GE-Phrase,239,99461,102171,2710,1212,1.0,833,-665
100294,101506,1212,0,NTB,realmente o avião que a gente vai voar,100294,101506,1212,1212,1.0,0,0
102256,103393,1137,0,GE-Phrase,240,102171,104002,1831,1137,1.0,85,-609
102256,103393,1137,0,NTB,fazer ensaio nele,102256,103393,1137,1137,1.0,0,0
103393,106072,2679,0,GE-Phrase,240,102171,104002,1831,609,0.227,1222,2070
103393,106072,2679,0,NTB,que tem essa parte também,103393,106072,2679,2679,1.0,0,0
112081,113696,1615,0,GE-Phrase,241,111522,113521,1999,1440,0.892,559,175
112081,113696,1615,0,GE-Phrase,242,113521,115411,1890,175,0.108,-1440,-1715
112081,113696,1615,0,NTB,que é aquelas coisa que fica mexendo e,112081,113696,1615,1615,1.0,0,0
113696,114860,1164,0,GE-Phrase,242,113521,115411,1890,1164,1.0,175,-551
113696,114860,1164,0,NTB,que tem várias corzinhas,113696,114860,1164,1164,1.0,0,0
114860,115793,933,0,GE-Phrase,242,113521,115411,1890,551,0.591,1339,382
114860,115793,933,0,NTB,bonitinhas e +,114860,115793,933,933,1.0,0,0
85824,88041,2217,0,GE-Phrase,233,85300,86352,1052,528,0.238,524,1689
85824,88041,2217,0,GE-Phrase,234,86352,87587,1235,1235,0.557,-528,454
85824,88041,2217,0,GE-Phrase,235,87587,88868,1281,454,0.205,-1763,-827
85824,88041,2217,0,NTB,que roda umas otimizações lá,85824,88041,2217,2217,1.0,0,0
88041,89282,1241,0,GE-Phrase,235,87587,88868,1281,827,0.666,454,414
88041,89282,1241,0,NTB,umas viagem,88041,89282,1241,1241,1.0,0,0
98828,99456,628,0,GE-Phrase,238,97522,99461,1939,628,1.0,1306,-5
98828,99456,628,0,NTB,normalmente é,98828,99456,628,628,1.0,0,0
99456,99868,412,0,GE-Phrase,238,97522,99461,1939,5,0.012,1934,407
99456,99868,412,0,GE-Phrase,239,99461,102171,2710,407,0.988,-5,-2303
99456,99868,412,0,NTB,tipo assim,99456,99868,412,412,1.0,0,0
100294,101506,1212,0,GE-Phrase,239,99461,102171,2710,1212,1.0,833,-665
100294,101506,1212,0,NTB,realmente o avião que a gente vai voar,100294,101506,1212,1212,1.0,0,0
102256,103393,1137,0,GE-Phrase,240,102171,104002,1831,1137,1.0,85,-609
102256,103393,1137,0,NTB,fazer ensaio nele,102256,103393,1137,1137,1.0,0,0
103393,106072,2679,0,GE-Phrase,240,102171,104002,1831,609,0.227,1222,2070
103393,106072,2679,0,NTB,que tem essa parte também,103393,106072,2679,2679,1.0,0,0
112081,113696,1615,0,GE-Phrase,241,111522,113521,1999,1440,0.892,559,175
112081,113696,1615,0,GE-Phrase,242,113521,115411,1890,175,0.108,-1440,-1715
112081,113696,1615,0,NTB,que é aquelas coisa que fica mexendo e,112081,113696,1615,1615,1.0,0,0
113696,114860,1164,0,GE-Phrase,242,113521,115411,1890,1164,1.0,175,-551
113696,114860,1164,0,NTB,que tem várias corzinhas,113696,114860,1164,1164,1.0,0,0
114860,115793,933,0,GE-Phrase,242,113521,115411,1890,551,0.591,1339,382
114860,115793,933,0,NTB,bonitinhas e +,114860,115793,933,933,1.0,0,0
85824,88041,2217,0,GE-Phrase,233,85300,86352,1052,528,0.238,524,1689
85824,88041,2217,0,GE-Phrase,234,86352,87587,1235,1235,0.557,-528,454
85824,88041,2217,0,GE-Phrase,235,87587,88868,1281,454,0.205,-1763,-827
85824,88041,2217,0,NTB,que roda umas otimizações lá,85824,88041,2217,2217,1.0,0,0
88041,89282,1241,0,GE-Phrase,235,87587,88868,1281,827,0.666,454,414
88041,89282,1241,0,NTB,umas viagem,88041,89282,1241,1241,1.0,0,0
98828,99456,628,0,GE-Phrase,238,97522,99461,1939,628,1.0,1306,-5
98828,99456,628,0,NTB,normalmente é,98828,99456,628,628,1.0,0,0
99456,99868,412,0,GE-Phrase,238,97522,99461,1939,5,0.012,1934,407
99456,99868,412,0,GE-Phrase,239,99461,102171,2710,407,0.988,-5,-2303
99456,99868,412,0,NTB,tipo assim,99456,99868,412,412,1.0,0,0
100294,101506,1212,0,GE-Phrase,239,99461,102171,2710,1212,1.0,833,-665
100294,101506,1212,0,NTB,realmente o avião que a gente vai voar,100294,101506,1212,1212,1.0,0,0
102256,103393,1137,0,GE-Phrase,240,102171,104002,1831,1137,1.0,85,-609
102256,103393,1137,0,NTB,fazer ensaio nele,102256,103393,1137,1137,1.0,0,0
103393,106072,2679,0,GE-Phrase,240,102171,104002,1831,609,0.227,1222,2070
103393,106072,2679,0,NTB,que tem essa parte também,103393,106072,2679,2679,1.0,0,0
112081,113696,1615,0,GE-Phrase,241,111522,113521,1999,1440,0.892,559,175
112081,113696,1615,0,GE-Phrase,242,113521,115411,1890,175,0.108,-1440,-1715
112081,113696,1615,0,NTB,que é aquelas coisa que fica mexendo e,112081,113696,1615,1615,1.0,0,0
113696,114860,1164,0,GE-Phrase,242,113521,115411,1890,1164,1.0,175,-551
113696,114860,1164,0,NTB,que tem várias corzinhas,113696,114860,1164,1164,1.0,0,0
114860,115793,933,0,GE-Phrase,242,113521,115411,1890,551,0.591,1339,382
114860,115793,933,0,NTB,bonitinhas e +,114860,115793,933,933,1.0,0,0
85824,88041,2217,0,GE-Phrase,233,85300,86352,1052,528,0.238,524,1689
85824,88041,2217,0,GE-Phrase,234,86352,87587,1235,1235,0.557,-528,454
85824,88041,2217,0,GE-Phrase,235,87587,88868,1281,454,0.205,-1763,-827
85824,88041,2217,0,NTB,que roda umas otimizações lá,85824,88041,2217,2217,1.0,0,0
88041,89282,1241,0,GE-Phrase,235,87587,88868,1281,827,0.666,454,414
88041,89282,1241,0,NTB,umas viagem,88041,89282,1241,1241,1.0,0,0
98828,99456,628,0,GE-Phrase,238,97522,99461,1939,628,1.0,1306,-5
98828,99456,628,0,NTB,normalmente é,98828,99456,628,628,1.0,0,0
99456,99868,412,0,GE-Phrase,238,97522,99461,1939,5,0.012,1934,407
99456,99868,412,0,GE-Phrase,239,99461,102171,2710,407,0.988,-5,-2303
99456,99868,412,0,NTB,tipo assim,99456,99868,412,412,1.0,0,0
100294,101506,1212,0,GE-Phrase,239,99461,102171,2710,1212,1.0,833,-665
100294,101506,1212,0,NTB,realmente o avião que a gente vai voar,100294,101506,1212,1212,1.0,0,0
102256,103393,1137,0,GE-Phrase,240,102171,104002,1831,1137,1.0,85,-609
102256,103393,1137,0,NTB,fazer ensaio nele,102256,103393,1137,1137,1.0,0,0
103393,106072,2679,0,GE-Phrase,240,102171,104002,1831,609,0.227,1222,2070
103393,106072,2679,0,NTB,que tem essa parte também,103393,106072,2679,2679,1.0,0,0
112081,113696,1615,0,GE-Phrase,241,111522,113521,1999,1440,0.892,559,175
112081,113696,1615,0,GE-Phrase,242,113521,115411,1890,175,0.108,-1440,-1715
112081,113696,1615,0,NTB,que é aquelas coisa que fica mexendo e,112081,113696,1615,1615,1.0,0,0
113696,114860,1164,0,GE-Phrase,242,113521,115411,1890,1164,1.0,175,-551
113696,114860,1164,0,NTB,que tem várias corzinhas,113696,114860,1164,1164,1.0,0,0
114860,115793,933,0,GE-Phrase,242,113521,115411,1890,551,0.591,1339,382
114860,115793,933,0,NTB,bonitinhas e +,114860,115793,933,933,1.0,0,0
85824,88041,2217,0,GE-Phrase,233,85300,86352,1052,528,0.238,524,1689
85824,88041,2217,0,GE-Phrase,234,86352,87587,1235,1235,0.557,-528,454
85824,88041,2217,0,GE-Phrase,235,87587,88868,1281,454,0.205,-1763,-827
85824,88041,2217,0,NTB,que roda umas otimizações lá,85824,88041,2217,2217,1.0,0,0
88041,89282,1241,0,GE-Phrase,235,87587,88868,1281,827,0.666,454,414
88041,89282,1241,0,NTB,umas viagem,88041,89282,1241,1241,1.0,0,0
98828,99456,628,0,GE-Phrase,238,97522,99461,1939,628,1.0,1306,-5
98828,99456,628,0,NTB,normalmente é,98828,99456,628,628,1.0,0,0
99456,99868,412,0,GE-Phrase,238,97522,99461,1939,5,0.012,1934,407
99456,99868,412,0,GE-Phrase,239,99461,102171,2710,407,0.988,-5,-2303
99456,99868,412,0,NTB,tipo assim,99456,99868,412,412,1.0,0,0
100294,101506,1212,0,GE-Phrase,239,99461,102171,2710,1212,1.0,833,-665
100294,101506,1212,0,NTB,realmente o avião que a gente vai voar,100294,101506,1212,1212,1.0,0,0
102256,103393,1137,0,GE-Phrase,240,102171,104002,1831,1137,1.0,85,-609
102256,103393,1137,0,NTB,fazer ensaio nele,102256,103393,1137,1137,1.0,0,0
103393,106072,2679,0,GE-Phrase,240,102171,104002,1831,609,0.227,1222,2070
103393,106072,2679,0,NTB,que tem essa parte também,103393,106072,2679,2679,1.0,0,0
112081,113696,1615,0,GE-Phrase,241,111522,113521,1999,1440,0.892,559,175
112081,113696,1615,0,GE-Phrase,242,113521,115411,1890,175,0.108,-1440,-1715
112081,113696,1615,0,NTB,que é aquelas coisa que fica mexendo e,112081,113696,1615,1615,1.0,0,0
113696,114860,1164,0,GE-Phrase,242,113521,115411,1890,1164,1.0,175,-551
113696,114860,1164,0,NTB,que tem várias corzinhas,113696,114860,1164,1164,1.0,0,0
114860,115793,933,0,GE-Phrase,242,113521,115411,1890,551,0.591,1339,382
114860,115793,933,0,NTB,bonitinhas e +,114860,115793,933,933,1.0,0,0
85824,88041,2217,0,GE-Phrase,233,85300,86352,1052,528,0.238,524,1689
85824,88041,2217,0,GE-Phrase,234,86352,87587,1235,1235,0.557,-528,454
85824,88041,2217,0,GE-Phrase,235,87587,88868,1281,454,0.205,-1763,-827
85824,88041,2217,0,NTB,que roda umas otimizações lá,85824,88041,2217,2217,1.0,0,0
88041,89282,1241,0,GE-Phrase,235,87587,88868,1281,827,0.666,454,414
88041,89282,1241,0,NTB,umas viagem,88041,89282,1241,1241,1.0,0,0
98828,99456,628,0,GE-Phrase,238,97522,99461,1939,628,1.0,1306,-5
98828,99456,628,0,NTB,normalmente é,98828,99456,628,628,1.0,0,0
99456,99868,412,0,GE-Phrase,238,97522,99461,1939,5,0.012,1934,407
99456,99868,412,0,GE-Phrase,239,99461,102171,2710,407,0.988,-5,-2303
99456,99868,412,0,NTB,tipo assim,99456,99868,412,412,1.0,0,0
100294,101506,1212,0,GE-Phrase,239,99461,102171,2710,1212,1.0,833,-665
100294,101506,1212,0,NTB,realmente o avião que a gente vai voar,100294,101506,1212,1212,1.0,0,0
102256,103393,1137,0,GE-Phrase,240,102171,104002,1831,1137,1.0,85,-609
102256,103393,1137,0,NTB,fazer ensaio nele,102256,103393,1137,1137,1.0,0,0
103393,106072,2679,0,GE-Phrase,240,102171,104002,1831,609,0.227,1222,2070
103393,106072,2679,0,NTB,que tem essa parte também,103393,106072,2679,2679,1.0,0,0
112081,113696,1615,0,GE-Phrase,241,111522,113521,1999,1440,0.892,559,175
112081,113696,1615,0,GE-Phrase,242,113521,115411,1890,175,0.108,-1440,-1715
112081,113696,1615,0,NTB,que é aquelas coisa que fica mexendo e,112081,113696,1615,1615,1.0,0,0
113696,114860,1164,0,GE-Phrase,242,113521,115411,1890,1164,1.0,175,-551
113696,114860,1164,0,NTB,que tem várias corzinhas,113696,114860,1164,1164,1.0,0,0
114860,115793,933,0,GE-Phrase,242,113521,115411,1890,551,0.591,1339,382
114860,115793,933,0,NTB,bonitinhas e +,114860,115793,933,933,1.0,0,0
85824,88041,2217,0,GE-Phrase,233,85300,86352,1052,528,0.238,524,1689
85824,88041,2217,0,GE-Phrase,234,86352,87587,1235,1235,0.557,-528,454
85824,88041,2217,0,GE-Phrase,235,87587,88868,1281,454,0.205,-1763,-827
85824,88041,2217,0,NTB,que roda umas otimizações lá,85824,88041,2217,2217,1.0,0,0
88041,89282,1241,0,GE-Phrase,235,87587,88868,1281,827,0.666,454,414
88041,89282,1241,0,NTB,umas viagem,88041,89282,1241,1241,1.0,0,0
98828,99456,628,0,GE-Phrase,238,97522,99461,1939,628,1.0,1306,-5
98828,99456,628,0,NTB,normalmente é,98828,99456,628,628,1.0,0,0
99456,99868,412,0,GE-Phrase,238,97522,99461,1939,5,0.012,1934,407
99456,99868,412,0,GE-Phrase,239,99461,102171,2710,407,0.988,-5,-2303
99456,99868,412,0,NTB,tipo assim,99456,99868,412,412,1.0,0,0
100294,101506,1212,0,GE-Phrase,239,99461,102171,2710,1212,1.0,833,-665
100294,101506,1212,0,NTB,realmente o avião que a gente vai voar,100294,101506,1212,1212,1.0,0,0
102256,103393,1137,0,GE-Phrase,240,102171,104002,1831,1137,1.0,85,-609
102256,103393,1137,0,NTB,fazer ensaio nele,102256,103393,1137,1137,1.0,0,0
103393,106072,2679,0,GE-Phrase,240,102171,104002,1831,609,0.227,1222,2070
103393,106072,2679,0,NTB,que tem essa parte também,103393,106072,2679,2679,1.0,0,0
112081,113696,1615,0,GE-Phrase,241,111522,113521,1999,1440,0.892,559,175
112081,113696,1615,0,GE-Phrase,242,113521,115411,1890,175,0.108,-1440,-1715
112081,113696,1615,0,NTB,que é aquelas coisa que fica mexendo e,112081,113696,1615,1615,1.0,0,0
113696,114860,1164,0,GE-Phrase,242,113521,115411,1890,1164,1.0,175,-551
113696,114860,1164,0,NTB,que tem várias corzinhas,113696,114860,1164,1164,1.0,0,0
114860,115793,933,0,GE-Phrase,242,113521,115411,1890,551,0.591,1339,382
114860,115793,933,0,NTB,bonitinhas e +,114860,115793,933,933,1.0,0,0
85824,88041,2217,0,GE-Phrase,233,85300,86352,1052,528,0.238,524,1689
85824,88041,2217,0,GE-Phrase,234,86352,87587,1235,1235,0.557,-528,454
85824,88041,2217,0,GE-Phrase,235,87587,88868,1281,454,0.205,-1763,-827
85824,88041,2217,0,NTB,que roda umas otimizações lá,85824,88041,2217,2217,1.0,0,0
88041,89282,1241,0,GE-Phrase,235,87587,88868,1281,827,0.666,454,414
88041,89282,1241,0,NTB,umas viagem,88041,89282,1241,1241,1.0,0,0
98828,99456,628,0,GE-Phrase,238,97522,99461,1939,628,1.0,1306,-5
98828,99456,628,0,NTB,normalmente é,98828,99456,628,628,1.0,0,0
99456,99868,412,0,GE-Phrase,238,97522,99461,1939,5,0.012,1934,407
99456,99868,412,0,GE-Phrase,239,99461,102171,2710,407,0.988,-5,-2303
99456,99868,412,0,NTB,tipo assim,99456,99868,412,412,1.0,0,0
100294,101506,1212,0,GE-Phrase,239,99461,102171,2710,1212,1.0,833,-665
100294,101506,1212,0,NTB,realmente o avião que a gente vai voar,100294,101506,1212,1212,1.0,0,0
102256,103393,1137,0,GE-Phrase,240,102171,104002,1831,1137,1.0,85,-609
102256,103393,1137,0,NTB,fazer ensaio nele,102256,103393,1137,1137,1.0,0,0
103393,106072,2679,0,GE-Phrase,240,102171,104002,1831,609,0.227,1222,2070
103393,106072,2679,0,NTB,que tem essa parte também,103393,106072,2679,2679,1.0,0,0
112081,113696,1615,0,GE-Phrase,241,111522,113521,1999,1440,0.892,559,175
112081,113696,1615,0,GE-Phrase,242,113521,115411,1890,175,0.108,-1440,-1715
112081,113696,1615,0,NTB,que é aquelas coisa que fica mexendo e,112081,113696,1615,1615,1.0,0,0
113696,114860,1164,0,GE-Phrase,242,113521,115411,1890,1164,1.0,175,-551
113696,114860,1164,0,NTB,que tem várias corzinhas,113696,114860,1164,1164,1.0,0,0
114860,115793,933,0,GE-Phrase,242,113521,115411,1890,551,0.591,1339,382
114860,115793,933,0,NTB,bonitinhas e +,114860,115793,933,933,1.0,0,0
85824,88041,2217,0,GE-Phrase,233,85300,86352,1052,528,0.238,524,1689
85824,88041,2217,0,GE-Phrase,234,86352,87587,1235,1235,0.557,-528,454
85824,88041,2217,0,GE-Phrase,235,87587,88868,1281,454,0.205,-1763,-827
85824,88041,2217,0,NTB,que roda umas otimizações lá,85824,88041,2217,2217,1.0,0,0
88041,89282,1241,0,GE-Phrase,235,87587,88868,1281,827,0.666,454,414
88041,89282,1241,0,NTB,umas viagem,88041,89282,1241,1241,1.0,0,0
98828,99456,628,0,GE-Phrase,238,97522,99461,1939,628,1.0,1306,-5
98828,99456,628,0,NTB,normalmente é,98828,99456,628,628,1.0,0,0
99456,99868,412,0,GE-Phrase,238,97522,99461,1939,5,0.012,1934,407
99456,99868,412,0,GE-Phrase,239,99461,102171,2710,407,0.988,-5,-2303
99456,99868,412,0,NTB,tipo assim,99456,99868,412,412,1.0,0,0
100294,101506,1212,0,GE-Phrase,239,99461,102171,2710,1212,1.0,833,-665
100294,101506,1212,0,NTB,realmente o avião que a gente vai voar,100294,101506,1212,1212,1.0,0,0
102256,103393,1137,0,GE-Phrase,240,102171,104002,1831,1137,1.0,85,-609
102256,103393,1137,0,NTB,fazer ensaio nele,102256,103393,1137,1137,1.0,0,0
103393,106072,2679,0,GE-Phrase,240,102171,104002,1831,609,0.227,1222,2070
103393,106072,2679,0,NTB,que tem essa parte também,103393,106072,2679,2679,1.0,0,0
112081,113696,1615,0,GE-Phrase,241,111522,113521,1999,1440,0.892,559,175
112081,113696,1615,0,GE-Phrase,242,113521,115411,1890,175,0.108,-1440,-1715
112081,113696,1615,0,NTB,que é aquelas coisa que fica mexendo e,112081,113696,1615,1615,1.0,0,0
113696,114860,1164,0,GE-Phrase,242,113521,115411,1890,1164,1.0,175,-551
113696,114860,1164,0,NTB,que tem várias corzinhas,113696,114860,1164,1164,1.0,0,0
114860,115793,933,0,GE-Phrase,242,113521,115411,1890,551,0.591,1339,382
114860,115793,933,0,NTB,bonitinhas e +,114860,115793,933,933,1.0,0,0
4370,5588,1218,0,GE-Phrase,201,2608,9088,6480,1218,1.0,1762,-3500
4370,5588,1218,0,NTB,aonde a gente ia,4370,5588,1218,1218,1.0,0,0
5588,7444,1856,0,GE-Phrase,201,2608,9088,6480,1856,1.0,2980,-1644
5588,7444,1856,0,NTB,quando a gente era criança,5588,7444,1856,1856,1.0,0,0
76336,77920,1584,0,GE-Phrase,226,76279,77639,1360,1303,0.823,57,281
76336,77920,1584,0,GE-Phrase,227,77639,79279,1640,281,0.177,-1303,-1359
76336,77920,1584,0,NTB,que era só um corredorzinho,76336,77920,1584,1584,1.0,0,0
77920,79367,1447,0,GE-Phrase,227,77639,79279,1640,1359,0.939,281,88
77920,79367,1447,0,GE-Phrase,228,79279,80954,1675,88,0.061,-1359,-1587
77920,79367,1447,0,NTB,que depois virou,77920,79367,1447,1447,1.0,0,0
79367,79692,325,0,GE-Phrase,228,79279,80954,1675,325,1.0,88,-1262
79367,79692,325,0,NTB,né,79367,79692,325,325,1.0,0,0
79692,81357,1665,0,GE-Phrase,228,79279,80954,1675,1262,0.758,413,403
79692,81357,1665,0,GE-Phrase,229,80954,82638,1684,403,0.242,-1262,-1281
79692,81357,1665,0,NTB,um negócio enorme,79692,81357,1665,1665,1.0,0,0
88201,89296,1095,0,NTB,<cheguei nisso> +,88201,89296,1095,1095,1.0,0,0
93305,94317,1012,0,NTB,achei que eu fosse odiar,93305,94317,1012,1012,1.0,0,0
95089,96173,1084,0,NTB,eu gostei,95089,96173,1084,1084,1.0,0,0
96511,97855,1344,0,GE-Phrase,230,97846,98708,862,9,0.007,-1335,-853
96511,97855,1344,0,NTB,hoje eu vejo que depende &n [/1],96511,97855,1344,1344,1.0,0,0
97855,98199,344,0,GE-Phrase,230,97846,98708,862,344,1.0,9,-509
97855,98199,344,0,NTB,né,97855,98199,344,344,1.0,0,0
98199,98848,649,0,GE-Phrase,230,97846,98708,862,509,0.784,353,140
98199,98848,649,0,GE-Phrase,231,98708,100412,1704,140,0.216,-509,-1564
98199,98848,649,0,NTB,do aluno,98199,98848,649,649,1.0,0,0
98848,100935,2087,0,GE-Phrase,231,98708,100412,1704,1564,0.749,140,523
98848,100935,2087,0,NTB,da interação que cê tem com aluno,98848,100935,2087,2087,1.0,0,0
137105,138339,1234,0,GE-Phrase,235,136803,138001,1198,896,0.726,302,338
137105,138339,1234,0,GE-Phrase,236,138001,139371,1370,338,0.274,-896,-1032
137105,138339,1234,0,NTB,em inglês obviamente,137105,138339,1234,1234,1.0,0,0
138339,139647,1308,0,GE-Phrase,236,138001,139371,1370,1032,0.789,338,276
138339,139647,1308,0,GE-Phrase,237,139371,143181,3810,276,0.211,-1032,-3534
138339,139647,1308,0,NTB,a gente tinha livro e tudo,138339,139647,1308,1308,1.0,0,0
4370,5588,1218,0,GE-Phrase,201,2608,9088,6480,1218,1.0,1762,-3500
4370,5588,1218,0,NTB,aonde a gente ia,4370,5588,1218,1218,1.0,0,0
5588,7444,1856,0,GE-Phrase,201,2608,9088,6480,1856,1.0,2980,-1644
5588,7444,1856,0,NTB,quando a gente era criança,5588,7444,1856,1856,1.0,0,0
76336,77920,1584,0,GE-Phrase,226,76279,77639,1360,1303,0.823,57,281
76336,77920,1584,0,GE-Phrase,227,77639,79279,1640,281,0.177,-1303,-1359
76336,77920,1584,0,NTB,que era só um corredorzinho,76336,77920,1584,1584,1.0,0,0
77920,79367,1447,0,GE-Phrase,227,77639,79279,1640,1359,0.939,281,88
77920,79367,1447,0,GE-Phrase,228,79279,80954,1675,88,0.061,-1359,-1587
77920,79367,1447,0,NTB,que depois virou,77920,79367,1447,1447,1.0,0,0
79367,79692,325,0,GE-Phrase,228,79279,80954,1675,325,1.0,88,-1262
79367,79692,325,0,NTB,né,79367,79692,325,325,1.0,0,0
79692,81357,1665,0,GE-Phrase,228,79279,80954,1675,1262,0.758,413,403
79692,81357,1665,0,GE-Phrase,229,80954,82638,1684,403,0.242,-1262,-1281
79692,81357,1665,0,NTB,um negócio enorme,79692,81357,1665,1665,1.0,0,0
88201,89296,1095,0,NTB,<cheguei nisso> +,88201,89296,1095,1095,1.0,0,0
93305,94317,1012,0,NTB,achei que eu fosse odiar,93305,94317,1012,1012,1.0,0,0
95089,96173,1084,0,NTB,eu gostei,95089,96173,1084,1084,1.0,0,0
96511,97855,1344,0,GE-Phrase,230,97846,98708,862,9,0.007,-1335,-853
96511,97855,1344,0,NTB,hoje eu vejo que depende &n [/1],96511,97855,1344,1344,1.0,0,0
97855,98199,344,0,GE-Phrase,230,97846,98708,862,344,1.0,9,-509
97855,98199,344,0,NTB,né,97855,98199,344,344,1.0,0,0
98199,98848,649,0,GE-Phrase,230,97846,98708,862,509,0.784,353,140
98199,98848,649,0,GE-Phrase,231,98708,100412,1704,140,0.216,-509,-1564
98199,98848,649,0,NTB,do aluno,98199,98848,649,649,1.0,0,0
98848,100935,2087,0,GE-Phrase,231,98708,100412,1704,1564,0.749,140,523
98848,100935,2087,0,NTB,da interação que cê tem com aluno,98848,100935,2087,2087,1.0,0,0
137105,138339,1234,0,GE-Phrase,235,136803,138001,1198,896,0.726,302,338
137105,138339,1234,0,GE-Phrase,236,138001,139371,1370,338,0.274,-896,-1032
137105,138339,1234,0,NTB,em inglês obviamente,137105,138339,1234,1234,1.0,0,0
138339,139647,1308,0,GE-Phrase,236,138001,139371,1370,1032,0.789,338,276
138339,139647,1308,0,GE-Phrase,237,139371,143181,3810,276,0.211,-1032,-3534
138339,139647,1308,0,NTB,a gente tinha livro e tudo,138339,139647,1308,1308,1.0,0,0
4370,5588,1218,0,GE-Phrase,201,2608,9088,6480,1218,1.0,1762,-3500
4370,5588,1218,0,NTB,aonde a gente ia,4370,5588,1218,1218,1.0,0,0
5588,7444,1856,0,GE-Phrase,201,2608,9088,6480,1856,1.0,2980,-1644
5588,7444,1856,0,NTB,quando a gente era criança,5588,7444,1856,1856,1.0,0,0
76336,77920,1584,0,GE-Phrase,226,76279,77639,1360,1303,0.823,57,281
76336,77920,1584,0,GE-Phrase,227,77639,79279,1640,281,0.177,-1303,-1359
76336,77920,1584,0,NTB,que era só um corredorzinho,76336,77920,1584,1584,1.0,0,0
77920,79367,1447,0,GE-Phrase,227,77639,79279,1640,1359,0.939,281,88
77920,79367,1447,0,GE-Phrase,228,79279,80954,1675,88,0.061,-1359,-1587
77920,79367,1447,0,NTB,que depois virou,77920,79367,1447,1447,1.0,0,0
79367,79692,325,0,GE-Phrase,228,79279,80954,1675,325,1.0,88,-1262
79367,79692,325,0,NTB,né,79367,79692,325,325,1.0,0,0
79692,81357,1665,0,GE-Phrase,228,79279,80954,1675,1262,0.758,413,403
79692,81357,1665,0,GE-Phrase,229,80954,82638,1684,403,0.242,-1262,-1281
79692,81357,1665,0,NTB,um negócio enorme,79692,81357,1665,1665,1.0,0,0
88201,89296,1095,0,NTB,<cheguei nisso> +,88201,89296,1095,1095,1.0,0,0
93305,94317,1012,0,NTB,achei que eu fosse odiar,93305,94317,1012,1012,1.0,0,0
95089,96173,1084,0,NTB,eu gostei,95089,96173,1084,1084,1.0,0,0
96511,97855,1344,0,GE-Phrase,230,97846,98708,862,9,0.007,-1335,-853
96511,97855,1344,0,NTB,hoje eu vejo que depende &n [/1],96511,97855,1344,1344,1.0,0,0
97855,98199,344,0,GE-Phrase,230,97846,98708,862,344,1.0,9,-509
97855,98199,344,0,NTB,né,97855,98199,344,344,1.0,0,0
98199,98848,649,0,GE-Phrase,230,97846,98708,862,509,0.784,353,140
98199,98848,649,0,GE-Phrase,231,98708,100412,1704,140,0.216,-509,-1564
98199,98848,649,0,NTB,do aluno,98199,98848,649,649,1.0,0,0
98848,100935,2087,0,GE-Phrase,231,98708,100412,1704,1564,0.749,140,523
98848,100935,2087,0,NTB,da interação que cê tem com aluno,98848,100935,2087,2087,1.0,0,0
137105,138339,1234,0,GE-Phrase,235,136803,138001,1198,896,0.726,302,338
137105,138339,1234,0,GE-Phrase,236,138001,139371,1370,338,0.274,-896,-1032
137105,138339,1234,0,NTB,em inglês obviamente,137105,138339,1234,1234,1.0,0,0
138339,139647,1308,0,GE-Phrase,236,138001,139371,1370,1032,0.789,338,276
138339,139647,1308,0,GE-Phrase,237,139371,143181,3810,276,0.211,-1032,-3534
138339,139647,1308,0,NTB,a gente tinha livro e tudo,138339,139647,1308,1308,1.0,0,0
4370,5588,1218,0,GE-Phrase,201,2608,9088,6480,1218,1.0,1762,-3500
4370,5588,1218,0,NTB,aonde a gente ia,4370,5588,1218,1218,1.0,0,0
5588,7444,1856,0,GE-Phrase,201,2608,9088,6480,1856,1.0,2980,-1644
5588,7444,1856,0,NTB,quando a gente era criança,5588,7444,1856,1856,1.0,0,0
76336,77920,1584,0,GE-Phrase,226,76279,77639,1360,1303,0.823,57,281
76336,77920,1584,0,GE-Phrase,227,77639,79279,1640,281,0.177,-1303,-1359
76336,77920,1584,0,NTB,que era só um corredorzinho,76336,77920,1584,1584,1.0,0,0
77920,79367,1447,0,GE-Phrase,227,77639,79279,1640,1359,0.939,281,88
77920,79367,1447,0,GE-Phrase,228,79279,80954,1675,88,0.061,-1359,-1587
77920,79367,1447,0,NTB,que depois virou,77920,79367,1447,1447,1.0,0,0
79367,79692,325,0,GE-Phrase,228,79279,80954,1675,325,1.0,88,-1262
79367,79692,325,0,NTB,né,79367,79692,325,325,1.0,0,0
79692,81357,1665,0,GE-Phrase,228,79279,80954,1675,1262,0.758,413,403
79692,81357,1665,0,GE-Phrase,229,80954,82638,1684,403,0.242,-1262,-1281
79692,81357,1665,0,NTB,um negócio enorme,79692,81357,1665,1665,1.0,0,0
88201,89296,1095,0,NTB,<cheguei nisso> +,88201,89296,1095,1095,1.0,0,0
93305,94317,1012,0,NTB,achei que eu fosse odiar,93305,94317,1012,1012,1.0,0,0
95089,96173,1084,0,NTB,eu gostei,95089,96173,1084,1084,1.0,0,0
96511,97855,1344,0,GE-Phrase,230,97846,98708,862,9,0.007,-1335,-853
96511,97855,1344,0,NTB,hoje eu vejo que depende &n [/1],96511,97855,1344,1344,1.0,0,0
97855,98199,344,0,GE-Phrase,230,97846,98708,862,344,1.0,9,-509
97855,98199,344,0,NTB,né,97855,98199,344,344,1.0,0,0
98199,98848,649,0,GE-Phrase,230,97846,98708,862,509,0.784,353,140
98199,98848,649,0,GE-Phrase,231,98708,100412,1704,140,0.216,-509,-1564
98199,98848,649,0,NTB,do aluno,98199,98848,649,649,1.0,0,0
98848,100935,2087,0,GE-Phrase,231,98708,100412,1704,1564,0.749,140,523
98848,100935,2087,0,NTB,da interação que cê tem com aluno,98848,100935,2087,2087,1.0,0,0
137105,138339,1234,0,GE-Phrase,235,136803,138001,1198,896,0.726,302,338
137105,138339,1234,0,GE-Phrase,236,138001,139371,1370,338,0.274,-896,-1032
137105,138339,1234,0,NTB,em inglês obviamente,137105,138339,1234,1234,1.0,0,0
138339,139647,1308,0,GE-Phrase,236,138001,139371,1370,1032,0.789,338,276
138339,139647,1308,0,GE-Phrase,237,139371,143181,3810,276,0.211,-1032,-3534
138339,139647,1308,0,NTB,a gente tinha livro e tudo,138339,139647,1308,1308,1.0,0,0
4370,5588,1218,0,GE-Phrase,201,2608,9088,6480,1218,1.0,1762,-3500
4370,5588,1218,0,NTB,aonde a gente ia,4370,5588,1218,1218,1.0,0,0
5588,7444,1856,0,GE-Phrase,201,2608,9088,6480,1856,1.0,2980,-1644
5588,7444,1856,0,NTB,quando a gente era criança,5588,7444,1856,1856,1.0,0,0
76336,77920,1584,0,GE-Phrase,226,76279,77639,1360,1303,0.823,57,281
76336,77920,1584,0,GE-Phrase,227,77639,79279,1640,281,0.177,-1303,-1359
76336,77920,1584,0,NTB,que era só um corredorzinho,76336,77920,1584,1584,1.0,0,0
77920,79367,1447,0,GE-Phrase,227,77639,79279,1640,1359,0.939,281,88
77920,79367,1447,0,GE-Phrase,228,79279,80954,1675,88,0.061,-1359,-1587
77920,79367,1447,0,NTB,que depois virou,77920,79367,1447,1447,1.0,0,0
79367,79692,325,0,GE-Phrase,228,79279,80954,1675,325,1.0,88,-1262
79367,79692,325,0,NTB,né,79367,79692,325,325,1.0,0,0
79692,81357,1665,0,GE-Phrase,228,79279,80954,1675,1262,0.758,413,403
79692,81357,1665,0,GE-Phrase,229,80954,82638,1684,403,0.242,-1262,-1281
79692,81357,1665,0,NTB,um negócio enorme,79692,81357,1665,1665,1.0,0,0
88201,89296,1095,0,NTB,<cheguei nisso> +,88201,89296,1095,1095,1.0,0,0
93305,94317,1012,0,NTB,achei que eu fosse odiar,93305,94317,1012,1012,1.0,0,0
95089,96173,1084,0,NTB,eu gostei,95089,96173,1084,1084,1.0,0,0
96511,97855,1344,0,GE-Phrase,230,97846,98708,862,9,0.007,-1335,-853
96511,97855,1344,0,NTB,hoje eu vejo que depende &n [/1],96511,97855,1344,1344,1.0,0,0
97855,98199,344,0,GE-Phrase,230,97846,98708,862,344,1.0,9,-509
97855,98199,344,0,NTB,né,97855,98199,344,344,1.0,0,0
98199,98848,649,0,GE-Phrase,230,97846,98708,862,509,0.784,353,140
98199,98848,649,0,GE-Phrase,231,98708,100412,1704,140,0.216,-509,-1564
98199,98848,649,0,NTB,do aluno,98199,98848,649,649,1.0,0,0
98848,100935,2087,0,GE-Phrase,231,98708,100412,1704,1564,0.749,140,523
98848,100935,2087,0,NTB,da interação que cê tem com aluno,98848,100935,2087,2087,1.0,0,0
137105,138339,1234,0,GE-Phrase,235,136803,138001,1198,896,0.726,302,338
137105,138339,1234,0,GE-Phrase,236,138001,139371,1370,338,0.274,-896,-1032
137105,138339,1234,0,NTB,em inglês obviamente,137105,138339,1234,1234,1.0,0,0
138339,139647,1308,0,GE-Phrase,236,138001,139371,1370,1032,0.789,338,276
138339,139647,1308,0,GE-Phrase,237,139371,143181,3810,276,0.211,-1032,-3534
138339,139647,1308,0,NTB,a gente tinha livro e tudo,138339,139647,1308,1308,1.0,0,0
4370,5588,1218,0,GE-Phrase,201,2608,9088,6480,1218,1.0,1762,-3500
4370,5588,1218,0,NTB,aonde a gente ia,4370,5588,1218,1218,1.0,0,0
5588,7444,1856,0,GE-Phrase,201,2608,9088,6480,1856,1.0,2980,-1644
5588,7444,1856,0,NTB,quando a gente era criança,5588,7444,1856,1856,1.0,0,0
76336,77920,1584,0,GE-Phrase,226,76279,77639,1360,1303,0.823,57,281
76336,77920,1584,0,GE-Phrase,227,77639,79279,1640,281,0.177,-1303,-1359
76336,77920,1584,0,NTB,que era só um corredorzinho,76336,77920,1584,1584,1.0,0,0
77920,79367,1447,0,GE-Phrase,227,77639,79279,1640,1359,0.939,281,88
77920,79367,1447,0,GE-Phrase,228,79279,80954,1675,88,0.061,-1359,-1587
77920,79367,1447,0,NTB,que depois virou,77920,79367,1447,1447,1.0,0,0
79367,79692,325,0,GE-Phrase,228,79279,80954,1675,325,1.0,88,-1262
79367,79692,325,0,NTB,né,79367,79692,325,325,1.0,0,0
79692,81357,1665,0,GE-Phrase,228,79279,80954,1675,1262,0.758,413,403
79692,81357,1665,0,GE-Phrase,229,80954,82638,1684,403,0.242,-1262,-1281
79692,81357,1665,0,NTB,um negócio enorme,79692,81357,1665,1665,1.0,0,0
88201,89296,1095,0,NTB,<cheguei nisso> +,88201,89296,1095,1095,1.0,0,0
93305,94317,1012,0,NTB,achei que eu fosse odiar,93305,94317,1012,1012,1.0,0,0
95089,96173,1084,0,NTB,eu gostei,95089,96173,1084,1084,1.0,0,0
96511,97855,1344,0,GE-Phrase,230,97846,98708,862,9,0.007,-1335,-853
96511,97855,1344,0,NTB,hoje eu vejo que depende &n [/1],96511,97855,1344,1344,1.0,0,0
97855,98199,344,0,GE-Phrase,230,97846,98708,862,344,1.0,9,-509
97855,98199,344,0,NTB,né,97855,98199,344,344,1.0,0,0
98199,98848,649,0,GE-Phrase,230,97846,98708,862,509,0.784,353,140
98199,98848,649,0,GE-Phrase,231,98708,100412,1704,140,0.216,-509,-1564
98199,98848,649,0,NTB,do aluno,98199,98848,649,649,1.0,0,0
98848,100935,2087,0,GE-Phrase,231,98708,100412,1704,1564,0.749,140,523
98848,100935,2087,0,NTB,da interação que cê tem com aluno,98848,100935,2087,2087,1.0,0,0
137105,138339,1234,0,GE-Phrase,235,136803,138001,1198,896,0.726,302,338
137105,138339,1234,0,GE-Phrase,236,138001,139371,1370,338,0.274,-896,-1032
137105,138339,1234,0,NTB,em inglês obviamente,137105,138339,1234,1234,1.0,0,0
138339,139647,1308,0,GE-Phrase,236,138001,139371,1370,1032,0.789,338,276
138339,139647,1308,0,GE-Phrase,237,139371,143181,3810,276,0.211,-1032,-3534
138339,139647,1308,0,NTB,a gente tinha livro e tudo,138339,139647,1308,1308,1.0,0,0
4370,5588,1218,0,GE-Phrase,201,2608,9088,6480,1218,1.0,1762,-3500
4370,5588,1218,0,NTB,aonde a gente ia,4370,5588,1218,1218,1.0,0,0
5588,7444,1856,0,GE-Phrase,201,2608,9088,6480,1856,1.0,2980,-1644
5588,7444,1856,0,NTB,quando a gente era criança,5588,7444,1856,1856,1.0,0,0
76336,77920,1584,0,GE-Phrase,226,76279,77639,1360,1303,0.823,57,281
76336,77920,1584,0,GE-Phrase,227,77639,79279,1640,281,0.177,-1303,-1359
76336,77920,1584,0,NTB,que era só um corredorzinho,76336,77920,1584,1584,1.0,0,0
77920,79367,1447,0,GE-Phrase,227,77639,79279,1640,1359,0.939,281,88
77920,79367,1447,0,GE-Phrase,228,79279,80954,1675,88,0.061,-1359,-1587
77920,79367,1447,0,NTB,que depois virou,77920,79367,1447,1447,1.0,0,0
79367,79692,325,0,GE-Phrase,228,79279,80954,1675,325,1.0,88,-1262
79367,79692,325,0,NTB,né,79367,79692,325,325,1.0,0,0
79692,81357,1665,0,GE-Phrase,228,79279,80954,1675,1262,0.758,413,403
79692,81357,1665,0,GE-Phrase,229,80954,82638,1684,403,0.242,-1262,-1281
79692,81357,1665,0,NTB,um negócio enorme,79692,81357,1665,1665,1.0,0,0
88201,89296,1095,0,NTB,<cheguei nisso> +,88201,89296,1095,1095,1.0,0,0
93305,94317,1012,0,NTB,achei que eu fosse odiar,93305,94317,1012,1012,1.0,0,0
95089,96173,1084,0,NTB,eu gostei,95089,96173,1084,1084,1.0,0,0
96511,97855,1344,0,GE-Phrase,230,97846,98708,862,9,0.007,-1335,-853
96511,97855,1344,0,NTB,hoje eu vejo que depende &n [/1],96511,97855,1344,1344,1.0,0,0
97855,98199,344,0,GE-Phrase,230,97846,98708,862,344,1.0,9,-509
97855,98199,344,0,NTB,né,97855,98199,344,344,1.0,0,0
98199,98848,649,0,GE-Phrase,230,97846,98708,862,509,0.784,353,140
98199,98848,649,0,GE-Phrase,231,98708,100412,1704,140,0.216,-509,-1564
98199,98848,649,0,NTB,do aluno,98199,98848,649,649,1.0,0,0
98848,100935,2087,0,GE-Phrase,231,98708,100412,1704,1564,0.749,140,523
98848,100935,2087,0,NTB,da interação que cê tem com aluno,98848,100935,2087,2087,1.0,0,0
137105,138339,1234,0,GE-Phrase,235,136803,138001,1198,896,0.726,302,338
137105,138339,1234,0,GE-Phrase,236,138001,139371,1370,338,0.274,-896,-1032
137105,138339,1234,0,NTB,em inglês obviamente,137105,138339,1234,1234,1.0,0,0
138339,139647,1308,0,GE-Phrase,236,138001,139371,1370,1032,0.789,338,276
138339,139647,1308,0,GE-Phrase,237,139371,143181,3810,276,0.211,-1032,-3534
138339,139647,1308,0,NTB,a gente tinha livro e tudo,138339,139647,1308,1308,1.0,0,0
4370,5588,1218,0,GE-Phrase,201,2608,9088,6480,1218,1.0,1762,-3500
4370,5588,1218,0,NTB,aonde a gente ia,4370,5588,1218,1218,1.0,0,0
5588,7444,1856,0,GE-Phrase,201,2608,9088,6480,1856,1.0,2980,-1644
5588,7444,1856,0,NTB,quando a gente era criança,5588,7444,1856,1856,1.0,0,0
76336,77920,1584,0,GE-Phrase,226,76279,77639,1360,1303,0.823,57,281
76336,77920,1584,0,GE-Phrase,227,77639,79279,1640,281,0.177,-1303,-1359
76336,77920,1584,0,NTB,que era só um corredorzinho,76336,77920,1584,1584,1.0,0,0
77920,79367,1447,0,GE-Phrase,227,77639,79279,1640,1359,0.939,281,88
77920,79367,1447,0,GE-Phrase,228,79279,80954,1675,88,0.061,-1359,-1587
77920,79367,1447,0,NTB,que depois virou,77920,79367,1447,1447,1.0,0,0
79367,79692,325,0,GE-Phrase,228,79279,80954,1675,325,1.0,88,-1262
79367,79692,325,0,NTB,né,79367,79692,325,325,1.0,0,0
79692,81357,1665,0,GE-Phrase,228,79279,80954,1675,1262,0.758,413,403
79692,81357,1665,0,GE-Phrase,229,80954,82638,1684,403,0.242,-1262,-1281
79692,81357,1665,0,NTB,um negócio enorme,79692,81357,1665,1665,1.0,0,0
88201,89296,1095,0,NTB,<cheguei nisso> +,88201,89296,1095,1095,1.0,0,0
93305,94317,1012,0,NTB,achei que eu fosse odiar,93305,94317,1012,1012,1.0,0,0
95089,96173,1084,0,NTB,eu gostei,95089,96173,1084,1084,1.0,0,0
96511,97855,1344,0,GE-Phrase,230,97846,98708,862,9,0.007,-1335,-853
96511,97855,1344,0,NTB,hoje eu vejo que depende &n [/1],96511,97855,1344,1344,1.0,0,0
97855,98199,344,0,GE-Phrase,230,97846,98708,862,344,1.0,9,-509
97855,98199,344,0,NTB,né,97855,98199,344,344,1.0,0,0
98199,98848,649,0,GE-Phrase,230,97846,98708,862,509,0.784,353,140
98199,98848,649,0,GE-Phrase,231,98708,100412,1704,140,0.216,-509,-1564
98199,98848,649,0,NTB,do aluno,98199,98848,649,649,1.0,0,0
98848,100935,2087,0,GE-Phrase,231,98708,100412,1704,1564,0.749,140,523
98848,100935,2087,0,NTB,da interação que cê tem com aluno,98848,100935,2087,2087,1.0,0,0
137105,138339,1234,0,GE-Phrase,235,136803,138001,1198,896,0.726,302,338
137105,138339,1234,0,GE-Phrase,236,138001,139371,1370,338,0.274,-896,-1032
137105,138339,1234,0,NTB,em inglês obviamente,137105,138339,1234,1234,1.0,0,0
138339,139647,1308,0,GE-Phrase,236,138001,139371,1370,1032,0.789,338,276
138339,139647,1308,0,GE-Phrase,237,139371,143181,3810,276,0.211,-1032,-3534
138339,139647,1308,0,NTB,a gente tinha livro e tudo,138339,139647,1308,1308,1.0,0,0
4370,5588,1218,0,GE-Phrase,201,2608,9088,6480,1218,1.0,1762,-3500
4370,5588,1218,0,NTB,aonde a gente ia,4370,5588,1218,1218,1.0,0,0
5588,7444,1856,0,GE-Phrase,201,2608,9088,6480,1856,1.0,2980,-1644
5588,7444,1856,0,NTB,quando a gente era criança,5588,7444,1856,1856,1.0,0,0
76336,77920,1584,0,GE-Phrase,226,76279,77639,1360,1303,0.823,57,281
76336,77920,1584,0,GE-Phrase,227,77639,79279,1640,281,0.177,-1303,-1359
76336,77920,1584,0,NTB,que era só um corredorzinho,76336,77920,1584,1584,1.0,0,0
77920,79367,1447,0,GE-Phrase,227,77639,79279,1640,1359,0.939,281,88
77920,79367,1447,0,GE-Phrase,228,79279,80954,1675,88,0.061,-1359,-1587
77920,79367,1447,0,NTB,que depois virou,77920,79367,1447,1447,1.0,0,0
79367,79692,325,0,GE-Phrase,228,79279,80954,1675,325,1.0,88,-1262
79367,79692,325,0,NTB,né,79367,79692,325,325,1.0,0,0
79692,81357,1665,0,GE-Phrase,228,79279,80954,1675,1262,0.758,413,403
79692,81357,1665,0,GE-Phrase,229,80954,82638,1684,403,0.242,-1262,-1281
79692,81357,1665,0,NTB,um negócio enorme,79692,81357,1665,1665,1.0,0,0
88201,89296,1095,0,NTB,<cheguei nisso> +,88201,89296,1095,1095,1.0,0,0
93305,94317,1012,0,NTB,achei que eu fosse odiar,93305,94317,1012,1012,1.0,0,0
95089,96173,1084,0,NTB,eu gostei,95089,96173,1084,1084,1.0,0,0
96511,97855,1344,0,GE-Phrase,230,97846,98708,862,9,0.007,-1335,-853
96511,97855,1344,0,NTB,hoje eu vejo que depende &n [/1],96511,97855,1344,1344,1.0,0,0
97855,98199,344,0,GE-Phrase,230,97846,98708,862,344,1.0,9,-509
97855,98199,344,0,NTB,né,97855,98199,344,344,1.0,0,0
98199,98848,649,0,GE-Phrase,230,97846,98708,862,509,0.784,353,140
98199,98848,649,0,GE-Phrase,231,98708,100412,1704,140,0.216,-509,-1564
98199,98848,649,0,NTB,do aluno,98199,98848,649,649,1.0,0,0
98848,100935,2087,0,GE-Phrase,231,98708,100412,1704,1564,0.749,140,523
98848,100935,2087,0,NTB,da interação que cê tem com aluno,98848,100935,2087,2087,1.0,0,0
137105,138339,1234,0,GE-Phrase,235,136803,138001,1198,896,0.726,302,338
137105,138339,1234,0,GE-Phrase,236,138001,139371,1370,338,0.274,-896,-1032
137105,138339,1234,0,NTB,em inglês obviamente,137105,138339,1234,1234,1.0,0,0
138339,139647,1308,0,GE-Phrase,236,138001,139371,1370,1032,0.789,338,276
138339,139647,1308,0,GE-Phrase,237,139371,143181,3810,276,0.211,-1032,-3534
138339,139647,1308,0,NTB,a gente tinha livro e tudo,138339,139647,1308,1308,1.0,0,0
4370,5588,1218,0,GE-Phrase,201,2608,9088,6480,1218,1.0,1762,-3500
4370,5588,1218,0,NTB,aonde a gente ia,4370,5588,1218,1218,1.0,0,0
5588,7444,1856,0,GE-Phrase,201,2608,9088,6480,1856,1.0,2980,-1644
5588,7444,1856,0,NTB,quando a gente era criança,5588,7444,1856,1856,1.0,0,0
76336,77920,1584,0,GE-Phrase,226,76279,77639,1360,1303,0.823,57,281
76336,77920,1584,0,GE-Phrase,227,77639,79279,1640,281,0.177,-1303,-1359
76336,77920,1584,0,NTB,que era só um corredorzinho,76336,77920,1584,1584,1.0,0,0
77920,79367,1447,0,GE-Phrase,227,77639,79279,1640,1359,0.939,281,88
77920,79367,1447,0,GE-Phrase,228,79279,80954,1675,88,0.061,-1359,-1587
77920,79367,1447,0,NTB,que depois virou,77920,79367,1447,1447,1.0,0,0
79367,79692,325,0,GE-Phrase,228,79279,80954,1675,325,1.0,88,-1262
79367,79692,325,0,NTB,né,79367,79692,325,325,1.0,0,0
79692,81357,1665,0,GE-Phrase,228,79279,80954,1675,1262,0.758,413,403
79692,81357,1665,0,GE-Phrase,229,80954,82638,1684,403,0.242,-1262,-1281
79692,81357,1665,0,NTB,um negócio enorme,79692,81357,1665,1665,1.0,0,0
88201,89296,1095,0,NTB,<cheguei nisso> +,88201,89296,1095,1095,1.0,0,0
93305,94317,1012,0,NTB,achei que eu fosse odiar,93305,94317,1012,1012,1.0,0,0
95089,96173,1084,0,NTB,eu gostei,95089,96173,1084,1084,1.0,0,0
96511,97855,1344,0,GE-Phrase,230,97846,98708,862,9,0.007,-1335,-853
96511,97855,1344,0,NTB,hoje eu vejo que depende &n [/1],96511,97855,1344,1344,1.0,0,0
97855,98199,344,0,GE-Phrase,230,97846,98708,862,344,1.0,9,-509
97855,98199,344,0,NTB,né,97855,98199,344,344,1.0,0,0
98199,98848,649,0,GE-Phrase,230,97846,98708,862,509,0.784,353,140
98199,98848,649,0,GE-Phrase,231,98708,100412,1704,140,0.216,-509,-1564
98199,98848,649,0,NTB,do aluno,98199,98848,649,649,1.0,0,0
98848,100935,2087,0,GE-Phrase,231,98708,100412,1704,1564,0.749,140,523
98848,100935,2087,0,NTB,da interação que cê tem com aluno,98848,100935,2087,2087,1.0,0,0
137105,138339,1234,0,GE-Phrase,235,136803,138001,1198,896,0.726,302,338
137105,138339,1234,0,GE-Phrase,236,138001,139371,1370,338,0.274,-896,-1032
137105,138339,1234,0,NTB,em inglês obviamente,137105,138339,1234,1234,1.0,0,0
138339,139647,1308,0,GE-Phrase,236,138001,139371,1370,1032,0.789,338,276
138339,139647,1308,0,GE-Phrase,237,139371,143181,3810,276,0.211,-1032,-3534
138339,139647,1308,0,NTB,a gente tinha livro e tudo,138339,139647,1308,1308,1.0,0,0
4370,5588,1218,0,GE-Phrase,201,2608,9088,6480,1218,1.0,1762,-3500
4370,5588,1218,0,NTB,aonde a gente ia,4370,5588,1218,1218,1.0,0,0
5588,7444,1856,0,GE-Phrase,201,2608,9088,6480,1856,1.0,2980,-1644
5588,7444,1856,0,NTB,quando a gente era criança,5588,7444,1856,1856,1.0,0,0
76336,77920,1584,0,GE-Phrase,226,76279,77639,1360,1303,0.823,57,281
76336,77920,1584,0,GE-Phrase,227,77639,79279,1640,281,0.177,-1303,-1359
76336,77920,1584,0,NTB,que era só um corredorzinho,76336,77920,1584,1584,1.0,0,0
77920,79367,1447,0,GE-Phrase,227,77639,79279,1640,1359,0.939,281,88
77920,79367,1447,0,GE-Phrase,228,79279,80954,1675,88,0.061,-1359,-1587
77920,79367,1447,0,NTB,que depois virou,77920,79367,1447,1447,1.0,0,0
79367,79692,325,0,GE-Phrase,228,79279,80954,1675,325,1.0,88,-1262
79367,79692,325,0,NTB,né,79367,79692,325,325,1.0,0,0
79692,81357,1665,0,GE-Phrase,228,79279,80954,1675,1262,0.758,413,403
79692,81357,1665,0,GE-Phrase,229,80954,82638,1684,403,0.242,-1262,-1281
79692,81357,1665,0,NTB,um negócio enorme,79692,81357,1665,1665,1.0,0,0
88201,89296,1095,0,NTB,<cheguei nisso> +,88201,89296,1095,1095,1.0,0,0
93305,94317,1012,0,NTB,achei que eu fosse odiar,93305,94317,1012,1012,1.0,0,0
95089,96173,1084,0,NTB,eu gostei,95089,96173,1084,1084,1.0,0,0
96511,97855,1344,0,GE-Phrase,230,97846,98708,862,9,0.007,-1335,-853
96511,97855,1344,0,NTB,hoje eu vejo que depende &n [/1],96511,97855,1344,1344,1.0,0,0
97855,98199,344,0,GE-Phrase,230,97846,98708,862,344,1.0,9,-509
97855,98199,344,0,NTB,né,97855,98199,344,344,1.0,0,0
98199,98848,649,0,GE-Phrase,230,97846,98708,862,509,0.784,353,140
98199,98848,649,0,GE-Phrase,231,98708,100412,1704,140,0.216,-509,-1564
98199,98848,649,0,NTB,do aluno,98199,98848,649,649,1.0,0,0
98848,100935,2087,0,GE-Phrase,231,98708,100412,1704,1564,0.749,140,523
98848,100935,2087,0,NTB,da interação que cê tem com aluno,98848,100935,2087,2087,1.0,0,0
137105,138339,1234,0,GE-Phrase,235,136803,138001,1198,896,0.726,302,338
137105,138339,1234,0,GE-Phrase,236,138001,139371,1370,338,0.274,-896,-1032
137105,138339,1234,0,NTB,em inglês obviamente,137105,138339,1234,1234,1.0,0,0
138339,139647,1308,0,GE-Phrase,236,138001,139371,1370,1032,0.789,338,276
138339,139647,1308,0,GE-Phrase,237,139371,143181,3810,276,0.211,-1032,-3534
138339,139647,1308,0,NTB,a gente tinha livro e tudo,138339,139647,1308,1308,1.0,0,0
4370,5588,1218,0,GE-Phrase,201,2608,9088,6480,1218,1.0,1762,-3500
4370,5588,1218,0,NTB,aonde a gente ia,4370,5588,1218,1218,1.0,0,0
5588,7444,1856,0,GE-Phrase,201,2608,9088,6480,1856,1.0,2980,-1644
5588,7444,1856,0,NTB,quando a gente era criança,5588,7444,1856,1856,1.0,0,0
76336,77920,1584,0,GE-Phrase,226,76279,77639,1360,1303,0.823,57,281
76336,77920,1584,0,GE-Phrase,227,77639,79279,1640,281,0.177,-1303,-1359
76336,77920,1584,0,NTB,que era só um corredorzinho,76336,77920,1584,1584,1.0,0,0
77920,79367,1447,0,GE-Phrase,227,77639,79279,1640,1359,0.939,281,88
77920,79367,1447,0,GE-Phrase,228,79279,80954,1675,88,0.061,-1359,-1587
77920,79367,1447,0,NTB,que depois virou,77920,79367,1447,1447,1.0,0,0
79367,79692,325,0,GE-Phrase,228,79279,80954,1675,325,1.0,88,-1262
79367,79692,325,0,NTB,né,79367,79692,325,325,1.0,0,0
79692,81357,1665,0,GE-Phrase,228,79279,80954,1675,1262,0.758,413,403
79692,81357,1665,0,GE-Phrase,229,80954,82638,1684,403,0.242,-1262,-1281
79692,81357,1665,0,NTB,um negócio enorme,79692,81357,1665,1665,1.0,0,0
88201,89296,1095,0,NTB,<cheguei nisso> +,88201,89296,1095,1095,1.0,0,0
93305,94317,1012,0,NTB,achei que eu fosse odiar,93305,94317,1012,1012,1.0,0,0
95089,96173,1084,0,NTB,eu gostei,95089,96173,1084,1084,1.0,0,0
96511,97855,1344,0,GE-Phrase,230,97846,98708,862,9,0.007,-1335,-853
96511,97855,1344,0,NTB,hoje eu vejo que depende &n [/1],96511,97855,1344,1344,1.0,0,0
97855,98199,344,0,GE-Phrase,230,97846,98708,862,344,1.0,9,-509
97855,98199,344,0,NTB,né,97855,98199,344,344,1.0,0,0
98199,98848,649,0,GE-Phrase,230,97846,98708,862,509,0.784,353,140
98199,98848,649,0,GE-Phrase,231,98708,100412,1704,140,0.216,-509,-1564
98199,98848,649,0,NTB,do aluno,98199,98848,649,649,1.0,0,0
98848,100935,2087,0,GE-Phrase,231,98708,100412,1704,1564,0.749,140,523
98848,100935,2087,0,NTB,da interação que cê tem com aluno,98848,100935,2087,2087,1.0,0,0
137105,138339,1234,0,GE-Phrase,235,136803,138001,1198,896,0.726,302,338
137105,138339,1234,0,GE-Phrase,236,138001,139371,1370,338,0.274,-896,-1032
137105,138339,1234,0,NTB,em inglês obviamente,137105,138339,1234,1234,1.0,0,0
138339,139647,1308,0,GE-Phrase,236,138001,139371,1370,1032,0.789,338,276
138339,139647,1308,0,GE-Phrase,237,139371,143181,3810,276,0.211,-1032,-3534
138339,139647,1308,0,NTB,a gente tinha livro e tudo,138339,139647,1308,1308,1.0,0,0
4370,5588,1218,0,GE-Phrase,201,2608,9088,6480,1218,1.0,1762,-3500
4370,5588,1218,0,NTB,aonde a gente ia,4370,5588,1218,1218,1.0,0,0
5588,7444,1856,0,GE-Phrase,201,2608,9088,6480,1856,1.0,2980,-1644
5588,7444,1856,0,NTB,quando a gente era criança,5588,7444,1856,1856,1.0,0,0
76336,77920,1584,0,GE-Phrase,226,76279,77639,1360,1303,0.823,57,281
76336,77920,1584,0,GE-Phrase,227,77639,79279,1640,281,0.177,-1303,-1359
76336,77920,1584,0,NTB,que era só um corredorzinho,76336,77920,1584,1584,1.0,0,0
77920,79367,1447,0,GE-Phrase,227,77639,79279,1640,1359,0.939,281,88
77920,79367,1447,0,GE-Phrase,228,79279,80954,1675,88,0.061,-1359,-1587
77920,79367,1447,0,NTB,que depois virou,77920,79367,1447,1447,1.0,0,0
79367,79692,325,0,GE-Phrase,228,79279,80954,1675,325,1.0,88,-1262
79367,79692,325,0,NTB,né,79367,79692,325,325,1.0,0,0
79692,81357,1665,0,GE-Phrase,228,79279,80954,1675,1262,0.758,413,403
79692,81357,1665,0,GE-Phrase,229,80954,82638,1684,403,0.242,-1262,-1281
79692,81357,1665,0,NTB,um negócio enorme,79692,81357,1665,1665,1.0,0,0
88201,89296,1095,0,NTB,<cheguei nisso> +,88201,89296,1095,1095,1.0,0,0
93305,94317,1012,0,NTB,achei que eu fosse odiar,93305,94317,1012,1012,1.0,0,0
95089,96173,1084,0,NTB,eu gostei,95089,96173,1084,1084,1.0,0,0
96511,97855,1344,0,GE-Phrase,230,97846,98708,862,9,0.007,-1335,-853
96511,97855,1344,0,NTB,hoje eu vejo que depende &n [/1],96511,97855,1344,1344,1.0,0,0
97855,98199,344,0,GE-Phrase,230,97846,98708,862,344,1.0,9,-509
97855,98199,344,0,NTB,né,97855,98199,344,344,1.0,0,0
98199,98848,649,0,GE-Phrase,230,97846,98708,862,509,0.784,353,140
98199,98848,649,0,GE-Phrase,231,98708,100412,1704,140,0.216,-509,-1564
98199,98848,649,0,NTB,do aluno,98199,98848,649,649,1.0,0,0
98848,100935,2087,0,GE-Phrase,231,98708,100412,1704,1564,0.749,140,523
98848,100935,2087,0,NTB,da interação que cê tem com aluno,98848,100935,2087,2087,1.0,0,0
137105,138339,1234,0,GE-Phrase,235,136803,138001,1198,896,0.726,302,338
137105,138339,1234,0,GE-Phrase,236,138001,139371,1370,338,0.274,-896,-1032
137105,138339,1234,0,NTB,em inglês obviamente,137105,138339,1234,1234,1.0,0,0
138339,139647,1308,0,GE-Phrase,236,138001,139371,1370,1032,0.789,338,276
138339,139647,1308,0,GE-Phrase,237,139371,143181,3810,276,0.211,-1032,-3534
138339,139647,1308,0,NTB,a gente tinha livro e tudo,138339,139647,1308,1308,1.0,0,0
4370,5588,1218,0,GE-Phrase,201,2608,9088,6480,1218,1.0,1762,-3500
4370,5588,1218,0,NTB,aonde a gente ia,4370,5588,1218,1218,1.0,0,0
5588,7444,1856,0,GE-Phrase,201,2608,9088,6480,1856,1.0,2980,-1644
5588,7444,1856,0,NTB,quando a gente era criança,5588,7444,1856,1856,1.0,0,0
76336,77920,1584,0,GE-Phrase,226,76279,77639,1360,1303,0.823,57,281
76336,77920,1584,0,GE-Phrase,227,77639,79279,1640,281,0.177,-1303,-1359
76336,77920,1584,0,NTB,que era só um corredorzinho,76336,77920,1584,1584,1.0,0,0
77920,79367,1447,0,GE-Phrase,227,77639,79279,1640,1359,0.939,281,88
77920,79367,1447,0,GE-Phrase,228,79279,80954,1675,88,0.061,-1359,-1587
77920,79367,1447,0,NTB,que depois virou,77920,79367,1447,1447,1.0,0,0
79367,79692,325,0,GE-Phrase,228,79279,80954,1675,325,1.0,88,-1262
79367,79692,325,0,NTB,né,79367,79692,325,325,1.0,0,0
79692,81357,1665,0,GE-Phrase,228,79279,80954,1675,1262,0.758,413,403
79692,81357,1665,0,GE-Phrase,229,80954,82638,1684,403,0.242,-1262,-1281
79692,81357,1665,0,NTB,um negócio enorme,79692,81357,1665,1665,1.0,0,0
88201,89296,1095,0,NTB,<cheguei nisso> +,88201,89296,1095,1095,1.0,0,0
93305,94317,1012,0,NTB,achei que eu fosse odiar,93305,94317,1012,1012,1.0,0,0
95089,96173,1084,0,NTB,eu gostei,95089,96173,1084,1084,1.0,0,0
96511,97855,1344,0,GE-Phrase,230,97846,98708,862,9,0.007,-1335,-853
96511,97855,1344,0,NTB,hoje eu vejo que depende &n [/1],96511,97855,1344,1344,1.0,0,0
97855,98199,344,0,GE-Phrase,230,97846,98708,862,344,1.0,9,-509
97855,98199,344,0,NTB,né,97855,98199,344,344,1.0,0,0
98199,98848,649,0,GE-Phrase,230,97846,98708,862,509,0.784,353,140
98199,98848,649,0,GE-Phrase,231,98708,100412,1704,140,0.216,-509,-1564
98199,98848,649,0,NTB,do aluno,98199,98848,649,649,1.0,0,0
98848,100935,2087,0,GE-Phrase,231,98708,100412,1704,1564,0.749,140,523
98848,100935,2087,0,NTB,da interação que cê tem com aluno,98848,100935,2087,2087,1.0,0,0
137105,138339,1234,0,GE-Phrase,235,136803,138001,1198,896,0.726,302,338
137105,138339,1234,0,GE-Phrase,236,138001,139371,1370,338,0.274,-896,-1032
137105,138339,1234,0,NTB,em inglês obviamente,137105,138339,1234,1234,1.0,0,0
138339,139647,1308,0,GE-Phrase,236,138001,139371,1370,1032,0.789,338,276
138339,139647,1308,0,GE-Phrase,237,139371,143181,3810,276,0.211,-1032,-3534
138339,139647,1308,0,NTB,a gente tinha livro e tudo,138339,139647,1308,1308,1.0,0,0
4370,5588,1218,0,GE-Phrase,201,2608,9088,6480,1218,1.0,1762,-3500
4370,5588,1218,0,NTB,aonde a gente ia,4370,5588,1218,1218,1.0,0,0
5588,7444,1856,0,GE-Phrase,201,2608,9088,6480,1856,1.0,2980,-1644
5588,7444,1856,0,NTB,quando a gente era criança,5588,7444,1856,1856,1.0,0,0
76336,77920,1584,0,GE-Phrase,226,76279,77639,1360,1303,0.823,57,281
76336,77920,1584,0,GE-Phrase,227,77639,79279,1640,281,0.177,-1303,-1359
76336,77920,1584,0,NTB,que era só um corredorzinho,76336,77920,1584,1584,1.0,0,0
77920,79367,1447,0,GE-Phrase,227,77639,79279,1640,1359,0.939,281,88
77920,79367,1447,0,GE-Phrase,228,79279,80954,1675,88,0.061,-1359,-1587
77920,79367,1447,0,NTB,que depois virou,77920,79367,1447,1447,1.0,0,0
79367,79692,325,0,GE-Phrase,228,79279,80954,1675,325,1.0,88,-1262
79367,79692,325,0,NTB,né,79367,79692,325,325,1.0,0,0
79692,81357,1665,0,GE-Phrase,228,79279,80954,1675,1262,0.758,413,403
79692,81357,1665,0,GE-Phrase,229,80954,82638,1684,403,0.242,-1262,-1281
79692,81357,1665,0,NTB,um negócio enorme,79692,81357,1665,1665,1.0,0,0
88201,89296,1095,0,NTB,<cheguei nisso> +,88201,89296,1095,1095,1.0,0,0
93305,94317,1012,0,NTB,achei que eu fosse odiar,93305,94317,1012,1012,1.0,0,0
95089,96173,1084,0,NTB,eu gostei,95089,96173,1084,1084,1.0,0,0
96511,97855,1344,0,GE-Phrase,230,97846,98708,862,9,0.007,-1335,-853
96511,97855,1344,0,NTB,hoje eu vejo que depende &n [/1],96511,97855,1344,1344,1.0,0,0
97855,98199,344,0,GE-Phrase,230,97846,98708,862,344,1.0,9,-509
97855,98199,344,0,NTB,né,97855,98199,344,344,1.0,0,0
98199,98848,649,0,GE-Phrase,230,97846,98708,862,509,0.784,353,140
98199,98848,649,0,GE-Phrase,231,98708,100412,1704,140,0.216,-509,-1564
98199,98848,649,0,NTB,do aluno,98199,98848,649,649,1.0,0,0
98848,100935,2087,0,GE-Phrase,231,98708,100412,1704,1564,0.749,140,523
98848,100935,2087,0,NTB,da interação que cê tem com aluno,98848,100935,2087,2087,1.0,0,0
137105,138339,1234,0,GE-Phrase,235,136803,138001,1198,896,0.726,302,338
137105,138339,1234,0,GE-Phrase,236,138001,139371,1370,338,0.274,-896,-1032
137105,138339,1234,0,NTB,em inglês obviamente,137105,138339,1234,1234,1.0,0,0
138339,139647,1308,0,GE-Phrase,236,138001,139371,1370,1032,0.789,338,276
138339,139647,1308,0,GE-Phrase,237,139371,143181,3810,276,0.211,-1032,-3534
138339,139647,1308,0,NTB,a gente tinha livro e tudo,138339,139647,1308,1308,1.0,0,0
4370,5588,1218,0,GE-Phrase,201,2608,9088,6480,1218,1.0,1762,-3500
4370,5588,1218,0,NTB,aonde a gente ia,4370,5588,1218,1218,1.0,0,0
5588,7444,1856,0,GE-Phrase,201,2608,9088,6480,1856,1.0,2980,-1644
5588,7444,1856,0,NTB,quando a gente era criança,5588,7444,1856,1856,1.0,0,0
76336,77920,1584,0,GE-Phrase,226,76279,77639,1360,1303,0.823,57,281
76336,77920,1584,0,GE-Phrase,227,77639,79279,1640,281,0.177,-1303,-1359
76336,77920,1584,0,NTB,que era só um corredorzinho,76336,77920,1584,1584,1.0,0,0
77920,79367,1447,0,GE-Phrase,227,77639,79279,1640,1359,0.939,281,88
77920,79367,1447,0,GE-Phrase,228,79279,80954,1675,88,0.061,-1359,-1587
77920,79367,1447,0,NTB,que depois virou,77920,79367,1447,1447,1.0,0,0
79367,79692,325,0,GE-Phrase,228,79279,80954,1675,325,1.0,88,-1262
79367,79692,325,0,NTB,né,79367,79692,325,325,1.0,0,0
79692,81357,1665,0,GE-Phrase,228,79279,80954,1675,1262,0.758,413,403
79692,81357,1665,0,GE-Phrase,229,80954,82638,1684,403,0.242,-1262,-1281
79692,81357,1665,0,NTB,um negócio enorme,79692,81357,1665,1665,1.0,0,0
88201,89296,1095,0,NTB,<cheguei nisso> +,88201,89296,1095,1095,1.0,0,0
93305,94317,1012,0,NTB,achei que eu fosse odiar,93305,94317,1012,1012,1.0,0,0
95089,96173,1084,0,NTB,eu gostei,95089,96173,1084,1084,1.0,0,0
96511,97855,1344,0,GE-Phrase,230,97846,98708,862,9,0.007,-1335,-853
96511,97855,1344,0,NTB,hoje eu vejo que depende &n [/1],96511,97855,1344,1344,1.0,0,0
97855,98199,344,0,GE-Phrase,230,97846,98708,862,344,1.0,9,-509
97855,98199,344,0,NTB,né,97855,98199,344,344,1.0,0,0
98199,98848,649,0,GE-Phrase,230,97846,98708,862,509,0.784,353,140
98199,98848,649,0,GE-Phrase,231,98708,100412,1704,140,0.216,-509,-1564
98199,98848,649,0,NTB,do aluno,98199,98848,649,649,1.0,0,0
98848,100935,2087,0,GE-Phrase,231,98708,100412,1704,1564,0.749,140,523
98848,100935,2087,0,NTB,da interação que cê tem com aluno,98848,100935,2087,2087,1.0,0,0
137105,138339,1234,0,GE-Phrase,235,136803,138001,1198,896,0.726,302,338
137105,138339,1234,0,GE-Phrase,236,138001,139371,1370,338,0.274,-896,-1032
137105,138339,1234,0,NTB,em inglês obviamente,137105,138339,1234,1234,1.0,0,0
138339,139647,1308,0,GE-Phrase,236,138001,139371,1370,1032,0.789,338,276
138339,139647,1308,0,GE-Phrase,237,139371,143181,3810,276,0.211,-1032,-3534
138339,139647,1308,0,NTB,a gente tinha livro e tudo,138339,139647,1308,1308,1.0,0,0
4370,5588,1218,0,GE-Phrase,201,2608,9088,6480,1218,1.0,1762,-3500
4370,5588,1218,0,NTB,aonde a gente ia,4370,5588,1218,1218,1.0,0,0
5588,7444,1856,0,GE-Phrase,201,2608,9088,6480,1856,1.0,2980,-1644
5588,7444,1856,0,NTB,quando a gente era criança,5588,7444,1856,1856,1.0,0,0
76336,77920,1584,0,GE-Phrase,226,76279,77639,1360,1303,0.823,57,281
76336,77920,1584,0,GE-Phrase,227,77639,79279,1640,281,0.177,-1303,-1359
76336,77920,1584,0,NTB,que era só um corredorzinho,76336,77920,1584,1584,1.0,0,0
77920,79367,1447,0,GE-Phrase,227,77639,79279,1640,1359,0.939,281,88
77920,79367,1447,0,GE-Phrase,228,79279,80954,1675,88,0.061,-1359,-1587
77920,79367,1447,0,NTB,que depois virou,77920,79367,1447,1447,1.0,0,0
79367,79692,325,0,GE-Phrase,228,79279,80954,1675,325,1.0,88,-1262
79367,79692,325,0,NTB,né,79367,79692,325,325,1.0,0,0
79692,81357,1665,0,GE-Phrase,228,79279,80954,1675,1262,0.758,413,403
79692,81357,1665,0,GE-Phrase,229,80954,82638,1684,403,0.242,-1262,-1281
79692,81357,1665,0,NTB,um negócio enorme,79692,81357,1665,1665,1.0,0,0
88201,89296,1095,0,NTB,<cheguei nisso> +,88201,89296,1095,1095,1.0,0,0
93305,94317,1012,0,NTB,achei que eu fosse odiar,93305,94317,1012,1012,1.0,0,0
95089,96173,1084,0,NTB,eu gostei,95089,96173,1084,1084,1.0,0,0
96511,97855,1344,0,GE-Phrase,230,97846,98708,862,9,0.007,-1335,-853
96511,97855,1344,0,NTB,hoje eu vejo que depende &n [/1],96511,97855,1344,1344,1.0,0,0
97855,98199,344,0,GE-Phrase,230,97846,98708,862,344,1.0,9,-509
97855,98199,344,0,NTB,né,97855,98199,344,344,1.0,0,0
98199,98848,649,0,GE-Phrase,230,97846,98708,862,509,0.784,353,140
98199,98848,649,0,GE-Phrase,231,98708,100412,1704,140,0.216,-509,-1564
98199,98848,649,0,NTB,do aluno,98199,98848,649,649,1.0,0,0
98848,100935,2087,0,GE-Phrase,231,98708,100412,1704,1564,0.749,140,523
98848,100935,2087,0,NTB,da interação que cê tem com aluno,98848,100935,2087,2087,1.0,0,0
137105,138339,1234,0,GE-Phrase,235,136803,138001,1198,896,0.726,302,338
137105,138339,1234,0,GE-Phrase,236,138001,139371,1370,338,0.274,-896,-1032
137105,138339,1234,0,NTB,em inglês obviamente,137105,138339,1234,1234,1.0,0,0
138339,139647,1308,0,GE-Phrase,236,138001,139371,1370,1032,0.789,338,276
138339,139647,1308,0,GE-Phrase,237,139371,143181,3810,276,0.211,-1032,-3534
138339,139647,1308,0,NTB,a gente tinha livro e tudo,138339,139647,1308,1308,1.0,0,0
4370,5588,1218,0,GE-Phrase,201,2608,9088,6480,1218,1.0,1762,-3500
4370,5588,1218,0,NTB,aonde a gente ia,4370,5588,1218,1218,1.0,0,0
5588,7444,1856,0,GE-Phrase,201,2608,9088,6480,1856,1.0,2980,-1644
5588,7444,1856,0,NTB,quando a gente era criança,5588,7444,1856,1856,1.0,0,0
76336,77920,1584,0,GE-Phrase,226,76279,77639,1360,1303,0.823,57,281
76336,77920,1584,0,GE-Phrase,227,77639,79279,1640,281,0.177,-1303,-1359
76336,77920,1584,0,NTB,que era só um corredorzinho,76336,77920,1584,1584,1.0,0,0
77920,79367,1447,0,GE-Phrase,227,77639,79279,1640,1359,0.939,281,88
77920,79367,1447,0,GE-Phrase,228,79279,80954,1675,88,0.061,-1359,-1587
77920,79367,1447,0,NTB,que depois virou,77920,79367,1447,1447,1.0,0,0
79367,79692,325,0,GE-Phrase,228,79279,80954,1675,325,1.0,88,-1262
79367,79692,325,0,NTB,né,79367,79692,325,325,1.0,0,0
79692,81357,1665,0,GE-Phrase,228,79279,80954,1675,1262,0.758,413,403
79692,81357,1665,0,GE-Phrase,229,80954,82638,1684,403,0.242,-1262,-1281
79692,81357,1665,0,NTB,um negócio enorme,79692,81357,1665,1665,1.0,0,0
88201,89296,1095,0,NTB,<cheguei nisso> +,88201,89296,1095,1095,1.0,0,0
93305,94317,1012,0,NTB,achei que eu fosse odiar,93305,94317,1012,1012,1.0,0,0
95089,96173,1084,0,NTB,eu gostei,95089,96173,1084,1084,1.0,0,0
96511,97855,1344,0,GE-Phrase,230,97846,98708,862,9,0.007,-1335,-853
96511,97855,1344,0,NTB,hoje eu vejo que depende &n [/1],96511,97855,1344,1344,1.0,0,0
97855,98199,344,0,GE-Phrase,230,97846,98708,862,344,1.0,9,-509
97855,98199,344,0,NTB,né,97855,98199,344,344,1.0,0,0
98199,98848,649,0,GE-Phrase,230,97846,98708,862,509,0.784,353,140
98199,98848,649,0,GE-Phrase,231,98708,100412,1704,140,0.216,-509,-1564
98199,98848,649,0,NTB,do aluno,98199,98848,649,649,1.0,0,0
98848,100935,2087,0,GE-Phrase,231,98708,100412,1704,1564,0.749,140,523
98848,100935,2087,0,NTB,da interação que cê tem com aluno,98848,100935,2087,2087,1.0,0,0
137105,138339,1234,0,GE-Phrase,235,136803,138001,1198,896,0.726,302,338
137105,138339,1234,0,GE-Phrase,236,138001,139371,1370,338,0.274,-896,-1032
137105,138339,1234,0,NTB,em inglês obviamente,137105,138339,1234,1234,1.0,0,0
138339,139647,1308,0,GE-Phrase,236,138001,139371,1370,1032,0.789,338,276
138339,139647,1308,0,GE-Phrase,237,139371,143181,3810,276,0.211,-1032,-3534
138339,139647,1308,0,NTB,a gente tinha livro e tudo,138339,139647,1308,1308,1.0,0,0
4370,5588,1218,0,GE-Phrase,201,2608,9088,6480,1218,1.0,1762,-3500
4370,5588,1218,0,NTB,aonde a gente ia,4370,5588,1218,1218,1.0,0,0
5588,7444,1856,0,GE-Phrase,201,2608,9088,6480,1856,1.0,2980,-1644
5588,7444,1856,0,NTB,quando a gente era criança,5588,7444,1856,1856,1.0,0,0
76336,77920,1584,0,GE-Phrase,226,76279,77639,1360,1303,0.823,57,281
76336,77920,1584,0,GE-Phrase,227,77639,79279,1640,281,0.177,-1303,-1359
76336,77920,1584,0,NTB,que era só um corredorzinho,76336,77920,1584,1584,1.0,0,0
77920,79367,1447,0,GE-Phrase,227,77639,79279,1640,1359,0.939,281,88
77920,79367,1447,0,GE-Phrase,228,79279,80954,1675,88,0.061,-1359,-1587
77920,79367,1447,0,NTB,que depois virou,77920,79367,1447,1447,1.0,0,0
79367,79692,325,0,GE-Phrase,228,79279,80954,1675,325,1.0,88,-1262
79367,79692,325,0,NTB,né,79367,79692,325,325,1.0,0,0
79692,81357,1665,0,GE-Phrase,228,79279,80954,1675,1262,0.758,413,403
79692,81357,1665,0,GE-Phrase,229,80954,82638,1684,403,0.242,-1262,-1281
79692,81357,1665,0,NTB,um negócio enorme,79692,81357,1665,1665,1.0,0,0
88201,89296,1095,0,NTB,<cheguei nisso> +,88201,89296,1095,1095,1.0,0,0
93305,94317,1012,0,NTB,achei que eu fosse odiar,93305,94317,1012,1012,1.0,0,0
95089,96173,1084,0,NTB,eu gostei,95089,96173,1084,1084,1.0,0,0
96511,97855,1344,0,GE-Phrase,230,97846,98708,862,9,0.007,-1335,-853
96511,97855,1344,0,NTB,hoje eu vejo que depende &n [/1],96511,97855,1344,1344,1.0,0,0
97855,98199,344,0,GE-Phrase,230,97846,98708,862,344,1.0,9,-509
97855,98199,344,0,NTB,né,97855,98199,344,344,1.0,0,0
98199,98848,649,0,GE-Phrase,230,97846,98708,862,509,0.784,353,140
98199,98848,649,0,GE-Phrase,231,98708,100412,1704,140,0.216,-509,-1564
98199,98848,649,0,NTB,do aluno,98199,98848,649,649,1.0,0,0
98848,100935,2087,0,GE-Phrase,231,98708,100412,1704,1564,0.749,140,523
98848,100935,2087,0,NTB,da interação que cê tem com aluno,98848,100935,2087,2087,1.0,0,0
137105,138339,1234,0,GE-Phrase,235,136803,138001,1198,896,0.726,302,338
137105,138339,1234,0,GE-Phrase,236,138001,139371,1370,338,0.274,-896,-1032
137105,138339,1234,0,NTB,em inglês obviamente,137105,138339,1234,1234,1.0,0,0
138339,139647,1308,0,GE-Phrase,236,138001,139371,1370,1032,0.789,338,276
138339,139647,1308,0,GE-Phrase,237,139371,143181,3810,276,0.211,-1032,-3534
138339,139647,1308,0,NTB,a gente tinha livro e tudo,138339,139647,1308,1308,1.0,0,0
4370,5588,1218,0,GE-Phrase,201,2608,9088,6480,1218,1.0,1762,-3500
4370,5588,1218,0,NTB,aonde a gente ia,4370,5588,1218,1218,1.0,0,0
5588,7444,1856,0,GE-Phrase,201,2608,9088,6480,1856,1.0,2980,-1644
5588,7444,1856,0,NTB,quando a gente era criança,5588,7444,1856,1856,1.0,0,0
76336,77920,1584,0,GE-Phrase,226,76279,77639,1360,1303,0.823,57,281
76336,77920,1584,0,GE-Phrase,227,77639,79279,1640,281,0.177,-1303,-1359
76336,77920,1584,0,NTB,que era só um corredorzinho,76336,77920,1584,1584,1.0,0,0
77920,79367,1447,0,GE-Phrase,227,77639,79279,1640,1359,0.939,281,88
77920,79367,1447,0,GE-Phrase,228,79279,80954,1675,88,0.061,-1359,-1587
77920,79367,1447,0,NTB,que depois virou,77920,79367,1447,1447,1.0,0,0
79367,79692,325,0,GE-Phrase,228,79279,80954,1675,325,1.0,88,-1262
79367,79692,325,0,NTB,né,79367,79692,325,325,1.0,0,0
79692,81357,1665,0,GE-Phrase,228,79279,80954,1675,1262,0.758,413,403
79692,81357,1665,0,GE-Phrase,229,80954,82638,1684,403,0.242,-1262,-1281
79692,81357,1665,0,NTB,um negócio enorme,79692,81357,1665,1665,1.0,0,0
88201,89296,1095,0,NTB,<cheguei nisso> +,88201,89296,1095,1095,1.0,0,0
93305,94317,1012,0,NTB,achei que eu fosse odiar,93305,94317,1012,1012,1.0,0,0
95089,96173,1084,0,NTB,eu gostei,95089,96173,1084,1084,1.0,0,0
96511,97855,1344,0,GE-Phrase,230,97846,98708,862,9,0.007,-1335,-853
96511,97855,1344,0,NTB,hoje eu vejo que depende &n [/1],96511,97855,1344,1344,1.0,0,0
97855,98199,344,0,GE-Phrase,230,97846,98708,862,344,1.0,9,-509
97855,98199,344,0,NTB,né,97855,98199,344,344,1.0,0,0
98199,98848,649,0,GE-Phrase,230,97846,98708,862,509,0.784,353,140
98199,98848,649,0,GE-Phrase,231,98708,100412,1704,140,0.216,-509,-1564
98199,98848,649,0,NTB,do aluno,98199,98848,649,649,1.0,0,0
98848,100935,2087,0,GE-Phrase,231,98708,100412,1704,1564,0.749,140,523
98848,100935,2087,0,NTB,da interação que cê tem com aluno,98848,100935,2087,2087,1.0,0,0
137105,138339,1234,0,GE-Phrase,235,136803,138001,1198,896,0.726,302,338
137105,138339,1234,0,GE-Phrase,236,138001,139371,1370,338,0.274,-896,-1032
137105,138339,1234,0,NTB,em inglês obviamente,137105,138339,1234,1234,1.0,0,0
138339,139647,1308,0,GE-Phrase,236,138001,139371,1370,1032,0.789,338,276
138339,139647,1308,0,GE-Phrase,237,139371,143181,3810,276,0.211,-1032,-3534
138339,139647,1308,0,NTB,a gente tinha livro e tudo,138339,139647,1308,1308,1.0,0,0
4370,5588,1218,0,GE-Phrase,201,2608,9088,6480,1218,1.0,1762,-3500
4370,5588,1218,0,NTB,aonde a gente ia,4370,5588,1218,1218,1.0,0,0
5588,7444,1856,0,GE-Phrase,201,2608,9088,6480,1856,1.0,2980,-1644
5588,7444,1856,0,NTB,quando a gente era criança,5588,7444,1856,1856,1.0,0,0
76336,77920,1584,0,GE-Phrase,226,76279,77639,1360,1303,0.823,57,281
76336,77920,1584,0,GE-Phrase,227,77639,79279,1640,281,0.177,-1303,-1359
76336,77920,1584,0,NTB,que era só um corredorzinho,76336,77920,1584,1584,1.0,0,0
77920,79367,1447,0,GE-Phrase,227,77639,79279,1640,1359,0.939,281,88
77920,79367,1447,0,GE-Phrase,228,79279,80954,1675,88,0.061,-1359,-1587
77920,79367,1447,0,NTB,que depois virou,77920,79367,1447,1447,1.0,0,0
79367,79692,325,0,GE-Phrase,228,79279,80954,1675,325,1.0,88,-1262
79367,79692,325,0,NTB,né,79367,79692,325,325,1.0,0,0
79692,81357,1665,0,GE-Phrase,228,79279,80954,1675,1262,0.758,413,403
79692,81357,1665,0,GE-Phrase,229,80954,82638,1684,403,0.242,-1262,-1281
79692,81357,1665,0,NTB,um negócio enorme,79692,81357,1665,1665,1.0,0,0
88201,89296,1095,0,NTB,<cheguei nisso> +,88201,89296,1095,1095,1.0,0,0
93305,94317,1012,0,NTB,achei que eu fosse odiar,93305,94317,1012,1012,1.0,0,0
95089,96173,1084,0,NTB,eu gostei,95089,96173,1084,1084,1.0,0,0
96511,97855,1344,0,GE-Phrase,230,97846,98708,862,9,0.007,-1335,-853
96511,97855,1344,0,NTB,hoje eu vejo que depende &n [/1],96511,97855,1344,1344,1.0,0,0
97855,98199,344,0,GE-Phrase,230,97846,98708,862,344,1.0,9,-509
97855,98199,344,0,NTB,né,97855,98199,344,344,1.0,0,0
98199,98848,649,0,GE-Phrase,230,97846,98708,862,509,0.784,353,140
98199,98848,649,0,GE-Phrase,231,98708,100412,1704,140,0.216,-509,-1564
98199,98848,649,0,NTB,do aluno,98199,98848,649,649,1.0,0,0
98848,100935,2087,0,GE-Phrase,231,98708,100412,1704,1564,0.749,140,523
98848,100935,2087,0,NTB,da interação que cê tem com aluno,98848,100935,2087,2087,1.0,0,0
137105,138339,1234,0,GE-Phrase,235,136803,138001,1198,896,0.726,302,338
137105,138339,1234,0,GE-Phrase,236,138001,139371,1370,338,0.274,-896,-1032
137105,138339,1234,0,NTB,em inglês obviamente,137105,138339,1234,1234,1.0,0,0
138339,139647,1308,0,GE-Phrase,236,138001,139371,1370,1032,0.789,338,276
138339,139647,1308,0,GE-Phrase,237,139371,143181,3810,276,0.211,-1032,-3534
138339,139647,1308,0,NTB,a gente tinha livro e tudo,138339,139647,1308,1308,1.0,0,0
4370,5588,1218,0,GE-Phrase,201,2608,9088,6480,1218,1.0,1762,-3500
4370,5588,1218,0,NTB,aonde a gente ia,4370,5588,1218,1218,1.0,0,0
5588,7444,1856,0,GE-Phrase,201,2608,9088,6480,1856,1.0,2980,-1644
5588,7444,1856,0,NTB,quando a gente era criança,5588,7444,1856,1856,1.0,0,0
76336,77920,1584,0,GE-Phrase,226,76279,77639,1360,1303,0.823,57,281
76336,77920,1584,0,GE-Phrase,227,77639,79279,1640,281,0.177,-1303,-1359
76336,77920,1584,0,NTB,que era só um corredorzinho,76336,77920,1584,1584,1.0,0,0
77920,79367,1447,0,GE-Phrase,227,77639,79279,1640,1359,0.939,281,88
77920,79367,1447,0,GE-Phrase,228,79279,80954,1675,88,0.061,-1359,-1587
77920,79367,1447,0,NTB,que depois virou,77920,79367,1447,1447,1.0,0,0
79367,79692,325,0,GE-Phrase,228,79279,80954,1675,325,1.0,88,-1262
79367,79692,325,0,NTB,né,79367,79692,325,325,1.0,0,0
79692,81357,1665,0,GE-Phrase,228,79279,80954,1675,1262,0.758,413,403
79692,81357,1665,0,GE-Phrase,229,80954,82638,1684,403,0.242,-1262,-1281
79692,81357,1665,0,NTB,um negócio enorme,79692,81357,1665,1665,1.0,0,0
88201,89296,1095,0,NTB,<cheguei nisso> +,88201,89296,1095,1095,1.0,0,0
93305,94317,1012,0,NTB,achei que eu fosse odiar,93305,94317,1012,1012,1.0,0,0
95089,96173,1084,0,NTB,eu gostei,95089,96173,1084,1084,1.0,0,0
96511,97855,1344,0,GE-Phrase,230,97846,98708,862,9,0.007,-1335,-853
96511,97855,1344,0,NTB,hoje eu vejo que depende &n [/1],96511,97855,1344,1344,1.0,0,0
97855,98199,344,0,GE-Phrase,230,97846,98708,862,344,1.0,9,-509
97855,98199,344,0,NTB,né,97855,98199,344,344,1.0,0,0
98199,98848,649,0,GE-Phrase,230,97846,98708,862,509,0.784,353,140
98199,98848,649,0,GE-Phrase,231,98708,100412,1704,140,0.216,-509,-1564
98199,98848,649,0,NTB,do aluno,98199,98848,649,649,1.0,0,0
98848,100935,2087,0,GE-Phrase,231,98708,100412,1704,1564,0.749,140,523
98848,100935,2087,0,NTB,da interação que cê tem com aluno,98848,100935,2087,2087,1.0,0,0
137105,138339,1234,0,GE-Phrase,235,136803,138001,1198,896,0.726,302,338
137105,138339,1234,0,GE-Phrase,236,138001,139371,1370,338,0.274,-896,-1032
137105,138339,1234,0,NTB,em inglês obviamente,137105,138339,1234,1234,1.0,0,0
138339,139647,1308,0,GE-Phrase,236,138001,139371,1370,1032,0.789,338,276
138339,139647,1308,0,GE-Phrase,237,139371,143181,3810,276,0.211,-1032,-3534
138339,139647,1308,0,NTB,a gente tinha livro e tudo,138339,139647,1308,1308,1.0,0,0
4370,5588,1218,0,GE-Phrase,201,2608,9088,6480,1218,1.0,1762,-3500
4370,5588,1218,0,NTB,aonde a gente ia,4370,5588,1218,1218,1.0,0,0
5588,7444,1856,0,GE-Phrase,201,2608,9088,6480,1856,1.0,2980,-1644
5588,7444,1856,0,NTB,quando a gente era criança,5588,7444,1856,1856,1.0,0,0
76336,77920,1584,0,GE-Phrase,226,76279,77639,1360,1303,0.823,57,281
76336,77920,1584,0,GE-Phrase,227,77639,79279,1640,281,0.177,-1303,-1359
76336,77920,1584,0,NTB,que era só um corredorzinho,76336,77920,1584,1584,1.0,0,0
77920,79367,1447,0,GE-Phrase,227,77639,79279,1640,1359,0.939,281,88
77920,79367,1447,0,GE-Phrase,228,79279,80954,1675,88,0.061,-1359,-1587
77920,79367,1447,0,NTB,que depois virou,77920,79367,1447,1447,1.0,0,0
79367,79692,325,0,GE-Phrase,228,79279,80954,1675,325,1.0,88,-1262
79367,79692,325,0,NTB,né,79367,79692,325,325,1.0,0,0
79692,81357,1665,0,GE-Phrase,228,79279,80954,1675,1262,0.758,413,403
79692,81357,1665,0,GE-Phrase,229,80954,82638,1684,403,0.242,-1262,-1281
79692,81357,1665,0,NTB,um negócio enorme,79692,81357,1665,1665,1.0,0,0
88201,89296,1095,0,NTB,<cheguei nisso> +,88201,89296,1095,1095,1.0,0,0
93305,94317,1012,0,NTB,achei que eu fosse odiar,93305,94317,1012,1012,1.0,0,0
95089,96173,1084,0,NTB,eu gostei,95089,96173,1084,1084,1.0,0,0
96511,97855,1344,0,GE-Phrase,230,97846,98708,862,9,0.007,-1335,-853
96511,97855,1344,0,NTB,hoje eu vejo que depende &n [/1],96511,97855,1344,1344,1.0,0,0
97855,98199,344,0,GE-Phrase,230,97846,98708,862,344,1.0,9,-509
97855,98199,344,0,NTB,né,97855,98199,344,344,1.0,0,0
98199,98848,649,0,GE-Phrase,230,97846,98708,862,509,0.784,353,140
98199,98848,649,0,GE-Phrase,231,98708,100412,1704,140,0.216,-509,-1564
98199,98848,649,0,NTB,do aluno,98199,98848,649,649,1.0,0,0
98848,100935,2087,0,GE-Phrase,231,98708,100412,1704,1564,0.749,140,523
98848,100935,2087,0,NTB,da interação que cê tem com aluno,98848,100935,2087,2087,1.0,0,0
137105,138339,1234,0,GE-Phrase,235,136803,138001,1198,896,0.726,302,338
137105,138339,1234,0,GE-Phrase,236,138001,139371,1370,338,0.274,-896,-1032
137105,138339,1234,0,NTB,em inglês obviamente,137105,138339,1234,1234,1.0,0,0
138339,139647,1308,0,GE-Phrase,236,138001,139371,1370,1032,0.789,338,276
138339,139647,1308,0,GE-Phrase,237,139371,143181,3810,276,0.211,-1032,-3534
138339,139647,1308,0,NTB,a gente tinha livro e tudo,138339,139647,1308,1308,1.0,0,0
4370,5588,1218,0,GE-Phrase,201,2608,9088,6480,1218,1.0,1762,-3500
4370,5588,1218,0,NTB,aonde a gente ia,4370,5588,1218,1218,1.0,0,0
5588,7444,1856,0,GE-Phrase,201,2608,9088,6480,1856,1.0,2980,-1644
5588,7444,1856,0,NTB,quando a gente era criança,5588,7444,1856,1856,1.0,0,0
76336,77920,1584,0,GE-Phrase,226,76279,77639,1360,1303,0.823,57,281
76336,77920,1584,0,GE-Phrase,227,77639,79279,1640,281,0.177,-1303,-1359
76336,77920,1584,0,NTB,que era só um corredorzinho,76336,77920,1584,1584,1.0,0,0
77920,79367,1447,0,GE-Phrase,227,77639,79279,1640,1359,0.939,281,88
77920,79367,1447,0,GE-Phrase,228,79279,80954,1675,88,0.061,-1359,-1587
77920,79367,1447,0,NTB,que depois virou,77920,79367,1447,1447,1.0,0,0
79367,79692,325,0,GE-Phrase,228,79279,80954,1675,325,1.0,88,-1262
79367,79692,325,0,NTB,né,79367,79692,325,325,1.0,0,0
79692,81357,1665,0,GE-Phrase,228,79279,80954,1675,1262,0.758,413,403
79692,81357,1665,0,GE-Phrase,229,80954,82638,1684,403,0.242,-1262,-1281
79692,81357,1665,0,NTB,um negócio enorme,79692,81357,1665,1665,1.0,0,0
88201,89296,1095,0,NTB,<cheguei nisso> +,88201,89296,1095,1095,1.0,0,0
93305,94317,1012,0,NTB,achei que eu fosse odiar,93305,94317,1012,1012,1.0,0,0
95089,96173,1084,0,NTB,eu gostei,95089,96173,1084,1084,1.0,0,0
96511,97855,1344,0,GE-Phrase,230,97846,98708,862,9,0.007,-1335,-853
96511,97855,1344,0,NTB,hoje eu vejo que depende &n [/1],96511,97855,1344,1344,1.0,0,0
97855,98199,344,0,GE-Phrase,230,97846,98708,862,344,1.0,9,-509
97855,98199,344,0,NTB,né,97855,98199,344,344,1.0,0,0
98199,98848,649,0,GE-Phrase,230,97846,98708,862,509,0.784,353,140
98199,98848,649,0,GE-Phrase,231,98708,100412,1704,140,0.216,-509,-1564
98199,98848,649,0,NTB,do aluno,98199,98848,649,649,1.0,0,0
98848,100935,2087,0,GE-Phrase,231,98708,100412,1704,1564,0.749,140,523
98848,100935,2087,0,NTB,da interação que cê tem com aluno,98848,100935,2087,2087,1.0,0,0
137105,138339,1234,0,GE-Phrase,235,136803,138001,1198,896,0.726,302,338
137105,138339,1234,0,GE-Phrase,236,138001,139371,1370,338,0.274,-896,-1032
137105,138339,1234,0,NTB,em inglês obviamente,137105,138339,1234,1234,1.0,0,0
138339,139647,1308,0,GE-Phrase,236,138001,139371,1370,1032,0.789,338,276
138339,139647,1308,0,GE-Phrase,237,139371,143181,3810,276,0.211,-1032,-3534
138339,139647,1308,0,NTB,a gente tinha livro e tudo,138339,139647,1308,1308,1.0,0,0
4370,5588,1218,0,GE-Phrase,201,2608,9088,6480,1218,1.0,1762,-3500
4370,5588,1218,0,NTB,aonde a gente ia,4370,5588,1218,1218,1.0,0,0
5588,7444,1856,0,GE-Phrase,201,2608,9088,6480,1856,1.0,2980,-1644
5588,7444,1856,0,NTB,quando a gente era criança,5588,7444,1856,1856,1.0,0,0
76336,77920,1584,0,GE-Phrase,226,76279,77639,1360,1303,0.823,57,281
76336,77920,1584,0,GE-Phrase,227,77639,79279,1640,281,0.177,-1303,-1359
76336,77920,1584,0,NTB,que era só um corredorzinho,76336,77920,1584,1584,1.0,0,0
77920,79367,1447,0,GE-Phrase,227,77639,79279,1640,1359,0.939,281,88
77920,79367,1447,0,GE-Phrase,228,79279,80954,1675,88,0.061,-1359,-1587
77920,79367,1447,0,NTB,que depois virou,77920,79367,1447,1447,1.0,0,0
79367,79692,325,0,GE-Phrase,228,79279,80954,1675,325,1.0,88,-1262
79367,79692,325,0,NTB,né,79367,79692,325,325,1.0,0,0
79692,81357,1665,0,GE-Phrase,228,79279,80954,1675,1262,0.758,413,403
79692,81357,1665,0,GE-Phrase,229,80954,82638,1684,403,0.242,-1262,-1281
79692,81357,1665,0,NTB,um negócio enorme,79692,81357,1665,1665,1.0,0,0
88201,89296,1095,0,NTB,<cheguei nisso> +,88201,89296,1095,1095,1.0,0,0
93305,94317,1012,0,NTB,achei que eu fosse odiar,93305,94317,1012,1012,1.0,0,0
95089,96173,1084,0,NTB,eu gostei,95089,96173,1084,1084,1.0,0,0
96511,97855,1344,0,GE-Phrase,230,97846,98708,862,9,0.007,-1335,-853
96511,97855,1344,0,NTB,hoje eu vejo que depende &n [/1],96511,97855,1344,1344,1.0,0,0
97855,98199,344,0,GE-Phrase,230,97846,98708,862,344,1.0,9,-509
97855,98199,344,0,NTB,né,97855,98199,344,344,1.0,0,0
98199,98848,649,0,GE-Phrase,230,97846,98708,862,509,0.784,353,140
98199,98848,649,0,GE-Phrase,231,98708,100412,1704,140,0.216,-509,-1564
98199,98848,649,0,NTB,do aluno,98199,98848,649,649,1.0,0,0
98848,100935,2087,0,GE-Phrase,231,98708,100412,1704,1564,0.749,140,523
98848,100935,2087,0,NTB,da interação que cê tem com aluno,98848,100935,2087,2087,1.0,0,0
137105,138339,1234,0,GE-Phrase,235,136803,138001,1198,896,0.726,302,338
137105,138339,1234,0,GE-Phrase,236,138001,139371,1370,338,0.274,-896,-1032
137105,138339,1234,0,NTB,em inglês obviamente,137105,138339,1234,1234,1.0,0,0
138339,139647,1308,0,GE-Phrase,236,138001,139371,1370,1032,0.789,338,276
138339,139647,1308,0,GE-Phrase,237,139371,143181,3810,276,0.211,-1032,-3534
138339,139647,1308,0,NTB,a gente tinha livro e tudo,138339,139647,1308,1308,1.0,0,0
4370,5588,1218,0,GE-Phrase,201,2608,9088,6480,1218,1.0,1762,-3500
4370,5588,1218,0,NTB,aonde a gente ia,4370,5588,1218,1218,1.0,0,0
5588,7444,1856,0,GE-Phrase,201,2608,9088,6480,1856,1.0,2980,-1644
5588,7444,1856,0,NTB,quando a gente era criança,5588,7444,1856,1856,1.0,0,0
76336,77920,1584,0,GE-Phrase,226,76279,77639,1360,1303,0.823,57,281
76336,77920,1584,0,GE-Phrase,227,77639,79279,1640,281,0.177,-1303,-1359
76336,77920,1584,0,NTB,que era só um corredorzinho,76336,77920,1584,1584,1.0,0,0
77920,79367,1447,0,GE-Phrase,227,77639,79279,1640,1359,0.939,281,88
77920,79367,1447,0,GE-Phrase,228,79279,80954,1675,88,0.061,-1359,-1587
77920,79367,1447,0,NTB,que depois virou,77920,79367,1447,1447,1.0,0,0
79367,79692,325,0,GE-Phrase,228,79279,80954,1675,325,1.0,88,-1262
79367,79692,325,0,NTB,né,79367,79692,325,325,1.0,0,0
79692,81357,1665,0,GE-Phrase,228,79279,80954,1675,1262,0.758,413,403
79692,81357,1665,0,GE-Phrase,229,80954,82638,1684,403,0.242,-1262,-1281
79692,81357,1665,0,NTB,um negócio enorme,79692,81357,1665,1665,1.0,0,0
88201,89296,1095,0,NTB,<cheguei nisso> +,88201,89296,1095,1095,1.0,0,0
93305,94317,1012,0,NTB,achei que eu fosse odiar,93305,94317,1012,1012,1.0,0,0
95089,96173,1084,0,NTB,eu gostei,95089,96173,1084,1084,1.0,0,0
96511,97855,1344,0,GE-Phrase,230,97846,98708,862,9,0.007,-1335,-853
96511,97855,1344,0,NTB,hoje eu vejo que depende &n [/1],96511,97855,1344,1344,1.0,0,0
97855,98199,344,0,GE-Phrase,230,97846,98708,862,344,1.0,9,-509
97855,98199,344,0,NTB,né,97855,98199,344,344,1.0,0,0
98199,98848,649,0,GE-Phrase,230,97846,98708,862,509,0.784,353,140
98199,98848,649,0,GE-Phrase,231,98708,100412,1704,140,0.216,-509,-1564
98199,98848,649,0,NTB,do aluno,98199,98848,649,649,1.0,0,0
98848,100935,2087,0,GE-Phrase,231,98708,100412,1704,1564,0.749,140,523
98848,100935,2087,0,NTB,da interação que cê tem com aluno,98848,100935,2087,2087,1.0,0,0
137105,138339,1234,0,GE-Phrase,235,136803,138001,1198,896,0.726,302,338
137105,138339,1234,0,GE-Phrase,236,138001,139371,1370,338,0.274,-896,-1032
137105,138339,1234,0,NTB,em inglês obviamente,137105,138339,1234,1234,1.0,0,0
138339,139647,1308,0,GE-Phrase,236,138001,139371,1370,1032,0.789,338,276
138339,139647,1308,0,GE-Phrase,237,139371,143181,3810,276,0.211,-1032,-3534
138339,139647,1308,0,NTB,a gente tinha livro e tudo,138339,139647,1308,1308,1.0,0,0
4370,5588,1218,0,GE-Phrase,201,2608,9088,6480,1218,1.0,1762,-3500
4370,5588,1218,0,NTB,aonde a gente ia,4370,5588,1218,1218,1.0,0,0
5588,7444,1856,0,GE-Phrase,201,2608,9088,6480,1856,1.0,2980,-1644
5588,7444,1856,0,NTB,quando a gente era criança,5588,7444,1856,1856,1.0,0,0
76336,77920,1584,0,GE-Phrase,226,76279,77639,1360,1303,0.823,57,281
76336,77920,1584,0,GE-Phrase,227,77639,79279,1640,281,0.177,-1303,-1359
76336,77920,1584,0,NTB,que era só um corredorzinho,76336,77920,1584,1584,1.0,0,0
77920,79367,1447,0,GE-Phrase,227,77639,79279,1640,1359,0.939,281,88
77920,79367,1447,0,GE-Phrase,228,79279,80954,1675,88,0.061,-1359,-1587
77920,79367,1447,0,NTB,que depois virou,77920,79367,1447,1447,1.0,0,0
79367,79692,325,0,GE-Phrase,228,79279,80954,1675,325,1.0,88,-1262
79367,79692,325,0,NTB,né,79367,79692,325,325,1.0,0,0
79692,81357,1665,0,GE-Phrase,228,79279,80954,1675,1262,0.758,413,403
79692,81357,1665,0,GE-Phrase,229,80954,82638,1684,403,0.242,-1262,-1281
79692,81357,1665,0,NTB,um negócio enorme,79692,81357,1665,1665,1.0,0,0
88201,89296,1095,0,NTB,<cheguei nisso> +,88201,89296,1095,1095,1.0,0,0
93305,94317,1012,0,NTB,achei que eu fosse odiar,93305,94317,1012,1012,1.0,0,0
95089,96173,1084,0,NTB,eu gostei,95089,96173,1084,1084,1.0,0,0
96511,97855,1344,0,GE-Phrase,230,97846,98708,862,9,0.007,-1335,-853
96511,97855,1344,0,NTB,hoje eu vejo que depende &n [/1],96511,97855,1344,1344,1.0,0,0
97855,98199,344,0,GE-Phrase,230,97846,98708,862,344,1.0,9,-509
97855,98199,344,0,NTB,né,97855,98199,344,344,1.0,0,0
98199,98848,649,0,GE-Phrase,230,97846,98708,862,509,0.784,353,140
98199,98848,649,0,GE-Phrase,231,98708,100412,1704,140,0.216,-509,-1564
98199,98848,649,0,NTB,do aluno,98199,98848,649,649,1.0,0,0
98848,100935,2087,0,GE-Phrase,231,98708,100412,1704,1564,0.749,140,523
98848,100935,2087,0,NTB,da interação que cê tem com aluno,98848,100935,2087,2087,1.0,0,0
137105,138339,1234,0,GE-Phrase,235,136803,138001,1198,896,0.726,302,338
137105,138339,1234,0,GE-Phrase,236,138001,139371,1370,338,0.274,-896,-1032
137105,138339,1234,0,NTB,em inglês obviamente,137105,138339,1234,1234,1.0,0,0
138339,139647,1308,0,GE-Phrase,236,138001,139371,1370,1032,0.789,338,276
138339,139647,1308,0,GE-Phrase,237,139371,143181,3810,276,0.211,-1032,-3534
138339,139647,1308,0,NTB,a gente tinha livro e tudo,138339,139647,1308,1308,1.0,0,0
4370,5588,1218,0,GE-Phrase,201,2608,9088,6480,1218,1.0,1762,-3500
4370,5588,1218,0,NTB,aonde a gente ia,4370,5588,1218,1218,1.0,0,0
5588,7444,1856,0,GE-Phrase,201,2608,9088,6480,1856,1.0,2980,-1644
5588,7444,1856,0,NTB,quando a gente era criança,5588,7444,1856,1856,1.0,0,0
76336,77920,1584,0,GE-Phrase,226,76279,77639,1360,1303,0.823,57,281
76336,77920,1584,0,GE-Phrase,227,77639,79279,1640,281,0.177,-1303,-1359
76336,77920,1584,0,NTB,que era só um corredorzinho,76336,77920,1584,1584,1.0,0,0
77920,79367,1447,0,GE-Phrase,227,77639,79279,1640,1359,0.939,281,88
77920,79367,1447,0,GE-Phrase,228,79279,80954,1675,88,0.061,-1359,-1587
77920,79367,1447,0,NTB,que depois virou,77920,79367,1447,1447,1.0,0,0
79367,79692,325,0,GE-Phrase,228,79279,80954,1675,325,1.0,88,-1262
79367,79692,325,0,NTB,né,79367,79692,325,325,1.0,0,0
79692,81357,1665,0,GE-Phrase,228,79279,80954,1675,1262,0.758,413,403
79692,81357,1665,0,GE-Phrase,229,80954,82638,1684,403,0.242,-1262,-1281
79692,81357,1665,0,NTB,um negócio enorme,79692,81357,1665,1665,1.0,0,0
88201,89296,1095,0,NTB,<cheguei nisso> +,88201,89296,1095,1095,1.0,0,0
93305,94317,1012,0,NTB,achei que eu fosse odiar,93305,94317,1012,1012,1.0,0,0
95089,96173,1084,0,NTB,eu gostei,95089,96173,1084,1084,1.0,0,0
96511,97855,1344,0,GE-Phrase,230,97846,98708,862,9,0.007,-1335,-853
96511,97855,1344,0,NTB,hoje eu vejo que depende &n [/1],96511,97855,1344,1344,1.0,0,0
97855,98199,344,0,GE-Phrase,230,97846,98708,862,344,1.0,9,-509
97855,98199,344,0,NTB,né,97855,98199,344,344,1.0,0,0
98199,98848,649,0,GE-Phrase,230,97846,98708,862,509,0.784,353,140
98199,98848,649,0,GE-Phrase,231,98708,100412,1704,140,0.216,-509,-1564
98199,98848,649,0,NTB,do aluno,98199,98848,649,649,1.0,0,0
98848,100935,2087,0,GE-Phrase,231,98708,100412,1704,1564,0.749,140,523
98848,100935,2087,0,NTB,da interação que cê tem com aluno,98848,100935,2087,2087,1.0,0,0
137105,138339,1234,0,GE-Phrase,235,136803,138001,1198,896,0.726,302,338
137105,138339,1234,0,GE-Phrase,236,138001,139371,1370,338,0.274,-896,-1032
137105,138339,1234,0,NTB,em inglês obviamente,137105,138339,1234,1234,1.0,0,0
138339,139647,1308,0,GE-Phrase,236,138001,139371,1370,1032,0.789,338,276
138339,139647,1308,0,GE-Phrase,237,139371,143181,3810,276,0.211,-1032,-3534
138339,139647,1308,0,NTB,a gente tinha livro e tudo,138339,139647,1308,1308,1.0,0,0
4370,5588,1218,0,GE-Phrase,201,2608,9088,6480,1218,1.0,1762,-3500
4370,5588,1218,0,NTB,aonde a gente ia,4370,5588,1218,1218,1.0,0,0
5588,7444,1856,0,GE-Phrase,201,2608,9088,6480,1856,1.0,2980,-1644
5588,7444,1856,0,NTB,quando a gente era criança,5588,7444,1856,1856,1.0,0,0
76336,77920,1584,0,GE-Phrase,226,76279,77639,1360,1303,0.823,57,281
76336,77920,1584,0,GE-Phrase,227,77639,79279,1640,281,0.177,-1303,-1359
76336,77920,1584,0,NTB,que era só um corredorzinho,76336,77920,1584,1584,1.0,0,0
77920,79367,1447,0,GE-Phrase,227,77639,79279,1640,1359,0.939,281,88
77920,79367,1447,0,GE-Phrase,228,79279,80954,1675,88,0.061,-1359,-1587
77920,79367,1447,0,NTB,que depois virou,77920,79367,1447,1447,1.0,0,0
79367,79692,325,0,GE-Phrase,228,79279,80954,1675,325,1.0,88,-1262
79367,79692,325,0,NTB,né,79367,79692,325,325,1.0,0,0
79692,81357,1665,0,GE-Phrase,228,79279,80954,1675,1262,0.758,413,403
79692,81357,1665,0,GE-Phrase,229,80954,82638,1684,403,0.242,-1262,-1281
79692,81357,1665,0,NTB,um negócio enorme,79692,81357,1665,1665,1.0,0,0
88201,89296,1095,0,NTB,<cheguei nisso> +,88201,89296,1095,1095,1.0,0,0
93305,94317,1012,0,NTB,achei que eu fosse odiar,93305,94317,1012,1012,1.0,0,0
95089,96173,1084,0,NTB,eu gostei,95089,96173,1084,1084,1.0,0,0
96511,97855,1344,0,GE-Phrase,230,97846,98708,862,9,0.007,-1335,-853
96511,97855,1344,0,NTB,hoje eu vejo que depende &n [/1],96511,97855,1344,1344,1.0,0,0
97855,98199,344,0,GE-Phrase,230,97846,98708,862,344,1.0,9,-509
97855,98199,344,0,NTB,né,97855,98199,344,344,1.0,0,0
98199,98848,649,0,GE-Phrase,230,97846,98708,862,509,0.784,353,140
98199,98848,649,0,GE-Phrase,231,98708,100412,1704,140,0.216,-509,-1564
98199,98848,649,0,NTB,do aluno,98199,98848,649,649,1.0,0,0
98848,100935,2087,0,GE-Phrase,231,98708,100412,1704,1564,0.749,140,523
98848,100935,2087,0,NTB,da interação que cê tem com aluno,98848,100935,2087,2087,1.0,0,0
137105,138339,1234,0,GE-Phrase,235,136803,138001,1198,896,0.726,302,338
137105,138339,1234,0,GE-Phrase,236,138001,139371,1370,338,0.274,-896,-1032
137105,138339,1234,0,NTB,em inglês obviamente,137105,138339,1234,1234,1.0,0,0
138339,139647,1308,0,GE-Phrase,236,138001,139371,1370,1032,0.789,338,276
138339,139647,1308,0,GE-Phrase,237,139371,143181,3810,276,0.211,-1032,-3534
138339,139647,1308,0,NTB,a gente tinha livro e tudo,138339,139647,1308,1308,1.0,0,0
4370,5588,1218,0,GE-Phrase,201,2608,9088,6480,1218,1.0,1762,-3500
4370,5588,1218,0,NTB,aonde a gente ia,4370,5588,1218,1218,1.0,0,0
5588,7444,1856,0,GE-Phrase,201,2608,9088,6480,1856,1.0,2980,-1644
5588,7444,1856,0,NTB,quando a gente era criança,5588,7444,1856,1856,1.0,0,0
76336,77920,1584,0,GE-Phrase,226,76279,77639,1360,1303,0.823,57,281
76336,77920,1584,0,GE-Phrase,227,77639,79279,1640,281,0.177,-1303,-1359
76336,77920,1584,0,NTB,que era só um corredorzinho,76336,77920,1584,1584,1.0,0,0
77920,79367,1447,0,GE-Phrase,227,77639,79279,1640,1359,0.939,281,88
77920,79367,1447,0,GE-Phrase,228,79279,80954,1675,88,0.061,-1359,-1587
77920,79367,1447,0,NTB,que depois virou,77920,79367,1447,1447,1.0,0,0
79367,79692,325,0,GE-Phrase,228,79279,80954,1675,325,1.0,88,-1262
79367,79692,325,0,NTB,né,79367,79692,325,325,1.0,0,0
79692,81357,1665,0,GE-Phrase,228,79279,80954,1675,1262,0.758,413,403
79692,81357,1665,0,GE-Phrase,229,80954,82638,1684,403,0.242,-1262,-1281
79692,81357,1665,0,NTB,um negócio enorme,79692,81357,1665,1665,1.0,0,0
88201,89296,1095,0,NTB,<cheguei nisso> +,88201,89296,1095,1095,1.0,0,0
93305,94317,1012,0,NTB,achei que eu fosse odiar,93305,94317,1012,1012,1.0,0,0
95089,96173,1084,0,NTB,eu gostei,95089,96173,1084,1084,1.0,0,0
96511,97855,1344,0,GE-Phrase,230,97846,98708,862,9,0.007,-1335,-853
96511,97855,1344,0,NTB,hoje eu vejo que depende &n [/1],96511,97855,1344,1344,1.0,0,0
97855,98199,344,0,GE-Phrase,230,97846,98708,862,344,1.0,9,-509
97855,98199,344,0,NTB,né,97855,98199,344,344,1.0,0,0
98199,98848,649,0,GE-Phrase,230,97846,98708,862,509,0.784,353,140
98199,98848,649,0,GE-Phrase,231,98708,100412,1704,140,0.216,-509,-1564
98199,98848,649,0,NTB,do aluno,98199,98848,649,649,1.0,0,0
98848,100935,2087,0,GE-Phrase,231,98708,100412,1704,1564,0.749,140,523
98848,100935,2087,0,NTB,da interação que cê tem com aluno,98848,100935,2087,2087,1.0,0,0
137105,138339,1234,0,GE-Phrase,235,136803,138001,1198,896,0.726,302,338
137105,138339,1234,0,GE-Phrase,236,138001,139371,1370,338,0.274,-896,-1032
137105,138339,1234,0,NTB,em inglês obviamente,137105,138339,1234,1234,1.0,0,0
138339,139647,1308,0,GE-Phrase,236,138001,139371,1370,1032,0.789,338,276
138339,139647,1308,0,GE-Phrase,237,139371,143181,3810,276,0.211,-1032,-3534
138339,139647,1308,0,NTB,a gente tinha livro e tudo,138339,139647,1308,1308,1.0,0,0
4370,5588,1218,0,GE-Phrase,201,2608,9088,6480,1218,1.0,1762,-3500
4370,5588,1218,0,NTB,aonde a gente ia,4370,5588,1218,1218,1.0,0,0
5588,7444,1856,0,GE-Phrase,201,2608,9088,6480,1856,1.0,2980,-1644
5588,7444,1856,0,NTB,quando a gente era criança,5588,7444,1856,1856,1.0,0,0
76336,77920,1584,0,GE-Phrase,226,76279,77639,1360,1303,0.823,57,281
76336,77920,1584,0,GE-Phrase,227,77639,79279,1640,281,0.177,-1303,-1359
76336,77920,1584,0,NTB,que era só um corredorzinho,76336,77920,1584,1584,1.0,0,0
77920,79367,1447,0,GE-Phrase,227,77639,79279,1640,1359,0.939,281,88
77920,79367,1447,0,GE-Phrase,228,79279,80954,1675,88,0.061,-1359,-1587
77920,79367,1447,0,NTB,que depois virou,77920,79367,1447,1447,1.0,0,0
79367,79692,325,0,GE-Phrase,228,79279,80954,1675,325,1.0,88,-1262
79367,79692,325,0,NTB,né,79367,79692,325,325,1.0,0,0
79692,81357,1665,0,GE-Phrase,228,79279,80954,1675,1262,0.758,413,403
79692,81357,1665,0,GE-Phrase,229,80954,82638,1684,403,0.242,-1262,-1281
79692,81357,1665,0,NTB,um negócio enorme,79692,81357,1665,1665,1.0,0,0
88201,89296,1095,0,NTB,<cheguei nisso> +,88201,89296,1095,1095,1.0,0,0
93305,94317,1012,0,NTB,achei que eu fosse odiar,93305,94317,1012,1012,1.0,0,0
95089,96173,1084,0,NTB,eu gostei,95089,96173,1084,1084,1.0,0,0
96511,97855,1344,0,GE-Phrase,230,97846,98708,862,9,0.007,-1335,-853
96511,97855,1344,0,NTB,hoje eu vejo que depende &n [/1],96511,97855,1344,1344,1.0,0,0
97855,98199,344,0,GE-Phrase,230,97846,98708,862,344,1.0,9,-509
97855,98199,344,0,NTB,né,97855,98199,344,344,1.0,0,0
98199,98848,649,0,GE-Phrase,230,97846,98708,862,509,0.784,353,140
98199,98848,649,0,GE-Phrase,231,98708,100412,1704,140,0.216,-509,-1564
98199,98848,649,0,NTB,do aluno,98199,98848,649,649,1.0,0,0
98848,100935,2087,0,GE-Phrase,231,98708,100412,1704,1564,0.749,140,523
98848,100935,2087,0,NTB,da interação que cê tem com aluno,98848,100935,2087,2087,1.0,0,0
137105,138339,1234,0,GE-Phrase,235,136803,138001,1198,896,0.726,302,338
137105,138339,1234,0,GE-Phrase,236,138001,139371,1370,338,0.274,-896,-1032
137105,138339,1234,0,NTB,em inglês obviamente,137105,138339,1234,1234,1.0,0,0
138339,139647,1308,0,GE-Phrase,236,138001,139371,1370,1032,0.789,338,276
138339,139647,1308,0,GE-Phrase,237,139371,143181,3810,276,0.211,-1032,-3534
138339,139647,1308,0,NTB,a gente tinha livro e tudo,138339,139647,1308,1308,1.0,0,0
4370,5588,1218,0,GE-Phrase,201,2608,9088,6480,1218,1.0,1762,-3500
4370,5588,1218,0,NTB,aonde a gente ia,4370,5588,1218,1218,1.0,0,0
5588,7444,1856,0,GE-Phrase,201,2608,9088,6480,1856,1.0,2980,-1644
5588,7444,1856,0,NTB,quando a gente era criança,5588,7444,1856,1856,1.0,0,0
76336,77920,1584,0,GE-Phrase,226,76279,77639,1360,1303,0.823,57,281
76336,77920,1584,0,GE-Phrase,227,77639,79279,1640,281,0.177,-1303,-1359
76336,77920,1584,0,NTB,que era só um corredorzinho,76336,77920,1584,1584,1.0,0,0
77920,79367,1447,0,GE-Phrase,227,77639,79279,1640,1359,0.939,281,88
77920,79367,1447,0,GE-Phrase,228,79279,80954,1675,88,0.061,-1359,-1587
77920,79367,1447,0,NTB,que depois virou,77920,79367,1447,1447,1.0,0,0
79367,79692,325,0,GE-Phrase,228,79279,80954,1675,325,1.0,88,-1262
79367,79692,325,0,NTB,né,79367,79692,325,325,1.0,0,0
79692,81357,1665,0,GE-Phrase,228,79279,80954,1675,1262,0.758,413,403
79692,81357,1665,0,GE-Phrase,229,80954,82638,1684,403,0.242,-1262,-1281
79692,81357,1665,0,NTB,um negócio enorme,79692,81357,1665,1665,1.0,0,0
88201,89296,1095,0,NTB,<cheguei nisso> +,88201,89296,1095,1095,1.0,0,0
93305,94317,1012,0,NTB,achei que eu fosse odiar,93305,94317,1012,1012,1.0,0,0
95089,96173,1084,0,NTB,eu gostei,95089,96173,1084,1084,1.0,0,0
96511,97855,1344,0,GE-Phrase,230,97846,98708,862,9,0.007,-1335,-853
96511,97855,1344,0,NTB,hoje eu vejo que depende &n [/1],96511,97855,1344,1344,1.0,0,0
97855,98199,344,0,GE-Phrase,230,97846,98708,862,344,1.0,9,-509
97855,98199,344,0,NTB,né,97855,98199,344,344,1.0,0,0
98199,98848,649,0,GE-Phrase,230,97846,98708,862,509,0.784,353,140
98199,98848,649,0,GE-Phrase,231,98708,100412,1704,140,0.216,-509,-1564
98199,98848,649,0,NTB,do aluno,98199,98848,649,649,1.0,0,0
98848,100935,2087,0,GE-Phrase,231,98708,100412,1704,1564,0.749,140,523
98848,100935,2087,0,NTB,da interação que cê tem com aluno,98848,100935,2087,2087,1.0,0,0
137105,138339,1234,0,GE-Phrase,235,136803,138001,1198,896,0.726,302,338
137105,138339,1234,0,GE-Phrase,236,138001,139371,1370,338,0.274,-896,-1032
137105,138339,1234,0,NTB,em inglês obviamente,137105,138339,1234,1234,1.0,0,0
138339,139647,1308,0,GE-Phrase,236,138001,139371,1370,1032,0.789,338,276
138339,139647,1308,0,GE-Phrase,237,139371,143181,3810,276,0.211,-1032,-3534
138339,139647,1308,0,NTB,a gente tinha livro e tudo,138339,139647,1308,1308,1.0,0,0
4370,5588,1218,0,GE-Phrase,201,2608,9088,6480,1218,1.0,1762,-3500
4370,5588,1218,0,NTB,aonde a gente ia,4370,5588,1218,1218,1.0,0,0
5588,7444,1856,0,GE-Phrase,201,2608,9088,6480,1856,1.0,2980,-1644
5588,7444,1856,0,NTB,quando a gente era criança,5588,7444,1856,1856,1.0,0,0
76336,77920,1584,0,GE-Phrase,226,76279,77639,1360,1303,0.823,57,281
76336,77920,1584,0,GE-Phrase,227,77639,79279,1640,281,0.177,-1303,-1359
76336,77920,1584,0,NTB,que era só um corredorzinho,76336,77920,1584,1584,1.0,0,0
77920,79367,1447,0,GE-Phrase,227,77639,79279,1640,1359,0.939,281,88
77920,79367,1447,0,GE-Phrase,228,79279,80954,1675,88,0.061,-1359,-1587
77920,79367,1447,0,NTB,que depois virou,77920,79367,1447,1447,1.0,0,0
79367,79692,325,0,GE-Phrase,228,79279,80954,1675,325,1.0,88,-1262
79367,79692,325,0,NTB,né,79367,79692,325,325,1.0,0,0
79692,81357,1665,0,GE-Phrase,228,79279,80954,1675,1262,0.758,413,403
79692,81357,1665,0,GE-Phrase,229,80954,82638,1684,403,0.242,-1262,-1281
79692,81357,1665,0,NTB,um negócio enorme,79692,81357,1665,1665,1.0,0,0
88201,89296,1095,0,NTB,<cheguei nisso> +,88201,89296,1095,1095,1.0,0,0
93305,94317,1012,0,NTB,achei que eu fosse odiar,93305,94317,1012,1012,1.0,0,0
95089,96173,1084,0,NTB,eu gostei,95089,96173,1084,1084,1.0,0,0
96511,97855,1344,0,GE-Phrase,230,97846,98708,862,9,0.007,-1335,-853
96511,97855,1344,0,NTB,hoje eu vejo que depende &n [/1],96511,97855,1344,1344,1.0,0,0
97855,98199,344,0,GE-Phrase,230,97846,98708,862,344,1.0,9,-509
97855,98199,344,0,NTB,né,97855,98199,344,344,1.0,0,0
98199,98848,649,0,GE-Phrase,230,97846,98708,862,509,0.784,353,140
98199,98848,649,0,GE-Phrase,231,98708,100412,1704,140,0.216,-509,-1564
98199,98848,649,0,NTB,do aluno,98199,98848,649,649,1.0,0,0
98848,100935,2087,0,GE-Phrase,231,98708,100412,1704,1564,0.749,140,523
98848,100935,2087,0,NTB,da interação que cê tem com aluno,98848,100935,2087,2087,1.0,0,0
137105,138339,1234,0,GE-Phrase,235,136803,138001,1198,896,0.726,302,338
137105,138339,1234,0,GE-Phrase,236,138001,139371,1370,338,0.274,-896,-1032
137105,138339,1234,0,NTB,em inglês obviamente,137105,138339,1234,1234,1.0,0,0
138339,139647,1308,0,GE-Phrase,236,138001,139371,1370,1032,0.789,338,276
138339,139647,1308,0,GE-Phrase,237,139371,143181,3810,276,0.211,-1032,-3534
138339,139647,1308,0,NTB,a gente tinha livro e tudo,138339,139647,1308,1308,1.0,0,0
4370,5588,1218,0,GE-Phrase,201,2608,9088,6480,1218,1.0,1762,-3500
4370,5588,1218,0,NTB,aonde a gente ia,4370,5588,1218,1218,1.0,0,0
5588,7444,1856,0,GE-Phrase,201,2608,9088,6480,1856,1.0,2980,-1644
5588,7444,1856,0,NTB,quando a gente era criança,5588,7444,1856,1856,1.0,0,0
76336,77920,1584,0,GE-Phrase,226,76279,77639,1360,1303,0.823,57,281
76336,77920,1584,0,GE-Phrase,227,77639,79279,1640,281,0.177,-1303,-1359
76336,77920,1584,0,NTB,que era só um corredorzinho,76336,77920,1584,1584,1.0,0,0
77920,79367,1447,0,GE-Phrase,227,77639,79279,1640,1359,0.939,281,88
77920,79367,1447,0,GE-Phrase,228,79279,80954,1675,88,0.061,-1359,-1587
77920,79367,1447,0,NTB,que depois virou,77920,79367,1447,1447,1.0,0,0
79367,79692,325,0,GE-Phrase,228,79279,80954,1675,325,1.0,88,-1262
79367,79692,325,0,NTB,né,79367,79692,325,325,1.0,0,0
79692,81357,1665,0,GE-Phrase,228,79279,80954,1675,1262,0.758,413,403
79692,81357,1665,0,GE-Phrase,229,80954,82638,1684,403,0.242,-1262,-1281
79692,81357,1665,0,NTB,um negócio enorme,79692,81357,1665,1665,1.0,0,0
88201,89296,1095,0,NTB,<cheguei nisso> +,88201,89296,1095,1095,1.0,0,0
93305,94317,1012,0,NTB,achei que eu fosse odiar,93305,94317,1012,1012,1.0,0,0
95089,96173,1084,0,NTB,eu gostei,95089,96173,1084,1084,1.0,0,0
96511,97855,1344,0,GE-Phrase,230,97846,98708,862,9,0.007,-1335,-853
96511,97855,1344,0,NTB,hoje eu vejo que depende &n [/1],96511,97855,1344,1344,1.0,0,0
97855,98199,344,0,GE-Phrase,230,97846,98708,862,344,1.0,9,-509
97855,98199,344,0,NTB,né,97855,98199,344,344,1.0,0,0
98199,98848,649,0,GE-Phrase,230,97846,98708,862,509,0.784,353,140
98199,98848,649,0,GE-Phrase,231,98708,100412,1704,140,0.216,-509,-1564
98199,98848,649,0,NTB,do aluno,98199,98848,649,649,1.0,0,0
98848,100935,2087,0,GE-Phrase,231,98708,100412,1704,1564,0.749,140,523
98848,100935,2087,0,NTB,da interação que cê tem com aluno,98848,100935,2087,2087,1.0,0,0
137105,138339,1234,0,GE-Phrase,235,136803,138001,1198,896,0.726,302,338
137105,138339,1234,0,GE-Phrase,236,138001,139371,1370,338,0.274,-896,-1032
137105,138339,1234,0,NTB,em inglês obviamente,137105,138339,1234,1234,1.0,0,0
138339,139647,1308,0,GE-Phrase,236,138001,139371,1370,1032,0.789,338,276
138339,139647,1308,0,GE-Phrase,237,139371,143181,3810,276,0.211,-1032,-3534
138339,139647,1308,0,NTB,a gente tinha livro e tudo,138339,139647,1308,1308,1.0,0,0
4370,5588,1218,0,GE-Phrase,201,2608,9088,6480,1218,1.0,1762,-3500
4370,5588,1218,0,NTB,aonde a gente ia,4370,5588,1218,1218,1.0,0,0
5588,7444,1856,0,GE-Phrase,201,2608,9088,6480,1856,1.0,2980,-1644
5588,7444,1856,0,NTB,quando a gente era criança,5588,7444,1856,1856,1.0,0,0
76336,77920,1584,0,GE-Phrase,226,76279,77639,1360,1303,0.823,57,281
76336,77920,1584,0,GE-Phrase,227,77639,79279,1640,281,0.177,-1303,-1359
76336,77920,1584,0,NTB,que era só um corredorzinho,76336,77920,1584,1584,1.0,0,0
77920,79367,1447,0,GE-Phrase,227,77639,79279,1640,1359,0.939,281,88
77920,79367,1447,0,GE-Phrase,228,79279,80954,1675,88,0.061,-1359,-1587
77920,79367,1447,0,NTB,que depois virou,77920,79367,1447,1447,1.0,0,0
79367,79692,325,0,GE-Phrase,228,79279,80954,1675,325,1.0,88,-1262
79367,79692,325,0,NTB,né,79367,79692,325,325,1.0,0,0
79692,81357,1665,0,GE-Phrase,228,79279,80954,1675,1262,0.758,413,403
79692,81357,1665,0,GE-Phrase,229,80954,82638,1684,403,0.242,-1262,-1281
79692,81357,1665,0,NTB,um negócio enorme,79692,81357,1665,1665,1.0,0,0
88201,89296,1095,0,NTB,<cheguei nisso> +,88201,89296,1095,1095,1.0,0,0
93305,94317,1012,0,NTB,achei que eu fosse odiar,93305,94317,1012,1012,1.0,0,0
95089,96173,1084,0,NTB,eu gostei,95089,96173,1084,1084,1.0,0,0
96511,97855,1344,0,GE-Phrase,230,97846,98708,862,9,0.007,-1335,-853
96511,97855,1344,0,NTB,hoje eu vejo que depende &n [/1],96511,97855,1344,1344,1.0,0,0
97855,98199,344,0,GE-Phrase,230,97846,98708,862,344,1.0,9,-509
97855,98199,344,0,NTB,né,97855,98199,344,344,1.0,0,0
98199,98848,649,0,GE-Phrase,230,97846,98708,862,509,0.784,353,140
98199,98848,649,0,GE-Phrase,231,98708,100412,1704,140,0.216,-509,-1564
98199,98848,649,0,NTB,do aluno,98199,98848,649,649,1.0,0,0
98848,100935,2087,0,GE-Phrase,231,98708,100412,1704,1564,0.749,140,523
98848,100935,2087,0,NTB,da interação que cê tem com aluno,98848,100935,2087,2087,1.0,0,0
137105,138339,1234,0,GE-Phrase,235,136803,138001,1198,896,0.726,302,338
137105,138339,1234,0,GE-Phrase,236,138001,139371,1370,338,0.274,-896,-1032
137105,138339,1234,0,NTB,em inglês obviamente,137105,138339,1234,1234,1.0,0,0
138339,139647,1308,0,GE-Phrase,236,138001,139371,1370,1032,0.789,338,276
138339,139647,1308,0,GE-Phrase,237,139371,143181,3810,276,0.211,-1032,-3534
138339,139647,1308,0,NTB,a gente tinha livro e tudo,138339,139647,1308,1308,1.0,0,0
4370,5588,1218,0,GE-Phrase,201,2608,9088,6480,1218,1.0,1762,-3500
4370,5588,1218,0,NTB,aonde a gente ia,4370,5588,1218,1218,1.0,0,0
5588,7444,1856,0,GE-Phrase,201,2608,9088,6480,1856,1.0,2980,-1644
5588,7444,1856,0,NTB,quando a gente era criança,5588,7444,1856,1856,1.0,0,0
76336,77920,1584,0,GE-Phrase,226,76279,77639,1360,1303,0.823,57,281
76336,77920,1584,0,GE-Phrase,227,77639,79279,1640,281,0.177,-1303,-1359
76336,77920,1584,0,NTB,que era só um corredorzinho,76336,77920,1584,1584,1.0,0,0
77920,79367,1447,0,GE-Phrase,227,77639,79279,1640,1359,0.939,281,88
77920,79367,1447,0,GE-Phrase,228,79279,80954,1675,88,0.061,-1359,-1587
77920,79367,1447,0,NTB,que depois virou,77920,79367,1447,1447,1.0,0,0
79367,79692,325,0,GE-Phrase,228,79279,80954,1675,325,1.0,88,-1262
79367,79692,325,0,NTB,né,79367,79692,325,325,1.0,0,0
79692,81357,1665,0,GE-Phrase,228,79279,80954,1675,1262,0.758,413,403
79692,81357,1665,0,GE-Phrase,229,80954,82638,1684,403,0.242,-1262,-1281
79692,81357,1665,0,NTB,um negócio enorme,79692,81357,1665,1665,1.0,0,0
88201,89296,1095,0,NTB,<cheguei nisso> +,88201,89296,1095,1095,1.0,0,0
93305,94317,1012,0,NTB,achei que eu fosse odiar,93305,94317,1012,1012,1.0,0,0
95089,96173,1084,0,NTB,eu gostei,95089,96173,1084,1084,1.0,0,0
96511,97855,1344,0,GE-Phrase,230,97846,98708,862,9,0.007,-1335,-853
96511,97855,1344,0,NTB,hoje eu vejo que depende &n [/1],96511,97855,1344,1344,1.0,0,0
97855,98199,344,0,GE-Phrase,230,97846,98708,862,344,1.0,9,-509
97855,98199,344,0,NTB,né,97855,98199,344,344,1.0,0,0
98199,98848,649,0,GE-Phrase,230,97846,98708,862,509,0.784,353,140
98199,98848,649,0,GE-Phrase,231,98708,100412,1704,140,0.216,-509,-1564
98199,98848,649,0,NTB,do aluno,98199,98848,649,649,1.0,0,0
98848,100935,2087,0,GE-Phrase,231,98708,100412,1704,1564,0.749,140,523
98848,100935,2087,0,NTB,da interação que cê tem com aluno,98848,100935,2087,2087,1.0,0,0
137105,138339,1234,0,GE-Phrase,235,136803,138001,1198,896,0.726,302,338
137105,138339,1234,0,GE-Phrase,236,138001,139371,1370,338,0.274,-896,-1032
137105,138339,1234,0,NTB,em inglês obviamente,137105,138339,1234,1234,1.0,0,0
138339,139647,1308,0,GE-Phrase,236,138001,139371,1370,1032,0.789,338,276
138339,139647,1308,0,GE-Phrase,237,139371,143181,3810,276,0.211,-1032,-3534
138339,139647,1308,0,NTB,a gente tinha livro e tudo,138339,139647,1308,1308,1.0,0,0
4370,5588,1218,0,GE-Phrase,201,2608,9088,6480,1218,1.0,1762,-3500
4370,5588,1218,0,NTB,aonde a gente ia,4370,5588,1218,1218,1.0,0,0
5588,7444,1856,0,GE-Phrase,201,2608,9088,6480,1856,1.0,2980,-1644
5588,7444,1856,0,NTB,quando a gente era criança,5588,7444,1856,1856,1.0,0,0
76336,77920,1584,0,GE-Phrase,226,76279,77639,1360,1303,0.823,57,281
76336,77920,1584,0,GE-Phrase,227,77639,79279,1640,281,0.177,-1303,-1359
76336,77920,1584,0,NTB,que era só um corredorzinho,76336,77920,1584,1584,1.0,0,0
77920,79367,1447,0,GE-Phrase,227,77639,79279,1640,1359,0.939,281,88
77920,79367,1447,0,GE-Phrase,228,79279,80954,1675,88,0.061,-1359,-1587
77920,79367,1447,0,NTB,que depois virou,77920,79367,1447,1447,1.0,0,0
79367,79692,325,0,GE-Phrase,228,79279,80954,1675,325,1.0,88,-1262
79367,79692,325,0,NTB,né,79367,79692,325,325,1.0,0,0
79692,81357,1665,0,GE-Phrase,228,79279,80954,1675,1262,0.758,413,403
79692,81357,1665,0,GE-Phrase,229,80954,82638,1684,403,0.242,-1262,-1281
79692,81357,1665,0,NTB,um negócio enorme,79692,81357,1665,1665,1.0,0,0
88201,89296,1095,0,NTB,<cheguei nisso> +,88201,89296,1095,1095,1.0,0,0
93305,94317,1012,0,NTB,achei que eu fosse odiar,93305,94317,1012,1012,1.0,0,0
95089,96173,1084,0,NTB,eu gostei,95089,96173,1084,1084,1.0,0,0
96511,97855,1344,0,GE-Phrase,230,97846,98708,862,9,0.007,-1335,-853
96511,97855,1344,0,NTB,hoje eu vejo que depende &n [/1],96511,97855,1344,1344,1.0,0,0
97855,98199,344,0,GE-Phrase,230,97846,98708,862,344,1.0,9,-509
97855,98199,344,0,NTB,né,97855,98199,344,344,1.0,0,0
98199,98848,649,0,GE-Phrase,230,97846,98708,862,509,0.784,353,140
98199,98848,649,0,GE-Phrase,231,98708,100412,1704,140,0.216,-509,-1564
98199,98848,649,0,NTB,do aluno,98199,98848,649,649,1.0,0,0
98848,100935,2087,0,GE-Phrase,231,98708,100412,1704,1564,0.749,140,523
98848,100935,2087,0,NTB,da interação que cê tem com aluno,98848,100935,2087,2087,1.0,0,0
137105,138339,1234,0,GE-Phrase,235,136803,138001,1198,896,0.726,302,338
137105,138339,1234,0,GE-Phrase,236,138001,139371,1370,338,0.274,-896,-1032
137105,138339,1234,0,NTB,em inglês obviamente,137105,138339,1234,1234,1.0,0,0
138339,139647,1308,0,GE-Phrase,236,138001,139371,1370,1032,0.789,338,276
138339,139647,1308,0,GE-Phrase,237,139371,143181,3810,276,0.211,-1032,-3534
138339,139647,1308,0,NTB,a gente tinha livro e tudo,138339,139647,1308,1308,1.0,0,0
4370,5588,1218,0,GE-Phrase,201,2608,9088,6480,1218,1.0,1762,-3500
4370,5588,1218,0,NTB,aonde a gente ia,4370,5588,1218,1218,1.0,0,0
5588,7444,1856,0,GE-Phrase,201,2608,9088,6480,1856,1.0,2980,-1644
5588,7444,1856,0,NTB,quando a gente era criança,5588,7444,1856,1856,1.0,0,0
76336,77920,1584,0,GE-Phrase,226,76279,77639,1360,1303,0.823,57,281
76336,77920,1584,0,GE-Phrase,227,77639,79279,1640,281,0.177,-1303,-1359
76336,77920,1584,0,NTB,que era só um corredorzinho,76336,77920,1584,1584,1.0,0,0
77920,79367,1447,0,GE-Phrase,227,77639,79279,1640,1359,0.939,281,88
77920,79367,1447,0,GE-Phrase,228,79279,80954,1675,88,0.061,-1359,-1587
77920,79367,1447,0,NTB,que depois virou,77920,79367,1447,1447,1.0,0,0
79367,79692,325,0,GE-Phrase,228,79279,80954,1675,325,1.0,88,-1262
79367,79692,325,0,NTB,né,79367,79692,325,325,1.0,0,0
79692,81357,1665,0,GE-Phrase,228,79279,80954,1675,1262,0.758,413,403
79692,81357,1665,0,GE-Phrase,229,80954,82638,1684,403,0.242,-1262,-1281
79692,81357,1665,0,NTB,um negócio enorme,79692,81357,1665,1665,1.0,0,0
88201,89296,1095,0,NTB,<cheguei nisso> +,88201,89296,1095,1095,1.0,0,0
93305,94317,1012,0,NTB,achei que eu fosse odiar,93305,94317,1012,1012,1.0,0,0
95089,96173,1084,0,NTB,eu gostei,95089,96173,1084,1084,1.0,0,0
96511,97855,1344,0,GE-Phrase,230,97846,98708,862,9,0.007,-1335,-853
96511,97855,1344,0,NTB,hoje eu vejo que depende &n [/1],96511,97855,1344,1344,1.0,0,0
97855,98199,344,0,GE-Phrase,230,97846,98708,862,344,1.0,9,-509
97855,98199,344,0,NTB,né,97855,98199,344,344,1.0,0,0
98199,98848,649,0,GE-Phrase,230,97846,98708,862,509,0.784,353,140
98199,98848,649,0,GE-Phrase,231,98708,100412,1704,140,0.216,-509,-1564
98199,98848,649,0,NTB,do aluno,98199,98848,649,649,1.0,0,0
98848,100935,2087,0,GE-Phrase,231,98708,100412,1704,1564,0.749,140,523
98848,100935,2087,0,NTB,da interação que cê tem com aluno,98848,100935,2087,2087,1.0,0,0
137105,138339,1234,0,GE-Phrase,235,136803,138001,1198,896,0.726,302,338
137105,138339,1234,0,GE-Phrase,236,138001,139371,1370,338,0.274,-896,-1032
137105,138339,1234,0,NTB,em inglês obviamente,137105,138339,1234,1234,1.0,0,0
138339,139647,1308,0,GE-Phrase,236,138001,139371,1370,1032,0.789,338,276
138339,139647,1308,0,GE-Phrase,237,139371,143181,3810,276,0.211,-1032,-3534
138339,139647,1308,0,NTB,a gente tinha livro e tudo,138339,139647,1308,1308,1.0,0,0
4370,5588,1218,0,GE-Phrase,201,2608,9088,6480,1218,1.0,1762,-3500
4370,5588,1218,0,NTB,aonde a gente ia,4370,5588,1218,1218,1.0,0,0
5588,7444,1856,0,GE-Phrase,201,2608,9088,6480,1856,1.0,2980,-1644
5588,7444,1856,0,NTB,quando a gente era criança,5588,7444,1856,1856,1.0,0,0
76336,77920,1584,0,GE-Phrase,226,76279,77639,1360,1303,0.823,57,281
76336,77920,1584,0,GE-Phrase,227,77639,79279,1640,281,0.177,-1303,-1359
76336,77920,1584,0,NTB,que era só um corredorzinho,76336,77920,1584,1584,1.0,0,0
77920,79367,1447,0,GE-Phrase,227,77639,79279,1640,1359,0.939,281,88
77920,79367,1447,0,GE-Phrase,228,79279,80954,1675,88,0.061,-1359,-1587
77920,79367,1447,0,NTB,que depois virou,77920,79367,1447,1447,1.0,0,0
79367,79692,325,0,GE-Phrase,228,79279,80954,1675,325,1.0,88,-1262
79367,79692,325,0,NTB,né,79367,79692,325,325,1.0,0,0
79692,81357,1665,0,GE-Phrase,228,79279,80954,1675,1262,0.758,413,403
79692,81357,1665,0,GE-Phrase,229,80954,82638,1684,403,0.242,-1262,-1281
79692,81357,1665,0,NTB,um negócio enorme,79692,81357,1665,1665,1.0,0,0
88201,89296,1095,0,NTB,<cheguei nisso> +,88201,89296,1095,1095,1.0,0,0
93305,94317,1012,0,NTB,achei que eu fosse odiar,93305,94317,1012,1012,1.0,0,0
95089,96173,1084,0,NTB,eu gostei,95089,96173,1084,1084,1.0,0,0
96511,97855,1344,0,GE-Phrase,230,97846,98708,862,9,0.007,-1335,-853
96511,97855,1344,0,NTB,hoje eu vejo que depende &n [/1],96511,97855,1344,1344,1.0,0,0
97855,98199,344,0,GE-Phrase,230,97846,98708,862,344,1.0,9,-509
97855,98199,344,0,NTB,né,97855,98199,344,344,1.0,0,0
98199,98848,649,0,GE-Phrase,230,97846,98708,862,509,0.784,353,140
98199,98848,649,0,GE-Phrase,231,98708,100412,1704,140,0.216,-509,-1564
98199,98848,649,0,NTB,do aluno,98199,98848,649,649,1.0,0,0
98848,100935,2087,0,GE-Phrase,231,98708,100412,1704,1564,0.749,140,523
98848,100935,2087,0,NTB,da interação que cê tem com aluno,98848,100935,2087,2087,1.0,0,0
137105,138339,1234,0,GE-Phrase,235,136803,138001,1198,896,0.726,302,338
137105,138339,1234,0,GE-Phrase,236,138001,139371,1370,338,0.274,-896,-1032
137105,138339,1234,0,NTB,em inglês obviamente,137105,138339,1234,1234,1.0,0,0
138339,139647,1308,0,GE-Phrase,236,138001,139371,1370,1032,0.789,338,276
138339,139647,1308,0,GE-Phrase,237,139371,143181,3810,276,0.211,-1032,-3534
138339,139647,1308,0,NTB,a gente tinha livro e tudo,138339,139647,1308,1308,1.0,0,0
4370,5588,1218,0,GE-Phrase,201,2608,9088,6480,1218,1.0,1762,-3500
4370,5588,1218,0,NTB,aonde a gente ia,4370,5588,1218,1218,1.0,0,0
5588,7444,1856,0,GE-Phrase,201,2608,9088,6480,1856,1.0,2980,-1644
5588,7444,1856,0,NTB,quando a gente era criança,5588,7444,1856,1856,1.0,0,0
76336,77920,1584,0,GE-Phrase,226,76279,77639,1360,1303,0.823,57,281
76336,77920,1584,0,GE-Phrase,227,77639,79279,1640,281,0.177,-1303,-1359
76336,77920,1584,0,NTB,que era só um corredorzinho,76336,77920,1584,1584,1.0,0,0
77920,79367,1447,0,GE-Phrase,227,77639,79279,1640,1359,0.939,281,88
77920,79367,1447,0,GE-Phrase,228,79279,80954,1675,88,0.061,-1359,-1587
77920,79367,1447,0,NTB,que depois virou,77920,79367,1447,1447,1.0,0,0
79367,79692,325,0,GE-Phrase,228,79279,80954,1675,325,1.0,88,-1262
79367,79692,325,0,NTB,né,79367,79692,325,325,1.0,0,0
79692,81357,1665,0,GE-Phrase,228,79279,80954,1675,1262,0.758,413,403
79692,81357,1665,0,GE-Phrase,229,80954,82638,1684,403,0.242,-1262,-1281
79692,81357,1665,0,NTB,um negócio enorme,79692,81357,1665,1665,1.0,0,0
88201,89296,1095,0,NTB,<cheguei nisso> +,88201,89296,1095,1095,1.0,0,0
93305,94317,1012,0,NTB,achei que eu fosse odiar,93305,94317,1012,1012,1.0,0,0
95089,96173,1084,0,NTB,eu gostei,95089,96173,1084,1084,1.0,0,0
96511,97855,1344,0,GE-Phrase,230,97846,98708,862,9,0.007,-1335,-853
96511,97855,1344,0,NTB,hoje eu vejo que depende &n [/1],96511,97855,1344,1344,1.0,0,0
97855,98199,344,0,GE-Phrase,230,97846,98708,862,344,1.0,9,-509
97855,98199,344,0,NTB,né,97855,98199,344,344,1.0,0,0
98199,98848,649,0,GE-Phrase,230,97846,98708,862,509,0.784,353,140
98199,98848,649,0,GE-Phrase,231,98708,100412,1704,140,0.216,-509,-1564
98199,98848,649,0,NTB,do aluno,98199,98848,649,649,1.0,0,0
98848,100935,2087,0,GE-Phrase,231,98708,100412,1704,1564,0.749,140,523
98848,100935,2087,0,NTB,da interação que cê tem com aluno,98848,100935,2087,2087,1.0,0,0
137105,138339,1234,0,GE-Phrase,235,136803,138001,1198,896,0.726,302,338
137105,138339,1234,0,GE-Phrase,236,138001,139371,1370,338,0.274,-896,-1032
137105,138339,1234,0,NTB,em inglês obviamente,137105,138339,1234,1234,1.0,0,0
138339,139647,1308,0,GE-Phrase,236,138001,139371,1370,1032,0.789,338,276
138339,139647,1308,0,GE-Phrase,237,139371,143181,3810,276,0.211,-1032,-3534
138339,139647,1308,0,NTB,a gente tinha livro e tudo,138339,139647,1308,1308,1.0,0,0
4370,5588,1218,0,GE-Phrase,201,2608,9088,6480,1218,1.0,1762,-3500
4370,5588,1218,0,NTB,aonde a gente ia,4370,5588,1218,1218,1.0,0,0
5588,7444,1856,0,GE-Phrase,201,2608,9088,6480,1856,1.0,2980,-1644
5588,7444,1856,0,NTB,quando a gente era criança,5588,7444,1856,1856,1.0,0,0
76336,77920,1584,0,GE-Phrase,226,76279,77639,1360,1303,0.823,57,281
76336,77920,1584,0,GE-Phrase,227,77639,79279,1640,281,0.177,-1303,-1359
76336,77920,1584,0,NTB,que era só um corredorzinho,76336,77920,1584,1584,1.0,0,0
77920,79367,1447,0,GE-Phrase,227,77639,79279,1640,1359,0.939,281,88
77920,79367,1447,0,GE-Phrase,228,79279,80954,1675,88,0.061,-1359,-1587
77920,79367,1447,0,NTB,que depois virou,77920,79367,1447,1447,1.0,0,0
79367,79692,325,0,GE-Phrase,228,79279,80954,1675,325,1.0,88,-1262
79367,79692,325,0,NTB,né,79367,79692,325,325,1.0,0,0
79692,81357,1665,0,GE-Phrase,228,79279,80954,1675,1262,0.758,413,403
79692,81357,1665,0,GE-Phrase,229,80954,82638,1684,403,0.242,-1262,-1281
79692,81357,1665,0,NTB,um negócio enorme,79692,81357,1665,1665,1.0,0,0
88201,89296,1095,0,NTB,<cheguei nisso> +,88201,89296,1095,1095,1.0,0,0
93305,94317,1012,0,NTB,achei que eu fosse odiar,93305,94317,1012,1012,1.0,0,0
95089,96173,1084,0,NTB,eu gostei,95089,96173,1084,1084,1.0,0,0
96511,97855,1344,0,GE-Phrase,230,97846,98708,862,9,0.007,-1335,-853
96511,97855,1344,0,NTB,hoje eu vejo que depende &n [/1],96511,97855,1344,1344,1.0,0,0
97855,98199,344,0,GE-Phrase,230,97846,98708,862,344,1.0,9,-509
97855,98199,344,0,NTB,né,97855,98199,344,344,1.0,0,0
98199,98848,649,0,GE-Phrase,230,97846,98708,862,509,0.784,353,140
98199,98848,649,0,GE-Phrase,231,98708,100412,1704,140,0.216,-509,-1564
98199,98848,649,0,NTB,do aluno,98199,98848,649,649,1.0,0,0
98848,100935,2087,0,GE-Phrase,231,98708,100412,1704,1564,0.749,140,523
98848,100935,2087,0,NTB,da interação que cê tem com aluno,98848,100935,2087,2087,1.0,0,0
137105,138339,1234,0,GE-Phrase,235,136803,138001,1198,896,0.726,302,338
137105,138339,1234,0,GE-Phrase,236,138001,139371,1370,338,0.274,-896,-1032
137105,138339,1234,0,NTB,em inglês obviamente,137105,138339,1234,1234,1.0,0,0
138339,139647,1308,0,GE-Phrase,236,138001,139371,1370,1032,0.789,338,276
138339,139647,1308,0,GE-Phrase,237,139371,143181,3810,276,0.211,-1032,-3534
138339,139647,1308,0,NTB,a gente tinha livro e tudo,138339,139647,1308,1308,1.0,0,0
4370,5588,1218,0,GE-Phrase,201,2608,9088,6480,1218,1.0,1762,-3500
4370,5588,1218,0,NTB,aonde a gente ia,4370,5588,1218,1218,1.0,0,0
5588,7444,1856,0,GE-Phrase,201,2608,9088,6480,1856,1.0,2980,-1644
5588,7444,1856,0,NTB,quando a gente era criança,5588,7444,1856,1856,1.0,0,0
76336,77920,1584,0,GE-Phrase,226,76279,77639,1360,1303,0.823,57,281
76336,77920,1584,0,GE-Phrase,227,77639,79279,1640,281,0.177,-1303,-1359
76336,77920,1584,0,NTB,que era só um corredorzinho,76336,77920,1584,1584,1.0,0,0
77920,79367,1447,0,GE-Phrase,227,77639,79279,1640,1359,0.939,281,88
77920,79367,1447,0,GE-Phrase,228,79279,80954,1675,88,0.061,-1359,-1587
77920,79367,1447,0,NTB,que depois virou,77920,79367,1447,1447,1.0,0,0
79367,79692,325,0,GE-Phrase,228,79279,80954,1675,325,1.0,88,-1262
79367,79692,325,0,NTB,né,79367,79692,325,325,1.0,0,0
79692,81357,1665,0,GE-Phrase,228,79279,80954,1675,1262,0.758,413,403
79692,81357,1665,0,GE-Phrase,229,80954,82638,1684,403,0.242,-1262,-1281
79692,81357,1665,0,NTB,um negócio enorme,79692,81357,1665,1665,1.0,0,0
88201,89296,1095,0,NTB,<cheguei nisso> +,88201,89296,1095,1095,1.0,0,0
93305,94317,1012,0,NTB,achei que eu fosse odiar,93305,94317,1012,1012,1.0,0,0
95089,96173,1084,0,NTB,eu gostei,95089,96173,1084,1084,1.0,0,0
96511,97855,1344,0,GE-Phrase,230,97846,98708,862,9,0.007,-1335,-853
96511,97855,1344,0,NTB,hoje eu vejo que depende &n [/1],96511,97855,1344,1344,1.0,0,0
97855,98199,344,0,GE-Phrase,230,97846,98708,862,344,1.0,9,-509
97855,98199,344,0,NTB,né,97855,98199,344,344,1.0,0,0
98199,98848,649,0,GE-Phrase,230,97846,98708,862,509,0.784,353,140
98199,98848,649,0,GE-Phrase,231,98708,100412,1704,140,0.216,-509,-1564
98199,98848,649,0,NTB,do aluno,98199,98848,649,649,1.0,0,0
98848,100935,2087,0,GE-Phrase,231,98708,100412,1704,1564,0.749,140,523
98848,100935,2087,0,NTB,da interação que cê tem com aluno,98848,100935,2087,2087,1.0,0,0
137105,138339,1234,0,GE-Phrase,235,136803,138001,1198,896,0.726,302,338
137105,138339,1234,0,GE-Phrase,236,138001,139371,1370,338,0.274,-896,-1032
137105,138339,1234,0,NTB,em inglês obviamente,137105,138339,1234,1234,1.0,0,0
138339,139647,1308,0,GE-Phrase,236,138001,139371,1370,1032,0.789,338,276
138339,139647,1308,0,GE-Phrase,237,139371,143181,3810,276,0.211,-1032,-3534
138339,139647,1308,0,NTB,a gente tinha livro e tudo,138339,139647,1308,1308,1.0,0,0
4370,5588,1218,0,GE-Phrase,201,2608,9088,6480,1218,1.0,1762,-3500
4370,5588,1218,0,NTB,aonde a gente ia,4370,5588,1218,1218,1.0,0,0
5588,7444,1856,0,GE-Phrase,201,2608,9088,6480,1856,1.0,2980,-1644
5588,7444,1856,0,NTB,quando a gente era criança,5588,7444,1856,1856,1.0,0,0
76336,77920,1584,0,GE-Phrase,226,76279,77639,1360,1303,0.823,57,281
76336,77920,1584,0,GE-Phrase,227,77639,79279,1640,281,0.177,-1303,-1359
76336,77920,1584,0,NTB,que era só um corredorzinho,76336,77920,1584,1584,1.0,0,0
77920,79367,1447,0,GE-Phrase,227,77639,79279,1640,1359,0.939,281,88
77920,79367,1447,0,GE-Phrase,228,79279,80954,1675,88,0.061,-1359,-1587
77920,79367,1447,0,NTB,que depois virou,77920,79367,1447,1447,1.0,0,0
79367,79692,325,0,GE-Phrase,228,79279,80954,1675,325,1.0,88,-1262
79367,79692,325,0,NTB,né,79367,79692,325,325,1.0,0,0
79692,81357,1665,0,GE-Phrase,228,79279,80954,1675,1262,0.758,413,403
79692,81357,1665,0,GE-Phrase,229,80954,82638,1684,403,0.242,-1262,-1281
79692,81357,1665,0,NTB,um negócio enorme,79692,81357,1665,1665,1.0,0,0
88201,89296,1095,0,NTB,<cheguei nisso> +,88201,89296,1095,1095,1.0,0,0
93305,94317,1012,0,NTB,achei que eu fosse odiar,93305,94317,1012,1012,1.0,0,0
95089,96173,1084,0,NTB,eu gostei,95089,96173,1084,1084,1.0,0,0
96511,97855,1344,0,GE-Phrase,230,97846,98708,862,9,0.007,-1335,-853
96511,97855,1344,0,NTB,hoje eu vejo que depende &n [/1],96511,97855,1344,1344,1.0,0,0
97855,98199,344,0,GE-Phrase,230,97846,98708,862,344,1.0,9,-509
97855,98199,344,0,NTB,né,97855,98199,344,344,1.0,0,0
98199,98848,649,0,GE-Phrase,230,97846,98708,862,509,0.784,353,140
98199,98848,649,0,GE-Phrase,231,98708,100412,1704,140,0.216,-509,-1564
98199,98848,649,0,NTB,do aluno,98199,98848,649,649,1.0,0,0
98848,100935,2087,0,GE-Phrase,231,98708,100412,1704,1564,0.749,140,523
98848,100935,2087,0,NTB,da interação que cê tem com aluno,98848,100935,2087,2087,1.0,0,0
137105,138339,1234,0,GE-Phrase,235,136803,138001,1198,896,0.726,302,338
137105,138339,1234,0,GE-Phrase,236,138001,139371,1370,338,0.274,-896,-1032
137105,138339,1234,0,NTB,em inglês obviamente,137105,138339,1234,1234,1.0,0,0
138339,139647,1308,0,GE-Phrase,236,138001,139371,1370,1032,0.789,338,276
138339,139647,1308,0,GE-Phrase,237,139371,143181,3810,276,0.211,-1032,-3534
138339,139647,1308,0,NTB,a gente tinha livro e tudo,138339,139647,1308,1308,1.0,0,0
4370,5588,1218,0,GE-Phrase,201,2608,9088,6480,1218,1.0,1762,-3500
4370,5588,1218,0,NTB,aonde a gente ia,4370,5588,1218,1218,1.0,0,0
5588,7444,1856,0,GE-Phrase,201,2608,9088,6480,1856,1.0,2980,-1644
5588,7444,1856,0,NTB,quando a gente era criança,5588,7444,1856,1856,1.0,0,0
76336,77920,1584,0,GE-Phrase,226,76279,77639,1360,1303,0.823,57,281
76336,77920,1584,0,GE-Phrase,227,77639,79279,1640,281,0.177,-1303,-1359
76336,77920,1584,0,NTB,que era só um corredorzinho,76336,77920,1584,1584,1.0,0,0
77920,79367,1447,0,GE-Phrase,227,77639,79279,1640,1359,0.939,281,88
77920,79367,1447,0,GE-Phrase,228,79279,80954,1675,88,0.061,-1359,-1587
77920,79367,1447,0,NTB,que depois virou,77920,79367,1447,1447,1.0,0,0
79367,79692,325,0,GE-Phrase,228,79279,80954,1675,325,1.0,88,-1262
79367,79692,325,0,NTB,né,79367,79692,325,325,1.0,0,0
79692,81357,1665,0,GE-Phrase,228,79279,80954,1675,1262,0.758,413,403
79692,81357,1665,0,GE-Phrase,229,80954,82638,1684,403,0.242,-1262,-1281
79692,81357,1665,0,NTB,um negócio enorme,79692,81357,1665,1665,1.0,0,0
88201,89296,1095,0,NTB,<cheguei nisso> +,88201,89296,1095,1095,1.0,0,0
93305,94317,1012,0,NTB,achei que eu fosse odiar,93305,94317,1012,1012,1.0,0,0
95089,96173,1084,0,NTB,eu gostei,95089,96173,1084,1084,1.0,0,0
96511,97855,1344,0,GE-Phrase,230,97846,98708,862,9,0.007,-1335,-853
96511,97855,1344,0,NTB,hoje eu vejo que depende &n [/1],96511,97855,1344,1344,1.0,0,0
97855,98199,344,0,GE-Phrase,230,97846,98708,862,344,1.0,9,-509
97855,98199,344,0,NTB,né,97855,98199,344,344,1.0,0,0
98199,98848,649,0,GE-Phrase,230,97846,98708,862,509,0.784,353,140
98199,98848,649,0,GE-Phrase,231,98708,100412,1704,140,0.216,-509,-1564
98199,98848,649,0,NTB,do aluno,98199,98848,649,649,1.0,0,0
98848,100935,2087,0,GE-Phrase,231,98708,100412,1704,1564,0.749,140,523
98848,100935,2087,0,NTB,da interação que cê tem com aluno,98848,100935,2087,2087,1.0,0,0
137105,138339,1234,0,GE-Phrase,235,136803,138001,1198,896,0.726,302,338
137105,138339,1234,0,GE-Phrase,236,138001,139371,1370,338,0.274,-896,-1032
137105,138339,1234,0,NTB,em inglês obviamente,137105,138339,1234,1234,1.0,0,0
138339,139647,1308,0,GE-Phrase,236,138001,139371,1370,1032,0.789,338,276
138339,139647,1308,0,GE-Phrase,237,139371,143181,3810,276,0.211,-1032,-3534
138339,139647,1308,0,NTB,a gente tinha livro e tudo,138339,139647,1308,1308,1.0,0,0
4370,5588,1218,0,GE-Phrase,201,2608,9088,6480,1218,1.0,1762,-3500
4370,5588,1218,0,NTB,aonde a gente ia,4370,5588,1218,1218,1.0,0,0
5588,7444,1856,0,GE-Phrase,201,2608,9088,6480,1856,1.0,2980,-1644
5588,7444,1856,0,NTB,quando a gente era criança,5588,7444,1856,1856,1.0,0,0
76336,77920,1584,0,GE-Phrase,226,76279,77639,1360,1303,0.823,57,281
76336,77920,1584,0,GE-Phrase,227,77639,79279,1640,281,0.177,-1303,-1359
76336,77920,1584,0,NTB,que era só um corredorzinho,76336,77920,1584,1584,1.0,0,0
77920,79367,1447,0,GE-Phrase,227,77639,79279,1640,1359,0.939,281,88
77920,79367,1447,0,GE-Phrase,228,79279,80954,1675,88,0.061,-1359,-1587
77920,79367,1447,0,NTB,que depois virou,77920,79367,1447,1447,1.0,0,0
79367,79692,325,0,GE-Phrase,228,79279,80954,1675,325,1.0,88,-1262
79367,79692,325,0,NTB,né,79367,79692,325,325,1.0,0,0
79692,81357,1665,0,GE-Phrase,228,79279,80954,1675,1262,0.758,413,403
79692,81357,1665,0,GE-Phrase,229,80954,82638,1684,403,0.242,-1262,-1281
79692,81357,1665,0,NTB,um negócio enorme,79692,81357,1665,1665,1.0,0,0
88201,89296,1095,0,NTB,<cheguei nisso> +,88201,89296,1095,1095,1.0,0,0
93305,94317,1012,0,NTB,achei que eu fosse odiar,93305,94317,1012,1012,1.0,0,0
95089,96173,1084,0,NTB,eu gostei,95089,96173,1084,1084,1.0,0,0
96511,97855,1344,0,GE-Phrase,230,97846,98708,862,9,0.007,-1335,-853
96511,97855,1344,0,NTB,hoje eu vejo que depende &n [/1],96511,97855,1344,1344,1.0,0,0
97855,98199,344,0,GE-Phrase,230,97846,98708,862,344,1.0,9,-509
97855,98199,344,0,NTB,né,97855,98199,344,344,1.0,0,0
98199,98848,649,0,GE-Phrase,230,97846,98708,862,509,0.784,353,140
98199,98848,649,0,GE-Phrase,231,98708,100412,1704,140,0.216,-509,-1564
98199,98848,649,0,NTB,do aluno,98199,98848,649,649,1.0,0,0
98848,100935,2087,0,GE-Phrase,231,98708,100412,1704,1564,0.749,140,523
98848,100935,2087,0,NTB,da interação que cê tem com aluno,98848,100935,2087,2087,1.0,0,0
137105,138339,1234,0,GE-Phrase,235,136803,138001,1198,896,0.726,302,338
137105,138339,1234,0,GE-Phrase,236,138001,139371,1370,338,0.274,-896,-1032
137105,138339,1234,0,NTB,em inglês obviamente,137105,138339,1234,1234,1.0,0,0
138339,139647,1308,0,GE-Phrase,236,138001,139371,1370,1032,0.789,338,276
138339,139647,1308,0,GE-Phrase,237,139371,143181,3810,276,0.211,-1032,-3534
138339,139647,1308,0,NTB,a gente tinha livro e tudo,138339,139647,1308,1308,1.0,0,0
4370,5588,1218,0,GE-Phrase,201,2608,9088,6480,1218,1.0,1762,-3500
4370,5588,1218,0,NTB,aonde a gente ia,4370,5588,1218,1218,1.0,0,0
5588,7444,1856,0,GE-Phrase,201,2608,9088,6480,1856,1.0,2980,-1644
5588,7444,1856,0,NTB,quando a gente era criança,5588,7444,1856,1856,1.0,0,0
76336,77920,1584,0,GE-Phrase,226,76279,77639,1360,1303,0.823,57,281
76336,77920,1584,0,GE-Phrase,227,77639,79279,1640,281,0.177,-1303,-1359
76336,77920,1584,0,NTB,que era só um corredorzinho,76336,77920,1584,1584,1.0,0,0
77920,79367,1447,0,GE-Phrase,227,77639,79279,1640,1359,0.939,281,88
77920,79367,1447,0,GE-Phrase,228,79279,80954,1675,88,0.061,-1359,-1587
77920,79367,1447,0,NTB,que depois virou,77920,79367,1447,1447,1.0,0,0
79367,79692,325,0,GE-Phrase,228,79279,80954,1675,325,1.0,88,-1262
79367,79692,325,0,NTB,né,79367,79692,325,325,1.0,0,0
79692,81357,1665,0,GE-Phrase,228,79279,80954,1675,1262,0.758,413,403
79692,81357,1665,0,GE-Phrase,229,80954,82638,1684,403,0.242,-1262,-1281
79692,81357,1665,0,NTB,um negócio enorme,79692,81357,1665,1665,1.0,0,0
88201,89296,1095,0,NTB,<cheguei nisso> +,88201,89296,1095,1095,1.0,0,0
93305,94317,1012,0,NTB,achei que eu fosse odiar,93305,94317,1012,1012,1.0,0,0
95089,96173,1084,0,NTB,eu gostei,95089,96173,1084,1084,1.0,0,0
96511,97855,1344,0,GE-Phrase,230,97846,98708,862,9,0.007,-1335,-853
96511,97855,1344,0,NTB,hoje eu vejo que depende &n [/1],96511,97855,1344,1344,1.0,0,0
97855,98199,344,0,GE-Phrase,230,97846,98708,862,344,1.0,9,-509
97855,98199,344,0,NTB,né,97855,98199,344,344,1.0,0,0
98199,98848,649,0,GE-Phrase,230,97846,98708,862,509,0.784,353,140
98199,98848,649,0,GE-Phrase,231,98708,100412,1704,140,0.216,-509,-1564
98199,98848,649,0,NTB,do aluno,98199,98848,649,649,1.0,0,0
98848,100935,2087,0,GE-Phrase,231,98708,100412,1704,1564,0.749,140,523
98848,100935,2087,0,NTB,da interação que cê tem com aluno,98848,100935,2087,2087,1.0,0,0
137105,138339,1234,0,GE-Phrase,235,136803,138001,1198,896,0.726,302,338
137105,138339,1234,0,GE-Phrase,236,138001,139371,1370,338,0.274,-896,-1032
137105,138339,1234,0,NTB,em inglês obviamente,137105,138339,1234,1234,1.0,0,0
138339,139647,1308,0,GE-Phrase,236,138001,139371,1370,1032,0.789,338,276
138339,139647,1308,0,GE-Phrase,237,139371,143181,3810,276,0.211,-1032,-3534
138339,139647,1308,0,NTB,a gente tinha livro e tudo,138339,139647,1308,1308,1.0,0,0
4370,5588,1218,0,GE-Phrase,201,2608,9088,6480,1218,1.0,1762,-3500
4370,5588,1218,0,NTB,aonde a gente ia,4370,5588,1218,1218,1.0,0,0
5588,7444,1856,0,GE-Phrase,201,2608,9088,6480,1856,1.0,2980,-1644
5588,7444,1856,0,NTB,quando a gente era criança,5588,7444,1856,1856,1.0,0,0
76336,77920,1584,0,GE-Phrase,226,76279,77639,1360,1303,0.823,57,281
76336,77920,1584,0,GE-Phrase,227,77639,79279,1640,281,0.177,-1303,-1359
76336,77920,1584,0,NTB,que era só um corredorzinho,76336,77920,1584,1584,1.0,0,0
77920,79367,1447,0,GE-Phrase,227,77639,79279,1640,1359,0.939,281,88
77920,79367,1447,0,GE-Phrase,228,79279,80954,1675,88,0.061,-1359,-1587
77920,79367,1447,0,NTB,que depois virou,77920,79367,1447,1447,1.0,0,0
79367,79692,325,0,GE-Phrase,228,79279,80954,1675,325,1.0,88,-1262
79367,79692,325,0,NTB,né,79367,79692,325,325,1.0,0,0
79692,81357,1665,0,GE-Phrase,228,79279,80954,1675,1262,0.758,413,403
79692,81357,1665,0,GE-Phrase,229,80954,82638,1684,403,0.242,-1262,-1281
79692,81357,1665,0,NTB,um negócio enorme,79692,81357,1665,1665,1.0,0,0
88201,89296,1095,0,NTB,<cheguei nisso> +,88201,89296,1095,1095,1.0,0,0
93305,94317,1012,0,NTB,achei que eu fosse odiar,93305,94317,1012,1012,1.0,0,0
95089,96173,1084,0,NTB,eu gostei,95089,96173,1084,1084,1.0,0,0
96511,97855,1344,0,GE-Phrase,230,97846,98708,862,9,0.007,-1335,-853
96511,97855,1344,0,NTB,hoje eu vejo que depende &n [/1],96511,97855,1344,1344,1.0,0,0
97855,98199,344,0,GE-Phrase,230,97846,98708,862,344,1.0,9,-509
97855,98199,344,0,NTB,né,97855,98199,344,344,1.0,0,0
98199,98848,649,0,GE-Phrase,230,97846,98708,862,509,0.784,353,140
98199,98848,649,0,GE-Phrase,231,98708,100412,1704,140,0.216,-509,-1564
98199,98848,649,0,NTB,do aluno,98199,98848,649,649,1.0,0,0
98848,100935,2087,0,GE-Phrase,231,98708,100412,1704,1564,0.749,140,523
98848,100935,2087,0,NTB,da interação que cê tem com aluno,98848,100935,2087,2087,1.0,0,0
137105,138339,1234,0,GE-Phrase,235,136803,138001,1198,896,0.726,302,338
137105,138339,1234,0,GE-Phrase,236,138001,139371,1370,338,0.274,-896,-1032
137105,138339,1234,0,NTB,em inglês obviamente,137105,138339,1234,1234,1.0,0,0
138339,139647,1308,0,GE-Phrase,236,138001,139371,1370,1032,0.789,338,276
138339,139647,1308,0,GE-Phrase,237,139371,143181,3810,276,0.211,-1032,-3534
138339,139647,1308,0,NTB,a gente tinha livro e tudo,138339,139647,1308,1308,1.0,0,0
4370,5588,1218,0,GE-Phrase,201,2608,9088,6480,1218,1.0,1762,-3500
4370,5588,1218,0,NTB,aonde a gente ia,4370,5588,1218,1218,1.0,0,0
5588,7444,1856,0,GE-Phrase,201,2608,9088,6480,1856,1.0,2980,-1644
5588,7444,1856,0,NTB,quando a gente era criança,5588,7444,1856,1856,1.0,0,0
76336,77920,1584,0,GE-Phrase,226,76279,77639,1360,1303,0.823,57,281
76336,77920,1584,0,GE-Phrase,227,77639,79279,1640,281,0.177,-1303,-1359
76336,77920,1584,0,NTB,que era só um corredorzinho,76336,77920,1584,1584,1.0,0,0
77920,79367,1447,0,GE-Phrase,227,77639,79279,1640,1359,0.939,281,88
77920,79367,1447,0,GE-Phrase,228,79279,80954,1675,88,0.061,-1359,-1587
77920,79367,1447,0,NTB,que depois virou,77920,79367,1447,1447,1.0,0,0
79367,79692,325,0,GE-Phrase,228,79279,80954,1675,325,1.0,88,-1262
79367,79692,325,0,NTB,né,79367,79692,325,325,1.0,0,0
79692,81357,1665,0,GE-Phrase,228,79279,80954,1675,1262,0.758,413,403
79692,81357,1665,0,GE-Phrase,229,80954,82638,1684,403,0.242,-1262,-1281
79692,81357,1665,0,NTB,um negócio enorme,79692,81357,1665,1665,1.0,0,0
88201,89296,1095,0,NTB,<cheguei nisso> +,88201,89296,1095,1095,1.0,0,0
93305,94317,1012,0,NTB,achei que eu fosse odiar,93305,94317,1012,1012,1.0,0,0
95089,96173,1084,0,NTB,eu gostei,95089,96173,1084,1084,1.0,0,0
96511,97855,1344,0,GE-Phrase,230,97846,98708,862,9,0.007,-1335,-853
96511,97855,1344,0,NTB,hoje eu vejo que depende &n [/1],96511,97855,1344,1344,1.0,0,0
97855,98199,344,0,GE-Phrase,230,97846,98708,862,344,1.0,9,-509
97855,98199,344,0,NTB,né,97855,98199,344,344,1.0,0,0
98199,98848,649,0,GE-Phrase,230,97846,98708,862,509,0.784,353,140
98199,98848,649,0,GE-Phrase,231,98708,100412,1704,140,0.216,-509,-1564
98199,98848,649,0,NTB,do aluno,98199,98848,649,649,1.0,0,0
98848,100935,2087,0,GE-Phrase,231,98708,100412,1704,1564,0.749,140,523
98848,100935,2087,0,NTB,da interação que cê tem com aluno,98848,100935,2087,2087,1.0,0,0
137105,138339,1234,0,GE-Phrase,235,136803,138001,1198,896,0.726,302,338
137105,138339,1234,0,GE-Phrase,236,138001,139371,1370,338,0.274,-896,-1032
137105,138339,1234,0,NTB,em inglês obviamente,137105,138339,1234,1234,1.0,0,0
138339,139647,1308,0,GE-Phrase,236,138001,139371,1370,1032,0.789,338,276
138339,139647,1308,0,GE-Phrase,237,139371,143181,3810,276,0.211,-1032,-3534
138339,139647,1308,0,NTB,a gente tinha livro e tudo,138339,139647,1308,1308,1.0,0,0
4370,5588,1218,0,GE-Phrase,201,2608,9088,6480,1218,1.0,1762,-3500
4370,5588,1218,0,NTB,aonde a gente ia,4370,5588,1218,1218,1.0,0,0
5588,7444,1856,0,GE-Phrase,201,2608,9088,6480,1856,1.0,2980,-1644
5588,7444,1856,0,NTB,quando a gente era criança,5588,7444,1856,1856,1.0,0,0
76336,77920,1584,0,GE-Phrase,226,76279,77639,1360,1303,0.823,57,281
76336,77920,1584,0,GE-Phrase,227,77639,79279,1640,281,0.177,-1303,-1359
76336,77920,1584,0,NTB,que era só um corredorzinho,76336,77920,1584,1584,1.0,0,0
77920,79367,1447,0,GE-Phrase,227,77639,79279,1640,1359,0.939,281,88
77920,79367,1447,0,GE-Phrase,228,79279,80954,1675,88,0.061,-1359,-1587
77920,79367,1447,0,NTB,que depois virou,77920,79367,1447,1447,1.0,0,0
79367,79692,325,0,GE-Phrase,228,79279,80954,1675,325,1.0,88,-1262
79367,79692,325,0,NTB,né,79367,79692,325,325,1.0,0,0
79692,81357,1665,0,GE-Phrase,228,79279,80954,1675,1262,0.758,413,403
79692,81357,1665,0,GE-Phrase,229,80954,82638,1684,403,0.242,-1262,-1281
79692,81357,1665,0,NTB,um negócio enorme,79692,81357,1665,1665,1.0,0,0
88201,89296,1095,0,NTB,<cheguei nisso> +,88201,89296,1095,1095,1.0,0,0
93305,94317,1012,0,NTB,achei que eu fosse odiar,93305,94317,1012,1012,1.0,0,0
95089,96173,1084,0,NTB,eu gostei,95089,96173,1084,1084,1.0,0,0
96511,97855,1344,0,GE-Phrase,230,97846,98708,862,9,0.007,-1335,-853
96511,97855,1344,0,NTB,hoje eu vejo que depende &n [/1],96511,97855,1344,1344,1.0,0,0
97855,98199,344,0,GE-Phrase,230,97846,98708,862,344,1.0,9,-509
97855,98199,344,0,NTB,né,97855,98199,344,344,1.0,0,0
98199,98848,649,0,GE-Phrase,230,97846,98708,862,509,0.784,353,140
98199,98848,649,0,GE-Phrase,231,98708,100412,1704,140,0.216,-509,-1564
98199,98848,649,0,NTB,do aluno,98199,98848,649,649,1.0,0,0
98848,100935,2087,0,GE-Phrase,231,98708,100412,1704,1564,0.749,140,523
98848,100935,2087,0,NTB,da interação que cê tem com aluno,98848,100935,2087,2087,1.0,0,0
137105,138339,1234,0,GE-Phrase,235,136803,138001,1198,896,0.726,302,338
137105,138339,1234,0,GE-Phrase,236,138001,139371,1370,338,0.274,-896,-1032
137105,138339,1234,0,NTB,em inglês obviamente,137105,138339,1234,1234,1.0,0,0
138339,139647,1308,0,GE-Phrase,236,138001,139371,1370,1032,0.789,338,276
138339,139647,1308,0,GE-Phrase,237,139371,143181,3810,276,0.211,-1032,-3534
138339,139647,1308,0,NTB,a gente tinha livro e tudo,138339,139647,1308,1308,1.0,0,0
4370,5588,1218,0,GE-Phrase,201,2608,9088,6480,1218,1.0,1762,-3500
4370,5588,1218,0,NTB,aonde a gente ia,4370,5588,1218,1218,1.0,0,0
5588,7444,1856,0,GE-Phrase,201,2608,9088,6480,1856,1.0,2980,-1644
5588,7444,1856,0,NTB,quando a gente era criança,5588,7444,1856,1856,1.0,0,0
76336,77920,1584,0,GE-Phrase,226,76279,77639,1360,1303,0.823,57,281
76336,77920,1584,0,GE-Phrase,227,77639,79279,1640,281,0.177,-1303,-1359
76336,77920,1584,0,NTB,que era só um corredorzinho,76336,77920,1584,1584,1.0,0,0
77920,79367,1447,0,GE-Phrase,227,77639,79279,1640,1359,0.939,281,88
77920,79367,1447,0,GE-Phrase,228,79279,80954,1675,88,0.061,-1359,-1587
77920,79367,1447,0,NTB,que depois virou,77920,79367,1447,1447,1.0,0,0
79367,79692,325,0,GE-Phrase,228,79279,80954,1675,325,1.0,88,-1262
79367,79692,325,0,NTB,né,79367,79692,325,325,1.0,0,0
79692,81357,1665,0,GE-Phrase,228,79279,80954,1675,1262,0.758,413,403
79692,81357,1665,0,GE-Phrase,229,80954,82638,1684,403,0.242,-1262,-1281
79692,81357,1665,0,NTB,um negócio enorme,79692,81357,1665,1665,1.0,0,0
88201,89296,1095,0,NTB,<cheguei nisso> +,88201,89296,1095,1095,1.0,0,0
93305,94317,1012,0,NTB,achei que eu fosse odiar,93305,94317,1012,1012,1.0,0,0
95089,96173,1084,0,NTB,eu gostei,95089,96173,1084,1084,1.0,0,0
96511,97855,1344,0,GE-Phrase,230,97846,98708,862,9,0.007,-1335,-853
96511,97855,1344,0,NTB,hoje eu vejo que depende &n [/1],96511,97855,1344,1344,1.0,0,0
97855,98199,344,0,GE-Phrase,230,97846,98708,862,344,1.0,9,-509
97855,98199,344,0,NTB,né,97855,98199,344,344,1.0,0,0
98199,98848,649,0,GE-Phrase,230,97846,98708,862,509,0.784,353,140
98199,98848,649,0,GE-Phrase,231,98708,100412,1704,140,0.216,-509,-1564
98199,98848,649,0,NTB,do aluno,98199,98848,649,649,1.0,0,0
98848,100935,2087,0,GE-Phrase,231,98708,100412,1704,1564,0.749,140,523
98848,100935,2087,0,NTB,da interação que cê tem com aluno,98848,100935,2087,2087,1.0,0,0
137105,138339,1234,0,GE-Phrase,235,136803,138001,1198,896,0.726,302,338
137105,138339,1234,0,GE-Phrase,236,138001,139371,1370,338,0.274,-896,-1032
137105,138339,1234,0,NTB,em inglês obviamente,137105,138339,1234,1234,1.0,0,0
138339,139647,1308,0,GE-Phrase,236,138001,139371,1370,1032,0.789,338,276
138339,139647,1308,0,GE-Phrase,237,139371,143181,3810,276,0.211,-1032,-3534
138339,139647,1308,0,NTB,a gente tinha livro e tudo,138339,139647,1308,1308,1.0,0,0
4370,5588,1218,0,GE-Phrase,201,2608,9088,6480,1218,1.0,1762,-3500
4370,5588,1218,0,NTB,aonde a gente ia,4370,5588,1218,1218,1.0,0,0
5588,7444,1856,0,GE-Phrase,201,2608,9088,6480,1856,1.0,2980,-1644
5588,7444,1856,0,NTB,quando a gente era criança,5588,7444,1856,1856,1.0,0,0
76336,77920,1584,0,GE-Phrase,226,76279,77639,1360,1303,0.823,57,281
76336,77920,1584,0,GE-Phrase,227,77639,79279,1640,281,0.177,-1303,-1359
76336,77920,1584,0,NTB,que era só um corredorzinho,76336,77920,1584,1584,1.0,0,0
77920,79367,1447,0,GE-Phrase,227,77639,79279,1640,1359,0.939,281,88
77920,79367,1447,0,GE-Phrase,228,79279,80954,1675,88,0.061,-1359,-1587
77920,79367,1447,0,NTB,que depois virou,77920,79367,1447,1447,1.0,0,0
79367,79692,325,0,GE-Phrase,228,79279,80954,1675,325,1.0,88,-1262
79367,79692,325,0,NTB,né,79367,79692,325,325,1.0,0,0
79692,81357,1665,0,GE-Phrase,228,79279,80954,1675,1262,0.758,413,403
79692,81357,1665,0,GE-Phrase,229,80954,82638,1684,403,0.242,-1262,-1281
79692,81357,1665,0,NTB,um negócio enorme,79692,81357,1665,1665,1.0,0,0
88201,89296,1095,0,NTB,<cheguei nisso> +,88201,89296,1095,1095,1.0,0,0
93305,94317,1012,0,NTB,achei que eu fosse odiar,93305,94317,1012,1012,1.0,0,0
95089,96173,1084,0,NTB,eu gostei,95089,96173,1084,1084,1.0,0,0
96511,97855,1344,0,GE-Phrase,230,97846,98708,862,9,0.007,-1335,-853
96511,97855,1344,0,NTB,hoje eu vejo que depende &n [/1],96511,97855,1344,1344,1.0,0,0
97855,98199,344,0,GE-Phrase,230,97846,98708,862,344,1.0,9,-509
97855,98199,344,0,NTB,né,97855,98199,344,344,1.0,0,0
98199,98848,649,0,GE-Phrase,230,97846,98708,862,509,0.784,353,140
98199,98848,649,0,GE-Phrase,231,98708,100412,1704,140,0.216,-509,-1564
98199,98848,649,0,NTB,do aluno,98199,98848,649,649,1.0,0,0
98848,100935,2087,0,GE-Phrase,231,98708,100412,1704,1564,0.749,140,523
98848,100935,2087,0,NTB,da interação que cê tem com aluno,98848,100935,2087,2087,1.0,0,0
137105,138339,1234,0,GE-Phrase,235,136803,138001,1198,896,0.726,302,338
137105,138339,1234,0,GE-Phrase,236,138001,139371,1370,338,0.274,-896,-1032
137105,138339,1234,0,NTB,em inglês obviamente,137105,138339,1234,1234,1.0,0,0
138339,139647,1308,0,GE-Phrase,236,138001,139371,1370,1032,0.789,338,276
138339,139647,1308,0,GE-Phrase,237,139371,143181,3810,276,0.211,-1032,-3534
138339,139647,1308,0,NTB,a gente tinha livro e tudo,138339,139647,1308,1308,1.0,0,0
4370,5588,1218,0,GE-Phrase,201,2608,9088,6480,1218,1.0,1762,-3500
4370,5588,1218,0,NTB,aonde a gente ia,4370,5588,1218,1218,1.0,0,0
5588,7444,1856,0,GE-Phrase,201,2608,9088,6480,1856,1.0,2980,-1644
5588,7444,1856,0,NTB,quando a gente era criança,5588,7444,1856,1856,1.0,0,0
76336,77920,1584,0,GE-Phrase,226,76279,77639,1360,1303,0.823,57,281
76336,77920,1584,0,GE-Phrase,227,77639,79279,1640,281,0.177,-1303,-1359
76336,77920,1584,0,NTB,que era só um corredorzinho,76336,77920,1584,1584,1.0,0,0
77920,79367,1447,0,GE-Phrase,227,77639,79279,1640,1359,0.939,281,88
77920,79367,1447,0,GE-Phrase,228,79279,80954,1675,88,0.061,-1359,-1587
77920,79367,1447,0,NTB,que depois virou,77920,79367,1447,1447,1.0,0,0
79367,79692,325,0,GE-Phrase,228,79279,80954,1675,325,1.0,88,-1262
79367,79692,325,0,NTB,né,79367,79692,325,325,1.0,0,0
79692,81357,1665,0,GE-Phrase,228,79279,80954,1675,1262,0.758,413,403
79692,81357,1665,0,GE-Phrase,229,80954,82638,1684,403,0.242,-1262,-1281
79692,81357,1665,0,NTB,um negócio enorme,79692,81357,1665,1665,1.0,0,0
88201,89296,1095,0,NTB,<cheguei nisso> +,88201,89296,1095,1095,1.0,0,0
93305,94317,1012,0,NTB,achei que eu fosse odiar,93305,94317,1012,1012,1.0,0,0
95089,96173,1084,0,NTB,eu gostei,95089,96173,1084,1084,1.0,0,0
96511,97855,1344,0,GE-Phrase,230,97846,98708,862,9,0.007,-1335,-853
96511,97855,1344,0,NTB,hoje eu vejo que depende &n [/1],96511,97855,1344,1344,1.0,0,0
97855,98199,344,0,GE-Phrase,230,97846,98708,862,344,1.0,9,-509
97855,98199,344,0,NTB,né,97855,98199,344,344,1.0,0,0
98199,98848,649,0,GE-Phrase,230,97846,98708,862,509,0.784,353,140
98199,98848,649,0,GE-Phrase,231,98708,100412,1704,140,0.216,-509,-1564
98199,98848,649,0,NTB,do aluno,98199,98848,649,649,1.0,0,0
98848,100935,2087,0,GE-Phrase,231,98708,100412,1704,1564,0.749,140,523
98848,100935,2087,0,NTB,da interação que cê tem com aluno,98848,100935,2087,2087,1.0,0,0
137105,138339,1234,0,GE-Phrase,235,136803,138001,1198,896,0.726,302,338
137105,138339,1234,0,GE-Phrase,236,138001,139371,1370,338,0.274,-896,-1032
137105,138339,1234,0,NTB,em inglês obviamente,137105,138339,1234,1234,1.0,0,0
138339,139647,1308,0,GE-Phrase,236,138001,139371,1370,1032,0.789,338,276
138339,139647,1308,0,GE-Phrase,237,139371,143181,3810,276,0.211,-1032,-3534
138339,139647,1308,0,NTB,a gente tinha livro e tudo,138339,139647,1308,1308,1.0,0,0
4370,5588,1218,0,GE-Phrase,201,2608,9088,6480,1218,1.0,1762,-3500
4370,5588,1218,0,NTB,aonde a gente ia,4370,5588,1218,1218,1.0,0,0
5588,7444,1856,0,GE-Phrase,201,2608,9088,6480,1856,1.0,2980,-1644
5588,7444,1856,0,NTB,quando a gente era criança,5588,7444,1856,1856,1.0,0,0
76336,77920,1584,0,GE-Phrase,226,76279,77639,1360,1303,0.823,57,281
76336,77920,1584,0,GE-Phrase,227,77639,79279,1640,281,0.177,-1303,-1359
76336,77920,1584,0,NTB,que era só um corredorzinho,76336,77920,1584,1584,1.0,0,0
77920,79367,1447,0,GE-Phrase,227,77639,79279,1640,1359,0.939,281,88
77920,79367,1447,0,GE-Phrase,228,79279,80954,1675,88,0.061,-1359,-1587
77920,79367,1447,0,NTB,que depois virou,77920,79367,1447,1447,1.0,0,0
79367,79692,325,0,GE-Phrase,228,79279,80954,1675,325,1.0,88,-1262
79367,79692,325,0,NTB,né,79367,79692,325,325,1.0,0,0
79692,81357,1665,0,GE-Phrase,228,79279,80954,1675,1262,0.758,413,403
79692,81357,1665,0,GE-Phrase,229,80954,82638,1684,403,0.242,-1262,-1281
79692,81357,1665,0,NTB,um negócio enorme,79692,81357,1665,1665,1.0,0,0
88201,89296,1095,0,NTB,<cheguei nisso> +,88201,89296,1095,1095,1.0,0,0
93305,94317,1012,0,NTB,achei que eu fosse odiar,93305,94317,1012,1012,1.0,0,0
95089,96173,1084,0,NTB,eu gostei,95089,96173,1084,1084,1.0,0,0
96511,97855,1344,0,GE-Phrase,230,97846,98708,862,9,0.007,-1335,-853
96511,97855,1344,0,NTB,hoje eu vejo que depende &n [/1],96511,97855,1344,1344,1.0,0,0
97855,98199,344,0,GE-Phrase,230,97846,98708,862,344,1.0,9,-509
97855,98199,344,0,NTB,né,97855,98199,344,344,1.0,0,0
98199,98848,649,0,GE-Phrase,230,97846,98708,862,509,0.784,353,140
98199,98848,649,0,GE-Phrase,231,98708,100412,1704,140,0.216,-509,-1564
98199,98848,649,0,NTB,do aluno,98199,98848,649,649,1.0,0,0
98848,100935,2087,0,GE-Phrase,231,98708,100412,1704,1564,0.749,140,523
98848,100935,2087,0,NTB,da interação que cê tem com aluno,98848,100935,2087,2087,1.0,0,0
137105,138339,1234,0,GE-Phrase,235,136803,138001,1198,896,0.726,302,338
137105,138339,1234,0,GE-Phrase,236,138001,139371,1370,338,0.274,-896,-1032
137105,138339,1234,0,NTB,em inglês obviamente,137105,138339,1234,1234,1.0,0,0
138339,139647,1308,0,GE-Phrase,236,138001,139371,1370,1032,0.789,338,276
138339,139647,1308,0,GE-Phrase,237,139371,143181,3810,276,0.211,-1032,-3534
138339,139647,1308,0,NTB,a gente tinha livro e tudo,138339,139647,1308,1308,1.0,0,0
4370,5588,1218,0,GE-Phrase,201,2608,9088,6480,1218,1.0,1762,-3500
4370,5588,1218,0,NTB,aonde a gente ia,4370,5588,1218,1218,1.0,0,0
5588,7444,1856,0,GE-Phrase,201,2608,9088,6480,1856,1.0,2980,-1644
5588,7444,1856,0,NTB,quando a gente era criança,5588,7444,1856,1856,1.0,0,0
76336,77920,1584,0,GE-Phrase,226,76279,77639,1360,1303,0.823,57,281
76336,77920,1584,0,GE-Phrase,227,77639,79279,1640,281,0.177,-1303,-1359
76336,77920,1584,0,NTB,que era só um corredorzinho,76336,77920,1584,1584,1.0,0,0
77920,79367,1447,0,GE-Phrase,227,77639,79279,1640,1359,0.939,281,88
77920,79367,1447,0,GE-Phrase,228,79279,80954,1675,88,0.061,-1359,-1587
77920,79367,1447,0,NTB,que depois virou,77920,79367,1447,1447,1.0,0,0
79367,79692,325,0,GE-Phrase,228,79279,80954,1675,325,1.0,88,-1262
79367,79692,325,0,NTB,né,79367,79692,325,325,1.0,0,0
79692,81357,1665,0,GE-Phrase,228,79279,80954,1675,1262,0.758,413,403
79692,81357,1665,0,GE-Phrase,229,80954,82638,1684,403,0.242,-1262,-1281
79692,81357,1665,0,NTB,um negócio enorme,79692,81357,1665,1665,1.0,0,0
88201,89296,1095,0,NTB,<cheguei nisso> +,88201,89296,1095,1095,1.0,0,0
93305,94317,1012,0,NTB,achei que eu fosse odiar,93305,94317,1012,1012,1.0,0,0
95089,96173,1084,0,NTB,eu gostei,95089,96173,1084,1084,1.0,0,0
96511,97855,1344,0,GE-Phrase,230,97846,98708,862,9,0.007,-1335,-853
96511,97855,1344,0,NTB,hoje eu vejo que depende &n [/1],96511,97855,1344,1344,1.0,0,0
97855,98199,344,0,GE-Phrase,230,97846,98708,862,344,1.0,9,-509
97855,98199,344,0,NTB,né,97855,98199,344,344,1.0,0,0
98199,98848,649,0,GE-Phrase,230,97846,98708,862,509,0.784,353,140
98199,98848,649,0,GE-Phrase,231,98708,100412,1704,140,0.216,-509,-1564
98199,98848,649,0,NTB,do aluno,98199,98848,649,649,1.0,0,0
98848,100935,2087,0,GE-Phrase,231,98708,100412,1704,1564,0.749,140,523
98848,100935,2087,0,NTB,da interação que cê tem com aluno,98848,100935,2087,2087,1.0,0,0
137105,138339,1234,0,GE-Phrase,235,136803,138001,1198,896,0.726,302,338
137105,138339,1234,0,GE-Phrase,236,138001,139371,1370,338,0.274,-896,-1032
137105,138339,1234,0,NTB,em inglês obviamente,137105,138339,1234,1234,1.0,0,0
138339,139647,1308,0,GE-Phrase,236,138001,139371,1370,1032,0.789,338,276
138339,139647,1308,0,GE-Phrase,237,139371,143181,3810,276,0.211,-1032,-3534
138339,139647,1308,0,NTB,a gente tinha livro e tudo,138339,139647,1308,1308,1.0,0,0
4370,5588,1218,0,GE-Phrase,201,2608,9088,6480,1218,1.0,1762,-3500
4370,5588,1218,0,NTB,aonde a gente ia,4370,5588,1218,1218,1.0,0,0
5588,7444,1856,0,GE-Phrase,201,2608,9088,6480,1856,1.0,2980,-1644
5588,7444,1856,0,NTB,quando a gente era criança,5588,7444,1856,1856,1.0,0,0
76336,77920,1584,0,GE-Phrase,226,76279,77639,1360,1303,0.823,57,281
76336,77920,1584,0,GE-Phrase,227,77639,79279,1640,281,0.177,-1303,-1359
76336,77920,1584,0,NTB,que era só um corredorzinho,76336,77920,1584,1584,1.0,0,0
77920,79367,1447,0,GE-Phrase,227,77639,79279,1640,1359,0.939,281,88
77920,79367,1447,0,GE-Phrase,228,79279,80954,1675,88,0.061,-1359,-1587
77920,79367,1447,0,NTB,que depois virou,77920,79367,1447,1447,1.0,0,0
79367,79692,325,0,GE-Phrase,228,79279,80954,1675,325,1.0,88,-1262
79367,79692,325,0,NTB,né,79367,79692,325,325,1.0,0,0
79692,81357,1665,0,GE-Phrase,228,79279,80954,1675,1262,0.758,413,403
79692,81357,1665,0,GE-Phrase,229,80954,82638,1684,403,0.242,-1262,-1281
79692,81357,1665,0,NTB,um negócio enorme,79692,81357,1665,1665,1.0,0,0
88201,89296,1095,0,NTB,<cheguei nisso> +,88201,89296,1095,1095,1.0,0,0
93305,94317,1012,0,NTB,achei que eu fosse odiar,93305,94317,1012,1012,1.0,0,0
95089,96173,1084,0,NTB,eu gostei,95089,96173,1084,1084,1.0,0,0
96511,97855,1344,0,GE-Phrase,230,97846,98708,862,9,0.007,-1335,-853
96511,97855,1344,0,NTB,hoje eu vejo que depende &n [/1],96511,97855,1344,1344,1.0,0,0
97855,98199,344,0,GE-Phrase,230,97846,98708,862,344,1.0,9,-509
97855,98199,344,0,NTB,né,97855,98199,344,344,1.0,0,0
98199,98848,649,0,GE-Phrase,230,97846,98708,862,509,0.784,353,140
98199,98848,649,0,GE-Phrase,231,98708,100412,1704,140,0.216,-509,-1564
98199,98848,649,0,NTB,do aluno,98199,98848,649,649,1.0,0,0
98848,100935,2087,0,GE-Phrase,231,98708,100412,1704,1564,0.749,140,523
98848,100935,2087,0,NTB,da interação que cê tem com aluno,98848,100935,2087,2087,1.0,0,0
137105,138339,1234,0,GE-Phrase,235,136803,138001,1198,896,0.726,302,338
137105,138339,1234,0,GE-Phrase,236,138001,139371,1370,338,0.274,-896,-1032
137105,138339,1234,0,NTB,em inglês obviamente,137105,138339,1234,1234,1.0,0,0
138339,139647,1308,0,GE-Phrase,236,138001,139371,1370,1032,0.789,338,276
138339,139647,1308,0,GE-Phrase,237,139371,143181,3810,276,0.211,-1032,-3534
138339,139647,1308,0,NTB,a gente tinha livro e tudo,138339,139647,1308,1308,1.0,0,0
4370,5588,1218,0,GE-Phrase,201,2608,9088,6480,1218,1.0,1762,-3500
4370,5588,1218,0,NTB,aonde a gente ia,4370,5588,1218,1218,1.0,0,0
5588,7444,1856,0,GE-Phrase,201,2608,9088,6480,1856,1.0,2980,-1644
5588,7444,1856,0,NTB,quando a gente era criança,5588,7444,1856,1856,1.0,0,0
76336,77920,1584,0,GE-Phrase,226,76279,77639,1360,1303,0.823,57,281
76336,77920,1584,0,GE-Phrase,227,77639,79279,1640,281,0.177,-1303,-1359
76336,77920,1584,0,NTB,que era só um corredorzinho,76336,77920,1584,1584,1.0,0,0
77920,79367,1447,0,GE-Phrase,227,77639,79279,1640,1359,0.939,281,88
77920,79367,1447,0,GE-Phrase,228,79279,80954,1675,88,0.061,-1359,-1587
77920,79367,1447,0,NTB,que depois virou,77920,79367,1447,1447,1.0,0,0
79367,79692,325,0,GE-Phrase,228,79279,80954,1675,325,1.0,88,-1262
79367,79692,325,0,NTB,né,79367,79692,325,325,1.0,0,0
79692,81357,1665,0,GE-Phrase,228,79279,80954,1675,1262,0.758,413,403
79692,81357,1665,0,GE-Phrase,229,80954,82638,1684,403,0.242,-1262,-1281
79692,81357,1665,0,NTB,um negócio enorme,79692,81357,1665,1665,1.0,0,0
88201,89296,1095,0,NTB,<cheguei nisso> +,88201,89296,1095,1095,1.0,0,0
93305,94317,1012,0,NTB,achei que eu fosse odiar,93305,94317,1012,1012,1.0,0,0
95089,96173,1084,0,NTB,eu gostei,95089,96173,1084,1084,1.0,0,0
96511,97855,1344,0,GE-Phrase,230,97846,98708,862,9,0.007,-1335,-853
96511,97855,1344,0,NTB,hoje eu vejo que depende &n [/1],96511,97855,1344,1344,1.0,0,0
97855,98199,344,0,GE-Phrase,230,97846,98708,862,344,1.0,9,-509
97855,98199,344,0,NTB,né,97855,98199,344,344,1.0,0,0
98199,98848,649,0,GE-Phrase,230,97846,98708,862,509,0.784,353,140
98199,98848,649,0,GE-Phrase,231,98708,100412,1704,140,0.216,-509,-1564
98199,98848,649,0,NTB,do aluno,98199,98848,649,649,1.0,0,0
98848,100935,2087,0,GE-Phrase,231,98708,100412,1704,1564,0.749,140,523
98848,100935,2087,0,NTB,da interação que cê tem com aluno,98848,100935,2087,2087,1.0,0,0
137105,138339,1234,0,GE-Phrase,235,136803,138001,1198,896,0.726,302,338
137105,138339,1234,0,GE-Phrase,236,138001,139371,1370,338,0.274,-896,-1032
137105,138339,1234,0,NTB,em inglês obviamente,137105,138339,1234,1234,1.0,0,0
138339,139647,1308,0,GE-Phrase,236,138001,139371,1370,1032,0.789,338,276
138339,139647,1308,0,GE-Phrase,237,139371,143181,3810,276,0.211,-1032,-3534
138339,139647,1308,0,NTB,a gente tinha livro e tudo,138339,139647,1308,1308,1.0,0,0
4370,5588,1218,0,GE-Phrase,201,2608,9088,6480,1218,1.0,1762,-3500
4370,5588,1218,0,NTB,aonde a gente ia,4370,5588,1218,1218,1.0,0,0
5588,7444,1856,0,GE-Phrase,201,2608,9088,6480,1856,1.0,2980,-1644
5588,7444,1856,0,NTB,quando a gente era criança,5588,7444,1856,1856,1.0,0,0
76336,77920,1584,0,GE-Phrase,226,76279,77639,1360,1303,0.823,57,281
76336,77920,1584,0,GE-Phrase,227,77639,79279,1640,281,0.177,-1303,-1359
76336,77920,1584,0,NTB,que era só um corredorzinho,76336,77920,1584,1584,1.0,0,0
77920,79367,1447,0,GE-Phrase,227,77639,79279,1640,1359,0.939,281,88
77920,79367,1447,0,GE-Phrase,228,79279,80954,1675,88,0.061,-1359,-1587
77920,79367,1447,0,NTB,que depois virou,77920,79367,1447,1447,1.0,0,0
79367,79692,325,0,GE-Phrase,228,79279,80954,1675,325,1.0,88,-1262
79367,79692,325,0,NTB,né,79367,79692,325,325,1.0,0,0
79692,81357,1665,0,GE-Phrase,228,79279,80954,1675,1262,0.758,413,403
79692,81357,1665,0,GE-Phrase,229,80954,82638,1684,403,0.242,-1262,-1281
79692,81357,1665,0,NTB,um negócio enorme,79692,81357,1665,1665,1.0,0,0
88201,89296,1095,0,NTB,<cheguei nisso> +,88201,89296,1095,1095,1.0,0,0
93305,94317,1012,0,NTB,achei que eu fosse odiar,93305,94317,1012,1012,1.0,0,0
95089,96173,1084,0,NTB,eu gostei,95089,96173,1084,1084,1.0,0,0
96511,97855,1344,0,GE-Phrase,230,97846,98708,862,9,0.007,-1335,-853
96511,97855,1344,0,NTB,hoje eu vejo que depende &n [/1],96511,97855,1344,1344,1.0,0,0
97855,98199,344,0,GE-Phrase,230,97846,98708,862,344,1.0,9,-509
97855,98199,344,0,NTB,né,97855,98199,344,344,1.0,0,0
98199,98848,649,0,GE-Phrase,230,97846,98708,862,509,0.784,353,140
98199,98848,649,0,GE-Phrase,231,98708,100412,1704,140,0.216,-509,-1564
98199,98848,649,0,NTB,do aluno,98199,98848,649,649,1.0,0,0
98848,100935,2087,0,GE-Phrase,231,98708,100412,1704,1564,0.749,140,523
98848,100935,2087,0,NTB,da interação que cê tem com aluno,98848,100935,2087,2087,1.0,0,0
137105,138339,1234,0,GE-Phrase,235,136803,138001,1198,896,0.726,302,338
137105,138339,1234,0,GE-Phrase,236,138001,139371,1370,338,0.274,-896,-1032
137105,138339,1234,0,NTB,em inglês obviamente,137105,138339,1234,1234,1.0,0,0
138339,139647,1308,0,GE-Phrase,236,138001,139371,1370,1032,0.789,338,276
138339,139647,1308,0,GE-Phrase,237,139371,143181,3810,276,0.211,-1032,-3534
138339,139647,1308,0,NTB,a gente tinha livro e tudo,138339,139647,1308,1308,1.0,0,0
4370,5588,1218,0,GE-Phrase,201,2608,9088,6480,1218,1.0,1762,-3500
4370,5588,1218,0,NTB,aonde a gente ia,4370,5588,1218,1218,1.0,0,0
5588,7444,1856,0,GE-Phrase,201,2608,9088,6480,1856,1.0,2980,-1644
5588,7444,1856,0,NTB,quando a gente era criança,5588,7444,1856,1856,1.0,0,0
76336,77920,1584,0,GE-Phrase,226,76279,77639,1360,1303,0.823,57,281
76336,77920,1584,0,GE-Phrase,227,77639,79279,1640,281,0.177,-1303,-1359
76336,77920,1584,0,NTB,que era só um corredorzinho,76336,77920,1584,1584,1.0,0,0
77920,79367,1447,0,GE-Phrase,227,77639,79279,1640,1359,0.939,281,88
77920,79367,1447,0,GE-Phrase,228,79279,80954,1675,88,0.061,-1359,-1587
77920,79367,1447,0,NTB,que depois virou,77920,79367,1447,1447,1.0,0,0
79367,79692,325,0,GE-Phrase,228,79279,80954,1675,325,1.0,88,-1262
79367,79692,325,0,NTB,né,79367,79692,325,325,1.0,0,0
79692,81357,1665,0,GE-Phrase,228,79279,80954,1675,1262,0.758,413,403
79692,81357,1665,0,GE-Phrase,229,80954,82638,1684,403,0.242,-1262,-1281
79692,81357,1665,0,NTB,um negócio enorme,79692,81357,1665,1665,1.0,0,0
88201,89296,1095,0,NTB,<cheguei nisso> +,88201,89296,1095,1095,1.0,0,0
93305,94317,1012,0,NTB,achei que eu fosse odiar,93305,94317,1012,1012,1.0,0,0
95089,96173,1084,0,NTB,eu gostei,95089,96173,1084,1084,1.0,0,0
96511,97855,1344,0,GE-Phrase,230,97846,98708,862,9,0.007,-1335,-853
96511,97855,1344,0,NTB,hoje eu vejo que depende &n [/1],96511,97855,1344,1344,1.0,0,0
97855,98199,344,0,GE-Phrase,230,97846,98708,862,344,1.0,9,-509
97855,98199,344,0,NTB,né,97855,98199,344,344,1.0,0,0
98199,98848,649,0,GE-Phrase,230,97846,98708,862,509,0.784,353,140
98199,98848,649,0,GE-Phrase,231,98708,100412,1704,140,0.216,-509,-1564
98199,98848,649,0,NTB,do aluno,98199,98848,649,649,1.0,0,0
98848,100935,2087,0,GE-Phrase,231,98708,100412,1704,1564,0.749,140,523
98848,100935,2087,0,NTB,da interação que cê tem com aluno,98848,100935,2087,2087,1.0,0,0
137105,138339,1234,0,GE-Phrase,235,136803,138001,1198,896,0.726,302,338
137105,138339,1234,0,GE-Phrase,236,138001,139371,1370,338,0.274,-896,-1032
137105,138339,1234,0,NTB,em inglês obviamente,137105,138339,1234,1234,1.0,0,0
138339,139647,1308,0,GE-Phrase,236,138001,139371,1370,1032,0.789,338,276
138339,139647,1308,0,GE-Phrase,237,139371,143181,3810,276,0.211,-1032,-3534
138339,139647,1308,0,NTB,a gente tinha livro e tudo,138339,139647,1308,1308,1.0,0,0
4370,5588,1218,0,GE-Phrase,201,2608,9088,6480,1218,1.0,1762,-3500
4370,5588,1218,0,NTB,aonde a gente ia,4370,5588,1218,1218,1.0,0,0
5588,7444,1856,0,GE-Phrase,201,2608,9088,6480,1856,1.0,2980,-1644
5588,7444,1856,0,NTB,quando a gente era criança,5588,7444,1856,1856,1.0,0,0
76336,77920,1584,0,GE-Phrase,226,76279,77639,1360,1303,0.823,57,281
76336,77920,1584,0,GE-Phrase,227,77639,79279,1640,281,0.177,-1303,-1359
76336,77920,1584,0,NTB,que era só um corredorzinho,76336,77920,1584,1584,1.0,0,0
77920,79367,1447,0,GE-Phrase,227,77639,79279,1640,1359,0.939,281,88
77920,79367,1447,0,GE-Phrase,228,79279,80954,1675,88,0.061,-1359,-1587
77920,79367,1447,0,NTB,que depois virou,77920,79367,1447,1447,1.0,0,0
79367,79692,325,0,GE-Phrase,228,79279,80954,1675,325,1.0,88,-1262
79367,79692,325,0,NTB,né,79367,79692,325,325,1.0,0,0
79692,81357,1665,0,GE-Phrase,228,79279,80954,1675,1262,0.758,413,403
79692,81357,1665,0,GE-Phrase,229,80954,82638,1684,403,0.242,-1262,-1281
79692,81357,1665,0,NTB,um negócio enorme,79692,81357,1665,1665,1.0,0,0
88201,89296,1095,0,NTB,<cheguei nisso> +,88201,89296,1095,1095,1.0,0,0
93305,94317,1012,0,NTB,achei que eu fosse odiar,93305,94317,1012,1012,1.0,0,0
95089,96173,1084,0,NTB,eu gostei,95089,96173,1084,1084,1.0,0,0
96511,97855,1344,0,GE-Phrase,230,97846,98708,862,9,0.007,-1335,-853
96511,97855,1344,0,NTB,hoje eu vejo que depende &n [/1],96511,97855,1344,1344,1.0,0,0
97855,98199,344,0,GE-Phrase,230,97846,98708,862,344,1.0,9,-509
97855,98199,344,0,NTB,né,97855,98199,344,344,1.0,0,0
98199,98848,649,0,GE-Phrase,230,97846,98708,862,509,0.784,353,140
98199,98848,649,0,GE-Phrase,231,98708,100412,1704,140,0.216,-509,-1564
98199,98848,649,0,NTB,do aluno,98199,98848,649,649,1.0,0,0
98848,100935,2087,0,GE-Phrase,231,98708,100412,1704,1564,0.749,140,523
98848,100935,2087,0,NTB,da interação que cê tem com aluno,98848,100935,2087,2087,1.0,0,0
137105,138339,1234,0,GE-Phrase,235,136803,138001,1198,896,0.726,302,338
137105,138339,1234,0,GE-Phrase,236,138001,139371,1370,338,0.274,-896,-1032
137105,138339,1234,0,NTB,em inglês obviamente,137105,138339,1234,1234,1.0,0,0
138339,139647,1308,0,GE-Phrase,236,138001,139371,1370,1032,0.789,338,276
138339,139647,1308,0,GE-Phrase,237,139371,143181,3810,276,0.211,-1032,-3534
138339,139647,1308,0,NTB,a gente tinha livro e tudo,138339,139647,1308,1308,1.0,0,0
4370,5588,1218,0,GE-Phrase,201,2608,9088,6480,1218,1.0,1762,-3500
4370,5588,1218,0,NTB,aonde a gente ia,4370,5588,1218,1218,1.0,0,0
5588,7444,1856,0,GE-Phrase,201,2608,9088,6480,1856,1.0,2980,-1644
5588,7444,1856,0,NTB,quando a gente era criança,5588,7444,1856,1856,1.0,0,0
76336,77920,1584,0,GE-Phrase,226,76279,77639,1360,1303,0.823,57,281
76336,77920,1584,0,GE-Phrase,227,77639,79279,1640,281,0.177,-1303,-1359
76336,77920,1584,0,NTB,que era só um corredorzinho,76336,77920,1584,1584,1.0,0,0
77920,79367,1447,0,GE-Phrase,227,77639,79279,1640,1359,0.939,281,88
77920,79367,1447,0,GE-Phrase,228,79279,80954,1675,88,0.061,-1359,-1587
77920,79367,1447,0,NTB,que depois virou,77920,79367,1447,1447,1.0,0,0
79367,79692,325,0,GE-Phrase,228,79279,80954,1675,325,1.0,88,-1262
79367,79692,325,0,NTB,né,79367,79692,325,325,1.0,0,0
79692,81357,1665,0,GE-Phrase,228,79279,80954,1675,1262,0.758,413,403
79692,81357,1665,0,GE-Phrase,229,80954,82638,1684,403,0.242,-1262,-1281
79692,81357,1665,0,NTB,um negócio enorme,79692,81357,1665,1665,1.0,0,0
88201,89296,1095,0,NTB,<cheguei nisso> +,88201,89296,1095,1095,1.0,0,0
93305,94317,1012,0,NTB,achei que eu fosse odiar,93305,94317,1012,1012,1.0,0,0
95089,96173,1084,0,NTB,eu gostei,95089,96173,1084,1084,1.0,0,0
96511,97855,1344,0,GE-Phrase,230,97846,98708,862,9,0.007,-1335,-853
96511,97855,1344,0,NTB,hoje eu vejo que depende &n [/1],96511,97855,1344,1344,1.0,0,0
97855,98199,344,0,GE-Phrase,230,97846,98708,862,344,1.0,9,-509
97855,98199,344,0,NTB,né,97855,98199,344,344,1.0,0,0
98199,98848,649,0,GE-Phrase,230,97846,98708,862,509,0.784,353,140
98199,98848,649,0,GE-Phrase,231,98708,100412,1704,140,0.216,-509,-1564
98199,98848,649,0,NTB,do aluno,98199,98848,649,649,1.0,0,0
98848,100935,2087,0,GE-Phrase,231,98708,100412,1704,1564,0.749,140,523
98848,100935,2087,0,NTB,da interação que cê tem com aluno,98848,100935,2087,2087,1.0,0,0
137105,138339,1234,0,GE-Phrase,235,136803,138001,1198,896,0.726,302,338
137105,138339,1234,0,GE-Phrase,236,138001,139371,1370,338,0.274,-896,-1032
137105,138339,1234,0,NTB,em inglês obviamente,137105,138339,1234,1234,1.0,0,0
138339,139647,1308,0,GE-Phrase,236,138001,139371,1370,1032,0.789,338,276
138339,139647,1308,0,GE-Phrase,237,139371,143181,3810,276,0.211,-1032,-3534
138339,139647,1308,0,NTB,a gente tinha livro e tudo,138339,139647,1308,1308,1.0,0,0
4370,5588,1218,0,GE-Phrase,201,2608,9088,6480,1218,1.0,1762,-3500
4370,5588,1218,0,NTB,aonde a gente ia,4370,5588,1218,1218,1.0,0,0
5588,7444,1856,0,GE-Phrase,201,2608,9088,6480,1856,1.0,2980,-1644
5588,7444,1856,0,NTB,quando a gente era criança,5588,7444,1856,1856,1.0,0,0
76336,77920,1584,0,GE-Phrase,226,76279,77639,1360,1303,0.823,57,281
76336,77920,1584,0,GE-Phrase,227,77639,79279,1640,281,0.177,-1303,-1359
76336,77920,1584,0,NTB,que era só um corredorzinho,76336,77920,1584,1584,1.0,0,0
77920,79367,1447,0,GE-Phrase,227,77639,79279,1640,1359,0.939,281,88
77920,79367,1447,0,GE-Phrase,228,79279,80954,1675,88,0.061,-1359,-1587
77920,79367,1447,0,NTB,que depois virou,77920,79367,1447,1447,1.0,0,0
79367,79692,325,0,GE-Phrase,228,79279,80954,1675,325,1.0,88,-1262
79367,79692,325,0,NTB,né,79367,79692,325,325,1.0,0,0
79692,81357,1665,0,GE-Phrase,228,79279,80954,1675,1262,0.758,413,403
79692,81357,1665,0,GE-Phrase,229,80954,82638,1684,403,0.242,-1262,-1281
79692,81357,1665,0,NTB,um negócio enorme,79692,81357,1665,1665,1.0,0,0
88201,89296,1095,0,NTB,<cheguei nisso> +,88201,89296,1095,1095,1.0,0,0
93305,94317,1012,0,NTB,achei que eu fosse odiar,93305,94317,1012,1012,1.0,0,0
95089,96173,1084,0,NTB,eu gostei,95089,96173,1084,1084,1.0,0,0
96511,97855,1344,0,GE-Phrase,230,97846,98708,862,9,0.007,-1335,-853
96511,97855,1344,0,NTB,hoje eu vejo que depende &n [/1],96511,97855,1344,1344,1.0,0,0
97855,98199,344,0,GE-Phrase,230,97846,98708,862,344,1.0,9,-509
97855,98199,344,0,NTB,né,97855,98199,344,344,1.0,0,0
98199,98848,649,0,GE-Phrase,230,97846,98708,862,509,0.784,353,140
98199,98848,649,0,GE-Phrase,231,98708,100412,1704,140,0.216,-509,-1564
98199,98848,649,0,NTB,do aluno,98199,98848,649,649,1.0,0,0
98848,100935,2087,0,GE-Phrase,231,98708,100412,1704,1564,0.749,140,523
98848,100935,2087,0,NTB,da interação que cê tem com aluno,98848,100935,2087,2087,1.0,0,0
137105,138339,1234,0,GE-Phrase,235,136803,138001,1198,896,0.726,302,338
137105,138339,1234,0,GE-Phrase,236,138001,139371,1370,338,0.274,-896,-1032
137105,138339,1234,0,NTB,em inglês obviamente,137105,138339,1234,1234,1.0,0,0
138339,139647,1308,0,GE-Phrase,236,138001,139371,1370,1032,0.789,338,276
138339,139647,1308,0,GE-Phrase,237,139371,143181,3810,276,0.211,-1032,-3534
138339,139647,1308,0,NTB,a gente tinha livro e tudo,138339,139647,1308,1308,1.0,0,0
4370,5588,1218,0,GE-Phrase,201,2608,9088,6480,1218,1.0,1762,-3500
4370,5588,1218,0,NTB,aonde a gente ia,4370,5588,1218,1218,1.0,0,0
5588,7444,1856,0,GE-Phrase,201,2608,9088,6480,1856,1.0,2980,-1644
5588,7444,1856,0,NTB,quando a gente era criança,5588,7444,1856,1856,1.0,0,0
76336,77920,1584,0,GE-Phrase,226,76279,77639,1360,1303,0.823,57,281
76336,77920,1584,0,GE-Phrase,227,77639,79279,1640,281,0.177,-1303,-1359
76336,77920,1584,0,NTB,que era só um corredorzinho,76336,77920,1584,1584,1.0,0,0
77920,79367,1447,0,GE-Phrase,227,77639,79279,1640,1359,0.939,281,88
77920,79367,1447,0,GE-Phrase,228,79279,80954,1675,88,0.061,-1359,-1587
77920,79367,1447,0,NTB,que depois virou,77920,79367,1447,1447,1.0,0,0
79367,79692,325,0,GE-Phrase,228,79279,80954,1675,325,1.0,88,-1262
79367,79692,325,0,NTB,né,79367,79692,325,325,1.0,0,0
79692,81357,1665,0,GE-Phrase,228,79279,80954,1675,1262,0.758,413,403
79692,81357,1665,0,GE-Phrase,229,80954,82638,1684,403,0.242,-1262,-1281
79692,81357,1665,0,NTB,um negócio enorme,79692,81357,1665,1665,1.0,0,0
88201,89296,1095,0,NTB,<cheguei nisso> +,88201,89296,1095,1095,1.0,0,0
93305,94317,1012,0,NTB,achei que eu fosse odiar,93305,94317,1012,1012,1.0,0,0
95089,96173,1084,0,NTB,eu gostei,95089,96173,1084,1084,1.0,0,0
96511,97855,1344,0,GE-Phrase,230,97846,98708,862,9,0.007,-1335,-853
96511,97855,1344,0,NTB,hoje eu vejo que depende &n [/1],96511,97855,1344,1344,1.0,0,0
97855,98199,344,0,GE-Phrase,230,97846,98708,862,344,1.0,9,-509
97855,98199,344,0,NTB,né,97855,98199,344,344,1.0,0,0
98199,98848,649,0,GE-Phrase,230,97846,98708,862,509,0.784,353,140
98199,98848,649,0,GE-Phrase,231,98708,100412,1704,140,0.216,-509,-1564
98199,98848,649,0,NTB,do aluno,98199,98848,649,649,1.0,0,0
98848,100935,2087,0,GE-Phrase,231,98708,100412,1704,1564,0.749,140,523
98848,100935,2087,0,NTB,da interação que cê tem com aluno,98848,100935,2087,2087,1.0,0,0
137105,138339,1234,0,GE-Phrase,235,136803,138001,1198,896,0.726,302,338
137105,138339,1234,0,GE-Phrase,236,138001,139371,1370,338,0.274,-896,-1032
137105,138339,1234,0,NTB,em inglês obviamente,137105,138339,1234,1234,1.0,0,0
138339,139647,1308,0,GE-Phrase,236,138001,139371,1370,1032,0.789,338,276
138339,139647,1308,0,GE-Phrase,237,139371,143181,3810,276,0.211,-1032,-3534
138339,139647,1308,0,NTB,a gente tinha livro e tudo,138339,139647,1308,1308,1.0,0,0
4370,5588,1218,0,GE-Phrase,201,2608,9088,6480,1218,1.0,1762,-3500
4370,5588,1218,0,NTB,aonde a gente ia,4370,5588,1218,1218,1.0,0,0
5588,7444,1856,0,GE-Phrase,201,2608,9088,6480,1856,1.0,2980,-1644
5588,7444,1856,0,NTB,quando a gente era criança,5588,7444,1856,1856,1.0,0,0
76336,77920,1584,0,GE-Phrase,226,76279,77639,1360,1303,0.823,57,281
76336,77920,1584,0,GE-Phrase,227,77639,79279,1640,281,0.177,-1303,-1359
76336,77920,1584,0,NTB,que era só um corredorzinho,76336,77920,1584,1584,1.0,0,0
77920,79367,1447,0,GE-Phrase,227,77639,79279,1640,1359,0.939,281,88
77920,79367,1447,0,GE-Phrase,228,79279,80954,1675,88,0.061,-1359,-1587
77920,79367,1447,0,NTB,que depois virou,77920,79367,1447,1447,1.0,0,0
79367,79692,325,0,GE-Phrase,228,79279,80954,1675,325,1.0,88,-1262
79367,79692,325,0,NTB,né,79367,79692,325,325,1.0,0,0
79692,81357,1665,0,GE-Phrase,228,79279,80954,1675,1262,0.758,413,403
79692,81357,1665,0,GE-Phrase,229,80954,82638,1684,403,0.242,-1262,-1281
79692,81357,1665,0,NTB,um negócio enorme,79692,81357,1665,1665,1.0,0,0
88201,89296,1095,0,NTB,<cheguei nisso> +,88201,89296,1095,1095,1.0,0,0
93305,94317,1012,0,NTB,achei que eu fosse odiar,93305,94317,1012,1012,1.0,0,0
95089,96173,1084,0,NTB,eu gostei,95089,96173,1084,1084,1.0,0,0
96511,97855,1344,0,GE-Phrase,230,97846,98708,862,9,0.007,-1335,-853
96511,97855,1344,0,NTB,hoje eu vejo que depende &n [/1],96511,97855,1344,1344,1.0,0,0
97855,98199,344,0,GE-Phrase,230,97846,98708,862,344,1.0,9,-509
97855,98199,344,0,NTB,né,97855,98199,344,344,1.0,0,0
98199,98848,649,0,GE-Phrase,230,97846,98708,862,509,0.784,353,140
98199,98848,649,0,GE-Phrase,231,98708,100412,1704,140,0.216,-509,-1564
98199,98848,649,0,NTB,do aluno,98199,98848,649,649,1.0,0,0
98848,100935,2087,0,GE-Phrase,231,98708,100412,1704,1564,0.749,140,523
98848,100935,2087,0,NTB,da interação que cê tem com aluno,98848,100935,2087,2087,1.0,0,0
137105,138339,1234,0,GE-Phrase,235,136803,138001,1198,896,0.726,302,338
137105,138339,1234,0,GE-Phrase,236,138001,139371,1370,338,0.274,-896,-1032
137105,138339,1234,0,NTB,em inglês obviamente,137105,138339,1234,1234,1.0,0,0
138339,139647,1308,0,GE-Phrase,236,138001,139371,1370,1032,0.789,338,276
138339,139647,1308,0,GE-Phrase,237,139371,143181,3810,276,0.211,-1032,-3534
138339,139647,1308,0,NTB,a gente tinha livro e tudo,138339,139647,1308,1308,1.0,0,0
4370,5588,1218,0,GE-Phrase,201,2608,9088,6480,1218,1.0,1762,-3500
4370,5588,1218,0,NTB,aonde a gente ia,4370,5588,1218,1218,1.0,0,0
5588,7444,1856,0,GE-Phrase,201,2608,9088,6480,1856,1.0,2980,-1644
5588,7444,1856,0,NTB,quando a gente era criança,5588,7444,1856,1856,1.0,0,0
76336,77920,1584,0,GE-Phrase,226,76279,77639,1360,1303,0.823,57,281
76336,77920,1584,0,GE-Phrase,227,77639,79279,1640,281,0.177,-1303,-1359
76336,77920,1584,0,NTB,que era só um corredorzinho,76336,77920,1584,1584,1.0,0,0
77920,79367,1447,0,GE-Phrase,227,77639,79279,1640,1359,0.939,281,88
77920,79367,1447,0,GE-Phrase,228,79279,80954,1675,88,0.061,-1359,-1587
77920,79367,1447,0,NTB,que depois virou,77920,79367,1447,1447,1.0,0,0
79367,79692,325,0,GE-Phrase,228,79279,80954,1675,325,1.0,88,-1262
79367,79692,325,0,NTB,né,79367,79692,325,325,1.0,0,0
79692,81357,1665,0,GE-Phrase,228,79279,80954,1675,1262,0.758,413,403
79692,81357,1665,0,GE-Phrase,229,80954,82638,1684,403,0.242,-1262,-1281
79692,81357,1665,0,NTB,um negócio enorme,79692,81357,1665,1665,1.0,0,0
88201,89296,1095,0,NTB,<cheguei nisso> +,88201,89296,1095,1095,1.0,0,0
93305,94317,1012,0,NTB,achei que eu fosse odiar,93305,94317,1012,1012,1.0,0,0
95089,96173,1084,0,NTB,eu gostei,95089,96173,1084,1084,1.0,0,0
96511,97855,1344,0,GE-Phrase,230,97846,98708,862,9,0.007,-1335,-853
96511,97855,1344,0,NTB,hoje eu vejo que depende &n [/1],96511,97855,1344,1344,1.0,0,0
97855,98199,344,0,GE-Phrase,230,97846,98708,862,344,1.0,9,-509
97855,98199,344,0,NTB,né,97855,98199,344,344,1.0,0,0
98199,98848,649,0,GE-Phrase,230,97846,98708,862,509,0.784,353,140
98199,98848,649,0,GE-Phrase,231,98708,100412,1704,140,0.216,-509,-1564
98199,98848,649,0,NTB,do aluno,98199,98848,649,649,1.0,0,0
98848,100935,2087,0,GE-Phrase,231,98708,100412,1704,1564,0.749,140,523
98848,100935,2087,0,NTB,da interação que cê tem com aluno,98848,100935,2087,2087,1.0,0,0
137105,138339,1234,0,GE-Phrase,235,136803,138001,1198,896,0.726,302,338
137105,138339,1234,0,GE-Phrase,236,138001,139371,1370,338,0.274,-896,-1032
137105,138339,1234,0,NTB,em inglês obviamente,137105,138339,1234,1234,1.0,0,0
138339,139647,1308,0,GE-Phrase,236,138001,139371,1370,1032,0.789,338,276
138339,139647,1308,0,GE-Phrase,237,139371,143181,3810,276,0.211,-1032,-3534
138339,139647,1308,0,NTB,a gente tinha livro e tudo,138339,139647,1308,1308,1.0,0,0
4370,5588,1218,0,GE-Phrase,201,2608,9088,6480,1218,1.0,1762,-3500
4370,5588,1218,0,NTB,aonde a gente ia,4370,5588,1218,1218,1.0,0,0
5588,7444,1856,0,GE-Phrase,201,2608,9088,6480,1856,1.0,2980,-1644
5588,7444,1856,0,NTB,quando a gente era criança,5588,7444,1856,1856,1.0,0,0
76336,77920,1584,0,GE-Phrase,226,76279,77639,1360,1303,0.823,57,281
76336,77920,1584,0,GE-Phrase,227,77639,79279,1640,281,0.177,-1303,-1359
76336,77920,1584,0,NTB,que era só um corredorzinho,76336,77920,1584,1584,1.0,0,0
77920,79367,1447,0,GE-Phrase,227,77639,79279,1640,1359,0.939,281,88
77920,79367,1447,0,GE-Phrase,228,79279,80954,1675,88,0.061,-1359,-1587
77920,79367,1447,0,NTB,que depois virou,77920,79367,1447,1447,1.0,0,0
79367,79692,325,0,GE-Phrase,228,79279,80954,1675,325,1.0,88,-1262
79367,79692,325,0,NTB,né,79367,79692,325,325,1.0,0,0
79692,81357,1665,0,GE-Phrase,228,79279,80954,1675,1262,0.758,413,403
79692,81357,1665,0,GE-Phrase,229,80954,82638,1684,403,0.242,-1262,-1281
79692,81357,1665,0,NTB,um negócio enorme,79692,81357,1665,1665,1.0,0,0
88201,89296,1095,0,NTB,<cheguei nisso> +,88201,89296,1095,1095,1.0,0,0
93305,94317,1012,0,NTB,achei que eu fosse odiar,93305,94317,1012,1012,1.0,0,0
95089,96173,1084,0,NTB,eu gostei,95089,96173,1084,1084,1.0,0,0
96511,97855,1344,0,GE-Phrase,230,97846,98708,862,9,0.007,-1335,-853
96511,97855,1344,0,NTB,hoje eu vejo que depende &n [/1],96511,97855,1344,1344,1.0,0,0
97855,98199,344,0,GE-Phrase,230,97846,98708,862,344,1.0,9,-509
97855,98199,344,0,NTB,né,97855,98199,344,344,1.0,0,0
98199,98848,649,0,GE-Phrase,230,97846,98708,862,509,0.784,353,140
98199,98848,649,0,GE-Phrase,231,98708,100412,1704,140,0.216,-509,-1564
98199,98848,649,0,NTB,do aluno,98199,98848,649,649,1.0,0,0
98848,100935,2087,0,GE-Phrase,231,98708,100412,1704,1564,0.749,140,523
98848,100935,2087,0,NTB,da interação que cê tem com aluno,98848,100935,2087,2087,1.0,0,0
137105,138339,1234,0,GE-Phrase,235,136803,138001,1198,896,0.726,302,338
137105,138339,1234,0,GE-Phrase,236,138001,139371,1370,338,0.274,-896,-1032
137105,138339,1234,0,NTB,em inglês obviamente,137105,138339,1234,1234,1.0,0,0
138339,139647,1308,0,GE-Phrase,236,138001,139371,1370,1032,0.789,338,276
138339,139647,1308,0,GE-Phrase,237,139371,143181,3810,276,0.211,-1032,-3534
138339,139647,1308,0,NTB,a gente tinha livro e tudo,138339,139647,1308,1308,1.0,0,0
4370,5588,1218,0,GE-Phrase,201,2608,9088,6480,1218,1.0,1762,-3500
4370,5588,1218,0,NTB,aonde a gente ia,4370,5588,1218,1218,1.0,0,0
5588,7444,1856,0,GE-Phrase,201,2608,9088,6480,1856,1.0,2980,-1644
5588,7444,1856,0,NTB,quando a gente era criança,5588,7444,1856,1856,1.0,0,0
76336,77920,1584,0,GE-Phrase,226,76279,77639,1360,1303,0.823,57,281
76336,77920,1584,0,GE-Phrase,227,77639,79279,1640,281,0.177,-1303,-1359
76336,77920,1584,0,NTB,que era só um corredorzinho,76336,77920,1584,1584,1.0,0,0
77920,79367,1447,0,GE-Phrase,227,77639,79279,1640,1359,0.939,281,88
77920,79367,1447,0,GE-Phrase,228,79279,80954,1675,88,0.061,-1359,-1587
77920,79367,1447,0,NTB,que depois virou,77920,79367,1447,1447,1.0,0,0
79367,79692,325,0,GE-Phrase,228,79279,80954,1675,325,1.0,88,-1262
79367,79692,325,0,NTB,né,79367,79692,325,325,1.0,0,0
79692,81357,1665,0,GE-Phrase,228,79279,80954,1675,1262,0.758,413,403
79692,81357,1665,0,GE-Phrase,229,80954,82638,1684,403,0.242,-1262,-1281
79692,81357,1665,0,NTB,um negócio enorme,79692,81357,1665,1665,1.0,0,0
88201,89296,1095,0,NTB,<cheguei nisso> +,88201,89296,1095,1095,1.0,0,0
93305,94317,1012,0,NTB,achei que eu fosse odiar,93305,94317,1012,1012,1.0,0,0
95089,96173,1084,0,NTB,eu gostei,95089,96173,1084,1084,1.0,0,0
96511,97855,1344,0,GE-Phrase,230,97846,98708,862,9,0.007,-1335,-853
96511,97855,1344,0,NTB,hoje eu vejo que depende &n [/1],96511,97855,1344,1344,1.0,0,0
97855,98199,344,0,GE-Phrase,230,97846,98708,862,344,1.0,9,-509
97855,98199,344,0,NTB,né,97855,98199,344,344,1.0,0,0
98199,98848,649,0,GE-Phrase,230,97846,98708,862,509,0.784,353,140
98199,98848,649,0,GE-Phrase,231,98708,100412,1704,140,0.216,-509,-1564
98199,98848,649,0,NTB,do aluno,98199,98848,649,649,1.0,0,0
98848,100935,2087,0,GE-Phrase,231,98708,100412,1704,1564,0.749,140,523
98848,100935,2087,0,NTB,da interação que cê tem com aluno,98848,100935,2087,2087,1.0,0,0
137105,138339,1234,0,GE-Phrase,235,136803,138001,1198,896,0.726,302,338
137105,138339,1234,0,GE-Phrase,236,138001,139371,1370,338,0.274,-896,-1032
137105,138339,1234,0,NTB,em inglês obviamente,137105,138339,1234,1234,1.0,0,0
138339,139647,1308,0,GE-Phrase,236,138001,139371,1370,1032,0.789,338,276
138339,139647,1308,0,GE-Phrase,237,139371,143181,3810,276,0.211,-1032,-3534
138339,139647,1308,0,NTB,a gente tinha livro e tudo,138339,139647,1308,1308,1.0,0,0
4370,5588,1218,0,GE-Phrase,201,2608,9088,6480,1218,1.0,1762,-3500
4370,5588,1218,0,NTB,aonde a gente ia,4370,5588,1218,1218,1.0,0,0
5588,7444,1856,0,GE-Phrase,201,2608,9088,6480,1856,1.0,2980,-1644
5588,7444,1856,0,NTB,quando a gente era criança,5588,7444,1856,1856,1.0,0,0
76336,77920,1584,0,GE-Phrase,226,76279,77639,1360,1303,0.823,57,281
76336,77920,1584,0,GE-Phrase,227,77639,79279,1640,281,0.177,-1303,-1359
76336,77920,1584,0,NTB,que era só um corredorzinho,76336,77920,1584,1584,1.0,0,0
77920,79367,1447,0,GE-Phrase,227,77639,79279,1640,1359,0.939,281,88
77920,79367,1447,0,GE-Phrase,228,79279,80954,1675,88,0.061,-1359,-1587
77920,79367,1447,0,NTB,que depois virou,77920,79367,1447,1447,1.0,0,0
79367,79692,325,0,GE-Phrase,228,79279,80954,1675,325,1.0,88,-1262
79367,79692,325,0,NTB,né,79367,79692,325,325,1.0,0,0
79692,81357,1665,0,GE-Phrase,228,79279,80954,1675,1262,0.758,413,403
79692,81357,1665,0,GE-Phrase,229,80954,82638,1684,403,0.242,-1262,-1281
79692,81357,1665,0,NTB,um negócio enorme,79692,81357,1665,1665,1.0,0,0
88201,89296,1095,0,NTB,<cheguei nisso> +,88201,89296,1095,1095,1.0,0,0
93305,94317,1012,0,NTB,achei que eu fosse odiar,93305,94317,1012,1012,1.0,0,0
95089,96173,1084,0,NTB,eu gostei,95089,96173,1084,1084,1.0,0,0
96511,97855,1344,0,GE-Phrase,230,97846,98708,862,9,0.007,-1335,-853
96511,97855,1344,0,NTB,hoje eu vejo que depende &n [/1],96511,97855,1344,1344,1.0,0,0
97855,98199,344,0,GE-Phrase,230,97846,98708,862,344,1.0,9,-509
97855,98199,344,0,NTB,né,97855,98199,344,344,1.0,0,0
98199,98848,649,0,GE-Phrase,230,97846,98708,862,509,0.784,353,140
98199,98848,649,0,GE-Phrase,231,98708,100412,1704,140,0.216,-509,-1564
98199,98848,649,0,NTB,do aluno,98199,98848,649,649,1.0,0,0
98848,100935,2087,0,GE-Phrase,231,98708,100412,1704,1564,0.749,140,523
98848,100935,2087,0,NTB,da interação que cê tem com aluno,98848,100935,2087,2087,1.0,0,0
137105,138339,1234,0,GE-Phrase,235,136803,138001,1198,896,0.726,302,338
137105,138339,1234,0,GE-Phrase,236,138001,139371,1370,338,0.274,-896,-1032
137105,138339,1234,0,NTB,em inglês obviamente,137105,138339,1234,1234,1.0,0,0
138339,139647,1308,0,GE-Phrase,236,138001,139371,1370,1032,0.789,338,276
138339,139647,1308,0,GE-Phrase,237,139371,143181,3810,276,0.211,-1032,-3534
138339,139647,1308,0,NTB,a gente tinha livro e tudo,138339,139647,1308,1308,1.0,0,0
4370,5588,1218,0,GE-Phrase,201,2608,9088,6480,1218,1.0,1762,-3500
4370,5588,1218,0,NTB,aonde a gente ia,4370,5588,1218,1218,1.0,0,0
5588,7444,1856,0,GE-Phrase,201,2608,9088,6480,1856,1.0,2980,-1644
5588,7444,1856,0,NTB,quando a gente era criança,5588,7444,1856,1856,1.0,0,0
76336,77920,1584,0,GE-Phrase,226,76279,77639,1360,1303,0.823,57,281
76336,77920,1584,0,GE-Phrase,227,77639,79279,1640,281,0.177,-1303,-1359
76336,77920,1584,0,NTB,que era só um corredorzinho,76336,77920,1584,1584,1.0,0,0
77920,79367,1447,0,GE-Phrase,227,77639,79279,1640,1359,0.939,281,88
77920,79367,1447,0,GE-Phrase,228,79279,80954,1675,88,0.061,-1359,-1587
77920,79367,1447,0,NTB,que depois virou,77920,79367,1447,1447,1.0,0,0
79367,79692,325,0,GE-Phrase,228,79279,80954,1675,325,1.0,88,-1262
79367,79692,325,0,NTB,né,79367,79692,325,325,1.0,0,0
79692,81357,1665,0,GE-Phrase,228,79279,80954,1675,1262,0.758,413,403
79692,81357,1665,0,GE-Phrase,229,80954,82638,1684,403,0.242,-1262,-1281
79692,81357,1665,0,NTB,um negócio enorme,79692,81357,1665,1665,1.0,0,0
88201,89296,1095,0,NTB,<cheguei nisso> +,88201,89296,1095,1095,1.0,0,0
93305,94317,1012,0,NTB,achei que eu fosse odiar,93305,94317,1012,1012,1.0,0,0
95089,96173,1084,0,NTB,eu gostei,95089,96173,1084,1084,1.0,0,0
96511,97855,1344,0,GE-Phrase,230,97846,98708,862,9,0.007,-1335,-853
96511,97855,1344,0,NTB,hoje eu vejo que depende &n [/1],96511,97855,1344,1344,1.0,0,0
97855,98199,344,0,GE-Phrase,230,97846,98708,862,344,1.0,9,-509
97855,98199,344,0,NTB,né,97855,98199,344,344,1.0,0,0
98199,98848,649,0,GE-Phrase,230,97846,98708,862,509,0.784,353,140
98199,98848,649,0,GE-Phrase,231,98708,100412,1704,140,0.216,-509,-1564
98199,98848,649,0,NTB,do aluno,98199,98848,649,649,1.0,0,0
98848,100935,2087,0,GE-Phrase,231,98708,100412,1704,1564,0.749,140,523
98848,100935,2087,0,NTB,da interação que cê tem com aluno,98848,100935,2087,2087,1.0,0,0
137105,138339,1234,0,GE-Phrase,235,136803,138001,1198,896,0.726,302,338
137105,138339,1234,0,GE-Phrase,236,138001,139371,1370,338,0.274,-896,-1032
137105,138339,1234,0,NTB,em inglês obviamente,137105,138339,1234,1234,1.0,0,0
138339,139647,1308,0,GE-Phrase,236,138001,139371,1370,1032,0.789,338,276
138339,139647,1308,0,GE-Phrase,237,139371,143181,3810,276,0.211,-1032,-3534
138339,139647,1308,0,NTB,a gente tinha livro e tudo,138339,139647,1308,1308,1.0,0,0
4370,5588,1218,0,GE-Phrase,201,2608,9088,6480,1218,1.0,1762,-3500
4370,5588,1218,0,NTB,aonde a gente ia,4370,5588,1218,1218,1.0,0,0
5588,7444,1856,0,GE-Phrase,201,2608,9088,6480,1856,1.0,2980,-1644
5588,7444,1856,0,NTB,quando a gente era criança,5588,7444,1856,1856,1.0,0,0
76336,77920,1584,0,GE-Phrase,226,76279,77639,1360,1303,0.823,57,281
76336,77920,1584,0,GE-Phrase,227,77639,79279,1640,281,0.177,-1303,-1359
76336,77920,1584,0,NTB,que era só um corredorzinho,76336,77920,1584,1584,1.0,0,0
77920,79367,1447,0,GE-Phrase,227,77639,79279,1640,1359,0.939,281,88
77920,79367,1447,0,GE-Phrase,228,79279,80954,1675,88,0.061,-1359,-1587
77920,79367,1447,0,NTB,que depois virou,77920,79367,1447,1447,1.0,0,0
79367,79692,325,0,GE-Phrase,228,79279,80954,1675,325,1.0,88,-1262
79367,79692,325,0,NTB,né,79367,79692,325,325,1.0,0,0
79692,81357,1665,0,GE-Phrase,228,79279,80954,1675,1262,0.758,413,403
79692,81357,1665,0,GE-Phrase,229,80954,82638,1684,403,0.242,-1262,-1281
79692,81357,1665,0,NTB,um negócio enorme,79692,81357,1665,1665,1.0,0,0
88201,89296,1095,0,NTB,<cheguei nisso> +,88201,89296,1095,1095,1.0,0,0
93305,94317,1012,0,NTB,achei que eu fosse odiar,93305,94317,1012,1012,1.0,0,0
95089,96173,1084,0,NTB,eu gostei,95089,96173,1084,1084,1.0,0,0
96511,97855,1344,0,GE-Phrase,230,97846,98708,862,9,0.007,-1335,-853
96511,97855,1344,0,NTB,hoje eu vejo que depende &n [/1],96511,97855,1344,1344,1.0,0,0
97855,98199,344,0,GE-Phrase,230,97846,98708,862,344,1.0,9,-509
97855,98199,344,0,NTB,né,97855,98199,344,344,1.0,0,0
98199,98848,649,0,GE-Phrase,230,97846,98708,862,509,0.784,353,140
98199,98848,649,0,GE-Phrase,231,98708,100412,1704,140,0.216,-509,-1564
98199,98848,649,0,NTB,do aluno,98199,98848,649,649,1.0,0,0
98848,100935,2087,0,GE-Phrase,231,98708,100412,1704,1564,0.749,140,523
98848,100935,2087,0,NTB,da interação que cê tem com aluno,98848,100935,2087,2087,1.0,0,0
137105,138339,1234,0,GE-Phrase,235,136803,138001,1198,896,0.726,302,338
137105,138339,1234,0,GE-Phrase,236,138001,139371,1370,338,0.274,-896,-1032
137105,138339,1234,0,NTB,em inglês obviamente,137105,138339,1234,1234,1.0,0,0
138339,139647,1308,0,GE-Phrase,236,138001,139371,1370,1032,0.789,338,276
138339,139647,1308,0,GE-Phrase,237,139371,143181,3810,276,0.211,-1032,-3534
138339,139647,1308,0,NTB,a gente tinha livro e tudo,138339,139647,1308,1308,1.0,0,0
4370,5588,1218,0,GE-Phrase,201,2608,9088,6480,1218,1.0,1762,-3500
4370,5588,1218,0,NTB,aonde a gente ia,4370,5588,1218,1218,1.0,0,0
5588,7444,1856,0,GE-Phrase,201,2608,9088,6480,1856,1.0,2980,-1644
5588,7444,1856,0,NTB,quando a gente era criança,5588,7444,1856,1856,1.0,0,0
76336,77920,1584,0,GE-Phrase,226,76279,77639,1360,1303,0.823,57,281
76336,77920,1584,0,GE-Phrase,227,77639,79279,1640,281,0.177,-1303,-1359
76336,77920,1584,0,NTB,que era só um corredorzinho,76336,77920,1584,1584,1.0,0,0
77920,79367,1447,0,GE-Phrase,227,77639,79279,1640,1359,0.939,281,88
77920,79367,1447,0,GE-Phrase,228,79279,80954,1675,88,0.061,-1359,-1587
77920,79367,1447,0,NTB,que depois virou,77920,79367,1447,1447,1.0,0,0
79367,79692,325,0,GE-Phrase,228,79279,80954,1675,325,1.0,88,-1262
79367,79692,325,0,NTB,né,79367,79692,325,325,1.0,0,0
79692,81357,1665,0,GE-Phrase,228,79279,80954,1675,1262,0.758,413,403
79692,81357,1665,0,GE-Phrase,229,80954,82638,1684,403,0.242,-1262,-1281
79692,81357,1665,0,NTB,um negócio enorme,79692,81357,1665,1665,1.0,0,0
88201,89296,1095,0,NTB,<cheguei nisso> +,88201,89296,1095,1095,1.0,0,0
93305,94317,1012,0,NTB,achei que eu fosse odiar,93305,94317,1012,1012,1.0,0,0
95089,96173,1084,0,NTB,eu gostei,95089,96173,1084,1084,1.0,0,0
96511,97855,1344,0,GE-Phrase,230,97846,98708,862,9,0.007,-1335,-853
96511,97855,1344,0,NTB,hoje eu vejo que depende &n [/1],96511,97855,1344,1344,1.0,0,0
97855,98199,344,0,GE-Phrase,230,97846,98708,862,344,1.0,9,-509
97855,98199,344,0,NTB,né,97855,98199,344,344,1.0,0,0
98199,98848,649,0,GE-Phrase,230,97846,98708,862,509,0.784,353,140
98199,98848,649,0,GE-Phrase,231,98708,100412,1704,140,0.216,-509,-1564
98199,98848,649,0,NTB,do aluno,98199,98848,649,649,1.0,0,0
98848,100935,2087,0,GE-Phrase,231,98708,100412,1704,1564,0.749,140,523
98848,100935,2087,0,NTB,da interação que cê tem com aluno,98848,100935,2087,2087,1.0,0,0
137105,138339,1234,0,GE-Phrase,235,136803,138001,1198,896,0.726,302,338
137105,138339,1234,0,GE-Phrase,236,138001,139371,1370,338,0.274,-896,-1032
137105,138339,1234,0,NTB,em inglês obviamente,137105,138339,1234,1234,1.0,0,0
138339,139647,1308,0,GE-Phrase,236,138001,139371,1370,1032,0.789,338,276
138339,139647,1308,0,GE-Phrase,237,139371,143181,3810,276,0.211,-1032,-3534
138339,139647,1308,0,NTB,a gente tinha livro e tudo,138339,139647,1308,1308,1.0,0,0
4370,5588,1218,0,GE-Phrase,201,2608,9088,6480,1218,1.0,1762,-3500
4370,5588,1218,0,NTB,aonde a gente ia,4370,5588,1218,1218,1.0,0,0
5588,7444,1856,0,GE-Phrase,201,2608,9088,6480,1856,1.0,2980,-1644
5588,7444,1856,0,NTB,quando a gente era criança,5588,7444,1856,1856,1.0,0,0
76336,77920,1584,0,GE-Phrase,226,76279,77639,1360,1303,0.823,57,281
76336,77920,1584,0,GE-Phrase,227,77639,79279,1640,281,0.177,-1303,-1359
76336,77920,1584,0,NTB,que era só um corredorzinho,76336,77920,1584,1584,1.0,0,0
77920,79367,1447,0,GE-Phrase,227,77639,79279,1640,1359,0.939,281,88
77920,79367,1447,0,GE-Phrase,228,79279,80954,1675,88,0.061,-1359,-1587
77920,79367,1447,0,NTB,que depois virou,77920,79367,1447,1447,1.0,0,0
79367,79692,325,0,GE-Phrase,228,79279,80954,1675,325,1.0,88,-1262
79367,79692,325,0,NTB,né,79367,79692,325,325,1.0,0,0
79692,81357,1665,0,GE-Phrase,228,79279,80954,1675,1262,0.758,413,403
79692,81357,1665,0,GE-Phrase,229,80954,82638,1684,403,0.242,-1262,-1281
79692,81357,1665,0,NTB,um negócio enorme,79692,81357,1665,1665,1.0,0,0
88201,89296,1095,0,NTB,<cheguei nisso> +,88201,89296,1095,1095,1.0,0,0
93305,94317,1012,0,NTB,achei que eu fosse odiar,93305,94317,1012,1012,1.0,0,0
95089,96173,1084,0,NTB,eu gostei,95089,96173,1084,1084,1.0,0,0
96511,97855,1344,0,GE-Phrase,230,97846,98708,862,9,0.007,-1335,-853
96511,97855,1344,0,NTB,hoje eu vejo que depende &n [/1],96511,97855,1344,1344,1.0,0,0
97855,98199,344,0,GE-Phrase,230,97846,98708,862,344,1.0,9,-509
97855,98199,344,0,NTB,né,97855,98199,344,344,1.0,0,0
98199,98848,649,0,GE-Phrase,230,97846,98708,862,509,0.784,353,140
98199,98848,649,0,GE-Phrase,231,98708,100412,1704,140,0.216,-509,-1564
98199,98848,649,0,NTB,do aluno,98199,98848,649,649,1.0,0,0
98848,100935,2087,0,GE-Phrase,231,98708,100412,1704,1564,0.749,140,523
98848,100935,2087,0,NTB,da interação que cê tem com aluno,98848,100935,2087,2087,1.0,0,0
137105,138339,1234,0,GE-Phrase,235,136803,138001,1198,896,0.726,302,338
137105,138339,1234,0,GE-Phrase,236,138001,139371,1370,338,0.274,-896,-1032
137105,138339,1234,0,NTB,em inglês obviamente,137105,138339,1234,1234,1.0,0,0
138339,139647,1308,0,GE-Phrase,236,138001,139371,1370,1032,0.789,338,276
138339,139647,1308,0,GE-Phrase,237,139371,143181,3810,276,0.211,-1032,-3534
138339,139647,1308,0,NTB,a gente tinha livro e tudo,138339,139647,1308,1308,1.0,0,0
4370,5588,1218,0,GE-Phrase,201,2608,9088,6480,1218,1.0,1762,-3500
4370,5588,1218,0,NTB,aonde a gente ia,4370,5588,1218,1218,1.0,0,0
5588,7444,1856,0,GE-Phrase,201,2608,9088,6480,1856,1.0,2980,-1644
5588,7444,1856,0,NTB,quando a gente era criança,5588,7444,1856,1856,1.0,0,0
76336,77920,1584,0,GE-Phrase,226,76279,77639,1360,1303,0.823,57,281
76336,77920,1584,0,GE-Phrase,227,77639,79279,1640,281,0.177,-1303,-1359
76336,77920,1584,0,NTB,que era só um corredorzinho,76336,77920,1584,1584,1.0,0,0
77920,79367,1447,0,GE-Phrase,227,77639,79279,1640,1359,0.939,281,88
77920,79367,1447,0,GE-Phrase,228,79279,80954,1675,88,0.061,-1359,-1587
77920,79367,1447,0,NTB,que depois virou,77920,79367,1447,1447,1.0,0,0
79367,79692,325,0,GE-Phrase,228,79279,80954,1675,325,1.0,88,-1262
79367,79692,325,0,NTB,né,79367,79692,325,325,1.0,0,0
79692,81357,1665,0,GE-Phrase,228,79279,80954,1675,1262,0.758,413,403
79692,81357,1665,0,GE-Phrase,229,80954,82638,1684,403,0.242,-1262,-1281
79692,81357,1665,0,NTB,um negócio enorme,79692,81357,1665,1665,1.0,0,0
88201,89296,1095,0,NTB,<cheguei nisso> +,88201,89296,1095,1095,1.0,0,0
93305,94317,1012,0,NTB,achei que eu fosse odiar,93305,94317,1012,1012,1.0,0,0
95089,96173,1084,0,NTB,eu gostei,95089,96173,1084,1084,1.0,0,0
96511,97855,1344,0,GE-Phrase,230,97846,98708,862,9,0.007,-1335,-853
96511,97855,1344,0,NTB,hoje eu vejo que depende &n [/1],96511,97855,1344,1344,1.0,0,0
97855,98199,344,0,GE-Phrase,230,97846,98708,862,344,1.0,9,-509
97855,98199,344,0,NTB,né,97855,98199,344,344,1.0,0,0
98199,98848,649,0,GE-Phrase,230,97846,98708,862,509,0.784,353,140
98199,98848,649,0,GE-Phrase,231,98708,100412,1704,140,0.216,-509,-1564
98199,98848,649,0,NTB,do aluno,98199,98848,649,649,1.0,0,0
98848,100935,2087,0,GE-Phrase,231,98708,100412,1704,1564,0.749,140,523
98848,100935,2087,0,NTB,da interação que cê tem com aluno,98848,100935,2087,2087,1.0,0,0
137105,138339,1234,0,GE-Phrase,235,136803,138001,1198,896,0.726,302,338
137105,138339,1234,0,GE-Phrase,236,138001,139371,1370,338,0.274,-896,-1032
137105,138339,1234,0,NTB,em inglês obviamente,137105,138339,1234,1234,1.0,0,0
138339,139647,1308,0,GE-Phrase,236,138001,139371,1370,1032,0.789,338,276
138339,139647,1308,0,GE-Phrase,237,139371,143181,3810,276,0.211,-1032,-3534
138339,139647,1308,0,NTB,a gente tinha livro e tudo,138339,139647,1308,1308,1.0,0,0
4370,5588,1218,0,GE-Phrase,201,2608,9088,6480,1218,1.0,1762,-3500
4370,5588,1218,0,NTB,aonde a gente ia,4370,5588,1218,1218,1.0,0,0
5588,7444,1856,0,GE-Phrase,201,2608,9088,6480,1856,1.0,2980,-1644
5588,7444,1856,0,NTB,quando a gente era criança,5588,7444,1856,1856,1.0,0,0
76336,77920,1584,0,GE-Phrase,226,76279,77639,1360,1303,0.823,57,281
76336,77920,1584,0,GE-Phrase,227,77639,79279,1640,281,0.177,-1303,-1359
76336,77920,1584,0,NTB,que era só um corredorzinho,76336,77920,1584,1584,1.0,0,0
77920,79367,1447,0,GE-Phrase,227,77639,79279,1640,1359,0.939,281,88
77920,79367,1447,0,GE-Phrase,228,79279,80954,1675,88,0.061,-1359,-1587
77920,79367,1447,0,NTB,que depois virou,77920,79367,1447,1447,1.0,0,0
79367,79692,325,0,GE-Phrase,228,79279,80954,1675,325,1.0,88,-1262
79367,79692,325,0,NTB,né,79367,79692,325,325,1.0,0,0
79692,81357,1665,0,GE-Phrase,228,79279,80954,1675,1262,0.758,413,403
79692,81357,1665,0,GE-Phrase,229,80954,82638,1684,403,0.242,-1262,-1281
79692,81357,1665,0,NTB,um negócio enorme,79692,81357,1665,1665,1.0,0,0
88201,89296,1095,0,NTB,<cheguei nisso> +,88201,89296,1095,1095,1.0,0,0
93305,94317,1012,0,NTB,achei que eu fosse odiar,93305,94317,1012,1012,1.0,0,0
95089,96173,1084,0,NTB,eu gostei,95089,96173,1084,1084,1.0,0,0
96511,97855,1344,0,GE-Phrase,230,97846,98708,862,9,0.007,-1335,-853
96511,97855,1344,0,NTB,hoje eu vejo que depende &n [/1],96511,97855,1344,1344,1.0,0,0
97855,98199,344,0,GE-Phrase,230,97846,98708,862,344,1.0,9,-509
97855,98199,344,0,NTB,né,97855,98199,344,344,1.0,0,0
98199,98848,649,0,GE-Phrase,230,97846,98708,862,509,0.784,353,140
98199,98848,649,0,GE-Phrase,231,98708,100412,1704,140,0.216,-509,-1564
98199,98848,649,0,NTB,do aluno,98199,98848,649,649,1.0,0,0
98848,100935,2087,0,GE-Phrase,231,98708,100412,1704,1564,0.749,140,523
98848,100935,2087,0,NTB,da interação que cê tem com aluno,98848,100935,2087,2087,1.0,0,0
137105,138339,1234,0,GE-Phrase,235,136803,138001,1198,896,0.726,302,338
137105,138339,1234,0,GE-Phrase,236,138001,139371,1370,338,0.274,-896,-1032
137105,138339,1234,0,NTB,em inglês obviamente,137105,138339,1234,1234,1.0,0,0
138339,139647,1308,0,GE-Phrase,236,138001,139371,1370,1032,0.789,338,276
138339,139647,1308,0,GE-Phrase,237,139371,143181,3810,276,0.211,-1032,-3534
138339,139647,1308,0,NTB,a gente tinha livro e tudo,138339,139647,1308,1308,1.0,0,0
4370,5588,1218,0,GE-Phrase,201,2608,9088,6480,1218,1.0,1762,-3500
4370,5588,1218,0,NTB,aonde a gente ia,4370,5588,1218,1218,1.0,0,0
5588,7444,1856,0,GE-Phrase,201,2608,9088,6480,1856,1.0,2980,-1644
5588,7444,1856,0,NTB,quando a gente era criança,5588,7444,1856,1856,1.0,0,0
76336,77920,1584,0,GE-Phrase,226,76279,77639,1360,1303,0.823,57,281
76336,77920,1584,0,GE-Phrase,227,77639,79279,1640,281,0.177,-1303,-1359
76336,77920,1584,0,NTB,que era só um corredorzinho,76336,77920,1584,1584,1.0,0,0
77920,79367,1447,0,GE-Phrase,227,77639,79279,1640,1359,0.939,281,88
77920,79367,1447,0,GE-Phrase,228,79279,80954,1675,88,0.061,-1359,-1587
77920,79367,1447,0,NTB,que depois virou,77920,79367,1447,1447,1.0,0,0
79367,79692,325,0,GE-Phrase,228,79279,80954,1675,325,1.0,88,-1262
79367,79692,325,0,NTB,né,79367,79692,325,325,1.0,0,0
79692,81357,1665,0,GE-Phrase,228,79279,80954,1675,1262,0.758,413,403
79692,81357,1665,0,GE-Phrase,229,80954,82638,1684,403,0.242,-1262,-1281
79692,81357,1665,0,NTB,um negócio enorme,79692,81357,1665,1665,1.0,0,0
88201,89296,1095,0,NTB,<cheguei nisso> +,88201,89296,1095,1095,1.0,0,0
93305,94317,1012,0,NTB,achei que eu fosse odiar,93305,94317,1012,1012,1.0,0,0
95089,96173,1084,0,NTB,eu gostei,95089,96173,1084,1084,1.0,0,0
96511,97855,1344,0,GE-Phrase,230,97846,98708,862,9,0.007,-1335,-853
96511,97855,1344,0,NTB,hoje eu vejo que depende &n [/1],96511,97855,1344,1344,1.0,0,0
97855,98199,344,0,GE-Phrase,230,97846,98708,862,344,1.0,9,-509
97855,98199,344,0,NTB,né,97855,98199,344,344,1.0,0,0
98199,98848,649,0,GE-Phrase,230,97846,98708,862,509,0.784,353,140
98199,98848,649,0,GE-Phrase,231,98708,100412,1704,140,0.216,-509,-1564
98199,98848,649,0,NTB,do aluno,98199,98848,649,649,1.0,0,0
98848,100935,2087,0,GE-Phrase,231,98708,100412,1704,1564,0.749,140,523
98848,100935,2087,0,NTB,da interação que cê tem com aluno,98848,100935,2087,2087,1.0,0,0
137105,138339,1234,0,GE-Phrase,235,136803,138001,1198,896,0.726,302,338
137105,138339,1234,0,GE-Phrase,236,138001,139371,1370,338,0.274,-896,-1032
137105,138339,1234,0,NTB,em inglês obviamente,137105,138339,1234,1234,1.0,0,0
138339,139647,1308,0,GE-Phrase,236,138001,139371,1370,1032,0.789,338,276
138339,139647,1308,0,GE-Phrase,237,139371,143181,3810,276,0.211,-1032,-3534
138339,139647,1308,0,NTB,a gente tinha livro e tudo,138339,139647,1308,1308,1.0,0,0
4370,5588,1218,0,GE-Phrase,201,2608,9088,6480,1218,1.0,1762,-3500
4370,5588,1218,0,NTB,aonde a gente ia,4370,5588,1218,1218,1.0,0,0
5588,7444,1856,0,GE-Phrase,201,2608,9088,6480,1856,1.0,2980,-1644
5588,7444,1856,0,NTB,quando a gente era criança,5588,7444,1856,1856,1.0,0,0
76336,77920,1584,0,GE-Phrase,226,76279,77639,1360,1303,0.823,57,281
76336,77920,1584,0,GE-Phrase,227,77639,79279,1640,281,0.177,-1303,-1359
76336,77920,1584,0,NTB,que era só um corredorzinho,76336,77920,1584,1584,1.0,0,0
77920,79367,1447,0,GE-Phrase,227,77639,79279,1640,1359,0.939,281,88
77920,79367,1447,0,GE-Phrase,228,79279,80954,1675,88,0.061,-1359,-1587
77920,79367,1447,0,NTB,que depois virou,77920,79367,1447,1447,1.0,0,0
79367,79692,325,0,GE-Phrase,228,79279,80954,1675,325,1.0,88,-1262
79367,79692,325,0,NTB,né,79367,79692,325,325,1.0,0,0
79692,81357,1665,0,GE-Phrase,228,79279,80954,1675,1262,0.758,413,403
79692,81357,1665,0,GE-Phrase,229,80954,82638,1684,403,0.242,-1262,-1281
79692,81357,1665,0,NTB,um negócio enorme,79692,81357,1665,1665,1.0,0,0
88201,89296,1095,0,NTB,<cheguei nisso> +,88201,89296,1095,1095,1.0,0,0
93305,94317,1012,0,NTB,achei que eu fosse odiar,93305,94317,1012,1012,1.0,0,0
95089,96173,1084,0,NTB,eu gostei,95089,96173,1084,1084,1.0,0,0
96511,97855,1344,0,GE-Phrase,230,97846,98708,862,9,0.007,-1335,-853
96511,97855,1344,0,NTB,hoje eu vejo que depende &n [/1],96511,97855,1344,1344,1.0,0,0
97855,98199,344,0,GE-Phrase,230,97846,98708,862,344,1.0,9,-509
97855,98199,344,0,NTB,né,97855,98199,344,344,1.0,0,0
98199,98848,649,0,GE-Phrase,230,97846,98708,862,509,0.784,353,140
98199,98848,649,0,GE-Phrase,231,98708,100412,1704,140,0.216,-509,-1564
98199,98848,649,0,NTB,do aluno,98199,98848,649,649,1.0,0,0
98848,100935,2087,0,GE-Phrase,231,98708,100412,1704,1564,0.749,140,523
98848,100935,2087,0,NTB,da interação que cê tem com aluno,98848,100935,2087,2087,1.0,0,0
137105,138339,1234,0,GE-Phrase,235,136803,138001,1198,896,0.726,302,338
137105,138339,1234,0,GE-Phrase,236,138001,139371,1370,338,0.274,-896,-1032
137105,138339,1234,0,NTB,em inglês obviamente,137105,138339,1234,1234,1.0,0,0
138339,139647,1308,0,GE-Phrase,236,138001,139371,1370,1032,0.789,338,276
138339,139647,1308,0,GE-Phrase,237,139371,143181,3810,276,0.211,-1032,-3534
138339,139647,1308,0,NTB,a gente tinha livro e tudo,138339,139647,1308,1308,1.0,0,0
4370,5588,1218,0,GE-Phrase,201,2608,9088,6480,1218,1.0,1762,-3500
4370,5588,1218,0,NTB,aonde a gente ia,4370,5588,1218,1218,1.0,0,0
5588,7444,1856,0,GE-Phrase,201,2608,9088,6480,1856,1.0,2980,-1644
5588,7444,1856,0,NTB,quando a gente era criança,5588,7444,1856,1856,1.0,0,0
76336,77920,1584,0,GE-Phrase,226,76279,77639,1360,1303,0.823,57,281
76336,77920,1584,0,GE-Phrase,227,77639,79279,1640,281,0.177,-1303,-1359
76336,77920,1584,0,NTB,que era só um corredorzinho,76336,77920,1584,1584,1.0,0,0
77920,79367,1447,0,GE-Phrase,227,77639,79279,1640,1359,0.939,281,88
77920,79367,1447,0,GE-Phrase,228,79279,80954,1675,88,0.061,-1359,-1587
77920,79367,1447,0,NTB,que depois virou,77920,79367,1447,1447,1.0,0,0
79367,79692,325,0,GE-Phrase,228,79279,80954,1675,325,1.0,88,-1262
79367,79692,325,0,NTB,né,79367,79692,325,325,1.0,0,0
79692,81357,1665,0,GE-Phrase,228,79279,80954,1675,1262,0.758,413,403
79692,81357,1665,0,GE-Phrase,229,80954,82638,1684,403,0.242,-1262,-1281
79692,81357,1665,0,NTB,um negócio enorme,79692,81357,1665,1665,1.0,0,0
88201,89296,1095,0,NTB,<cheguei nisso> +,88201,89296,1095,1095,1.0,0,0
93305,94317,1012,0,NTB,achei que eu fosse odiar,93305,94317,1012,1012,1.0,0,0
95089,96173,1084,0,NTB,eu gostei,95089,96173,1084,1084,1.0,0,0
96511,97855,1344,0,GE-Phrase,230,97846,98708,862,9,0.007,-1335,-853
96511,97855,1344,0,NTB,hoje eu vejo que depende &n [/1],96511,97855,1344,1344,1.0,0,0
97855,98199,344,0,GE-Phrase,230,97846,98708,862,344,1.0,9,-509
97855,98199,344,0,NTB,né,97855,98199,344,344,1.0,0,0
98199,98848,649,0,GE-Phrase,230,97846,98708,862,509,0.784,353,140
98199,98848,649,0,GE-Phrase,231,98708,100412,1704,140,0.216,-509,-1564
98199,98848,649,0,NTB,do aluno,98199,98848,649,649,1.0,0,0
98848,100935,2087,0,GE-Phrase,231,98708,100412,1704,1564,0.749,140,523
98848,100935,2087,0,NTB,da interação que cê tem com aluno,98848,100935,2087,2087,1.0,0,0
137105,138339,1234,0,GE-Phrase,235,136803,138001,1198,896,0.726,302,338
137105,138339,1234,0,GE-Phrase,236,138001,139371,1370,338,0.274,-896,-1032
137105,138339,1234,0,NTB,em inglês obviamente,137105,138339,1234,1234,1.0,0,0
138339,139647,1308,0,GE-Phrase,236,138001,139371,1370,1032,0.789,338,276
138339,139647,1308,0,GE-Phrase,237,139371,143181,3810,276,0.211,-1032,-3534
138339,139647,1308,0,NTB,a gente tinha livro e tudo,138339,139647,1308,1308,1.0,0,0
4370,5588,1218,0,GE-Phrase,201,2608,9088,6480,1218,1.0,1762,-3500
4370,5588,1218,0,NTB,aonde a gente ia,4370,5588,1218,1218,1.0,0,0
5588,7444,1856,0,GE-Phrase,201,2608,9088,6480,1856,1.0,2980,-1644
5588,7444,1856,0,NTB,quando a gente era criança,5588,7444,1856,1856,1.0,0,0
76336,77920,1584,0,GE-Phrase,226,76279,77639,1360,1303,0.823,57,281
76336,77920,1584,0,GE-Phrase,227,77639,79279,1640,281,0.177,-1303,-1359
76336,77920,1584,0,NTB,que era só um corredorzinho,76336,77920,1584,1584,1.0,0,0
77920,79367,1447,0,GE-Phrase,227,77639,79279,1640,1359,0.939,281,88
77920,79367,1447,0,GE-Phrase,228,79279,80954,1675,88,0.061,-1359,-1587
77920,79367,1447,0,NTB,que depois virou,77920,79367,1447,1447,1.0,0,0
79367,79692,325,0,GE-Phrase,228,79279,80954,1675,325,1.0,88,-1262
79367,79692,325,0,NTB,né,79367,79692,325,325,1.0,0,0
79692,81357,1665,0,GE-Phrase,228,79279,80954,1675,1262,0.758,413,403
79692,81357,1665,0,GE-Phrase,229,80954,82638,1684,403,0.242,-1262,-1281
79692,81357,1665,0,NTB,um negócio enorme,79692,81357,1665,1665,1.0,0,0
88201,89296,1095,0,NTB,<cheguei nisso> +,88201,89296,1095,1095,1.0,0,0
93305,94317,1012,0,NTB,achei que eu fosse odiar,93305,94317,1012,1012,1.0,0,0
95089,96173,1084,0,NTB,eu gostei,95089,96173,1084,1084,1.0,0,0
96511,97855,1344,0,GE-Phrase,230,97846,98708,862,9,0.007,-1335,-853
96511,97855,1344,0,NTB,hoje eu vejo que depende &n [/1],96511,97855,1344,1344,1.0,0,0
97855,98199,344,0,GE-Phrase,230,97846,98708,862,344,1.0,9,-509
97855,98199,344,0,NTB,né,97855,98199,344,344,1.0,0,0
98199,98848,649,0,GE-Phrase,230,97846,98708,862,509,0.784,353,140
98199,98848,649,0,GE-Phrase,231,98708,100412,1704,140,0.216,-509,-1564
98199,98848,649,0,NTB,do aluno,98199,98848,649,649,1.0,0,0
98848,100935,2087,0,GE-Phrase,231,98708,100412,1704,1564,0.749,140,523
98848,100935,2087,0,NTB,da interação que cê tem com aluno,98848,100935,2087,2087,1.0,0,0
137105,138339,1234,0,GE-Phrase,235,136803,138001,1198,896,0.726,302,338
137105,138339,1234,0,GE-Phrase,236,138001,139371,1370,338,0.274,-896,-1032
137105,138339,1234,0,NTB,em inglês obviamente,137105,138339,1234,1234,1.0,0,0
138339,139647,1308,0,GE-Phrase,236,138001,139371,1370,1032,0.789,338,276
138339,139647,1308,0,GE-Phrase,237,139371,143181,3810,276,0.211,-1032,-3534
138339,139647,1308,0,NTB,a gente tinha livro e tudo,138339,139647,1308,1308,1.0,0,0
4370,5588,1218,0,GE-Phrase,201,2608,9088,6480,1218,1.0,1762,-3500
4370,5588,1218,0,NTB,aonde a gente ia,4370,5588,1218,1218,1.0,0,0
5588,7444,1856,0,GE-Phrase,201,2608,9088,6480,1856,1.0,2980,-1644
5588,7444,1856,0,NTB,quando a gente era criança,5588,7444,1856,1856,1.0,0,0
76336,77920,1584,0,GE-Phrase,226,76279,77639,1360,1303,0.823,57,281
76336,77920,1584,0,GE-Phrase,227,77639,79279,1640,281,0.177,-1303,-1359
76336,77920,1584,0,NTB,que era só um corredorzinho,76336,77920,1584,1584,1.0,0,0
77920,79367,1447,0,GE-Phrase,227,77639,79279,1640,1359,0.939,281,88
77920,79367,1447,0,GE-Phrase,228,79279,80954,1675,88,0.061,-1359,-1587
77920,79367,1447,0,NTB,que depois virou,77920,79367,1447,1447,1.0,0,0
79367,79692,325,0,GE-Phrase,228,79279,80954,1675,325,1.0,88,-1262
79367,79692,325,0,NTB,né,79367,79692,325,325,1.0,0,0
79692,81357,1665,0,GE-Phrase,228,79279,80954,1675,1262,0.758,413,403
79692,81357,1665,0,GE-Phrase,229,80954,82638,1684,403,0.242,-1262,-1281
79692,81357,1665,0,NTB,um negócio enorme,79692,81357,1665,1665,1.0,0,0
88201,89296,1095,0,NTB,<cheguei nisso> +,88201,89296,1095,1095,1.0,0,0
93305,94317,1012,0,NTB,achei que eu fosse odiar,93305,94317,1012,1012,1.0,0,0
95089,96173,1084,0,NTB,eu gostei,95089,96173,1084,1084,1.0,0,0
96511,97855,1344,0,GE-Phrase,230,97846,98708,862,9,0.007,-1335,-853
96511,97855,1344,0,NTB,hoje eu vejo que depende &n [/1],96511,97855,1344,1344,1.0,0,0
97855,98199,344,0,GE-Phrase,230,97846,98708,862,344,1.0,9,-509
97855,98199,344,0,NTB,né,97855,98199,344,344,1.0,0,0
98199,98848,649,0,GE-Phrase,230,97846,98708,862,509,0.784,353,140
98199,98848,649,0,GE-Phrase,231,98708,100412,1704,140,0.216,-509,-1564
98199,98848,649,0,NTB,do aluno,98199,98848,649,649,1.0,0,0
98848,100935,2087,0,GE-Phrase,231,98708,100412,1704,1564,0.749,140,523
98848,100935,2087,0,NTB,da interação que cê tem com aluno,98848,100935,2087,2087,1.0,0,0
137105,138339,1234,0,GE-Phrase,235,136803,138001,1198,896,0.726,302,338
137105,138339,1234,0,GE-Phrase,236,138001,139371,1370,338,0.274,-896,-1032
137105,138339,1234,0,NTB,em inglês obviamente,137105,138339,1234,1234,1.0,0,0
138339,139647,1308,0,GE-Phrase,236,138001,139371,1370,1032,0.789,338,276
138339,139647,1308,0,GE-Phrase,237,139371,143181,3810,276,0.211,-1032,-3534
138339,139647,1308,0,NTB,a gente tinha livro e tudo,138339,139647,1308,1308,1.0,0,0
4370,5588,1218,0,GE-Phrase,201,2608,9088,6480,1218,1.0,1762,-3500
4370,5588,1218,0,NTB,aonde a gente ia,4370,5588,1218,1218,1.0,0,0
5588,7444,1856,0,GE-Phrase,201,2608,9088,6480,1856,1.0,2980,-1644
5588,7444,1856,0,NTB,quando a gente era criança,5588,7444,1856,1856,1.0,0,0
76336,77920,1584,0,GE-Phrase,226,76279,77639,1360,1303,0.823,57,281
76336,77920,1584,0,GE-Phrase,227,77639,79279,1640,281,0.177,-1303,-1359
76336,77920,1584,0,NTB,que era só um corredorzinho,76336,77920,1584,1584,1.0,0,0
77920,79367,1447,0,GE-Phrase,227,77639,79279,1640,1359,0.939,281,88
77920,79367,1447,0,GE-Phrase,228,79279,80954,1675,88,0.061,-1359,-1587
77920,79367,1447,0,NTB,que depois virou,77920,79367,1447,1447,1.0,0,0
79367,79692,325,0,GE-Phrase,228,79279,80954,1675,325,1.0,88,-1262
79367,79692,325,0,NTB,né,79367,79692,325,325,1.0,0,0
79692,81357,1665,0,GE-Phrase,228,79279,80954,1675,1262,0.758,413,403
79692,81357,1665,0,GE-Phrase,229,80954,82638,1684,403,0.242,-1262,-1281
79692,81357,1665,0,NTB,um negócio enorme,79692,81357,1665,1665,1.0,0,0
88201,89296,1095,0,NTB,<cheguei nisso> +,88201,89296,1095,1095,1.0,0,0
93305,94317,1012,0,NTB,achei que eu fosse odiar,93305,94317,1012,1012,1.0,0,0
95089,96173,1084,0,NTB,eu gostei,95089,96173,1084,1084,1.0,0,0
96511,97855,1344,0,GE-Phrase,230,97846,98708,862,9,0.007,-1335,-853
96511,97855,1344,0,NTB,hoje eu vejo que depende &n [/1],96511,97855,1344,1344,1.0,0,0
97855,98199,344,0,GE-Phrase,230,97846,98708,862,344,1.0,9,-509
97855,98199,344,0,NTB,né,97855,98199,344,344,1.0,0,0
98199,98848,649,0,GE-Phrase,230,97846,98708,862,509,0.784,353,140
98199,98848,649,0,GE-Phrase,231,98708,100412,1704,140,0.216,-509,-1564
98199,98848,649,0,NTB,do aluno,98199,98848,649,649,1.0,0,0
98848,100935,2087,0,GE-Phrase,231,98708,100412,1704,1564,0.749,140,523
98848,100935,2087,0,NTB,da interação que cê tem com aluno,98848,100935,2087,2087,1.0,0,0
137105,138339,1234,0,GE-Phrase,235,136803,138001,1198,896,0.726,302,338
137105,138339,1234,0,GE-Phrase,236,138001,139371,1370,338,0.274,-896,-1032
137105,138339,1234,0,NTB,em inglês obviamente,137105,138339,1234,1234,1.0,0,0
138339,139647,1308,0,GE-Phrase,236,138001,139371,1370,1032,0.789,338,276
138339,139647,1308,0,GE-Phrase,237,139371,143181,3810,276,0.211,-1032,-3534
138339,139647,1308,0,NTB,a gente tinha livro e tudo,138339,139647,1308,1308,1.0,0,0
4370,5588,1218,0,GE-Phrase,201,2608,9088,6480,1218,1.0,1762,-3500
4370,5588,1218,0,NTB,aonde a gente ia,4370,5588,1218,1218,1.0,0,0
5588,7444,1856,0,GE-Phrase,201,2608,9088,6480,1856,1.0,2980,-1644
5588,7444,1856,0,NTB,quando a gente era criança,5588,7444,1856,1856,1.0,0,0
76336,77920,1584,0,GE-Phrase,226,76279,77639,1360,1303,0.823,57,281
76336,77920,1584,0,GE-Phrase,227,77639,79279,1640,281,0.177,-1303,-1359
76336,77920,1584,0,NTB,que era só um corredorzinho,76336,77920,1584,1584,1.0,0,0
77920,79367,1447,0,GE-Phrase,227,77639,79279,1640,1359,0.939,281,88
77920,79367,1447,0,GE-Phrase,228,79279,80954,1675,88,0.061,-1359,-1587
77920,79367,1447,0,NTB,que depois virou,77920,79367,1447,1447,1.0,0,0
79367,79692,325,0,GE-Phrase,228,79279,80954,1675,325,1.0,88,-1262
79367,79692,325,0,NTB,né,79367,79692,325,325,1.0,0,0
79692,81357,1665,0,GE-Phrase,228,79279,80954,1675,1262,0.758,413,403
79692,81357,1665,0,GE-Phrase,229,80954,82638,1684,403,0.242,-1262,-1281
79692,81357,1665,0,NTB,um negócio enorme,79692,81357,1665,1665,1.0,0,0
88201,89296,1095,0,NTB,<cheguei nisso> +,88201,89296,1095,1095,1.0,0,0
93305,94317,1012,0,NTB,achei que eu fosse odiar,93305,94317,1012,1012,1.0,0,0
95089,96173,1084,0,NTB,eu gostei,95089,96173,1084,1084,1.0,0,0
96511,97855,1344,0,GE-Phrase,230,97846,98708,862,9,0.007,-1335,-853
96511,97855,1344,0,NTB,hoje eu vejo que depende &n [/1],96511,97855,1344,1344,1.0,0,0
97855,98199,344,0,GE-Phrase,230,97846,98708,862,344,1.0,9,-509
97855,98199,344,0,NTB,né,97855,98199,344,344,1.0,0,0
98199,98848,649,0,GE-Phrase,230,97846,98708,862,509,0.784,353,140
98199,98848,649,0,GE-Phrase,231,98708,100412,1704,140,0.216,-509,-1564
98199,98848,649,0,NTB,do aluno,98199,98848,649,649,1.0,0,0
98848,100935,2087,0,GE-Phrase,231,98708,100412,1704,1564,0.749,140,523
98848,100935,2087,0,NTB,da interação que cê tem com aluno,98848,100935,2087,2087,1.0,0,0
137105,138339,1234,0,GE-Phrase,235,136803,138001,1198,896,0.726,302,338
137105,138339,1234,0,GE-Phrase,236,138001,139371,1370,338,0.274,-896,-1032
137105,138339,1234,0,NTB,em inglês obviamente,137105,138339,1234,1234,1.0,0,0
138339,139647,1308,0,GE-Phrase,236,138001,139371,1370,1032,0.789,338,276
138339,139647,1308,0,GE-Phrase,237,139371,143181,3810,276,0.211,-1032,-3534
138339,139647,1308,0,NTB,a gente tinha livro e tudo,138339,139647,1308,1308,1.0,0,0
4370,5588,1218,0,GE-Phrase,201,2608,9088,6480,1218,1.0,1762,-3500
4370,5588,1218,0,NTB,aonde a gente ia,4370,5588,1218,1218,1.0,0,0
5588,7444,1856,0,GE-Phrase,201,2608,9088,6480,1856,1.0,2980,-1644
5588,7444,1856,0,NTB,quando a gente era criança,5588,7444,1856,1856,1.0,0,0
76336,77920,1584,0,GE-Phrase,226,76279,77639,1360,1303,0.823,57,281
76336,77920,1584,0,GE-Phrase,227,77639,79279,1640,281,0.177,-1303,-1359
76336,77920,1584,0,NTB,que era só um corredorzinho,76336,77920,1584,1584,1.0,0,0
77920,79367,1447,0,GE-Phrase,227,77639,79279,1640,1359,0.939,281,88
77920,79367,1447,0,GE-Phrase,228,79279,80954,1675,88,0.061,-1359,-1587
77920,79367,1447,0,NTB,que depois virou,77920,79367,1447,1447,1.0,0,0
79367,79692,325,0,GE-Phrase,228,79279,80954,1675,325,1.0,88,-1262
79367,79692,325,0,NTB,né,79367,79692,325,325,1.0,0,0
79692,81357,1665,0,GE-Phrase,228,79279,80954,1675,1262,0.758,413,403
79692,81357,1665,0,GE-Phrase,229,80954,82638,1684,403,0.242,-1262,-1281
79692,81357,1665,0,NTB,um negócio enorme,79692,81357,1665,1665,1.0,0,0
88201,89296,1095,0,NTB,<cheguei nisso> +,88201,89296,1095,1095,1.0,0,0
93305,94317,1012,0,NTB,achei que eu fosse odiar,93305,94317,1012,1012,1.0,0,0
95089,96173,1084,0,NTB,eu gostei,95089,96173,1084,1084,1.0,0,0
96511,97855,1344,0,GE-Phrase,230,97846,98708,862,9,0.007,-1335,-853
96511,97855,1344,0,NTB,hoje eu vejo que depende &n [/1],96511,97855,1344,1344,1.0,0,0
97855,98199,344,0,GE-Phrase,230,97846,98708,862,344,1.0,9,-509
97855,98199,344,0,NTB,né,97855,98199,344,344,1.0,0,0
98199,98848,649,0,GE-Phrase,230,97846,98708,862,509,0.784,353,140
98199,98848,649,0,GE-Phrase,231,98708,100412,1704,140,0.216,-509,-1564
98199,98848,649,0,NTB,do aluno,98199,98848,649,649,1.0,0,0
98848,100935,2087,0,GE-Phrase,231,98708,100412,1704,1564,0.749,140,523
98848,100935,2087,0,NTB,da interação que cê tem com aluno,98848,100935,2087,2087,1.0,0,0
137105,138339,1234,0,GE-Phrase,235,136803,138001,1198,896,0.726,302,338
137105,138339,1234,0,GE-Phrase,236,138001,139371,1370,338,0.274,-896,-1032
137105,138339,1234,0,NTB,em inglês obviamente,137105,138339,1234,1234,1.0,0,0
138339,139647,1308,0,GE-Phrase,236,138001,139371,1370,1032,0.789,338,276
138339,139647,1308,0,GE-Phrase,237,139371,143181,3810,276,0.211,-1032,-3534
138339,139647,1308,0,NTB,a gente tinha livro e tudo,138339,139647,1308,1308,1.0,0,0
4370,5588,1218,0,GE-Phrase,201,2608,9088,6480,1218,1.0,1762,-3500
4370,5588,1218,0,NTB,aonde a gente ia,4370,5588,1218,1218,1.0,0,0
5588,7444,1856,0,GE-Phrase,201,2608,9088,6480,1856,1.0,2980,-1644
5588,7444,1856,0,NTB,quando a gente era criança,5588,7444,1856,1856,1.0,0,0
76336,77920,1584,0,GE-Phrase,226,76279,77639,1360,1303,0.823,57,281
76336,77920,1584,0,GE-Phrase,227,77639,79279,1640,281,0.177,-1303,-1359
76336,77920,1584,0,NTB,que era só um corredorzinho,76336,77920,1584,1584,1.0,0,0
77920,79367,1447,0,GE-Phrase,227,77639,79279,1640,1359,0.939,281,88
77920,79367,1447,0,GE-Phrase,228,79279,80954,1675,88,0.061,-1359,-1587
77920,79367,1447,0,NTB,que depois virou,77920,79367,1447,1447,1.0,0,0
79367,79692,325,0,GE-Phrase,228,79279,80954,1675,325,1.0,88,-1262
79367,79692,325,0,NTB,né,79367,79692,325,325,1.0,0,0
79692,81357,1665,0,GE-Phrase,228,79279,80954,1675,1262,0.758,413,403
79692,81357,1665,0,GE-Phrase,229,80954,82638,1684,403,0.242,-1262,-1281
79692,81357,1665,0,NTB,um negócio enorme,79692,81357,1665,1665,1.0,0,0
88201,89296,1095,0,NTB,<cheguei nisso> +,88201,89296,1095,1095,1.0,0,0
93305,94317,1012,0,NTB,achei que eu fosse odiar,93305,94317,1012,1012,1.0,0,0
95089,96173,1084,0,NTB,eu gostei,95089,96173,1084,1084,1.0,0,0
96511,97855,1344,0,GE-Phrase,230,97846,98708,862,9,0.007,-1335,-853
96511,97855,1344,0,NTB,hoje eu vejo que depende &n [/1],96511,97855,1344,1344,1.0,0,0
97855,98199,344,0,GE-Phrase,230,97846,98708,862,344,1.0,9,-509
97855,98199,344,0,NTB,né,97855,98199,344,344,1.0,0,0
98199,98848,649,0,GE-Phrase,230,97846,98708,862,509,0.784,353,140
98199,98848,649,0,GE-Phrase,231,98708,100412,1704,140,0.216,-509,-1564
98199,98848,649,0,NTB,do aluno,98199,98848,649,649,1.0,0,0
98848,100935,2087,0,GE-Phrase,231,98708,100412,1704,1564,0.749,140,523
98848,100935,2087,0,NTB,da interação que cê tem com aluno,98848,100935,2087,2087,1.0,0,0
137105,138339,1234,0,GE-Phrase,235,136803,138001,1198,896,0.726,302,338
137105,138339,1234,0,GE-Phrase,236,138001,139371,1370,338,0.274,-896,-1032
137105,138339,1234,0,NTB,em inglês obviamente,137105,138339,1234,1234,1.0,0,0
138339,139647,1308,0,GE-Phrase,236,138001,139371,1370,1032,0.789,338,276
138339,139647,1308,0,GE-Phrase,237,139371,143181,3810,276,0.211,-1032,-3534
138339,139647,1308,0,NTB,a gente tinha livro e tudo,138339,139647,1308,1308,1.0,0,0
4370,5588,1218,0,GE-Phrase,201,2608,9088,6480,1218,1.0,1762,-3500
4370,5588,1218,0,NTB,aonde a gente ia,4370,5588,1218,1218,1.0,0,0
5588,7444,1856,0,GE-Phrase,201,2608,9088,6480,1856,1.0,2980,-1644
5588,7444,1856,0,NTB,quando a gente era criança,5588,7444,1856,1856,1.0,0,0
76336,77920,1584,0,GE-Phrase,226,76279,77639,1360,1303,0.823,57,281
76336,77920,1584,0,GE-Phrase,227,77639,79279,1640,281,0.177,-1303,-1359
76336,77920,1584,0,NTB,que era só um corredorzinho,76336,77920,1584,1584,1.0,0,0
77920,79367,1447,0,GE-Phrase,227,77639,79279,1640,1359,0.939,281,88
77920,79367,1447,0,GE-Phrase,228,79279,80954,1675,88,0.061,-1359,-1587
77920,79367,1447,0,NTB,que depois virou,77920,79367,1447,1447,1.0,0,0
79367,79692,325,0,GE-Phrase,228,79279,80954,1675,325,1.0,88,-1262
79367,79692,325,0,NTB,né,79367,79692,325,325,1.0,0,0
79692,81357,1665,0,GE-Phrase,228,79279,80954,1675,1262,0.758,413,403
79692,81357,1665,0,GE-Phrase,229,80954,82638,1684,403,0.242,-1262,-1281
79692,81357,1665,0,NTB,um negócio enorme,79692,81357,1665,1665,1.0,0,0
88201,89296,1095,0,NTB,<cheguei nisso> +,88201,89296,1095,1095,1.0,0,0
93305,94317,1012,0,NTB,achei que eu fosse odiar,93305,94317,1012,1012,1.0,0,0
95089,96173,1084,0,NTB,eu gostei,95089,96173,1084,1084,1.0,0,0
96511,97855,1344,0,GE-Phrase,230,97846,98708,862,9,0.007,-1335,-853
96511,97855,1344,0,NTB,hoje eu vejo que depende &n [/1],96511,97855,1344,1344,1.0,0,0
97855,98199,344,0,GE-Phrase,230,97846,98708,862,344,1.0,9,-509
97855,98199,344,0,NTB,né,97855,98199,344,344,1.0,0,0
98199,98848,649,0,GE-Phrase,230,97846,98708,862,509,0.784,353,140
98199,98848,649,0,GE-Phrase,231,98708,100412,1704,140,0.216,-509,-1564
98199,98848,649,0,NTB,do aluno,98199,98848,649,649,1.0,0,0
98848,100935,2087,0,GE-Phrase,231,98708,100412,1704,1564,0.749,140,523
98848,100935,2087,0,NTB,da interação que cê tem com aluno,98848,100935,2087,2087,1.0,0,0
137105,138339,1234,0,GE-Phrase,235,136803,138001,1198,896,0.726,302,338
137105,138339,1234,0,GE-Phrase,236,138001,139371,1370,338,0.274,-896,-1032
137105,138339,1234,0,NTB,em inglês obviamente,137105,138339,1234,1234,1.0,0,0
138339,139647,1308,0,GE-Phrase,236,138001,139371,1370,1032,0.789,338,276
138339,139647,1308,0,GE-Phrase,237,139371,143181,3810,276,0.211,-1032,-3534
138339,139647,1308,0,NTB,a gente tinha livro e tudo,138339,139647,1308,1308,1.0,0,0
4370,5588,1218,0,GE-Phrase,201,2608,9088,6480,1218,1.0,1762,-3500
4370,5588,1218,0,NTB,aonde a gente ia,4370,5588,1218,1218,1.0,0,0
5588,7444,1856,0,GE-Phrase,201,2608,9088,6480,1856,1.0,2980,-1644
5588,7444,1856,0,NTB,quando a gente era criança,5588,7444,1856,1856,1.0,0,0
76336,77920,1584,0,GE-Phrase,226,76279,77639,1360,1303,0.823,57,281
76336,77920,1584,0,GE-Phrase,227,77639,79279,1640,281,0.177,-1303,-1359
76336,77920,1584,0,NTB,que era só um corredorzinho,76336,77920,1584,1584,1.0,0,0
77920,79367,1447,0,GE-Phrase,227,77639,79279,1640,1359,0.939,281,88
77920,79367,1447,0,GE-Phrase,228,79279,80954,1675,88,0.061,-1359,-1587
77920,79367,1447,0,NTB,que depois virou,77920,79367,1447,1447,1.0,0,0
79367,79692,325,0,GE-Phrase,228,79279,80954,1675,325,1.0,88,-1262
79367,79692,325,0,NTB,né,79367,79692,325,325,1.0,0,0
79692,81357,1665,0,GE-Phrase,228,79279,80954,1675,1262,0.758,413,403
79692,81357,1665,0,GE-Phrase,229,80954,82638,1684,403,0.242,-1262,-1281
79692,81357,1665,0,NTB,um negócio enorme,79692,81357,1665,1665,1.0,0,0
88201,89296,1095,0,NTB,<cheguei nisso> +,88201,89296,1095,1095,1.0,0,0
93305,94317,1012,0,NTB,achei que eu fosse odiar,93305,94317,1012,1012,1.0,0,0
95089,96173,1084,0,NTB,eu gostei,95089,96173,1084,1084,1.0,0,0
96511,97855,1344,0,GE-Phrase,230,97846,98708,862,9,0.007,-1335,-853
96511,97855,1344,0,NTB,hoje eu vejo que depende &n [/1],96511,97855,1344,1344,1.0,0,0
97855,98199,344,0,GE-Phrase,230,97846,98708,862,344,1.0,9,-509
97855,98199,344,0,NTB,né,97855,98199,344,344,1.0,0,0
98199,98848,649,0,GE-Phrase,230,97846,98708,862,509,0.784,353,140
98199,98848,649,0,GE-Phrase,231,98708,100412,1704,140,0.216,-509,-1564
98199,98848,649,0,NTB,do aluno,98199,98848,649,649,1.0,0,0
98848,100935,2087,0,GE-Phrase,231,98708,100412,1704,1564,0.749,140,523
98848,100935,2087,0,NTB,da interação que cê tem com aluno,98848,100935,2087,2087,1.0,0,0
137105,138339,1234,0,GE-Phrase,235,136803,138001,1198,896,0.726,302,338
137105,138339,1234,0,GE-Phrase,236,138001,139371,1370,338,0.274,-896,-1032
137105,138339,1234,0,NTB,em inglês obviamente,137105,138339,1234,1234,1.0,0,0
138339,139647,1308,0,GE-Phrase,236,138001,139371,1370,1032,0.789,338,276
138339,139647,1308,0,GE-Phrase,237,139371,143181,3810,276,0.211,-1032,-3534
138339,139647,1308,0,NTB,a gente tinha livro e tudo,138339,139647,1308,1308,1.0,0,0
4370,5588,1218,0,GE-Phrase,201,2608,9088,6480,1218,1.0,1762,-3500
4370,5588,1218,0,NTB,aonde a gente ia,4370,5588,1218,1218,1.0,0,0
5588,7444,1856,0,GE-Phrase,201,2608,9088,6480,1856,1.0,2980,-1644
5588,7444,1856,0,NTB,quando a gente era criança,5588,7444,1856,1856,1.0,0,0
76336,77920,1584,0,GE-Phrase,226,76279,77639,1360,1303,0.823,57,281
76336,77920,1584,0,GE-Phrase,227,77639,79279,1640,281,0.177,-1303,-1359
76336,77920,1584,0,NTB,que era só um corredorzinho,76336,77920,1584,1584,1.0,0,0
77920,79367,1447,0,GE-Phrase,227,77639,79279,1640,1359,0.939,281,88
77920,79367,1447,0,GE-Phrase,228,79279,80954,1675,88,0.061,-1359,-1587
77920,79367,1447,0,NTB,que depois virou,77920,79367,1447,1447,1.0,0,0
79367,79692,325,0,GE-Phrase,228,79279,80954,1675,325,1.0,88,-1262
79367,79692,325,0,NTB,né,79367,79692,325,325,1.0,0,0
79692,81357,1665,0,GE-Phrase,228,79279,80954,1675,1262,0.758,413,403
79692,81357,1665,0,GE-Phrase,229,80954,82638,1684,403,0.242,-1262,-1281
79692,81357,1665,0,NTB,um negócio enorme,79692,81357,1665,1665,1.0,0,0
88201,89296,1095,0,NTB,<cheguei nisso> +,88201,89296,1095,1095,1.0,0,0
93305,94317,1012,0,NTB,achei que eu fosse odiar,93305,94317,1012,1012,1.0,0,0
95089,96173,1084,0,NTB,eu gostei,95089,96173,1084,1084,1.0,0,0
96511,97855,1344,0,GE-Phrase,230,97846,98708,862,9,0.007,-1335,-853
96511,97855,1344,0,NTB,hoje eu vejo que depende &n [/1],96511,97855,1344,1344,1.0,0,0
97855,98199,344,0,GE-Phrase,230,97846,98708,862,344,1.0,9,-509
97855,98199,344,0,NTB,né,97855,98199,344,344,1.0,0,0
98199,98848,649,0,GE-Phrase,230,97846,98708,862,509,0.784,353,140
98199,98848,649,0,GE-Phrase,231,98708,100412,1704,140,0.216,-509,-1564
98199,98848,649,0,NTB,do aluno,98199,98848,649,649,1.0,0,0
98848,100935,2087,0,GE-Phrase,231,98708,100412,1704,1564,0.749,140,523
98848,100935,2087,0,NTB,da interação que cê tem com aluno,98848,100935,2087,2087,1.0,0,0
137105,138339,1234,0,GE-Phrase,235,136803,138001,1198,896,0.726,302,338
137105,138339,1234,0,GE-Phrase,236,138001,139371,1370,338,0.274,-896,-1032
137105,138339,1234,0,NTB,em inglês obviamente,137105,138339,1234,1234,1.0,0,0
138339,139647,1308,0,GE-Phrase,236,138001,139371,1370,1032,0.789,338,276
138339,139647,1308,0,GE-Phrase,237,139371,143181,3810,276,0.211,-1032,-3534
138339,139647,1308,0,NTB,a gente tinha livro e tudo,138339,139647,1308,1308,1.0,0,0
4370,5588,1218,0,GE-Phrase,201,2608,9088,6480,1218,1.0,1762,-3500
4370,5588,1218,0,NTB,aonde a gente ia,4370,5588,1218,1218,1.0,0,0
5588,7444,1856,0,GE-Phrase,201,2608,9088,6480,1856,1.0,2980,-1644
5588,7444,1856,0,NTB,quando a gente era criança,5588,7444,1856,1856,1.0,0,0
76336,77920,1584,0,GE-Phrase,226,76279,77639,1360,1303,0.823,57,281
76336,77920,1584,0,GE-Phrase,227,77639,79279,1640,281,0.177,-1303,-1359
76336,77920,1584,0,NTB,que era só um corredorzinho,76336,77920,1584,1584,1.0,0,0
77920,79367,1447,0,GE-Phrase,227,77639,79279,1640,1359,0.939,281,88
77920,79367,1447,0,GE-Phrase,228,79279,80954,1675,88,0.061,-1359,-1587
77920,79367,1447,0,NTB,que depois virou,77920,79367,1447,1447,1.0,0,0
79367,79692,325,0,GE-Phrase,228,79279,80954,1675,325,1.0,88,-1262
79367,79692,325,0,NTB,né,79367,79692,325,325,1.0,0,0
79692,81357,1665,0,GE-Phrase,228,79279,80954,1675,1262,0.758,413,403
79692,81357,1665,0,GE-Phrase,229,80954,82638,1684,403,0.242,-1262,-1281
79692,81357,1665,0,NTB,um negócio enorme,79692,81357,1665,1665,1.0,0,0
88201,89296,1095,0,NTB,<cheguei nisso> +,88201,89296,1095,1095,1.0,0,0
93305,94317,1012,0,NTB,achei que eu fosse odiar,93305,94317,1012,1012,1.0,0,0
95089,96173,1084,0,NTB,eu gostei,95089,96173,1084,1084,1.0,0,0
96511,97855,1344,0,GE-Phrase,230,97846,98708,862,9,0.007,-1335,-853
96511,97855,1344,0,NTB,hoje eu vejo que depende &n [/1],96511,97855,1344,1344,1.0,0,0
97855,98199,344,0,GE-Phrase,230,97846,98708,862,344,1.0,9,-509
97855,98199,344,0,NTB,né,97855,98199,344,344,1.0,0,0
98199,98848,649,0,GE-Phrase,230,97846,98708,862,509,0.784,353,140
98199,98848,649,0,GE-Phrase,231,98708,100412,1704,140,0.216,-509,-1564
98199,98848,649,0,NTB,do aluno,98199,98848,649,649,1.0,0,0
98848,100935,2087,0,GE-Phrase,231,98708,100412,1704,1564,0.749,140,523
98848,100935,2087,0,NTB,da interação que cê tem com aluno,98848,100935,2087,2087,1.0,0,0
137105,138339,1234,0,GE-Phrase,235,136803,138001,1198,896,0.726,302,338
137105,138339,1234,0,GE-Phrase,236,138001,139371,1370,338,0.274,-896,-1032
137105,138339,1234,0,NTB,em inglês obviamente,137105,138339,1234,1234,1.0,0,0
138339,139647,1308,0,GE-Phrase,236,138001,139371,1370,1032,0.789,338,276
138339,139647,1308,0,GE-Phrase,237,139371,143181,3810,276,0.211,-1032,-3534
138339,139647,1308,0,NTB,a gente tinha livro e tudo,138339,139647,1308,1308,1.0,0,0
4370,5588,1218,0,GE-Phrase,201,2608,9088,6480,1218,1.0,1762,-3500
4370,5588,1218,0,NTB,aonde a gente ia,4370,5588,1218,1218,1.0,0,0
5588,7444,1856,0,GE-Phrase,201,2608,9088,6480,1856,1.0,2980,-1644
5588,7444,1856,0,NTB,quando a gente era criança,5588,7444,1856,1856,1.0,0,0
76336,77920,1584,0,GE-Phrase,226,76279,77639,1360,1303,0.823,57,281
76336,77920,1584,0,GE-Phrase,227,77639,79279,1640,281,0.177,-1303,-1359
76336,77920,1584,0,NTB,que era só um corredorzinho,76336,77920,1584,1584,1.0,0,0
77920,79367,1447,0,GE-Phrase,227,77639,79279,1640,1359,0.939,281,88
77920,79367,1447,0,GE-Phrase,228,79279,80954,1675,88,0.061,-1359,-1587
77920,79367,1447,0,NTB,que depois virou,77920,79367,1447,1447,1.0,0,0
79367,79692,325,0,GE-Phrase,228,79279,80954,1675,325,1.0,88,-1262
79367,79692,325,0,NTB,né,79367,79692,325,325,1.0,0,0
79692,81357,1665,0,GE-Phrase,228,79279,80954,1675,1262,0.758,413,403
79692,81357,1665,0,GE-Phrase,229,80954,82638,1684,403,0.242,-1262,-1281
79692,81357,1665,0,NTB,um negócio enorme,79692,81357,1665,1665,1.0,0,0
88201,89296,1095,0,NTB,<cheguei nisso> +,88201,89296,1095,1095,1.0,0,0
93305,94317,1012,0,NTB,achei que eu fosse odiar,93305,94317,1012,1012,1.0,0,0
95089,96173,1084,0,NTB,eu gostei,95089,96173,1084,1084,1.0,0,0
96511,97855,1344,0,GE-Phrase,230,97846,98708,862,9,0.007,-1335,-853
96511,97855,1344,0,NTB,hoje eu vejo que depende &n [/1],96511,97855,1344,1344,1.0,0,0
97855,98199,344,0,GE-Phrase,230,97846,98708,862,344,1.0,9,-509
97855,98199,344,0,NTB,né,97855,98199,344,344,1.0,0,0
98199,98848,649,0,GE-Phrase,230,97846,98708,862,509,0.784,353,140
98199,98848,649,0,GE-Phrase,231,98708,100412,1704,140,0.216,-509,-1564
98199,98848,649,0,NTB,do aluno,98199,98848,649,649,1.0,0,0
98848,100935,2087,0,GE-Phrase,231,98708,100412,1704,1564,0.749,140,523
98848,100935,2087,0,NTB,da interação que cê tem com aluno,98848,100935,2087,2087,1.0,0,0
137105,138339,1234,0,GE-Phrase,235,136803,138001,1198,896,0.726,302,338
137105,138339,1234,0,GE-Phrase,236,138001,139371,1370,338,0.274,-896,-1032
137105,138339,1234,0,NTB,em inglês obviamente,137105,138339,1234,1234,1.0,0,0
138339,139647,1308,0,GE-Phrase,236,138001,139371,1370,1032,0.789,338,276
138339,139647,1308,0,GE-Phrase,237,139371,143181,3810,276,0.211,-1032,-3534
138339,139647,1308,0,NTB,a gente tinha livro e tudo,138339,139647,1308,1308,1.0,0,0
4370,5588,1218,0,GE-Phrase,201,2608,9088,6480,1218,1.0,1762,-3500
4370,5588,1218,0,NTB,aonde a gente ia,4370,5588,1218,1218,1.0,0,0
5588,7444,1856,0,GE-Phrase,201,2608,9088,6480,1856,1.0,2980,-1644
5588,7444,1856,0,NTB,quando a gente era criança,5588,7444,1856,1856,1.0,0,0
76336,77920,1584,0,GE-Phrase,226,76279,77639,1360,1303,0.823,57,281
76336,77920,1584,0,GE-Phrase,227,77639,79279,1640,281,0.177,-1303,-1359
76336,77920,1584,0,NTB,que era só um corredorzinho,76336,77920,1584,1584,1.0,0,0
77920,79367,1447,0,GE-Phrase,227,77639,79279,1640,1359,0.939,281,88
77920,79367,1447,0,GE-Phrase,228,79279,80954,1675,88,0.061,-1359,-1587
77920,79367,1447,0,NTB,que depois virou,77920,79367,1447,1447,1.0,0,0
79367,79692,325,0,GE-Phrase,228,79279,80954,1675,325,1.0,88,-1262
79367,79692,325,0,NTB,né,79367,79692,325,325,1.0,0,0
79692,81357,1665,0,GE-Phrase,228,79279,80954,1675,1262,0.758,413,403
79692,81357,1665,0,GE-Phrase,229,80954,82638,1684,403,0.242,-1262,-1281
79692,81357,1665,0,NTB,um negócio enorme,79692,81357,1665,1665,1.0,0,0
88201,89296,1095,0,NTB,<cheguei nisso> +,88201,89296,1095,1095,1.0,0,0
93305,94317,1012,0,NTB,achei que eu fosse odiar,93305,94317,1012,1012,1.0,0,0
95089,96173,1084,0,NTB,eu gostei,95089,96173,1084,1084,1.0,0,0
96511,97855,1344,0,GE-Phrase,230,97846,98708,862,9,0.007,-1335,-853
96511,97855,1344,0,NTB,hoje eu vejo que depende &n [/1],96511,97855,1344,1344,1.0,0,0
97855,98199,344,0,GE-Phrase,230,97846,98708,862,344,1.0,9,-509
97855,98199,344,0,NTB,né,97855,98199,344,344,1.0,0,0
98199,98848,649,0,GE-Phrase,230,97846,98708,862,509,0.784,353,140
98199,98848,649,0,GE-Phrase,231,98708,100412,1704,140,0.216,-509,-1564
98199,98848,649,0,NTB,do aluno,98199,98848,649,649,1.0,0,0
98848,100935,2087,0,GE-Phrase,231,98708,100412,1704,1564,0.749,140,523
98848,100935,2087,0,NTB,da interação que cê tem com aluno,98848,100935,2087,2087,1.0,0,0
137105,138339,1234,0,GE-Phrase,235,136803,138001,1198,896,0.726,302,338
137105,138339,1234,0,GE-Phrase,236,138001,139371,1370,338,0.274,-896,-1032
137105,138339,1234,0,NTB,em inglês obviamente,137105,138339,1234,1234,1.0,0,0
138339,139647,1308,0,GE-Phrase,236,138001,139371,1370,1032,0.789,338,276
138339,139647,1308,0,GE-Phrase,237,139371,143181,3810,276,0.211,-1032,-3534
138339,139647,1308,0,NTB,a gente tinha livro e tudo,138339,139647,1308,1308,1.0,0,0
4370,5588,1218,0,GE-Phrase,201,2608,9088,6480,1218,1.0,1762,-3500
4370,5588,1218,0,NTB,aonde a gente ia,4370,5588,1218,1218,1.0,0,0
5588,7444,1856,0,GE-Phrase,201,2608,9088,6480,1856,1.0,2980,-1644
5588,7444,1856,0,NTB,quando a gente era criança,5588,7444,1856,1856,1.0,0,0
76336,77920,1584,0,GE-Phrase,226,76279,77639,1360,1303,0.823,57,281
76336,77920,1584,0,GE-Phrase,227,77639,79279,1640,281,0.177,-1303,-1359
76336,77920,1584,0,NTB,que era só um corredorzinho,76336,77920,1584,1584,1.0,0,0
77920,79367,1447,0,GE-Phrase,227,77639,79279,1640,1359,0.939,281,88
77920,79367,1447,0,GE-Phrase,228,79279,80954,1675,88,0.061,-1359,-1587
77920,79367,1447,0,NTB,que depois virou,77920,79367,1447,1447,1.0,0,0
79367,79692,325,0,GE-Phrase,228,79279,80954,1675,325,1.0,88,-1262
79367,79692,325,0,NTB,né,79367,79692,325,325,1.0,0,0
79692,81357,1665,0,GE-Phrase,228,79279,80954,1675,1262,0.758,413,403
79692,81357,1665,0,GE-Phrase,229,80954,82638,1684,403,0.242,-1262,-1281
79692,81357,1665,0,NTB,um negócio enorme,79692,81357,1665,1665,1.0,0,0
88201,89296,1095,0,NTB,<cheguei nisso> +,88201,89296,1095,1095,1.0,0,0
93305,94317,1012,0,NTB,achei que eu fosse odiar,93305,94317,1012,1012,1.0,0,0
95089,96173,1084,0,NTB,eu gostei,95089,96173,1084,1084,1.0,0,0
96511,97855,1344,0,GE-Phrase,230,97846,98708,862,9,0.007,-1335,-853
96511,97855,1344,0,NTB,hoje eu vejo que depende &n [/1],96511,97855,1344,1344,1.0,0,0
97855,98199,344,0,GE-Phrase,230,97846,98708,862,344,1.0,9,-509
97855,98199,344,0,NTB,né,97855,98199,344,344,1.0,0,0
98199,98848,649,0,GE-Phrase,230,97846,98708,862,509,0.784,353,140
98199,98848,649,0,GE-Phrase,231,98708,100412,1704,140,0.216,-509,-1564
98199,98848,649,0,NTB,do aluno,98199,98848,649,649,1.0,0,0
98848,100935,2087,0,GE-Phrase,231,98708,100412,1704,1564,0.749,140,523
98848,100935,2087,0,NTB,da interação que cê tem com aluno,98848,100935,2087,2087,1.0,0,0
137105,138339,1234,0,GE-Phrase,235,136803,138001,1198,896,0.726,302,338
137105,138339,1234,0,GE-Phrase,236,138001,139371,1370,338,0.274,-896,-1032
137105,138339,1234,0,NTB,em inglês obviamente,137105,138339,1234,1234,1.0,0,0
138339,139647,1308,0,GE-Phrase,236,138001,139371,1370,1032,0.789,338,276
138339,139647,1308,0,GE-Phrase,237,139371,143181,3810,276,0.211,-1032,-3534
138339,139647,1308,0,NTB,a gente tinha livro e tudo,138339,139647,1308,1308,1.0,0,0
4370,5588,1218,0,GE-Phrase,201,2608,9088,6480,1218,1.0,1762,-3500
4370,5588,1218,0,NTB,aonde a gente ia,4370,5588,1218,1218,1.0,0,0
5588,7444,1856,0,GE-Phrase,201,2608,9088,6480,1856,1.0,2980,-1644
5588,7444,1856,0,NTB,quando a gente era criança,5588,7444,1856,1856,1.0,0,0
76336,77920,1584,0,GE-Phrase,226,76279,77639,1360,1303,0.823,57,281
76336,77920,1584,0,GE-Phrase,227,77639,79279,1640,281,0.177,-1303,-1359
76336,77920,1584,0,NTB,que era só um corredorzinho,76336,77920,1584,1584,1.0,0,0
77920,79367,1447,0,GE-Phrase,227,77639,79279,1640,1359,0.939,281,88
77920,79367,1447,0,GE-Phrase,228,79279,80954,1675,88,0.061,-1359,-1587
77920,79367,1447,0,NTB,que depois virou,77920,79367,1447,1447,1.0,0,0
79367,79692,325,0,GE-Phrase,228,79279,80954,1675,325,1.0,88,-1262
79367,79692,325,0,NTB,né,79367,79692,325,325,1.0,0,0
79692,81357,1665,0,GE-Phrase,228,79279,80954,1675,1262,0.758,413,403
79692,81357,1665,0,GE-Phrase,229,80954,82638,1684,403,0.242,-1262,-1281
79692,81357,1665,0,NTB,um negócio enorme,79692,81357,1665,1665,1.0,0,0
88201,89296,1095,0,NTB,<cheguei nisso> +,88201,89296,1095,1095,1.0,0,0
93305,94317,1012,0,NTB,achei que eu fosse odiar,93305,94317,1012,1012,1.0,0,0
95089,96173,1084,0,NTB,eu gostei,95089,96173,1084,1084,1.0,0,0
96511,97855,1344,0,GE-Phrase,230,97846,98708,862,9,0.007,-1335,-853
96511,97855,1344,0,NTB,hoje eu vejo que depende &n [/1],96511,97855,1344,1344,1.0,0,0
97855,98199,344,0,GE-Phrase,230,97846,98708,862,344,1.0,9,-509
97855,98199,344,0,NTB,né,97855,98199,344,344,1.0,0,0
98199,98848,649,0,GE-Phrase,230,97846,98708,862,509,0.784,353,140
98199,98848,649,0,GE-Phrase,231,98708,100412,1704,140,0.216,-509,-1564
98199,98848,649,0,NTB,do aluno,98199,98848,649,649,1.0,0,0
98848,100935,2087,0,GE-Phrase,231,98708,100412,1704,1564,0.749,140,523
98848,100935,2087,0,NTB,da interação que cê tem com aluno,98848,100935,2087,2087,1.0,0,0
137105,138339,1234,0,GE-Phrase,235,136803,138001,1198,896,0.726,302,338
137105,138339,1234,0,GE-Phrase,236,138001,139371,1370,338,0.274,-896,-1032
137105,138339,1234,0,NTB,em inglês obviamente,137105,138339,1234,1234,1.0,0,0
138339,139647,1308,0,GE-Phrase,236,138001,139371,1370,1032,0.789,338,276
138339,139647,1308,0,GE-Phrase,237,139371,143181,3810,276,0.211,-1032,-3534
138339,139647,1308,0,NTB,a gente tinha livro e tudo,138339,139647,1308,1308,1.0,0,0
4370,5588,1218,0,GE-Phrase,201,2608,9088,6480,1218,1.0,1762,-3500
4370,5588,1218,0,NTB,aonde a gente ia,4370,5588,1218,1218,1.0,0,0
5588,7444,1856,0,GE-Phrase,201,2608,9088,6480,1856,1.0,2980,-1644
5588,7444,1856,0,NTB,quando a gente era criança,5588,7444,1856,1856,1.0,0,0
76336,77920,1584,0,GE-Phrase,226,76279,77639,1360,1303,0.823,57,281
76336,77920,1584,0,GE-Phrase,227,77639,79279,1640,281,0.177,-1303,-1359
76336,77920,1584,0,NTB,que era só um corredorzinho,76336,77920,1584,1584,1.0,0,0
77920,79367,1447,0,GE-Phrase,227,77639,79279,1640,1359,0.939,281,88
77920,79367,1447,0,GE-Phrase,228,79279,80954,1675,88,0.061,-1359,-1587
77920,79367,1447,0,NTB,que depois virou,77920,79367,1447,1447,1.0,0,0
79367,79692,325,0,GE-Phrase,228,79279,80954,1675,325,1.0,88,-1262
79367,79692,325,0,NTB,né,79367,79692,325,325,1.0,0,0
79692,81357,1665,0,GE-Phrase,228,79279,80954,1675,1262,0.758,413,403
79692,81357,1665,0,GE-Phrase,229,80954,82638,1684,403,0.242,-1262,-1281
79692,81357,1665,0,NTB,um negócio enorme,79692,81357,1665,1665,1.0,0,0
88201,89296,1095,0,NTB,<cheguei nisso> +,88201,89296,1095,1095,1.0,0,0
93305,94317,1012,0,NTB,achei que eu fosse odiar,93305,94317,1012,1012,1.0,0,0
95089,96173,1084,0,NTB,eu gostei,95089,96173,1084,1084,1.0,0,0
96511,97855,1344,0,GE-Phrase,230,97846,98708,862,9,0.007,-1335,-853
96511,97855,1344,0,NTB,hoje eu vejo que depende &n [/1],96511,97855,1344,1344,1.0,0,0
97855,98199,344,0,GE-Phrase,230,97846,98708,862,344,1.0,9,-509
97855,98199,344,0,NTB,né,97855,98199,344,344,1.0,0,0
98199,98848,649,0,GE-Phrase,230,97846,98708,862,509,0.784,353,140
98199,98848,649,0,GE-Phrase,231,98708,100412,1704,140,0.216,-509,-1564
98199,98848,649,0,NTB,do aluno,98199,98848,649,649,1.0,0,0
98848,100935,2087,0,GE-Phrase,231,98708,100412,1704,1564,0.749,140,523
98848,100935,2087,0,NTB,da interação que cê tem com aluno,98848,100935,2087,2087,1.0,0,0
137105,138339,1234,0,GE-Phrase,235,136803,138001,1198,896,0.726,302,338
137105,138339,1234,0,GE-Phrase,236,138001,139371,1370,338,0.274,-896,-1032
137105,138339,1234,0,NTB,em inglês obviamente,137105,138339,1234,1234,1.0,0,0
138339,139647,1308,0,GE-Phrase,236,138001,139371,1370,1032,0.789,338,276
138339,139647,1308,0,GE-Phrase,237,139371,143181,3810,276,0.211,-1032,-3534
138339,139647,1308,0,NTB,a gente tinha livro e tudo,138339,139647,1308,1308,1.0,0,0
4370,5588,1218,0,GE-Phrase,201,2608,9088,6480,1218,1.0,1762,-3500
4370,5588,1218,0,NTB,aonde a gente ia,4370,5588,1218,1218,1.0,0,0
5588,7444,1856,0,GE-Phrase,201,2608,9088,6480,1856,1.0,2980,-1644
5588,7444,1856,0,NTB,quando a gente era criança,5588,7444,1856,1856,1.0,0,0
76336,77920,1584,0,GE-Phrase,226,76279,77639,1360,1303,0.823,57,281
76336,77920,1584,0,GE-Phrase,227,77639,79279,1640,281,0.177,-1303,-1359
76336,77920,1584,0,NTB,que era só um corredorzinho,76336,77920,1584,1584,1.0,0,0
77920,79367,1447,0,GE-Phrase,227,77639,79279,1640,1359,0.939,281,88
77920,79367,1447,0,GE-Phrase,228,79279,80954,1675,88,0.061,-1359,-1587
77920,79367,1447,0,NTB,que depois virou,77920,79367,1447,1447,1.0,0,0
79367,79692,325,0,GE-Phrase,228,79279,80954,1675,325,1.0,88,-1262
79367,79692,325,0,NTB,né,79367,79692,325,325,1.0,0,0
79692,81357,1665,0,GE-Phrase,228,79279,80954,1675,1262,0.758,413,403
79692,81357,1665,0,GE-Phrase,229,80954,82638,1684,403,0.242,-1262,-1281
79692,81357,1665,0,NTB,um negócio enorme,79692,81357,1665,1665,1.0,0,0
88201,89296,1095,0,NTB,<cheguei nisso> +,88201,89296,1095,1095,1.0,0,0
93305,94317,1012,0,NTB,achei que eu fosse odiar,93305,94317,1012,1012,1.0,0,0
95089,96173,1084,0,NTB,eu gostei,95089,96173,1084,1084,1.0,0,0
96511,97855,1344,0,GE-Phrase,230,97846,98708,862,9,0.007,-1335,-853
96511,97855,1344,0,NTB,hoje eu vejo que depende &n [/1],96511,97855,1344,1344,1.0,0,0
97855,98199,344,0,GE-Phrase,230,97846,98708,862,344,1.0,9,-509
97855,98199,344,0,NTB,né,97855,98199,344,344,1.0,0,0
98199,98848,649,0,GE-Phrase,230,97846,98708,862,509,0.784,353,140
98199,98848,649,0,GE-Phrase,231,98708,100412,1704,140,0.216,-509,-1564
98199,98848,649,0,NTB,do aluno,98199,98848,649,649,1.0,0,0
98848,100935,2087,0,GE-Phrase,231,98708,100412,1704,1564,0.749,140,523
98848,100935,2087,0,NTB,da interação que cê tem com aluno,98848,100935,2087,2087,1.0,0,0
137105,138339,1234,0,GE-Phrase,235,136803,138001,1198,896,0.726,302,338
137105,138339,1234,0,GE-Phrase,236,138001,139371,1370,338,0.274,-896,-1032
137105,138339,1234,0,NTB,em inglês obviamente,137105,138339,1234,1234,1.0,0,0
138339,139647,1308,0,GE-Phrase,236,138001,139371,1370,1032,0.789,338,276
138339,139647,1308,0,GE-Phrase,237,139371,143181,3810,276,0.211,-1032,-3534
138339,139647,1308,0,NTB,a gente tinha livro e tudo,138339,139647,1308,1308,1.0,0,0
4370,5588,1218,0,GE-Phrase,201,2608,9088,6480,1218,1.0,1762,-3500
4370,5588,1218,0,NTB,aonde a gente ia,4370,5588,1218,1218,1.0,0,0
5588,7444,1856,0,GE-Phrase,201,2608,9088,6480,1856,1.0,2980,-1644
5588,7444,1856,0,NTB,quando a gente era criança,5588,7444,1856,1856,1.0,0,0
76336,77920,1584,0,GE-Phrase,226,76279,77639,1360,1303,0.823,57,281
76336,77920,1584,0,GE-Phrase,227,77639,79279,1640,281,0.177,-1303,-1359
76336,77920,1584,0,NTB,que era só um corredorzinho,76336,77920,1584,1584,1.0,0,0
77920,79367,1447,0,GE-Phrase,227,77639,79279,1640,1359,0.939,281,88
77920,79367,1447,0,GE-Phrase,228,79279,80954,1675,88,0.061,-1359,-1587
77920,79367,1447,0,NTB,que depois virou,77920,79367,1447,1447,1.0,0,0
79367,79692,325,0,GE-Phrase,228,79279,80954,1675,325,1.0,88,-1262
79367,79692,325,0,NTB,né,79367,79692,325,325,1.0,0,0
79692,81357,1665,0,GE-Phrase,228,79279,80954,1675,1262,0.758,413,403
79692,81357,1665,0,GE-Phrase,229,80954,82638,1684,403,0.242,-1262,-1281
79692,81357,1665,0,NTB,um negócio enorme,79692,81357,1665,1665,1.0,0,0
88201,89296,1095,0,NTB,<cheguei nisso> +,88201,89296,1095,1095,1.0,0,0
93305,94317,1012,0,NTB,achei que eu fosse odiar,93305,94317,1012,1012,1.0,0,0
95089,96173,1084,0,NTB,eu gostei,95089,96173,1084,1084,1.0,0,0
96511,97855,1344,0,GE-Phrase,230,97846,98708,862,9,0.007,-1335,-853
96511,97855,1344,0,NTB,hoje eu vejo que depende &n [/1],96511,97855,1344,1344,1.0,0,0
97855,98199,344,0,GE-Phrase,230,97846,98708,862,344,1.0,9,-509
97855,98199,344,0,NTB,né,97855,98199,344,344,1.0,0,0
98199,98848,649,0,GE-Phrase,230,97846,98708,862,509,0.784,353,140
98199,98848,649,0,GE-Phrase,231,98708,100412,1704,140,0.216,-509,-1564
98199,98848,649,0,NTB,do aluno,98199,98848,649,649,1.0,0,0
98848,100935,2087,0,GE-Phrase,231,98708,100412,1704,1564,0.749,140,523
98848,100935,2087,0,NTB,da interação que cê tem com aluno,98848,100935,2087,2087,1.0,0,0
137105,138339,1234,0,GE-Phrase,235,136803,138001,1198,896,0.726,302,338
137105,138339,1234,0,GE-Phrase,236,138001,139371,1370,338,0.274,-896,-1032
137105,138339,1234,0,NTB,em inglês obviamente,137105,138339,1234,1234,1.0,0,0
138339,139647,1308,0,GE-Phrase,236,138001,139371,1370,1032,0.789,338,276
138339,139647,1308,0,GE-Phrase,237,139371,143181,3810,276,0.211,-1032,-3534
138339,139647,1308,0,NTB,a gente tinha livro e tudo,138339,139647,1308,1308,1.0,0,0
4370,5588,1218,0,GE-Phrase,201,2608,9088,6480,1218,1.0,1762,-3500
4370,5588,1218,0,NTB,aonde a gente ia,4370,5588,1218,1218,1.0,0,0
5588,7444,1856,0,GE-Phrase,201,2608,9088,6480,1856,1.0,2980,-1644
5588,7444,1856,0,NTB,quando a gente era criança,5588,7444,1856,1856,1.0,0,0
76336,77920,1584,0,GE-Phrase,226,76279,77639,1360,1303,0.823,57,281
76336,77920,1584,0,GE-Phrase,227,77639,79279,1640,281,0.177,-1303,-1359
76336,77920,1584,0,NTB,que era só um corredorzinho,76336,77920,1584,1584,1.0,0,0
77920,79367,1447,0,GE-Phrase,227,77639,79279,1640,1359,0.939,281,88
77920,79367,1447,0,GE-Phrase,228,79279,80954,1675,88,0.061,-1359,-1587
77920,79367,1447,0,NTB,que depois virou,77920,79367,1447,1447,1.0,0,0
79367,79692,325,0,GE-Phrase,228,79279,80954,1675,325,1.0,88,-1262
79367,79692,325,0,NTB,né,79367,79692,325,325,1.0,0,0
79692,81357,1665,0,GE-Phrase,228,79279,80954,1675,1262,0.758,413,403
79692,81357,1665,0,GE-Phrase,229,80954,82638,1684,403,0.242,-1262,-1281
79692,81357,1665,0,NTB,um negócio enorme,79692,81357,1665,1665,1.0,0,0
88201,89296,1095,0,NTB,<cheguei nisso> +,88201,89296,1095,1095,1.0,0,0
93305,94317,1012,0,NTB,achei que eu fosse odiar,93305,94317,1012,1012,1.0,0,0
95089,96173,1084,0,NTB,eu gostei,95089,96173,1084,1084,1.0,0,0
96511,97855,1344,0,GE-Phrase,230,97846,98708,862,9,0.007,-1335,-853
96511,97855,1344,0,NTB,hoje eu vejo que depende &n [/1],96511,97855,1344,1344,1.0,0,0
97855,98199,344,0,GE-Phrase,230,97846,98708,862,344,1.0,9,-509
97855,98199,344,0,NTB,né,97855,98199,344,344,1.0,0,0
98199,98848,649,0,GE-Phrase,230,97846,98708,862,509,0.784,353,140
98199,98848,649,0,GE-Phrase,231,98708,100412,1704,140,0.216,-509,-1564
98199,98848,649,0,NTB,do aluno,98199,98848,649,649,1.0,0,0
98848,100935,2087,0,GE-Phrase,231,98708,100412,1704,1564,0.749,140,523
98848,100935,2087,0,NTB,da interação que cê tem com aluno,98848,100935,2087,2087,1.0,0,0
137105,138339,1234,0,GE-Phrase,235,136803,138001,1198,896,0.726,302,338
137105,138339,1234,0,GE-Phrase,236,138001,139371,1370,338,0.274,-896,-1032
137105,138339,1234,0,NTB,em inglês obviamente,137105,138339,1234,1234,1.0,0,0
138339,139647,1308,0,GE-Phrase,236,138001,139371,1370,1032,0.789,338,276
138339,139647,1308,0,GE-Phrase,237,139371,143181,3810,276,0.211,-1032,-3534
138339,139647,1308,0,NTB,a gente tinha livro e tudo,138339,139647,1308,1308,1.0,0,0
4370,5588,1218,0,GE-Phrase,201,2608,9088,6480,1218,1.0,1762,-3500
4370,5588,1218,0,NTB,aonde a gente ia,4370,5588,1218,1218,1.0,0,0
5588,7444,1856,0,GE-Phrase,201,2608,9088,6480,1856,1.0,2980,-1644
5588,7444,1856,0,NTB,quando a gente era criança,5588,7444,1856,1856,1.0,0,0
76336,77920,1584,0,GE-Phrase,226,76279,77639,1360,1303,0.823,57,281
76336,77920,1584,0,GE-Phrase,227,77639,79279,1640,281,0.177,-1303,-1359
76336,77920,1584,0,NTB,que era só um corredorzinho,76336,77920,1584,1584,1.0,0,0
77920,79367,1447,0,GE-Phrase,227,77639,79279,1640,1359,0.939,281,88
77920,79367,1447,0,GE-Phrase,228,79279,80954,1675,88,0.061,-1359,-1587
77920,79367,1447,0,NTB,que depois virou,77920,79367,1447,1447,1.0,0,0
79367,79692,325,0,GE-Phrase,228,79279,80954,1675,325,1.0,88,-1262
79367,79692,325,0,NTB,né,79367,79692,325,325,1.0,0,0
79692,81357,1665,0,GE-Phrase,228,79279,80954,1675,1262,0.758,413,403
79692,81357,1665,0,GE-Phrase,229,80954,82638,1684,403,0.242,-1262,-1281
79692,81357,1665,0,NTB,um negócio enorme,79692,81357,1665,1665,1.0,0,0
88201,89296,1095,0,NTB,<cheguei nisso> +,88201,89296,1095,1095,1.0,0,0
93305,94317,1012,0,NTB,achei que eu fosse odiar,93305,94317,1012,1012,1.0,0,0
95089,96173,1084,0,NTB,eu gostei,95089,96173,1084,1084,1.0,0,0
96511,97855,1344,0,GE-Phrase,230,97846,98708,862,9,0.007,-1335,-853
96511,97855,1344,0,NTB,hoje eu vejo que depende &n [/1],96511,97855,1344,1344,1.0,0,0
97855,98199,344,0,GE-Phrase,230,97846,98708,862,344,1.0,9,-509
97855,98199,344,0,NTB,né,97855,98199,344,344,1.0,0,0
98199,98848,649,0,GE-Phrase,230,97846,98708,862,509,0.784,353,140
98199,98848,649,0,GE-Phrase,231,98708,100412,1704,140,0.216,-509,-1564
98199,98848,649,0,NTB,do aluno,98199,98848,649,649,1.0,0,0
98848,100935,2087,0,GE-Phrase,231,98708,100412,1704,1564,0.749,140,523
98848,100935,2087,0,NTB,da interação que cê tem com aluno,98848,100935,2087,2087,1.0,0,0
137105,138339,1234,0,GE-Phrase,235,136803,138001,1198,896,0.726,302,338
137105,138339,1234,0,GE-Phrase,236,138001,139371,1370,338,0.274,-896,-1032
137105,138339,1234,0,NTB,em inglês obviamente,137105,138339,1234,1234,1.0,0,0
138339,139647,1308,0,GE-Phrase,236,138001,139371,1370,1032,0.789,338,276
138339,139647,1308,0,GE-Phrase,237,139371,143181,3810,276,0.211,-1032,-3534
138339,139647,1308,0,NTB,a gente tinha livro e tudo,138339,139647,1308,1308,1.0,0,0
4370,5588,1218,0,GE-Phrase,201,2608,9088,6480,1218,1.0,1762,-3500
4370,5588,1218,0,NTB,aonde a gente ia,4370,5588,1218,1218,1.0,0,0
5588,7444,1856,0,GE-Phrase,201,2608,9088,6480,1856,1.0,2980,-1644
5588,7444,1856,0,NTB,quando a gente era criança,5588,7444,1856,1856,1.0,0,0
76336,77920,1584,0,GE-Phrase,226,76279,77639,1360,1303,0.823,57,281
76336,77920,1584,0,GE-Phrase,227,77639,79279,1640,281,0.177,-1303,-1359
76336,77920,1584,0,NTB,que era só um corredorzinho,76336,77920,1584,1584,1.0,0,0
77920,79367,1447,0,GE-Phrase,227,77639,79279,1640,1359,0.939,281,88
77920,79367,1447,0,GE-Phrase,228,79279,80954,1675,88,0.061,-1359,-1587
77920,79367,1447,0,NTB,que depois virou,77920,79367,1447,1447,1.0,0,0
79367,79692,325,0,GE-Phrase,228,79279,80954,1675,325,1.0,88,-1262
79367,79692,325,0,NTB,né,79367,79692,325,325,1.0,0,0
79692,81357,1665,0,GE-Phrase,228,79279,80954,1675,1262,0.758,413,403
79692,81357,1665,0,GE-Phrase,229,80954,82638,1684,403,0.242,-1262,-1281
79692,81357,1665,0,NTB,um negócio enorme,79692,81357,1665,1665,1.0,0,0
88201,89296,1095,0,NTB,<cheguei nisso> +,88201,89296,1095,1095,1.0,0,0
93305,94317,1012,0,NTB,achei que eu fosse odiar,93305,94317,1012,1012,1.0,0,0
95089,96173,1084,0,NTB,eu gostei,95089,96173,1084,1084,1.0,0,0
96511,97855,1344,0,GE-Phrase,230,97846,98708,862,9,0.007,-1335,-853
96511,97855,1344,0,NTB,hoje eu vejo que depende &n [/1],96511,97855,1344,1344,1.0,0,0
97855,98199,344,0,GE-Phrase,230,97846,98708,862,344,1.0,9,-509
97855,98199,344,0,NTB,né,97855,98199,344,344,1.0,0,0
98199,98848,649,0,GE-Phrase,230,97846,98708,862,509,0.784,353,140
98199,98848,649,0,GE-Phrase,231,98708,100412,1704,140,0.216,-509,-1564
98199,98848,649,0,NTB,do aluno,98199,98848,649,649,1.0,0,0
98848,100935,2087,0,GE-Phrase,231,98708,100412,1704,1564,0.749,140,523
98848,100935,2087,0,NTB,da interação que cê tem com aluno,98848,100935,2087,2087,1.0,0,0
137105,138339,1234,0,GE-Phrase,235,136803,138001,1198,896,0.726,302,338
137105,138339,1234,0,GE-Phrase,236,138001,139371,1370,338,0.274,-896,-1032
137105,138339,1234,0,NTB,em inglês obviamente,137105,138339,1234,1234,1.0,0,0
138339,139647,1308,0,GE-Phrase,236,138001,139371,1370,1032,0.789,338,276
138339,139647,1308,0,GE-Phrase,237,139371,143181,3810,276,0.211,-1032,-3534
138339,139647,1308,0,NTB,a gente tinha livro e tudo,138339,139647,1308,1308,1.0,0,0
4370,5588,1218,0,GE-Phrase,201,2608,9088,6480,1218,1.0,1762,-3500
4370,5588,1218,0,NTB,aonde a gente ia,4370,5588,1218,1218,1.0,0,0
5588,7444,1856,0,GE-Phrase,201,2608,9088,6480,1856,1.0,2980,-1644
5588,7444,1856,0,NTB,quando a gente era criança,5588,7444,1856,1856,1.0,0,0
76336,77920,1584,0,GE-Phrase,226,76279,77639,1360,1303,0.823,57,281
76336,77920,1584,0,GE-Phrase,227,77639,79279,1640,281,0.177,-1303,-1359
76336,77920,1584,0,NTB,que era só um corredorzinho,76336,77920,1584,1584,1.0,0,0
77920,79367,1447,0,GE-Phrase,227,77639,79279,1640,1359,0.939,281,88
77920,79367,1447,0,GE-Phrase,228,79279,80954,1675,88,0.061,-1359,-1587
77920,79367,1447,0,NTB,que depois virou,77920,79367,1447,1447,1.0,0,0
79367,79692,325,0,GE-Phrase,228,79279,80954,1675,325,1.0,88,-1262
79367,79692,325,0,NTB,né,79367,79692,325,325,1.0,0,0
79692,81357,1665,0,GE-Phrase,228,79279,80954,1675,1262,0.758,413,403
79692,81357,1665,0,GE-Phrase,229,80954,82638,1684,403,0.242,-1262,-1281
79692,81357,1665,0,NTB,um negócio enorme,79692,81357,1665,1665,1.0,0,0
88201,89296,1095,0,NTB,<cheguei nisso> +,88201,89296,1095,1095,1.0,0,0
93305,94317,1012,0,NTB,achei que eu fosse odiar,93305,94317,1012,1012,1.0,0,0
95089,96173,1084,0,NTB,eu gostei,95089,96173,1084,1084,1.0,0,0
96511,97855,1344,0,GE-Phrase,230,97846,98708,862,9,0.007,-1335,-853
96511,97855,1344,0,NTB,hoje eu vejo que depende &n [/1],96511,97855,1344,1344,1.0,0,0
97855,98199,344,0,GE-Phrase,230,97846,98708,862,344,1.0,9,-509
97855,98199,344,0,NTB,né,97855,98199,344,344,1.0,0,0
98199,98848,649,0,GE-Phrase,230,97846,98708,862,509,0.784,353,140
98199,98848,649,0,GE-Phrase,231,98708,100412,1704,140,0.216,-509,-1564
98199,98848,649,0,NTB,do aluno,98199,98848,649,649,1.0,0,0
98848,100935,2087,0,GE-Phrase,231,98708,100412,1704,1564,0.749,140,523
98848,100935,2087,0,NTB,da interação que cê tem com aluno,98848,100935,2087,2087,1.0,0,0
137105,138339,1234,0,GE-Phrase,235,136803,138001,1198,896,0.726,302,338
137105,138339,1234,0,GE-Phrase,236,138001,139371,1370,338,0.274,-896,-1032
137105,138339,1234,0,NTB,em inglês obviamente,137105,138339,1234,1234,1.0,0,0
138339,139647,1308,0,GE-Phrase,236,138001,139371,1370,1032,0.789,338,276
138339,139647,1308,0,GE-Phrase,237,139371,143181,3810,276,0.211,-1032,-3534
138339,139647,1308,0,NTB,a gente tinha livro e tudo,138339,139647,1308,1308,1.0,0,0
4370,5588,1218,0,GE-Phrase,201,2608,9088,6480,1218,1.0,1762,-3500
4370,5588,1218,0,NTB,aonde a gente ia,4370,5588,1218,1218,1.0,0,0
5588,7444,1856,0,GE-Phrase,201,2608,9088,6480,1856,1.0,2980,-1644
5588,7444,1856,0,NTB,quando a gente era criança,5588,7444,1856,1856,1.0,0,0
76336,77920,1584,0,GE-Phrase,226,76279,77639,1360,1303,0.823,57,281
76336,77920,1584,0,GE-Phrase,227,77639,79279,1640,281,0.177,-1303,-1359
76336,77920,1584,0,NTB,que era só um corredorzinho,76336,77920,1584,1584,1.0,0,0
77920,79367,1447,0,GE-Phrase,227,77639,79279,1640,1359,0.939,281,88
77920,79367,1447,0,GE-Phrase,228,79279,80954,1675,88,0.061,-1359,-1587
77920,79367,1447,0,NTB,que depois virou,77920,79367,1447,1447,1.0,0,0
79367,79692,325,0,GE-Phrase,228,79279,80954,1675,325,1.0,88,-1262
79367,79692,325,0,NTB,né,79367,79692,325,325,1.0,0,0
79692,81357,1665,0,GE-Phrase,228,79279,80954,1675,1262,0.758,413,403
79692,81357,1665,0,GE-Phrase,229,80954,82638,1684,403,0.242,-1262,-1281
79692,81357,1665,0,NTB,um negócio enorme,79692,81357,1665,1665,1.0,0,0
88201,89296,1095,0,NTB,<cheguei nisso> +,88201,89296,1095,1095,1.0,0,0
93305,94317,1012,0,NTB,achei que eu fosse odiar,93305,94317,1012,1012,1.0,0,0
95089,96173,1084,0,NTB,eu gostei,95089,96173,1084,1084,1.0,0,0
96511,97855,1344,0,GE-Phrase,230,97846,98708,862,9,0.007,-1335,-853
96511,97855,1344,0,NTB,hoje eu vejo que depende &n [/1],96511,97855,1344,1344,1.0,0,0
97855,98199,344,0,GE-Phrase,230,97846,98708,862,344,1.0,9,-509
97855,98199,344,0,NTB,né,97855,98199,344,344,1.0,0,0
98199,98848,649,0,GE-Phrase,230,97846,98708,862,509,0.784,353,140
98199,98848,649,0,GE-Phrase,231,98708,100412,1704,140,0.216,-509,-1564
98199,98848,649,0,NTB,do aluno,98199,98848,649,649,1.0,0,0
98848,100935,2087,0,GE-Phrase,231,98708,100412,1704,1564,0.749,140,523
98848,100935,2087,0,NTB,da interação que cê tem com aluno,98848,100935,2087,2087,1.0,0,0
137105,138339,1234,0,GE-Phrase,235,136803,138001,1198,896,0.726,302,338
137105,138339,1234,0,GE-Phrase,236,138001,139371,1370,338,0.274,-896,-1032
137105,138339,1234,0,NTB,em inglês obviamente,137105,138339,1234,1234,1.0,0,0
138339,139647,1308,0,GE-Phrase,236,138001,139371,1370,1032,0.789,338,276
138339,139647,1308,0,GE-Phrase,237,139371,143181,3810,276,0.211,-1032,-3534
138339,139647,1308,0,NTB,a gente tinha livro e tudo,138339,139647,1308,1308,1.0,0,0
4370,5588,1218,0,GE-Phrase,201,2608,9088,6480,1218,1.0,1762,-3500
4370,5588,1218,0,NTB,aonde a gente ia,4370,5588,1218,1218,1.0,0,0
5588,7444,1856,0,GE-Phrase,201,2608,9088,6480,1856,1.0,2980,-1644
5588,7444,1856,0,NTB,quando a gente era criança,5588,7444,1856,1856,1.0,0,0
76336,77920,1584,0,GE-Phrase,226,76279,77639,1360,1303,0.823,57,281
76336,77920,1584,0,GE-Phrase,227,77639,79279,1640,281,0.177,-1303,-1359
76336,77920,1584,0,NTB,que era só um corredorzinho,76336,77920,1584,1584,1.0,0,0
77920,79367,1447,0,GE-Phrase,227,77639,79279,1640,1359,0.939,281,88
77920,79367,1447,0,GE-Phrase,228,79279,80954,1675,88,0.061,-1359,-1587
77920,79367,1447,0,NTB,que depois virou,77920,79367,1447,1447,1.0,0,0
79367,79692,325,0,GE-Phrase,228,79279,80954,1675,325,1.0,88,-1262
79367,79692,325,0,NTB,né,79367,79692,325,325,1.0,0,0
79692,81357,1665,0,GE-Phrase,228,79279,80954,1675,1262,0.758,413,403
79692,81357,1665,0,GE-Phrase,229,80954,82638,1684,403,0.242,-1262,-1281
79692,81357,1665,0,NTB,um negócio enorme,79692,81357,1665,1665,1.0,0,0
88201,89296,1095,0,NTB,<cheguei nisso> +,88201,89296,1095,1095,1.0,0,0
93305,94317,1012,0,NTB,achei que eu fosse odiar,93305,94317,1012,1012,1.0,0,0
95089,96173,1084,0,NTB,eu gostei,95089,96173,1084,1084,1.0,0,0
96511,97855,1344,0,GE-Phrase,230,97846,98708,862,9,0.007,-1335,-853
96511,97855,1344,0,NTB,hoje eu vejo que depende &n [/1],96511,97855,1344,1344,1.0,0,0
97855,98199,344,0,GE-Phrase,230,97846,98708,862,344,1.0,9,-509
97855,98199,344,0,NTB,né,97855,98199,344,344,1.0,0,0
98199,98848,649,0,GE-Phrase,230,97846,98708,862,509,0.784,353,140
98199,98848,649,0,GE-Phrase,231,98708,100412,1704,140,0.216,-509,-1564
98199,98848,649,0,NTB,do aluno,98199,98848,649,649,1.0,0,0
98848,100935,2087,0,GE-Phrase,231,98708,100412,1704,1564,0.749,140,523
98848,100935,2087,0,NTB,da interação que cê tem com aluno,98848,100935,2087,2087,1.0,0,0
137105,138339,1234,0,GE-Phrase,235,136803,138001,1198,896,0.726,302,338
137105,138339,1234,0,GE-Phrase,236,138001,139371,1370,338,0.274,-896,-1032
137105,138339,1234,0,NTB,em inglês obviamente,137105,138339,1234,1234,1.0,0,0
138339,139647,1308,0,GE-Phrase,236,138001,139371,1370,1032,0.789,338,276
138339,139647,1308,0,GE-Phrase,237,139371,143181,3810,276,0.211,-1032,-3534
138339,139647,1308,0,NTB,a gente tinha livro e tudo,138339,139647,1308,1308,1.0,0,0
4370,5588,1218,0,GE-Phrase,201,2608,9088,6480,1218,1.0,1762,-3500
4370,5588,1218,0,NTB,aonde a gente ia,4370,5588,1218,1218,1.0,0,0
5588,7444,1856,0,GE-Phrase,201,2608,9088,6480,1856,1.0,2980,-1644
5588,7444,1856,0,NTB,quando a gente era criança,5588,7444,1856,1856,1.0,0,0
76336,77920,1584,0,GE-Phrase,226,76279,77639,1360,1303,0.823,57,281
76336,77920,1584,0,GE-Phrase,227,77639,79279,1640,281,0.177,-1303,-1359
76336,77920,1584,0,NTB,que era só um corredorzinho,76336,77920,1584,1584,1.0,0,0
77920,79367,1447,0,GE-Phrase,227,77639,79279,1640,1359,0.939,281,88
77920,79367,1447,0,GE-Phrase,228,79279,80954,1675,88,0.061,-1359,-1587
77920,79367,1447,0,NTB,que depois virou,77920,79367,1447,1447,1.0,0,0
79367,79692,325,0,GE-Phrase,228,79279,80954,1675,325,1.0,88,-1262
79367,79692,325,0,NTB,né,79367,79692,325,325,1.0,0,0
79692,81357,1665,0,GE-Phrase,228,79279,80954,1675,1262,0.758,413,403
79692,81357,1665,0,GE-Phrase,229,80954,82638,1684,403,0.242,-1262,-1281
79692,81357,1665,0,NTB,um negócio enorme,79692,81357,1665,1665,1.0,0,0
88201,89296,1095,0,NTB,<cheguei nisso> +,88201,89296,1095,1095,1.0,0,0
93305,94317,1012,0,NTB,achei que eu fosse odiar,93305,94317,1012,1012,1.0,0,0
95089,96173,1084,0,NTB,eu gostei,95089,96173,1084,1084,1.0,0,0
96511,97855,1344,0,GE-Phrase,230,97846,98708,862,9,0.007,-1335,-853
96511,97855,1344,0,NTB,hoje eu vejo que depende &n [/1],96511,97855,1344,1344,1.0,0,0
97855,98199,344,0,GE-Phrase,230,97846,98708,862,344,1.0,9,-509
97855,98199,344,0,NTB,né,97855,98199,344,344,1.0,0,0
98199,98848,649,0,GE-Phrase,230,97846,98708,862,509,0.784,353,140
98199,98848,649,0,GE-Phrase,231,98708,100412,1704,140,0.216,-509,-1564
98199,98848,649,0,NTB,do aluno,98199,98848,649,649,1.0,0,0
98848,100935,2087,0,GE-Phrase,231,98708,100412,1704,1564,0.749,140,523
98848,100935,2087,0,NTB,da interação que cê tem com aluno,98848,100935,2087,2087,1.0,0,0
137105,138339,1234,0,GE-Phrase,235,136803,138001,1198,896,0.726,302,338
137105,138339,1234,0,GE-Phrase,236,138001,139371,1370,338,0.274,-896,-1032
137105,138339,1234,0,NTB,em inglês obviamente,137105,138339,1234,1234,1.0,0,0
138339,139647,1308,0,GE-Phrase,236,138001,139371,1370,1032,0.789,338,276
138339,139647,1308,0,GE-Phrase,237,139371,143181,3810,276,0.211,-1032,-3534
138339,139647,1308,0,NTB,a gente tinha livro e tudo,138339,139647,1308,1308,1.0,0,0
4370,5588,1218,0,GE-Phrase,201,2608,9088,6480,1218,1.0,1762,-3500
4370,5588,1218,0,NTB,aonde a gente ia,4370,5588,1218,1218,1.0,0,0
5588,7444,1856,0,GE-Phrase,201,2608,9088,6480,1856,1.0,2980,-1644
5588,7444,1856,0,NTB,quando a gente era criança,5588,7444,1856,1856,1.0,0,0
76336,77920,1584,0,GE-Phrase,226,76279,77639,1360,1303,0.823,57,281
76336,77920,1584,0,GE-Phrase,227,77639,79279,1640,281,0.177,-1303,-1359
76336,77920,1584,0,NTB,que era só um corredorzinho,76336,77920,1584,1584,1.0,0,0
77920,79367,1447,0,GE-Phrase,227,77639,79279,1640,1359,0.939,281,88
77920,79367,1447,0,GE-Phrase,228,79279,80954,1675,88,0.061,-1359,-1587
77920,79367,1447,0,NTB,que depois virou,77920,79367,1447,1447,1.0,0,0
79367,79692,325,0,GE-Phrase,228,79279,80954,1675,325,1.0,88,-1262
79367,79692,325,0,NTB,né,79367,79692,325,325,1.0,0,0
79692,81357,1665,0,GE-Phrase,228,79279,80954,1675,1262,0.758,413,403
79692,81357,1665,0,GE-Phrase,229,80954,82638,1684,403,0.242,-1262,-1281
79692,81357,1665,0,NTB,um negócio enorme,79692,81357,1665,1665,1.0,0,0
88201,89296,1095,0,NTB,<cheguei nisso> +,88201,89296,1095,1095,1.0,0,0
93305,94317,1012,0,NTB,achei que eu fosse odiar,93305,94317,1012,1012,1.0,0,0
95089,96173,1084,0,NTB,eu gostei,95089,96173,1084,1084,1.0,0,0
96511,97855,1344,0,GE-Phrase,230,97846,98708,862,9,0.007,-1335,-853
96511,97855,1344,0,NTB,hoje eu vejo que depende &n [/1],96511,97855,1344,1344,1.0,0,0
97855,98199,344,0,GE-Phrase,230,97846,98708,862,344,1.0,9,-509
97855,98199,344,0,NTB,né,97855,98199,344,344,1.0,0,0
98199,98848,649,0,GE-Phrase,230,97846,98708,862,509,0.784,353,140
98199,98848,649,0,GE-Phrase,231,98708,100412,1704,140,0.216,-509,-1564
98199,98848,649,0,NTB,do aluno,98199,98848,649,649,1.0,0,0
98848,100935,2087,0,GE-Phrase,231,98708,100412,1704,1564,0.749,140,523
98848,100935,2087,0,NTB,da interação que cê tem com aluno,98848,100935,2087,2087,1.0,0,0
137105,138339,1234,0,GE-Phrase,235,136803,138001,1198,896,0.726,302,338
137105,138339,1234,0,GE-Phrase,236,138001,139371,1370,338,0.274,-896,-1032
137105,138339,1234,0,NTB,em inglês obviamente,137105,138339,1234,1234,1.0,0,0
138339,139647,1308,0,GE-Phrase,236,138001,139371,1370,1032,0.789,338,276
138339,139647,1308,0,GE-Phrase,237,139371,143181,3810,276,0.211,-1032,-3534
138339,139647,1308,0,NTB,a gente tinha livro e tudo,138339,139647,1308,1308,1.0,0,0
4370,5588,1218,0,GE-Phrase,201,2608,9088,6480,1218,1.0,1762,-3500
4370,5588,1218,0,NTB,aonde a gente ia,4370,5588,1218,1218,1.0,0,0
5588,7444,1856,0,GE-Phrase,201,2608,9088,6480,1856,1.0,2980,-1644
5588,7444,1856,0,NTB,quando a gente era criança,5588,7444,1856,1856,1.0,0,0
76336,77920,1584,0,GE-Phrase,226,76279,77639,1360,1303,0.823,57,281
76336,77920,1584,0,GE-Phrase,227,77639,79279,1640,281,0.177,-1303,-1359
76336,77920,1584,0,NTB,que era só um corredorzinho,76336,77920,1584,1584,1.0,0,0
77920,79367,1447,0,GE-Phrase,227,77639,79279,1640,1359,0.939,281,88
77920,79367,1447,0,GE-Phrase,228,79279,80954,1675,88,0.061,-1359,-1587
77920,79367,1447,0,NTB,que depois virou,77920,79367,1447,1447,1.0,0,0
79367,79692,325,0,GE-Phrase,228,79279,80954,1675,325,1.0,88,-1262
79367,79692,325,0,NTB,né,79367,79692,325,325,1.0,0,0
79692,81357,1665,0,GE-Phrase,228,79279,80954,1675,1262,0.758,413,403
79692,81357,1665,0,GE-Phrase,229,80954,82638,1684,403,0.242,-1262,-1281
79692,81357,1665,0,NTB,um negócio enorme,79692,81357,1665,1665,1.0,0,0
88201,89296,1095,0,NTB,<cheguei nisso> +,88201,89296,1095,1095,1.0,0,0
93305,94317,1012,0,NTB,achei que eu fosse odiar,93305,94317,1012,1012,1.0,0,0
95089,96173,1084,0,NTB,eu gostei,95089,96173,1084,1084,1.0,0,0
96511,97855,1344,0,GE-Phrase,230,97846,98708,862,9,0.007,-1335,-853
96511,97855,1344,0,NTB,hoje eu vejo que depende &n [/1],96511,97855,1344,1344,1.0,0,0
97855,98199,344,0,GE-Phrase,230,97846,98708,862,344,1.0,9,-509
97855,98199,344,0,NTB,né,97855,98199,344,344,1.0,0,0
98199,98848,649,0,GE-Phrase,230,97846,98708,862,509,0.784,353,140
98199,98848,649,0,GE-Phrase,231,98708,100412,1704,140,0.216,-509,-1564
98199,98848,649,0,NTB,do aluno,98199,98848,649,649,1.0,0,0
98848,100935,2087,0,GE-Phrase,231,98708,100412,1704,1564,0.749,140,523
98848,100935,2087,0,NTB,da interação que cê tem com aluno,98848,100935,2087,2087,1.0,0,0
137105,138339,1234,0,GE-Phrase,235,136803,138001,1198,896,0.726,302,338
137105,138339,1234,0,GE-Phrase,236,138001,139371,1370,338,0.274,-896,-1032
137105,138339,1234,0,NTB,em inglês obviamente,137105,138339,1234,1234,1.0,0,0
138339,139647,1308,0,GE-Phrase,236,138001,139371,1370,1032,0.789,338,276
138339,139647,1308,0,GE-Phrase,237,139371,143181,3810,276,0.211,-1032,-3534
138339,139647,1308,0,NTB,a gente tinha livro e tudo,138339,139647,1308,1308,1.0,0,0
4370,5588,1218,0,GE-Phrase,201,2608,9088,6480,1218,1.0,1762,-3500
4370,5588,1218,0,NTB,aonde a gente ia,4370,5588,1218,1218,1.0,0,0
5588,7444,1856,0,GE-Phrase,201,2608,9088,6480,1856,1.0,2980,-1644
5588,7444,1856,0,NTB,quando a gente era criança,5588,7444,1856,1856,1.0,0,0
76336,77920,1584,0,GE-Phrase,226,76279,77639,1360,1303,0.823,57,281
76336,77920,1584,0,GE-Phrase,227,77639,79279,1640,281,0.177,-1303,-1359
76336,77920,1584,0,NTB,que era só um corredorzinho,76336,77920,1584,1584,1.0,0,0
77920,79367,1447,0,GE-Phrase,227,77639,79279,1640,1359,0.939,281,88
77920,79367,1447,0,GE-Phrase,228,79279,80954,1675,88,0.061,-1359,-1587
77920,79367,1447,0,NTB,que depois virou,77920,79367,1447,1447,1.0,0,0
79367,79692,325,0,GE-Phrase,228,79279,80954,1675,325,1.0,88,-1262
79367,79692,325,0,NTB,né,79367,79692,325,325,1.0,0,0
79692,81357,1665,0,GE-Phrase,228,79279,80954,1675,1262,0.758,413,403
79692,81357,1665,0,GE-Phrase,229,80954,82638,1684,403,0.242,-1262,-1281
79692,81357,1665,0,NTB,um negócio enorme,79692,81357,1665,1665,1.0,0,0
88201,89296,1095,0,NTB,<cheguei nisso> +,88201,89296,1095,1095,1.0,0,0
93305,94317,1012,0,NTB,achei que eu fosse odiar,93305,94317,1012,1012,1.0,0,0
95089,96173,1084,0,NTB,eu gostei,95089,96173,1084,1084,1.0,0,0
96511,97855,1344,0,GE-Phrase,230,97846,98708,862,9,0.007,-1335,-853
96511,97855,1344,0,NTB,hoje eu vejo que depende &n [/1],96511,97855,1344,1344,1.0,0,0
97855,98199,344,0,GE-Phrase,230,97846,98708,862,344,1.0,9,-509
97855,98199,344,0,NTB,né,97855,98199,344,344,1.0,0,0
98199,98848,649,0,GE-Phrase,230,97846,98708,862,509,0.784,353,140
98199,98848,649,0,GE-Phrase,231,98708,100412,1704,140,0.216,-509,-1564
98199,98848,649,0,NTB,do aluno,98199,98848,649,649,1.0,0,0
98848,100935,2087,0,GE-Phrase,231,98708,100412,1704,1564,0.749,140,523
98848,100935,2087,0,NTB,da interação que cê tem com aluno,98848,100935,2087,2087,1.0,0,0
137105,138339,1234,0,GE-Phrase,235,136803,138001,1198,896,0.726,302,338
137105,138339,1234,0,GE-Phrase,236,138001,139371,1370,338,0.274,-896,-1032
137105,138339,1234,0,NTB,em inglês obviamente,137105,138339,1234,1234,1.0,0,0
138339,139647,1308,0,GE-Phrase,236,138001,139371,1370,1032,0.789,338,276
138339,139647,1308,0,GE-Phrase,237,139371,143181,3810,276,0.211,-1032,-3534
138339,139647,1308,0,NTB,a gente tinha livro e tudo,138339,139647,1308,1308,1.0,0,0
4370,5588,1218,0,GE-Phrase,201,2608,9088,6480,1218,1.0,1762,-3500
4370,5588,1218,0,NTB,aonde a gente ia,4370,5588,1218,1218,1.0,0,0
5588,7444,1856,0,GE-Phrase,201,2608,9088,6480,1856,1.0,2980,-1644
5588,7444,1856,0,NTB,quando a gente era criança,5588,7444,1856,1856,1.0,0,0
76336,77920,1584,0,GE-Phrase,226,76279,77639,1360,1303,0.823,57,281
76336,77920,1584,0,GE-Phrase,227,77639,79279,1640,281,0.177,-1303,-1359
76336,77920,1584,0,NTB,que era só um corredorzinho,76336,77920,1584,1584,1.0,0,0
77920,79367,1447,0,GE-Phrase,227,77639,79279,1640,1359,0.939,281,88
77920,79367,1447,0,GE-Phrase,228,79279,80954,1675,88,0.061,-1359,-1587
77920,79367,1447,0,NTB,que depois virou,77920,79367,1447,1447,1.0,0,0
79367,79692,325,0,GE-Phrase,228,79279,80954,1675,325,1.0,88,-1262
79367,79692,325,0,NTB,né,79367,79692,325,325,1.0,0,0
79692,81357,1665,0,GE-Phrase,228,79279,80954,1675,1262,0.758,413,403
79692,81357,1665,0,GE-Phrase,229,80954,82638,1684,403,0.242,-1262,-1281
79692,81357,1665,0,NTB,um negócio enorme,79692,81357,1665,1665,1.0,0,0
88201,89296,1095,0,NTB,<cheguei nisso> +,88201,89296,1095,1095,1.0,0,0
93305,94317,1012,0,NTB,achei que eu fosse odiar,93305,94317,1012,1012,1.0,0,0
95089,96173,1084,0,NTB,eu gostei,95089,96173,1084,1084,1.0,0,0
96511,97855,1344,0,GE-Phrase,230,97846,98708,862,9,0.007,-1335,-853
96511,97855,1344,0,NTB,hoje eu vejo que depende &n [/1],96511,97855,1344,1344,1.0,0,0
97855,98199,344,0,GE-Phrase,230,97846,98708,862,344,1.0,9,-509
97855,98199,344,0,NTB,né,97855,98199,344,344,1.0,0,0
98199,98848,649,0,GE-Phrase,230,97846,98708,862,509,0.784,353,140
98199,98848,649,0,GE-Phrase,231,98708,100412,1704,140,0.216,-509,-1564
98199,98848,649,0,NTB,do aluno,98199,98848,649,649,1.0,0,0
98848,100935,2087,0,GE-Phrase,231,98708,100412,1704,1564,0.749,140,523
98848,100935,2087,0,NTB,da interação que cê tem com aluno,98848,100935,2087,2087,1.0,0,0
137105,138339,1234,0,GE-Phrase,235,136803,138001,1198,896,0.726,302,338
137105,138339,1234,0,GE-Phrase,236,138001,139371,1370,338,0.274,-896,-1032
137105,138339,1234,0,NTB,em inglês obviamente,137105,138339,1234,1234,1.0,0,0
138339,139647,1308,0,GE-Phrase,236,138001,139371,1370,1032,0.789,338,276
138339,139647,1308,0,GE-Phrase,237,139371,143181,3810,276,0.211,-1032,-3534
138339,139647,1308,0,NTB,a gente tinha livro e tudo,138339,139647,1308,1308,1.0,0,0
4370,5588,1218,0,GE-Phrase,201,2608,9088,6480,1218,1.0,1762,-3500
4370,5588,1218,0,NTB,aonde a gente ia,4370,5588,1218,1218,1.0,0,0
5588,7444,1856,0,GE-Phrase,201,2608,9088,6480,1856,1.0,2980,-1644
5588,7444,1856,0,NTB,quando a gente era criança,5588,7444,1856,1856,1.0,0,0
76336,77920,1584,0,GE-Phrase,226,76279,77639,1360,1303,0.823,57,281
76336,77920,1584,0,GE-Phrase,227,77639,79279,1640,281,0.177,-1303,-1359
76336,77920,1584,0,NTB,que era só um corredorzinho,76336,77920,1584,1584,1.0,0,0
77920,79367,1447,0,GE-Phrase,227,77639,79279,1640,1359,0.939,281,88
77920,79367,1447,0,GE-Phrase,228,79279,80954,1675,88,0.061,-1359,-1587
77920,79367,1447,0,NTB,que depois virou,77920,79367,1447,1447,1.0,0,0
79367,79692,325,0,GE-Phrase,228,79279,80954,1675,325,1.0,88,-1262
79367,79692,325,0,NTB,né,79367,79692,325,325,1.0,0,0
79692,81357,1665,0,GE-Phrase,228,79279,80954,1675,1262,0.758,413,403
79692,81357,1665,0,GE-Phrase,229,80954,82638,1684,403,0.242,-1262,-1281
79692,81357,1665,0,NTB,um negócio enorme,79692,81357,1665,1665,1.0,0,0
88201,89296,1095,0,NTB,<cheguei nisso> +,88201,89296,1095,1095,1.0,0,0
93305,94317,1012,0,NTB,achei que eu fosse odiar,93305,94317,1012,1012,1.0,0,0
95089,96173,1084,0,NTB,eu gostei,95089,96173,1084,1084,1.0,0,0
96511,97855,1344,0,GE-Phrase,230,97846,98708,862,9,0.007,-1335,-853
96511,97855,1344,0,NTB,hoje eu vejo que depende &n [/1],96511,97855,1344,1344,1.0,0,0
97855,98199,344,0,GE-Phrase,230,97846,98708,862,344,1.0,9,-509
97855,98199,344,0,NTB,né,97855,98199,344,344,1.0,0,0
98199,98848,649,0,GE-Phrase,230,97846,98708,862,509,0.784,353,140
98199,98848,649,0,GE-Phrase,231,98708,100412,1704,140,0.216,-509,-1564
98199,98848,649,0,NTB,do aluno,98199,98848,649,649,1.0,0,0
98848,100935,2087,0,GE-Phrase,231,98708,100412,1704,1564,0.749,140,523
98848,100935,2087,0,NTB,da interação que cê tem com aluno,98848,100935,2087,2087,1.0,0,0
137105,138339,1234,0,GE-Phrase,235,136803,138001,1198,896,0.726,302,338
137105,138339,1234,0,GE-Phrase,236,138001,139371,1370,338,0.274,-896,-1032
137105,138339,1234,0,NTB,em inglês obviamente,137105,138339,1234,1234,1.0,0,0
138339,139647,1308,0,GE-Phrase,236,138001,139371,1370,1032,0.789,338,276
138339,139647,1308,0,GE-Phrase,237,139371,143181,3810,276,0.211,-1032,-3534
138339,139647,1308,0,NTB,a gente tinha livro e tudo,138339,139647,1308,1308,1.0,0,0
4370,5588,1218,0,GE-Phrase,201,2608,9088,6480,1218,1.0,1762,-3500
4370,5588,1218,0,NTB,aonde a gente ia,4370,5588,1218,1218,1.0,0,0
5588,7444,1856,0,GE-Phrase,201,2608,9088,6480,1856,1.0,2980,-1644
5588,7444,1856,0,NTB,quando a gente era criança,5588,7444,1856,1856,1.0,0,0
76336,77920,1584,0,GE-Phrase,226,76279,77639,1360,1303,0.823,57,281
76336,77920,1584,0,GE-Phrase,227,77639,79279,1640,281,0.177,-1303,-1359
76336,77920,1584,0,NTB,que era só um corredorzinho,76336,77920,1584,1584,1.0,0,0
77920,79367,1447,0,GE-Phrase,227,77639,79279,1640,1359,0.939,281,88
77920,79367,1447,0,GE-Phrase,228,79279,80954,1675,88,0.061,-1359,-1587
77920,79367,1447,0,NTB,que depois virou,77920,79367,1447,1447,1.0,0,0
79367,79692,325,0,GE-Phrase,228,79279,80954,1675,325,1.0,88,-1262
79367,79692,325,0,NTB,né,79367,79692,325,325,1.0,0,0
79692,81357,1665,0,GE-Phrase,228,79279,80954,1675,1262,0.758,413,403
79692,81357,1665,0,GE-Phrase,229,80954,82638,1684,403,0.242,-1262,-1281
79692,81357,1665,0,NTB,um negócio enorme,79692,81357,1665,1665,1.0,0,0
88201,89296,1095,0,NTB,<cheguei nisso> +,88201,89296,1095,1095,1.0,0,0
93305,94317,1012,0,NTB,achei que eu fosse odiar,93305,94317,1012,1012,1.0,0,0
95089,96173,1084,0,NTB,eu gostei,95089,96173,1084,1084,1.0,0,0
96511,97855,1344,0,GE-Phrase,230,97846,98708,862,9,0.007,-1335,-853
96511,97855,1344,0,NTB,hoje eu vejo que depende &n [/1],96511,97855,1344,1344,1.0,0,0
97855,98199,344,0,GE-Phrase,230,97846,98708,862,344,1.0,9,-509
97855,98199,344,0,NTB,né,97855,98199,344,344,1.0,0,0
98199,98848,649,0,GE-Phrase,230,97846,98708,862,509,0.784,353,140
98199,98848,649,0,GE-Phrase,231,98708,100412,1704,140,0.216,-509,-1564
98199,98848,649,0,NTB,do aluno,98199,98848,649,649,1.0,0,0
98848,100935,2087,0,GE-Phrase,231,98708,100412,1704,1564,0.749,140,523
98848,100935,2087,0,NTB,da interação que cê tem com aluno,98848,100935,2087,2087,1.0,0,0
137105,138339,1234,0,GE-Phrase,235,136803,138001,1198,896,0.726,302,338
137105,138339,1234,0,GE-Phrase,236,138001,139371,1370,338,0.274,-896,-1032
137105,138339,1234,0,NTB,em inglês obviamente,137105,138339,1234,1234,1.0,0,0
138339,139647,1308,0,GE-Phrase,236,138001,139371,1370,1032,0.789,338,276
138339,139647,1308,0,GE-Phrase,237,139371,143181,3810,276,0.211,-1032,-3534
138339,139647,1308,0,NTB,a gente tinha livro e tudo,138339,139647,1308,1308,1.0,0,0
4370,5588,1218,0,GE-Phrase,201,2608,9088,6480,1218,1.0,1762,-3500
4370,5588,1218,0,NTB,aonde a gente ia,4370,5588,1218,1218,1.0,0,0
5588,7444,1856,0,GE-Phrase,201,2608,9088,6480,1856,1.0,2980,-1644
5588,7444,1856,0,NTB,quando a gente era criança,5588,7444,1856,1856,1.0,0,0
76336,77920,1584,0,GE-Phrase,226,76279,77639,1360,1303,0.823,57,281
76336,77920,1584,0,GE-Phrase,227,77639,79279,1640,281,0.177,-1303,-1359
76336,77920,1584,0,NTB,que era só um corredorzinho,76336,77920,1584,1584,1.0,0,0
77920,79367,1447,0,GE-Phrase,227,77639,79279,1640,1359,0.939,281,88
77920,79367,1447,0,GE-Phrase,228,79279,80954,1675,88,0.061,-1359,-1587
77920,79367,1447,0,NTB,que depois virou,77920,79367,1447,1447,1.0,0,0
79367,79692,325,0,GE-Phrase,228,79279,80954,1675,325,1.0,88,-1262
79367,79692,325,0,NTB,né,79367,79692,325,325,1.0,0,0
79692,81357,1665,0,GE-Phrase,228,79279,80954,1675,1262,0.758,413,403
79692,81357,1665,0,GE-Phrase,229,80954,82638,1684,403,0.242,-1262,-1281
79692,81357,1665,0,NTB,um negócio enorme,79692,81357,1665,1665,1.0,0,0
88201,89296,1095,0,NTB,<cheguei nisso> +,88201,89296,1095,1095,1.0,0,0
93305,94317,1012,0,NTB,achei que eu fosse odiar,93305,94317,1012,1012,1.0,0,0
95089,96173,1084,0,NTB,eu gostei,95089,96173,1084,1084,1.0,0,0
96511,97855,1344,0,GE-Phrase,230,97846,98708,862,9,0.007,-1335,-853
96511,97855,1344,0,NTB,hoje eu vejo que depende &n [/1],96511,97855,1344,1344,1.0,0,0
97855,98199,344,0,GE-Phrase,230,97846,98708,862,344,1.0,9,-509
97855,98199,344,0,NTB,né,97855,98199,344,344,1.0,0,0
98199,98848,649,0,GE-Phrase,230,97846,98708,862,509,0.784,353,140
98199,98848,649,0,GE-Phrase,231,98708,100412,1704,140,0.216,-509,-1564
98199,98848,649,0,NTB,do aluno,98199,98848,649,649,1.0,0,0
98848,100935,2087,0,GE-Phrase,231,98708,100412,1704,1564,0.749,140,523
98848,100935,2087,0,NTB,da interação que cê tem com aluno,98848,100935,2087,2087,1.0,0,0
137105,138339,1234,0,GE-Phrase,235,136803,138001,1198,896,0.726,302,338
137105,138339,1234,0,GE-Phrase,236,138001,139371,1370,338,0.274,-896,-1032
137105,138339,1234,0,NTB,em inglês obviamente,137105,138339,1234,1234,1.0,0,0
138339,139647,1308,0,GE-Phrase,236,138001,139371,1370,1032,0.789,338,276
138339,139647,1308,0,GE-Phrase,237,139371,143181,3810,276,0.211,-1032,-3534
138339,139647,1308,0,NTB,a gente tinha livro e tudo,138339,139647,1308,1308,1.0,0,0
4370,5588,1218,0,GE-Phrase,201,2608,9088,6480,1218,1.0,1762,-3500
4370,5588,1218,0,NTB,aonde a gente ia,4370,5588,1218,1218,1.0,0,0
5588,7444,1856,0,GE-Phrase,201,2608,9088,6480,1856,1.0,2980,-1644
5588,7444,1856,0,NTB,quando a gente era criança,5588,7444,1856,1856,1.0,0,0
76336,77920,1584,0,GE-Phrase,226,76279,77639,1360,1303,0.823,57,281
76336,77920,1584,0,GE-Phrase,227,77639,79279,1640,281,0.177,-1303,-1359
76336,77920,1584,0,NTB,que era só um corredorzinho,76336,77920,1584,1584,1.0,0,0
77920,79367,1447,0,GE-Phrase,227,77639,79279,1640,1359,0.939,281,88
77920,79367,1447,0,GE-Phrase,228,79279,80954,1675,88,0.061,-1359,-1587
77920,79367,1447,0,NTB,que depois virou,77920,79367,1447,1447,1.0,0,0
79367,79692,325,0,GE-Phrase,228,79279,80954,1675,325,1.0,88,-1262
79367,79692,325,0,NTB,né,79367,79692,325,325,1.0,0,0
79692,81357,1665,0,GE-Phrase,228,79279,80954,1675,1262,0.758,413,403
79692,81357,1665,0,GE-Phrase,229,80954,82638,1684,403,0.242,-1262,-1281
79692,81357,1665,0,NTB,um negócio enorme,79692,81357,1665,1665,1.0,0,0
88201,89296,1095,0,NTB,<cheguei nisso> +,88201,89296,1095,1095,1.0,0,0
93305,94317,1012,0,NTB,achei que eu fosse odiar,93305,94317,1012,1012,1.0,0,0
95089,96173,1084,0,NTB,eu gostei,95089,96173,1084,1084,1.0,0,0
96511,97855,1344,0,GE-Phrase,230,97846,98708,862,9,0.007,-1335,-853
96511,97855,1344,0,NTB,hoje eu vejo que depende &n [/1],96511,97855,1344,1344,1.0,0,0
97855,98199,344,0,GE-Phrase,230,97846,98708,862,344,1.0,9,-509
97855,98199,344,0,NTB,né,97855,98199,344,344,1.0,0,0
98199,98848,649,0,GE-Phrase,230,97846,98708,862,509,0.784,353,140
98199,98848,649,0,GE-Phrase,231,98708,100412,1704,140,0.216,-509,-1564
98199,98848,649,0,NTB,do aluno,98199,98848,649,649,1.0,0,0
98848,100935,2087,0,GE-Phrase,231,98708,100412,1704,1564,0.749,140,523
98848,100935,2087,0,NTB,da interação que cê tem com aluno,98848,100935,2087,2087,1.0,0,0
137105,138339,1234,0,GE-Phrase,235,136803,138001,1198,896,0.726,302,338
137105,138339,1234,0,GE-Phrase,236,138001,139371,1370,338,0.274,-896,-1032
137105,138339,1234,0,NTB,em inglês obviamente,137105,138339,1234,1234,1.0,0,0
138339,139647,1308,0,GE-Phrase,236,138001,139371,1370,1032,0.789,338,276
138339,139647,1308,0,GE-Phrase,237,139371,143181,3810,276,0.211,-1032,-3534
138339,139647,1308,0,NTB,a gente tinha livro e tudo,138339,139647,1308,1308,1.0,0,0
4370,5588,1218,0,GE-Phrase,201,2608,9088,6480,1218,1.0,1762,-3500
4370,5588,1218,0,NTB,aonde a gente ia,4370,5588,1218,1218,1.0,0,0
5588,7444,1856,0,GE-Phrase,201,2608,9088,6480,1856,1.0,2980,-1644
5588,7444,1856,0,NTB,quando a gente era criança,5588,7444,1856,1856,1.0,0,0
76336,77920,1584,0,GE-Phrase,226,76279,77639,1360,1303,0.823,57,281
76336,77920,1584,0,GE-Phrase,227,77639,79279,1640,281,0.177,-1303,-1359
76336,77920,1584,0,NTB,que era só um corredorzinho,76336,77920,1584,1584,1.0,0,0
77920,79367,1447,0,GE-Phrase,227,77639,79279,1640,1359,0.939,281,88
77920,79367,1447,0,GE-Phrase,228,79279,80954,1675,88,0.061,-1359,-1587
77920,79367,1447,0,NTB,que depois virou,77920,79367,1447,1447,1.0,0,0
79367,79692,325,0,GE-Phrase,228,79279,80954,1675,325,1.0,88,-1262
79367,79692,325,0,NTB,né,79367,79692,325,325,1.0,0,0
79692,81357,1665,0,GE-Phrase,228,79279,80954,1675,1262,0.758,413,403
79692,81357,1665,0,GE-Phrase,229,80954,82638,1684,403,0.242,-1262,-1281
79692,81357,1665,0,NTB,um negócio enorme,79692,81357,1665,1665,1.0,0,0
88201,89296,1095,0,NTB,<cheguei nisso> +,88201,89296,1095,1095,1.0,0,0
93305,94317,1012,0,NTB,achei que eu fosse odiar,93305,94317,1012,1012,1.0,0,0
95089,96173,1084,0,NTB,eu gostei,95089,96173,1084,1084,1.0,0,0
96511,97855,1344,0,GE-Phrase,230,97846,98708,862,9,0.007,-1335,-853
96511,97855,1344,0,NTB,hoje eu vejo que depende &n [/1],96511,97855,1344,1344,1.0,0,0
97855,98199,344,0,GE-Phrase,230,97846,98708,862,344,1.0,9,-509
97855,98199,344,0,NTB,né,97855,98199,344,344,1.0,0,0
98199,98848,649,0,GE-Phrase,230,97846,98708,862,509,0.784,353,140
98199,98848,649,0,GE-Phrase,231,98708,100412,1704,140,0.216,-509,-1564
98199,98848,649,0,NTB,do aluno,98199,98848,649,649,1.0,0,0
98848,100935,2087,0,GE-Phrase,231,98708,100412,1704,1564,0.749,140,523
98848,100935,2087,0,NTB,da interação que cê tem com aluno,98848,100935,2087,2087,1.0,0,0
137105,138339,1234,0,GE-Phrase,235,136803,138001,1198,896,0.726,302,338
137105,138339,1234,0,GE-Phrase,236,138001,139371,1370,338,0.274,-896,-1032
137105,138339,1234,0,NTB,em inglês obviamente,137105,138339,1234,1234,1.0,0,0
138339,139647,1308,0,GE-Phrase,236,138001,139371,1370,1032,0.789,338,276
138339,139647,1308,0,GE-Phrase,237,139371,143181,3810,276,0.211,-1032,-3534
138339,139647,1308,0,NTB,a gente tinha livro e tudo,138339,139647,1308,1308,1.0,0,0
4370,5588,1218,0,GE-Phrase,201,2608,9088,6480,1218,1.0,1762,-3500
4370,5588,1218,0,NTB,aonde a gente ia,4370,5588,1218,1218,1.0,0,0
5588,7444,1856,0,GE-Phrase,201,2608,9088,6480,1856,1.0,2980,-1644
5588,7444,1856,0,NTB,quando a gente era criança,5588,7444,1856,1856,1.0,0,0
76336,77920,1584,0,GE-Phrase,226,76279,77639,1360,1303,0.823,57,281
76336,77920,1584,0,GE-Phrase,227,77639,79279,1640,281,0.177,-1303,-1359
76336,77920,1584,0,NTB,que era só um corredorzinho,76336,77920,1584,1584,1.0,0,0
77920,79367,1447,0,GE-Phrase,227,77639,79279,1640,1359,0.939,281,88
77920,79367,1447,0,GE-Phrase,228,79279,80954,1675,88,0.061,-1359,-1587
77920,79367,1447,0,NTB,que depois virou,77920,79367,1447,1447,1.0,0,0
79367,79692,325,0,GE-Phrase,228,79279,80954,1675,325,1.0,88,-1262
79367,79692,325,0,NTB,né,79367,79692,325,325,1.0,0,0
79692,81357,1665,0,GE-Phrase,228,79279,80954,1675,1262,0.758,413,403
79692,81357,1665,0,GE-Phrase,229,80954,82638,1684,403,0.242,-1262,-1281
79692,81357,1665,0,NTB,um negócio enorme,79692,81357,1665,1665,1.0,0,0
88201,89296,1095,0,NTB,<cheguei nisso> +,88201,89296,1095,1095,1.0,0,0
93305,94317,1012,0,NTB,achei que eu fosse odiar,93305,94317,1012,1012,1.0,0,0
95089,96173,1084,0,NTB,eu gostei,95089,96173,1084,1084,1.0,0,0
96511,97855,1344,0,GE-Phrase,230,97846,98708,862,9,0.007,-1335,-853
96511,97855,1344,0,NTB,hoje eu vejo que depende &n [/1],96511,97855,1344,1344,1.0,0,0
97855,98199,344,0,GE-Phrase,230,97846,98708,862,344,1.0,9,-509
97855,98199,344,0,NTB,né,97855,98199,344,344,1.0,0,0
98199,98848,649,0,GE-Phrase,230,97846,98708,862,509,0.784,353,140
98199,98848,649,0,GE-Phrase,231,98708,100412,1704,140,0.216,-509,-1564
98199,98848,649,0,NTB,do aluno,98199,98848,649,649,1.0,0,0
98848,100935,2087,0,GE-Phrase,231,98708,100412,1704,1564,0.749,140,523
98848,100935,2087,0,NTB,da interação que cê tem com aluno,98848,100935,2087,2087,1.0,0,0
137105,138339,1234,0,GE-Phrase,235,136803,138001,1198,896,0.726,302,338
137105,138339,1234,0,GE-Phrase,236,138001,139371,1370,338,0.274,-896,-1032
137105,138339,1234,0,NTB,em inglês obviamente,137105,138339,1234,1234,1.0,0,0
138339,139647,1308,0,GE-Phrase,236,138001,139371,1370,1032,0.789,338,276
138339,139647,1308,0,GE-Phrase,237,139371,143181,3810,276,0.211,-1032,-3534
138339,139647,1308,0,NTB,a gente tinha livro e tudo,138339,139647,1308,1308,1.0,0,0
4370,5588,1218,0,GE-Phrase,201,2608,9088,6480,1218,1.0,1762,-3500
4370,5588,1218,0,NTB,aonde a gente ia,4370,5588,1218,1218,1.0,0,0
5588,7444,1856,0,GE-Phrase,201,2608,9088,6480,1856,1.0,2980,-1644
5588,7444,1856,0,NTB,quando a gente era criança,5588,7444,1856,1856,1.0,0,0
76336,77920,1584,0,GE-Phrase,226,76279,77639,1360,1303,0.823,57,281
76336,77920,1584,0,GE-Phrase,227,77639,79279,1640,281,0.177,-1303,-1359
76336,77920,1584,0,NTB,que era só um corredorzinho,76336,77920,1584,1584,1.0,0,0
77920,79367,1447,0,GE-Phrase,227,77639,79279,1640,1359,0.939,281,88
77920,79367,1447,0,GE-Phrase,228,79279,80954,1675,88,0.061,-1359,-1587
77920,79367,1447,0,NTB,que depois virou,77920,79367,1447,1447,1.0,0,0
79367,79692,325,0,GE-Phrase,228,79279,80954,1675,325,1.0,88,-1262
79367,79692,325,0,NTB,né,79367,79692,325,325,1.0,0,0
79692,81357,1665,0,GE-Phrase,228,79279,80954,1675,1262,0.758,413,403
79692,81357,1665,0,GE-Phrase,229,80954,82638,1684,403,0.242,-1262,-1281
79692,81357,1665,0,NTB,um negócio enorme,79692,81357,1665,1665,1.0,0,0
88201,89296,1095,0,NTB,<cheguei nisso> +,88201,89296,1095,1095,1.0,0,0
93305,94317,1012,0,NTB,achei que eu fosse odiar,93305,94317,1012,1012,1.0,0,0
95089,96173,1084,0,NTB,eu gostei,95089,96173,1084,1084,1.0,0,0
96511,97855,1344,0,GE-Phrase,230,97846,98708,862,9,0.007,-1335,-853
96511,97855,1344,0,NTB,hoje eu vejo que depende &n [/1],96511,97855,1344,1344,1.0,0,0
97855,98199,344,0,GE-Phrase,230,97846,98708,862,344,1.0,9,-509
97855,98199,344,0,NTB,né,97855,98199,344,344,1.0,0,0
98199,98848,649,0,GE-Phrase,230,97846,98708,862,509,0.784,353,140
98199,98848,649,0,GE-Phrase,231,98708,100412,1704,140,0.216,-509,-1564
98199,98848,649,0,NTB,do aluno,98199,98848,649,649,1.0,0,0
98848,100935,2087,0,GE-Phrase,231,98708,100412,1704,1564,0.749,140,523
98848,100935,2087,0,NTB,da interação que cê tem com aluno,98848,100935,2087,2087,1.0,0,0
137105,138339,1234,0,GE-Phrase,235,136803,138001,1198,896,0.726,302,338
137105,138339,1234,0,GE-Phrase,236,138001,139371,1370,338,0.274,-896,-1032
137105,138339,1234,0,NTB,em inglês obviamente,137105,138339,1234,1234,1.0,0,0
138339,139647,1308,0,GE-Phrase,236,138001,139371,1370,1032,0.789,338,276
138339,139647,1308,0,GE-Phrase,237,139371,143181,3810,276,0.211,-1032,-3534
138339,139647,1308,0,NTB,a gente tinha livro e tudo,138339,139647,1308,1308,1.0,0,0
4370,5588,1218,0,GE-Phrase,201,2608,9088,6480,1218,1.0,1762,-3500
4370,5588,1218,0,NTB,aonde a gente ia,4370,5588,1218,1218,1.0,0,0
5588,7444,1856,0,GE-Phrase,201,2608,9088,6480,1856,1.0,2980,-1644
5588,7444,1856,0,NTB,quando a gente era criança,5588,7444,1856,1856,1.0,0,0
76336,77920,1584,0,GE-Phrase,226,76279,77639,1360,1303,0.823,57,281
76336,77920,1584,0,GE-Phrase,227,77639,79279,1640,281,0.177,-1303,-1359
76336,77920,1584,0,NTB,que era só um corredorzinho,76336,77920,1584,1584,1.0,0,0
77920,79367,1447,0,GE-Phrase,227,77639,79279,1640,1359,0.939,281,88
77920,79367,1447,0,GE-Phrase,228,79279,80954,1675,88,0.061,-1359,-1587
77920,79367,1447,0,NTB,que depois virou,77920,79367,1447,1447,1.0,0,0
79367,79692,325,0,GE-Phrase,228,79279,80954,1675,325,1.0,88,-1262
79367,79692,325,0,NTB,né,79367,79692,325,325,1.0,0,0
79692,81357,1665,0,GE-Phrase,228,79279,80954,1675,1262,0.758,413,403
79692,81357,1665,0,GE-Phrase,229,80954,82638,1684,403,0.242,-1262,-1281
79692,81357,1665,0,NTB,um negócio enorme,79692,81357,1665,1665,1.0,0,0
88201,89296,1095,0,NTB,<cheguei nisso> +,88201,89296,1095,1095,1.0,0,0
93305,94317,1012,0,NTB,achei que eu fosse odiar,93305,94317,1012,1012,1.0,0,0
95089,96173,1084,0,NTB,eu gostei,95089,96173,1084,1084,1.0,0,0
96511,97855,1344,0,GE-Phrase,230,97846,98708,862,9,0.007,-1335,-853
96511,97855,1344,0,NTB,hoje eu vejo que depende &n [/1],96511,97855,1344,1344,1.0,0,0
97855,98199,344,0,GE-Phrase,230,97846,98708,862,344,1.0,9,-509
97855,98199,344,0,NTB,né,97855,98199,344,344,1.0,0,0
98199,98848,649,0,GE-Phrase,230,97846,98708,862,509,0.784,353,140
98199,98848,649,0,GE-Phrase,231,98708,100412,1704,140,0.216,-509,-1564
98199,98848,649,0,NTB,do aluno,98199,98848,649,649,1.0,0,0
98848,100935,2087,0,GE-Phrase,231,98708,100412,1704,1564,0.749,140,523
98848,100935,2087,0,NTB,da interação que cê tem com aluno,98848,100935,2087,2087,1.0,0,0
137105,138339,1234,0,GE-Phrase,235,136803,138001,1198,896,0.726,302,338
137105,138339,1234,0,GE-Phrase,236,138001,139371,1370,338,0.274,-896,-1032
137105,138339,1234,0,NTB,em inglês obviamente,137105,138339,1234,1234,1.0,0,0
138339,139647,1308,0,GE-Phrase,236,138001,139371,1370,1032,0.789,338,276
138339,139647,1308,0,GE-Phrase,237,139371,143181,3810,276,0.211,-1032,-3534
138339,139647,1308,0,NTB,a gente tinha livro e tudo,138339,139647,1308,1308,1.0,0,0
4370,5588,1218,0,GE-Phrase,201,2608,9088,6480,1218,1.0,1762,-3500
4370,5588,1218,0,NTB,aonde a gente ia,4370,5588,1218,1218,1.0,0,0
5588,7444,1856,0,GE-Phrase,201,2608,9088,6480,1856,1.0,2980,-1644
5588,7444,1856,0,NTB,quando a gente era criança,5588,7444,1856,1856,1.0,0,0
76336,77920,1584,0,GE-Phrase,226,76279,77639,1360,1303,0.823,57,281
76336,77920,1584,0,GE-Phrase,227,77639,79279,1640,281,0.177,-1303,-1359
76336,77920,1584,0,NTB,que era só um corredorzinho,76336,77920,1584,1584,1.0,0,0
77920,79367,1447,0,GE-Phrase,227,77639,79279,1640,1359,0.939,281,88
77920,79367,1447,0,GE-Phrase,228,79279,80954,1675,88,0.061,-1359,-1587
77920,79367,1447,0,NTB,que depois virou,77920,79367,1447,1447,1.0,0,0
79367,79692,325,0,GE-Phrase,228,79279,80954,1675,325,1.0,88,-1262
79367,79692,325,0,NTB,né,79367,79692,325,325,1.0,0,0
79692,81357,1665,0,GE-Phrase,228,79279,80954,1675,1262,0.758,413,403
79692,81357,1665,0,GE-Phrase,229,80954,82638,1684,403,0.242,-1262,-1281
79692,81357,1665,0,NTB,um negócio enorme,79692,81357,1665,1665,1.0,0,0
88201,89296,1095,0,NTB,<cheguei nisso> +,88201,89296,1095,1095,1.0,0,0
93305,94317,1012,0,NTB,achei que eu fosse odiar,93305,94317,1012,1012,1.0,0,0
95089,96173,1084,0,NTB,eu gostei,95089,96173,1084,1084,1.0,0,0
96511,97855,1344,0,GE-Phrase,230,97846,98708,862,9,0.007,-1335,-853
96511,97855,1344,0,NTB,hoje eu vejo que depende &n [/1],96511,97855,1344,1344,1.0,0,0
97855,98199,344,0,GE-Phrase,230,97846,98708,862,344,1.0,9,-509
97855,98199,344,0,NTB,né,97855,98199,344,344,1.0,0,0
98199,98848,649,0,GE-Phrase,230,97846,98708,862,509,0.784,353,140
98199,98848,649,0,GE-Phrase,231,98708,100412,1704,140,0.216,-509,-1564
98199,98848,649,0,NTB,do aluno,98199,98848,649,649,1.0,0,0
98848,100935,2087,0,GE-Phrase,231,98708,100412,1704,1564,0.749,140,523
98848,100935,2087,0,NTB,da interação que cê tem com aluno,98848,100935,2087,2087,1.0,0,0
137105,138339,1234,0,GE-Phrase,235,136803,138001,1198,896,0.726,302,338
137105,138339,1234,0,GE-Phrase,236,138001,139371,1370,338,0.274,-896,-1032
137105,138339,1234,0,NTB,em inglês obviamente,137105,138339,1234,1234,1.0,0,0
138339,139647,1308,0,GE-Phrase,236,138001,139371,1370,1032,0.789,338,276
138339,139647,1308,0,GE-Phrase,237,139371,143181,3810,276,0.211,-1032,-3534
138339,139647,1308,0,NTB,a gente tinha livro e tudo,138339,139647,1308,1308,1.0,0,0
4370,5588,1218,0,GE-Phrase,201,2608,9088,6480,1218,1.0,1762,-3500
4370,5588,1218,0,NTB,aonde a gente ia,4370,5588,1218,1218,1.0,0,0
5588,7444,1856,0,GE-Phrase,201,2608,9088,6480,1856,1.0,2980,-1644
5588,7444,1856,0,NTB,quando a gente era criança,5588,7444,1856,1856,1.0,0,0
76336,77920,1584,0,GE-Phrase,226,76279,77639,1360,1303,0.823,57,281
76336,77920,1584,0,GE-Phrase,227,77639,79279,1640,281,0.177,-1303,-1359
76336,77920,1584,0,NTB,que era só um corredorzinho,76336,77920,1584,1584,1.0,0,0
77920,79367,1447,0,GE-Phrase,227,77639,79279,1640,1359,0.939,281,88
77920,79367,1447,0,GE-Phrase,228,79279,80954,1675,88,0.061,-1359,-1587
77920,79367,1447,0,NTB,que depois virou,77920,79367,1447,1447,1.0,0,0
79367,79692,325,0,GE-Phrase,228,79279,80954,1675,325,1.0,88,-1262
79367,79692,325,0,NTB,né,79367,79692,325,325,1.0,0,0
79692,81357,1665,0,GE-Phrase,228,79279,80954,1675,1262,0.758,413,403
79692,81357,1665,0,GE-Phrase,229,80954,82638,1684,403,0.242,-1262,-1281
79692,81357,1665,0,NTB,um negócio enorme,79692,81357,1665,1665,1.0,0,0
88201,89296,1095,0,NTB,<cheguei nisso> +,88201,89296,1095,1095,1.0,0,0
93305,94317,1012,0,NTB,achei que eu fosse odiar,93305,94317,1012,1012,1.0,0,0
95089,96173,1084,0,NTB,eu gostei,95089,96173,1084,1084,1.0,0,0
96511,97855,1344,0,GE-Phrase,230,97846,98708,862,9,0.007,-1335,-853
96511,97855,1344,0,NTB,hoje eu vejo que depende &n [/1],96511,97855,1344,1344,1.0,0,0
97855,98199,344,0,GE-Phrase,230,97846,98708,862,344,1.0,9,-509
97855,98199,344,0,NTB,né,97855,98199,344,344,1.0,0,0
98199,98848,649,0,GE-Phrase,230,97846,98708,862,509,0.784,353,140
98199,98848,649,0,GE-Phrase,231,98708,100412,1704,140,0.216,-509,-1564
98199,98848,649,0,NTB,do aluno,98199,98848,649,649,1.0,0,0
98848,100935,2087,0,GE-Phrase,231,98708,100412,1704,1564,0.749,140,523
98848,100935,2087,0,NTB,da interação que cê tem com aluno,98848,100935,2087,2087,1.0,0,0
137105,138339,1234,0,GE-Phrase,235,136803,138001,1198,896,0.726,302,338
137105,138339,1234,0,GE-Phrase,236,138001,139371,1370,338,0.274,-896,-1032
137105,138339,1234,0,NTB,em inglês obviamente,137105,138339,1234,1234,1.0,0,0
138339,139647,1308,0,GE-Phrase,236,138001,139371,1370,1032,0.789,338,276
138339,139647,1308,0,GE-Phrase,237,139371,143181,3810,276,0.211,-1032,-3534
138339,139647,1308,0,NTB,a gente tinha livro e tudo,138339,139647,1308,1308,1.0,0,0
4370,5588,1218,0,GE-Phrase,201,2608,9088,6480,1218,1.0,1762,-3500
4370,5588,1218,0,NTB,aonde a gente ia,4370,5588,1218,1218,1.0,0,0
5588,7444,1856,0,GE-Phrase,201,2608,9088,6480,1856,1.0,2980,-1644
5588,7444,1856,0,NTB,quando a gente era criança,5588,7444,1856,1856,1.0,0,0
76336,77920,1584,0,GE-Phrase,226,76279,77639,1360,1303,0.823,57,281
76336,77920,1584,0,GE-Phrase,227,77639,79279,1640,281,0.177,-1303,-1359
76336,77920,1584,0,NTB,que era só um corredorzinho,76336,77920,1584,1584,1.0,0,0
77920,79367,1447,0,GE-Phrase,227,77639,79279,1640,1359,0.939,281,88
77920,79367,1447,0,GE-Phrase,228,79279,80954,1675,88,0.061,-1359,-1587
77920,79367,1447,0,NTB,que depois virou,77920,79367,1447,1447,1.0,0,0
79367,79692,325,0,GE-Phrase,228,79279,80954,1675,325,1.0,88,-1262
79367,79692,325,0,NTB,né,79367,79692,325,325,1.0,0,0
79692,81357,1665,0,GE-Phrase,228,79279,80954,1675,1262,0.758,413,403
79692,81357,1665,0,GE-Phrase,229,80954,82638,1684,403,0.242,-1262,-1281
79692,81357,1665,0,NTB,um negócio enorme,79692,81357,1665,1665,1.0,0,0
88201,89296,1095,0,NTB,<cheguei nisso> +,88201,89296,1095,1095,1.0,0,0
93305,94317,1012,0,NTB,achei que eu fosse odiar,93305,94317,1012,1012,1.0,0,0
95089,96173,1084,0,NTB,eu gostei,95089,96173,1084,1084,1.0,0,0
96511,97855,1344,0,GE-Phrase,230,97846,98708,862,9,0.007,-1335,-853
96511,97855,1344,0,NTB,hoje eu vejo que depende &n [/1],96511,97855,1344,1344,1.0,0,0
97855,98199,344,0,GE-Phrase,230,97846,98708,862,344,1.0,9,-509
97855,98199,344,0,NTB,né,97855,98199,344,344,1.0,0,0
98199,98848,649,0,GE-Phrase,230,97846,98708,862,509,0.784,353,140
98199,98848,649,0,GE-Phrase,231,98708,100412,1704,140,0.216,-509,-1564
98199,98848,649,0,NTB,do aluno,98199,98848,649,649,1.0,0,0
98848,100935,2087,0,GE-Phrase,231,98708,100412,1704,1564,0.749,140,523
98848,100935,2087,0,NTB,da interação que cê tem com aluno,98848,100935,2087,2087,1.0,0,0
137105,138339,1234,0,GE-Phrase,235,136803,138001,1198,896,0.726,302,338
137105,138339,1234,0,GE-Phrase,236,138001,139371,1370,338,0.274,-896,-1032
137105,138339,1234,0,NTB,em inglês obviamente,137105,138339,1234,1234,1.0,0,0
138339,139647,1308,0,GE-Phrase,236,138001,139371,1370,1032,0.789,338,276
138339,139647,1308,0,GE-Phrase,237,139371,143181,3810,276,0.211,-1032,-3534
138339,139647,1308,0,NTB,a gente tinha livro e tudo,138339,139647,1308,1308,1.0,0,0
4370,5588,1218,0,GE-Phrase,201,2608,9088,6480,1218,1.0,1762,-3500
4370,5588,1218,0,NTB,aonde a gente ia,4370,5588,1218,1218,1.0,0,0
5588,7444,1856,0,GE-Phrase,201,2608,9088,6480,1856,1.0,2980,-1644
5588,7444,1856,0,NTB,quando a gente era criança,5588,7444,1856,1856,1.0,0,0
76336,77920,1584,0,GE-Phrase,226,76279,77639,1360,1303,0.823,57,281
76336,77920,1584,0,GE-Phrase,227,77639,79279,1640,281,0.177,-1303,-1359
76336,77920,1584,0,NTB,que era só um corredorzinho,76336,77920,1584,1584,1.0,0,0
77920,79367,1447,0,GE-Phrase,227,77639,79279,1640,1359,0.939,281,88
77920,79367,1447,0,GE-Phrase,228,79279,80954,1675,88,0.061,-1359,-1587
77920,79367,1447,0,NTB,que depois virou,77920,79367,1447,1447,1.0,0,0
79367,79692,325,0,GE-Phrase,228,79279,80954,1675,325,1.0,88,-1262
79367,79692,325,0,NTB,né,79367,79692,325,325,1.0,0,0
79692,81357,1665,0,GE-Phrase,228,79279,80954,1675,1262,0.758,413,403
79692,81357,1665,0,GE-Phrase,229,80954,82638,1684,403,0.242,-1262,-1281
79692,81357,1665,0,NTB,um negócio enorme,79692,81357,1665,1665,1.0,0,0
88201,89296,1095,0,NTB,<cheguei nisso> +,88201,89296,1095,1095,1.0,0,0
93305,94317,1012,0,NTB,achei que eu fosse odiar,93305,94317,1012,1012,1.0,0,0
95089,96173,1084,0,NTB,eu gostei,95089,96173,1084,1084,1.0,0,0
96511,97855,1344,0,GE-Phrase,230,97846,98708,862,9,0.007,-1335,-853
96511,97855,1344,0,NTB,hoje eu vejo que depende &n [/1],96511,97855,1344,1344,1.0,0,0
97855,98199,344,0,GE-Phrase,230,97846,98708,862,344,1.0,9,-509
97855,98199,344,0,NTB,né,97855,98199,344,344,1.0,0,0
98199,98848,649,0,GE-Phrase,230,97846,98708,862,509,0.784,353,140
98199,98848,649,0,GE-Phrase,231,98708,100412,1704,140,0.216,-509,-1564
98199,98848,649,0,NTB,do aluno,98199,98848,649,649,1.0,0,0
98848,100935,2087,0,GE-Phrase,231,98708,100412,1704,1564,0.749,140,523
98848,100935,2087,0,NTB,da interação que cê tem com aluno,98848,100935,2087,2087,1.0,0,0
137105,138339,1234,0,GE-Phrase,235,136803,138001,1198,896,0.726,302,338
137105,138339,1234,0,GE-Phrase,236,138001,139371,1370,338,0.274,-896,-1032
137105,138339,1234,0,NTB,em inglês obviamente,137105,138339,1234,1234,1.0,0,0
138339,139647,1308,0,GE-Phrase,236,138001,139371,1370,1032,0.789,338,276
138339,139647,1308,0,GE-Phrase,237,139371,143181,3810,276,0.211,-1032,-3534
138339,139647,1308,0,NTB,a gente tinha livro e tudo,138339,139647,1308,1308,1.0,0,0
4370,5588,1218,0,GE-Phrase,201,2608,9088,6480,1218,1.0,1762,-3500
4370,5588,1218,0,NTB,aonde a gente ia,4370,5588,1218,1218,1.0,0,0
5588,7444,1856,0,GE-Phrase,201,2608,9088,6480,1856,1.0,2980,-1644
5588,7444,1856,0,NTB,quando a gente era criança,5588,7444,1856,1856,1.0,0,0
76336,77920,1584,0,GE-Phrase,226,76279,77639,1360,1303,0.823,57,281
76336,77920,1584,0,GE-Phrase,227,77639,79279,1640,281,0.177,-1303,-1359
76336,77920,1584,0,NTB,que era só um corredorzinho,76336,77920,1584,1584,1.0,0,0
77920,79367,1447,0,GE-Phrase,227,77639,79279,1640,1359,0.939,281,88
77920,79367,1447,0,GE-Phrase,228,79279,80954,1675,88,0.061,-1359,-1587
77920,79367,1447,0,NTB,que depois virou,77920,79367,1447,1447,1.0,0,0
79367,79692,325,0,GE-Phrase,228,79279,80954,1675,325,1.0,88,-1262
79367,79692,325,0,NTB,né,79367,79692,325,325,1.0,0,0
79692,81357,1665,0,GE-Phrase,228,79279,80954,1675,1262,0.758,413,403
79692,81357,1665,0,GE-Phrase,229,80954,82638,1684,403,0.242,-1262,-1281
79692,81357,1665,0,NTB,um negócio enorme,79692,81357,1665,1665,1.0,0,0
88201,89296,1095,0,NTB,<cheguei nisso> +,88201,89296,1095,1095,1.0,0,0
93305,94317,1012,0,NTB,achei que eu fosse odiar,93305,94317,1012,1012,1.0,0,0
95089,96173,1084,0,NTB,eu gostei,95089,96173,1084,1084,1.0,0,0
96511,97855,1344,0,GE-Phrase,230,97846,98708,862,9,0.007,-1335,-853
96511,97855,1344,0,NTB,hoje eu vejo que depende &n [/1],96511,97855,1344,1344,1.0,0,0
97855,98199,344,0,GE-Phrase,230,97846,98708,862,344,1.0,9,-509
97855,98199,344,0,NTB,né,97855,98199,344,344,1.0,0,0
98199,98848,649,0,GE-Phrase,230,97846,98708,862,509,0.784,353,140
98199,98848,649,0,GE-Phrase,231,98708,100412,1704,140,0.216,-509,-1564
98199,98848,649,0,NTB,do aluno,98199,98848,649,649,1.0,0,0
98848,100935,2087,0,GE-Phrase,231,98708,100412,1704,1564,0.749,140,523
98848,100935,2087,0,NTB,da interação que cê tem com aluno,98848,100935,2087,2087,1.0,0,0
137105,138339,1234,0,GE-Phrase,235,136803,138001,1198,896,0.726,302,338
137105,138339,1234,0,GE-Phrase,236,138001,139371,1370,338,0.274,-896,-1032
137105,138339,1234,0,NTB,em inglês obviamente,137105,138339,1234,1234,1.0,0,0
138339,139647,1308,0,GE-Phrase,236,138001,139371,1370,1032,0.789,338,276
138339,139647,1308,0,GE-Phrase,237,139371,143181,3810,276,0.211,-1032,-3534
138339,139647,1308,0,NTB,a gente tinha livro e tudo,138339,139647,1308,1308,1.0,0,0
4370,5588,1218,0,GE-Phrase,201,2608,9088,6480,1218,1.0,1762,-3500
4370,5588,1218,0,NTB,aonde a gente ia,4370,5588,1218,1218,1.0,0,0
5588,7444,1856,0,GE-Phrase,201,2608,9088,6480,1856,1.0,2980,-1644
5588,7444,1856,0,NTB,quando a gente era criança,5588,7444,1856,1856,1.0,0,0
76336,77920,1584,0,GE-Phrase,226,76279,77639,1360,1303,0.823,57,281
76336,77920,1584,0,GE-Phrase,227,77639,79279,1640,281,0.177,-1303,-1359
76336,77920,1584,0,NTB,que era só um corredorzinho,76336,77920,1584,1584,1.0,0,0
77920,79367,1447,0,GE-Phrase,227,77639,79279,1640,1359,0.939,281,88
77920,79367,1447,0,GE-Phrase,228,79279,80954,1675,88,0.061,-1359,-1587
77920,79367,1447,0,NTB,que depois virou,77920,79367,1447,1447,1.0,0,0
79367,79692,325,0,GE-Phrase,228,79279,80954,1675,325,1.0,88,-1262
79367,79692,325,0,NTB,né,79367,79692,325,325,1.0,0,0
79692,81357,1665,0,GE-Phrase,228,79279,80954,1675,1262,0.758,413,403
79692,81357,1665,0,GE-Phrase,229,80954,82638,1684,403,0.242,-1262,-1281
79692,81357,1665,0,NTB,um negócio enorme,79692,81357,1665,1665,1.0,0,0
88201,89296,1095,0,NTB,<cheguei nisso> +,88201,89296,1095,1095,1.0,0,0
93305,94317,1012,0,NTB,achei que eu fosse odiar,93305,94317,1012,1012,1.0,0,0
95089,96173,1084,0,NTB,eu gostei,95089,96173,1084,1084,1.0,0,0
96511,97855,1344,0,GE-Phrase,230,97846,98708,862,9,0.007,-1335,-853
96511,97855,1344,0,NTB,hoje eu vejo que depende &n [/1],96511,97855,1344,1344,1.0,0,0
97855,98199,344,0,GE-Phrase,230,97846,98708,862,344,1.0,9,-509
97855,98199,344,0,NTB,né,97855,98199,344,344,1.0,0,0
98199,98848,649,0,GE-Phrase,230,97846,98708,862,509,0.784,353,140
98199,98848,649,0,GE-Phrase,231,98708,100412,1704,140,0.216,-509,-1564
98199,98848,649,0,NTB,do aluno,98199,98848,649,649,1.0,0,0
98848,100935,2087,0,GE-Phrase,231,98708,100412,1704,1564,0.749,140,523
98848,100935,2087,0,NTB,da interação que cê tem com aluno,98848,100935,2087,2087,1.0,0,0
137105,138339,1234,0,GE-Phrase,235,136803,138001,1198,896,0.726,302,338
137105,138339,1234,0,GE-Phrase,236,138001,139371,1370,338,0.274,-896,-1032
137105,138339,1234,0,NTB,em inglês obviamente,137105,138339,1234,1234,1.0,0,0
138339,139647,1308,0,GE-Phrase,236,138001,139371,1370,1032,0.789,338,276
138339,139647,1308,0,GE-Phrase,237,139371,143181,3810,276,0.211,-1032,-3534
138339,139647,1308,0,NTB,a gente tinha livro e tudo,138339,139647,1308,1308,1.0,0,0
4370,5588,1218,0,GE-Phrase,201,2608,9088,6480,1218,1.0,1762,-3500
4370,5588,1218,0,NTB,aonde a gente ia,4370,5588,1218,1218,1.0,0,0
5588,7444,1856,0,GE-Phrase,201,2608,9088,6480,1856,1.0,2980,-1644
5588,7444,1856,0,NTB,quando a gente era criança,5588,7444,1856,1856,1.0,0,0
76336,77920,1584,0,GE-Phrase,226,76279,77639,1360,1303,0.823,57,281
76336,77920,1584,0,GE-Phrase,227,77639,79279,1640,281,0.177,-1303,-1359
76336,77920,1584,0,NTB,que era só um corredorzinho,76336,77920,1584,1584,1.0,0,0
77920,79367,1447,0,GE-Phrase,227,77639,79279,1640,1359,0.939,281,88
77920,79367,1447,0,GE-Phrase,228,79279,80954,1675,88,0.061,-1359,-1587
77920,79367,1447,0,NTB,que depois virou,77920,79367,1447,1447,1.0,0,0
79367,79692,325,0,GE-Phrase,228,79279,80954,1675,325,1.0,88,-1262
79367,79692,325,0,NTB,né,79367,79692,325,325,1.0,0,0
79692,81357,1665,0,GE-Phrase,228,79279,80954,1675,1262,0.758,413,403
79692,81357,1665,0,GE-Phrase,229,80954,82638,1684,403,0.242,-1262,-1281
79692,81357,1665,0,NTB,um negócio enorme,79692,81357,1665,1665,1.0,0,0
88201,89296,1095,0,NTB,<cheguei nisso> +,88201,89296,1095,1095,1.0,0,0
93305,94317,1012,0,NTB,achei que eu fosse odiar,93305,94317,1012,1012,1.0,0,0
95089,96173,1084,0,NTB,eu gostei,95089,96173,1084,1084,1.0,0,0
96511,97855,1344,0,GE-Phrase,230,97846,98708,862,9,0.007,-1335,-853
96511,97855,1344,0,NTB,hoje eu vejo que depende &n [/1],96511,97855,1344,1344,1.0,0,0
97855,98199,344,0,GE-Phrase,230,97846,98708,862,344,1.0,9,-509
97855,98199,344,0,NTB,né,97855,98199,344,344,1.0,0,0
98199,98848,649,0,GE-Phrase,230,97846,98708,862,509,0.784,353,140
98199,98848,649,0,GE-Phrase,231,98708,100412,1704,140,0.216,-509,-1564
98199,98848,649,0,NTB,do aluno,98199,98848,649,649,1.0,0,0
98848,100935,2087,0,GE-Phrase,231,98708,100412,1704,1564,0.749,140,523
98848,100935,2087,0,NTB,da interação que cê tem com aluno,98848,100935,2087,2087,1.0,0,0
137105,138339,1234,0,GE-Phrase,235,136803,138001,1198,896,0.726,302,338
137105,138339,1234,0,GE-Phrase,236,138001,139371,1370,338,0.274,-896,-1032
137105,138339,1234,0,NTB,em inglês obviamente,137105,138339,1234,1234,1.0,0,0
138339,139647,1308,0,GE-Phrase,236,138001,139371,1370,1032,0.789,338,276
138339,139647,1308,0,GE-Phrase,237,139371,143181,3810,276,0.211,-1032,-3534
138339,139647,1308,0,NTB,a gente tinha livro e tudo,138339,139647,1308,1308,1.0,0,0
4370,5588,1218,0,GE-Phrase,201,2608,9088,6480,1218,1.0,1762,-3500
4370,5588,1218,0,NTB,aonde a gente ia,4370,5588,1218,1218,1.0,0,0
5588,7444,1856,0,GE-Phrase,201,2608,9088,6480,1856,1.0,2980,-1644
5588,7444,1856,0,NTB,quando a gente era criança,5588,7444,1856,1856,1.0,0,0
76336,77920,1584,0,GE-Phrase,226,76279,77639,1360,1303,0.823,57,281
76336,77920,1584,0,GE-Phrase,227,77639,79279,1640,281,0.177,-1303,-1359
76336,77920,1584,0,NTB,que era só um corredorzinho,76336,77920,1584,1584,1.0,0,0
77920,79367,1447,0,GE-Phrase,227,77639,79279,1640,1359,0.939,281,88
77920,79367,1447,0,GE-Phrase,228,79279,80954,1675,88,0.061,-1359,-1587
77920,79367,1447,0,NTB,que depois virou,77920,79367,1447,1447,1.0,0,0
79367,79692,325,0,GE-Phrase,228,79279,80954,1675,325,1.0,88,-1262
79367,79692,325,0,NTB,né,79367,79692,325,325,1.0,0,0
79692,81357,1665,0,GE-Phrase,228,79279,80954,1675,1262,0.758,413,403
79692,81357,1665,0,GE-Phrase,229,80954,82638,1684,403,0.242,-1262,-1281
79692,81357,1665,0,NTB,um negócio enorme,79692,81357,1665,1665,1.0,0,0
88201,89296,1095,0,NTB,<cheguei nisso> +,88201,89296,1095,1095,1.0,0,0
93305,94317,1012,0,NTB,achei que eu fosse odiar,93305,94317,1012,1012,1.0,0,0
95089,96173,1084,0,NTB,eu gostei,95089,96173,1084,1084,1.0,0,0
96511,97855,1344,0,GE-Phrase,230,97846,98708,862,9,0.007,-1335,-853
96511,97855,1344,0,NTB,hoje eu vejo que depende &n [/1],96511,97855,1344,1344,1.0,0,0
97855,98199,344,0,GE-Phrase,230,97846,98708,862,344,1.0,9,-509
97855,98199,344,0,NTB,né,97855,98199,344,344,1.0,0,0
98199,98848,649,0,GE-Phrase,230,97846,98708,862,509,0.784,353,140
98199,98848,649,0,GE-Phrase,231,98708,100412,1704,140,0.216,-509,-1564
98199,98848,649,0,NTB,do aluno,98199,98848,649,649,1.0,0,0
98848,100935,2087,0,GE-Phrase,231,98708,100412,1704,1564,0.749,140,523
98848,100935,2087,0,NTB,da interação que cê tem com aluno,98848,100935,2087,2087,1.0,0,0
137105,138339,1234,0,GE-Phrase,235,136803,138001,1198,896,0.726,302,338
137105,138339,1234,0,GE-Phrase,236,138001,139371,1370,338,0.274,-896,-1032
137105,138339,1234,0,NTB,em inglês obviamente,137105,138339,1234,1234,1.0,0,0
138339,139647,1308,0,GE-Phrase,236,138001,139371,1370,1032,0.789,338,276
138339,139647,1308,0,GE-Phrase,237,139371,143181,3810,276,0.211,-1032,-3534
138339,139647,1308,0,NTB,a gente tinha livro e tudo,138339,139647,1308,1308,1.0,0,0
4370,5588,1218,0,GE-Phrase,201,2608,9088,6480,1218,1.0,1762,-3500
4370,5588,1218,0,NTB,aonde a gente ia,4370,5588,1218,1218,1.0,0,0
5588,7444,1856,0,GE-Phrase,201,2608,9088,6480,1856,1.0,2980,-1644
5588,7444,1856,0,NTB,quando a gente era criança,5588,7444,1856,1856,1.0,0,0
76336,77920,1584,0,GE-Phrase,226,76279,77639,1360,1303,0.823,57,281
76336,77920,1584,0,GE-Phrase,227,77639,79279,1640,281,0.177,-1303,-1359
76336,77920,1584,0,NTB,que era só um corredorzinho,76336,77920,1584,1584,1.0,0,0
77920,79367,1447,0,GE-Phrase,227,77639,79279,1640,1359,0.939,281,88
77920,79367,1447,0,GE-Phrase,228,79279,80954,1675,88,0.061,-1359,-1587
77920,79367,1447,0,NTB,que depois virou,77920,79367,1447,1447,1.0,0,0
79367,79692,325,0,GE-Phrase,228,79279,80954,1675,325,1.0,88,-1262
79367,79692,325,0,NTB,né,79367,79692,325,325,1.0,0,0
79692,81357,1665,0,GE-Phrase,228,79279,80954,1675,1262,0.758,413,403
79692,81357,1665,0,GE-Phrase,229,80954,82638,1684,403,0.242,-1262,-1281
79692,81357,1665,0,NTB,um negócio enorme,79692,81357,1665,1665,1.0,0,0
88201,89296,1095,0,NTB,<cheguei nisso> +,88201,89296,1095,1095,1.0,0,0
93305,94317,1012,0,NTB,achei que eu fosse odiar,93305,94317,1012,1012,1.0,0,0
95089,96173,1084,0,NTB,eu gostei,95089,96173,1084,1084,1.0,0,0
96511,97855,1344,0,GE-Phrase,230,97846,98708,862,9,0.007,-1335,-853
96511,97855,1344,0,NTB,hoje eu vejo que depende &n [/1],96511,97855,1344,1344,1.0,0,0
97855,98199,344,0,GE-Phrase,230,97846,98708,862,344,1.0,9,-509
97855,98199,344,0,NTB,né,97855,98199,344,344,1.0,0,0
98199,98848,649,0,GE-Phrase,230,97846,98708,862,509,0.784,353,140
98199,98848,649,0,GE-Phrase,231,98708,100412,1704,140,0.216,-509,-1564
98199,98848,649,0,NTB,do aluno,98199,98848,649,649,1.0,0,0
98848,100935,2087,0,GE-Phrase,231,98708,100412,1704,1564,0.749,140,523
98848,100935,2087,0,NTB,da interação que cê tem com aluno,98848,100935,2087,2087,1.0,0,0
137105,138339,1234,0,GE-Phrase,235,136803,138001,1198,896,0.726,302,338
137105,138339,1234,0,GE-Phrase,236,138001,139371,1370,338,0.274,-896,-1032
137105,138339,1234,0,NTB,em inglês obviamente,137105,138339,1234,1234,1.0,0,0
138339,139647,1308,0,GE-Phrase,236,138001,139371,1370,1032,0.789,338,276
138339,139647,1308,0,GE-Phrase,237,139371,143181,3810,276,0.211,-1032,-3534
138339,139647,1308,0,NTB,a gente tinha livro e tudo,138339,139647,1308,1308,1.0,0,0
4370,5588,1218,0,GE-Phrase,201,2608,9088,6480,1218,1.0,1762,-3500
4370,5588,1218,0,NTB,aonde a gente ia,4370,5588,1218,1218,1.0,0,0
5588,7444,1856,0,GE-Phrase,201,2608,9088,6480,1856,1.0,2980,-1644
5588,7444,1856,0,NTB,quando a gente era criança,5588,7444,1856,1856,1.0,0,0
76336,77920,1584,0,GE-Phrase,226,76279,77639,1360,1303,0.823,57,281
76336,77920,1584,0,GE-Phrase,227,77639,79279,1640,281,0.177,-1303,-1359
76336,77920,1584,0,NTB,que era só um corredorzinho,76336,77920,1584,1584,1.0,0,0
77920,79367,1447,0,GE-Phrase,227,77639,79279,1640,1359,0.939,281,88
77920,79367,1447,0,GE-Phrase,228,79279,80954,1675,88,0.061,-1359,-1587
77920,79367,1447,0,NTB,que depois virou,77920,79367,1447,1447,1.0,0,0
79367,79692,325,0,GE-Phrase,228,79279,80954,1675,325,1.0,88,-1262
79367,79692,325,0,NTB,né,79367,79692,325,325,1.0,0,0
79692,81357,1665,0,GE-Phrase,228,79279,80954,1675,1262,0.758,413,403
79692,81357,1665,0,GE-Phrase,229,80954,82638,1684,403,0.242,-1262,-1281
79692,81357,1665,0,NTB,um negócio enorme,79692,81357,1665,1665,1.0,0,0
88201,89296,1095,0,NTB,<cheguei nisso> +,88201,89296,1095,1095,1.0,0,0
93305,94317,1012,0,NTB,achei que eu fosse odiar,93305,94317,1012,1012,1.0,0,0
95089,96173,1084,0,NTB,eu gostei,95089,96173,1084,1084,1.0,0,0
96511,97855,1344,0,GE-Phrase,230,97846,98708,862,9,0.007,-1335,-853
96511,97855,1344,0,NTB,hoje eu vejo que depende &n [/1],96511,97855,1344,1344,1.0,0,0
97855,98199,344,0,GE-Phrase,230,97846,98708,862,344,1.0,9,-509
97855,98199,344,0,NTB,né,97855,98199,344,344,1.0,0,0
98199,98848,649,0,GE-Phrase,230,97846,98708,862,509,0.784,353,140
98199,98848,649,0,GE-Phrase,231,98708,100412,1704,140,0.216,-509,-1564
98199,98848,649,0,NTB,do aluno,98199,98848,649,649,1.0,0,0
98848,100935,2087,0,GE-Phrase,231,98708,100412,1704,1564,0.749,140,523
98848,100935,2087,0,NTB,da interação que cê tem com aluno,98848,100935,2087,2087,1.0,0,0
137105,138339,1234,0,GE-Phrase,235,136803,138001,1198,896,0.726,302,338
137105,138339,1234,0,GE-Phrase,236,138001,139371,1370,338,0.274,-896,-1032
137105,138339,1234,0,NTB,em inglês obviamente,137105,138339,1234,1234,1.0,0,0
138339,139647,1308,0,GE-Phrase,236,138001,139371,1370,1032,0.789,338,276
138339,139647,1308,0,GE-Phrase,237,139371,143181,3810,276,0.211,-1032,-3534
138339,139647,1308,0,NTB,a gente tinha livro e tudo,138339,139647,1308,1308,1.0,0,0
4370,5588,1218,0,GE-Phrase,201,2608,9088,6480,1218,1.0,1762,-3500
4370,5588,1218,0,NTB,aonde a gente ia,4370,5588,1218,1218,1.0,0,0
5588,7444,1856,0,GE-Phrase,201,2608,9088,6480,1856,1.0,2980,-1644
5588,7444,1856,0,NTB,quando a gente era criança,5588,7444,1856,1856,1.0,0,0
76336,77920,1584,0,GE-Phrase,226,76279,77639,1360,1303,0.823,57,281
76336,77920,1584,0,GE-Phrase,227,77639,79279,1640,281,0.177,-1303,-1359
76336,77920,1584,0,NTB,que era só um corredorzinho,76336,77920,1584,1584,1.0,0,0
77920,79367,1447,0,GE-Phrase,227,77639,79279,1640,1359,0.939,281,88
77920,79367,1447,0,GE-Phrase,228,79279,80954,1675,88,0.061,-1359,-1587
77920,79367,1447,0,NTB,que depois virou,77920,79367,1447,1447,1.0,0,0
79367,79692,325,0,GE-Phrase,228,79279,80954,1675,325,1.0,88,-1262
79367,79692,325,0,NTB,né,79367,79692,325,325,1.0,0,0
79692,81357,1665,0,GE-Phrase,228,79279,80954,1675,1262,0.758,413,403
79692,81357,1665,0,GE-Phrase,229,80954,82638,1684,403,0.242,-1262,-1281
79692,81357,1665,0,NTB,um negócio enorme,79692,81357,1665,1665,1.0,0,0
88201,89296,1095,0,NTB,<cheguei nisso> +,88201,89296,1095,1095,1.0,0,0
93305,94317,1012,0,NTB,achei que eu fosse odiar,93305,94317,1012,1012,1.0,0,0
95089,96173,1084,0,NTB,eu gostei,95089,96173,1084,1084,1.0,0,0
96511,97855,1344,0,GE-Phrase,230,97846,98708,862,9,0.007,-1335,-853
96511,97855,1344,0,NTB,hoje eu vejo que depende &n [/1],96511,97855,1344,1344,1.0,0,0
97855,98199,344,0,GE-Phrase,230,97846,98708,862,344,1.0,9,-509
97855,98199,344,0,NTB,né,97855,98199,344,344,1.0,0,0
98199,98848,649,0,GE-Phrase,230,97846,98708,862,509,0.784,353,140
98199,98848,649,0,GE-Phrase,231,98708,100412,1704,140,0.216,-509,-1564
98199,98848,649,0,NTB,do aluno,98199,98848,649,649,1.0,0,0
98848,100935,2087,0,GE-Phrase,231,98708,100412,1704,1564,0.749,140,523
98848,100935,2087,0,NTB,da interação que cê tem com aluno,98848,100935,2087,2087,1.0,0,0
137105,138339,1234,0,GE-Phrase,235,136803,138001,1198,896,0.726,302,338
137105,138339,1234,0,GE-Phrase,236,138001,139371,1370,338,0.274,-896,-1032
137105,138339,1234,0,NTB,em inglês obviamente,137105,138339,1234,1234,1.0,0,0
138339,139647,1308,0,GE-Phrase,236,138001,139371,1370,1032,0.789,338,276
138339,139647,1308,0,GE-Phrase,237,139371,143181,3810,276,0.211,-1032,-3534
138339,139647,1308,0,NTB,a gente tinha livro e tudo,138339,139647,1308,1308,1.0,0,0
9631,12030,2399,0,GE-Phrase,205,9104,11228,2124,1597,0.666,527,802
9631,12030,2399,0,GE-Phrase,206,11228,13092,1864,802,0.334,-1597,-1062
9631,12030,2399,0,NTB,que inclusive tô produzindo um,9631,12030,2399,2399,1.0,0,0
12030,13506,1476,0,GE-Phrase,206,11228,13092,1864,1062,0.72,802,414
12030,13506,1476,0,GE-Phrase,207,13092,14908,1816,414,0.28,-1062,-1402
12030,13506,1476,0,NTB,p' cê ver a dubiedade da coisa,12030,13506,1476,1476,1.0,0,0
25187,26370,1183,0,GE-Phrase,212,23414,26572,3158,1183,1.0,1773,-202
25187,26370,1183,0,NTB,se eu reproduzir meu método,25187,26370,1183,1183,1.0,0,0
26370,27200,830,0,GE-Phrase,212,23414,26572,3158,202,0.243,2956,628
26370,27200,830,0,GE-Phrase,213,26572,28865,2293,628,0.757,-202,-1665
26370,27200,830,0,NTB,tá ligado,26370,27200,830,830,1.0,0,0
27200,28048,848,0,GE-Phrase,213,26572,28865,2293,848,1.0,628,-817
27200,28048,848,0,NTB,dentro da cultura,27200,28048,848,848,1.0,0,0
28048,29067,1019,0,GE-Phrase,213,26572,28865,2293,817,0.802,1476,202
28048,29067,1019,0,GE-Phrase,214,28865,30267,1402,202,0.198,-817,-1200
28048,29067,1019,0,NTB,e adequando e et cetera,28048,29067,1019,1019,1.0,0,0
69285,70269,984,0,GE-Phrase,233,69124,70078,954,793,0.806,161,191
69285,70269,984,0,GE-Phrase,234,70078,71694,1616,191,0.194,-793,-1425
69285,70269,984,0,NTB,o projeto é dela,69285,70269,984,984,1.0,0,0
123333,123678,345,0,GE-Phrase,261,123162,126484,3322,345,1.0,171,-2806
123333,123678,345,0,NTB,porque &n [/1],123333,123678,345,345,1.0,0,0
123678,123884,206,0,GE-Phrase,261,123162,126484,3322,206,1.0,516,-2600
123678,123884,206,0,NTB,né,123678,123884,206,206,1.0,0,0
123884,124797,913,0,GE-Phrase,261,123162,126484,3322,913,1.0,722,-1687
123884,124797,913,0,NTB,ia parar tudo,123884,124797,913,913,1.0,0,0
124797,126007,1210,0,GE-Phrase,261,123162,126484,3322,1210,1.0,1635,-477
124797,126007,1210,0,NTB,então vou monitorar quem,124797,126007,1210,1210,1.0,0,0
126007,127426,1419,0,GE-Phrase,261,123162,126484,3322,477,0.336,2845,942
126007,127426,1419,0,NTB,et cetera,126007,127426,1419,1419,1.0,0,0
131502,132715,1213,0,GE-Phrase,262,128821,132202,3381,700,0.577,2681,513
131502,132715,1213,0,GE-Phrase,263,132202,134077,1875,513,0.423,-700,-1362
131502,132715,1213,0,NTB,nũ tinha recebido nenhuma bolsa ainda né,131502,132715,1213,1213,1.0,0,0
132715,134762,2047,0,GE-Phrase,263,132202,134077,1875,1362,0.665,513,685
132715,134762,2047,0,GE-Phrase,264,134077,135782,1705,685,0.335,-1362,-1020
132715,134762,2047,0,NTB,tinha acabado de acontecer o processo,132715,134762,2047,2047,1.0,0,0
136371,137155,784,0,GE-Phrase,265,135782,138288,2506,784,1.0,589,-1133
136371,137155,784,0,NTB,a minha tutora,136371,137155,784,784,1.0,0,0
137155,137394,239,0,GE-Phrase,265,135782,138288,2506,239,1.0,1373,-894
137155,137394,239,0,NTB,né,137155,137394,239,239,1.0,0,0
141078,143026,1948,0,GE-Phrase,266,138288,141167,2879,89,0.046,2790,1859
141078,143026,1948,0,GE-Phrase,267,141167,142467,1300,1300,0.667,-89,559
141078,143026,1948,0,GE-Phrase,268,142467,145380,2913,559,0.287,-1389,-2354
141078,143026,1948,0,NTB,e a gente volta quando retomar a aula,141078,143026,1948,1948,1.0,0,0
149343,150432,1089,0,GE-Phrase,270,147413,149490,2077,147,0.135,1930,942
149343,150432,1089,0,GE-Phrase,271,149490,151803,2313,942,0.865,-147,-1371
149343,150432,1089,0,NTB,se cês concordarem,149343,150432,1089,1089,1.0,0,0
9631,12030,2399,0,GE-Phrase,205,9104,11228,2124,1597,0.666,527,802
9631,12030,2399,0,GE-Phrase,206,11228,13092,1864,802,0.334,-1597,-1062
9631,12030,2399,0,NTB,que inclusive tô produzindo um,9631,12030,2399,2399,1.0,0,0
12030,13506,1476,0,GE-Phrase,206,11228,13092,1864,1062,0.72,802,414
12030,13506,1476,0,GE-Phrase,207,13092,14908,1816,414,0.28,-1062,-1402
12030,13506,1476,0,NTB,p' cê ver a dubiedade da coisa,12030,13506,1476,1476,1.0,0,0
25187,26370,1183,0,GE-Phrase,212,23414,26572,3158,1183,1.0,1773,-202
25187,26370,1183,0,NTB,se eu reproduzir meu método,25187,26370,1183,1183,1.0,0,0
26370,27200,830,0,GE-Phrase,212,23414,26572,3158,202,0.243,2956,628
26370,27200,830,0,GE-Phrase,213,26572,28865,2293,628,0.757,-202,-1665
26370,27200,830,0,NTB,tá ligado,26370,27200,830,830,1.0,0,0
27200,28048,848,0,GE-Phrase,213,26572,28865,2293,848,1.0,628,-817
27200,28048,848,0,NTB,dentro da cultura,27200,28048,848,848,1.0,0,0
28048,29067,1019,0,GE-Phrase,213,26572,28865,2293,817,0.802,1476,202
28048,29067,1019,0,GE-Phrase,214,28865,30267,1402,202,0.198,-817,-1200
28048,29067,1019,0,NTB,e adequando e et cetera,28048,29067,1019,1019,1.0,0,0
69285,70269,984,0,GE-Phrase,233,69124,70078,954,793,0.806,161,191
69285,70269,984,0,GE-Phrase,234,70078,71694,1616,191,0.194,-793,-1425
69285,70269,984,0,NTB,o projeto é dela,69285,70269,984,984,1.0,0,0
123333,123678,345,0,GE-Phrase,261,123162,126484,3322,345,1.0,171,-2806
123333,123678,345,0,NTB,porque &n [/1],123333,123678,345,345,1.0,0,0
123678,123884,206,0,GE-Phrase,261,123162,126484,3322,206,1.0,516,-2600
123678,123884,206,0,NTB,né,123678,123884,206,206,1.0,0,0
123884,124797,913,0,GE-Phrase,261,123162,126484,3322,913,1.0,722,-1687
123884,124797,913,0,NTB,ia parar tudo,123884,124797,913,913,1.0,0,0
124797,126007,1210,0,GE-Phrase,261,123162,126484,3322,1210,1.0,1635,-477
124797,126007,1210,0,NTB,então vou monitorar quem,124797,126007,1210,1210,1.0,0,0
126007,127426,1419,0,GE-Phrase,261,123162,126484,3322,477,0.336,2845,942
126007,127426,1419,0,NTB,et cetera,126007,127426,1419,1419,1.0,0,0
131502,132715,1213,0,GE-Phrase,262,128821,132202,3381,700,0.577,2681,513
131502,132715,1213,0,GE-Phrase,263,132202,134077,1875,513,0.423,-700,-1362
131502,132715,1213,0,NTB,nũ tinha recebido nenhuma bolsa ainda né,131502,132715,1213,1213,1.0,0,0
132715,134762,2047,0,GE-Phrase,263,132202,134077,1875,1362,0.665,513,685
132715,134762,2047,0,GE-Phrase,264,134077,135782,1705,685,0.335,-1362,-1020
132715,134762,2047,0,NTB,tinha acabado de acontecer o processo,132715,134762,2047,2047,1.0,0,0
136371,137155,784,0,GE-Phrase,265,135782,138288,2506,784,1.0,589,-1133
136371,137155,784,0,NTB,a minha tutora,136371,137155,784,784,1.0,0,0
137155,137394,239,0,GE-Phrase,265,135782,138288,2506,239,1.0,1373,-894
137155,137394,239,0,NTB,né,137155,137394,239,239,1.0,0,0
141078,143026,1948,0,GE-Phrase,266,138288,141167,2879,89,0.046,2790,1859
141078,143026,1948,0,GE-Phrase,267,141167,142467,1300,1300,0.667,-89,559
141078,143026,1948,0,GE-Phrase,268,142467,145380,2913,559,0.287,-1389,-2354
141078,143026,1948,0,NTB,e a gente volta quando retomar a aula,141078,143026,1948,1948,1.0,0,0
149343,150432,1089,0,GE-Phrase,270,147413,149490,2077,147,0.135,1930,942
149343,150432,1089,0,GE-Phrase,271,149490,151803,2313,942,0.865,-147,-1371
149343,150432,1089,0,NTB,se cês concordarem,149343,150432,1089,1089,1.0,0,0
9631,12030,2399,0,GE-Phrase,205,9104,11228,2124,1597,0.666,527,802
9631,12030,2399,0,GE-Phrase,206,11228,13092,1864,802,0.334,-1597,-1062
9631,12030,2399,0,NTB,que inclusive tô produzindo um,9631,12030,2399,2399,1.0,0,0
12030,13506,1476,0,GE-Phrase,206,11228,13092,1864,1062,0.72,802,414
12030,13506,1476,0,GE-Phrase,207,13092,14908,1816,414,0.28,-1062,-1402
12030,13506,1476,0,NTB,p' cê ver a dubiedade da coisa,12030,13506,1476,1476,1.0,0,0
25187,26370,1183,0,GE-Phrase,212,23414,26572,3158,1183,1.0,1773,-202
25187,26370,1183,0,NTB,se eu reproduzir meu método,25187,26370,1183,1183,1.0,0,0
26370,27200,830,0,GE-Phrase,212,23414,26572,3158,202,0.243,2956,628
26370,27200,830,0,GE-Phrase,213,26572,28865,2293,628,0.757,-202,-1665
26370,27200,830,0,NTB,tá ligado,26370,27200,830,830,1.0,0,0
27200,28048,848,0,GE-Phrase,213,26572,28865,2293,848,1.0,628,-817
27200,28048,848,0,NTB,dentro da cultura,27200,28048,848,848,1.0,0,0
28048,29067,1019,0,GE-Phrase,213,26572,28865,2293,817,0.802,1476,202
28048,29067,1019,0,GE-Phrase,214,28865,30267,1402,202,0.198,-817,-1200
28048,29067,1019,0,NTB,e adequando e et cetera,28048,29067,1019,1019,1.0,0,0
69285,70269,984,0,GE-Phrase,233,69124,70078,954,793,0.806,161,191
69285,70269,984,0,GE-Phrase,234,70078,71694,1616,191,0.194,-793,-1425
69285,70269,984,0,NTB,o projeto é dela,69285,70269,984,984,1.0,0,0
123333,123678,345,0,GE-Phrase,261,123162,126484,3322,345,1.0,171,-2806
123333,123678,345,0,NTB,porque &n [/1],123333,123678,345,345,1.0,0,0
123678,123884,206,0,GE-Phrase,261,123162,126484,3322,206,1.0,516,-2600
123678,123884,206,0,NTB,né,123678,123884,206,206,1.0,0,0
123884,124797,913,0,GE-Phrase,261,123162,126484,3322,913,1.0,722,-1687
123884,124797,913,0,NTB,ia parar tudo,123884,124797,913,913,1.0,0,0
124797,126007,1210,0,GE-Phrase,261,123162,126484,3322,1210,1.0,1635,-477
124797,126007,1210,0,NTB,então vou monitorar quem,124797,126007,1210,1210,1.0,0,0
126007,127426,1419,0,GE-Phrase,261,123162,126484,3322,477,0.336,2845,942
126007,127426,1419,0,NTB,et cetera,126007,127426,1419,1419,1.0,0,0
131502,132715,1213,0,GE-Phrase,262,128821,132202,3381,700,0.577,2681,513
131502,132715,1213,0,GE-Phrase,263,132202,134077,1875,513,0.423,-700,-1362
131502,132715,1213,0,NTB,nũ tinha recebido nenhuma bolsa ainda né,131502,132715,1213,1213,1.0,0,0
132715,134762,2047,0,GE-Phrase,263,132202,134077,1875,1362,0.665,513,685
132715,134762,2047,0,GE-Phrase,264,134077,135782,1705,685,0.335,-1362,-1020
132715,134762,2047,0,NTB,tinha acabado de acontecer o processo,132715,134762,2047,2047,1.0,0,0
136371,137155,784,0,GE-Phrase,265,135782,138288,2506,784,1.0,589,-1133
136371,137155,784,0,NTB,a minha tutora,136371,137155,784,784,1.0,0,0
137155,137394,239,0,GE-Phrase,265,135782,138288,2506,239,1.0,1373,-894
137155,137394,239,0,NTB,né,137155,137394,239,239,1.0,0,0
141078,143026,1948,0,GE-Phrase,266,138288,141167,2879,89,0.046,2790,1859
141078,143026,1948,0,GE-Phrase,267,141167,142467,1300,1300,0.667,-89,559
141078,143026,1948,0,GE-Phrase,268,142467,145380,2913,559,0.287,-1389,-2354
141078,143026,1948,0,NTB,e a gente volta quando retomar a aula,141078,143026,1948,1948,1.0,0,0
149343,150432,1089,0,GE-Phrase,270,147413,149490,2077,147,0.135,1930,942
149343,150432,1089,0,GE-Phrase,271,149490,151803,2313,942,0.865,-147,-1371
149343,150432,1089,0,NTB,se cês concordarem,149343,150432,1089,1089,1.0,0,0
9631,12030,2399,0,GE-Phrase,205,9104,11228,2124,1597,0.666,527,802
9631,12030,2399,0,GE-Phrase,206,11228,13092,1864,802,0.334,-1597,-1062
9631,12030,2399,0,NTB,que inclusive tô produzindo um,9631,12030,2399,2399,1.0,0,0
12030,13506,1476,0,GE-Phrase,206,11228,13092,1864,1062,0.72,802,414
12030,13506,1476,0,GE-Phrase,207,13092,14908,1816,414,0.28,-1062,-1402
12030,13506,1476,0,NTB,p' cê ver a dubiedade da coisa,12030,13506,1476,1476,1.0,0,0
25187,26370,1183,0,GE-Phrase,212,23414,26572,3158,1183,1.0,1773,-202
25187,26370,1183,0,NTB,se eu reproduzir meu método,25187,26370,1183,1183,1.0,0,0
26370,27200,830,0,GE-Phrase,212,23414,26572,3158,202,0.243,2956,628
26370,27200,830,0,GE-Phrase,213,26572,28865,2293,628,0.757,-202,-1665
26370,27200,830,0,NTB,tá ligado,26370,27200,830,830,1.0,0,0
27200,28048,848,0,GE-Phrase,213,26572,28865,2293,848,1.0,628,-817
27200,28048,848,0,NTB,dentro da cultura,27200,28048,848,848,1.0,0,0
28048,29067,1019,0,GE-Phrase,213,26572,28865,2293,817,0.802,1476,202
28048,29067,1019,0,GE-Phrase,214,28865,30267,1402,202,0.198,-817,-1200
28048,29067,1019,0,NTB,e adequando e et cetera,28048,29067,1019,1019,1.0,0,0
69285,70269,984,0,GE-Phrase,233,69124,70078,954,793,0.806,161,191
69285,70269,984,0,GE-Phrase,234,70078,71694,1616,191,0.194,-793,-1425
69285,70269,984,0,NTB,o projeto é dela,69285,70269,984,984,1.0,0,0
123333,123678,345,0,GE-Phrase,261,123162,126484,3322,345,1.0,171,-2806
123333,123678,345,0,NTB,porque &n [/1],123333,123678,345,345,1.0,0,0
123678,123884,206,0,GE-Phrase,261,123162,126484,3322,206,1.0,516,-2600
123678,123884,206,0,NTB,né,123678,123884,206,206,1.0,0,0
123884,124797,913,0,GE-Phrase,261,123162,126484,3322,913,1.0,722,-1687
123884,124797,913,0,NTB,ia parar tudo,123884,124797,913,913,1.0,0,0
124797,126007,1210,0,GE-Phrase,261,123162,126484,3322,1210,1.0,1635,-477
124797,126007,1210,0,NTB,então vou monitorar quem,124797,126007,1210,1210,1.0,0,0
126007,127426,1419,0,GE-Phrase,261,123162,126484,3322,477,0.336,2845,942
126007,127426,1419,0,NTB,et cetera,126007,127426,1419,1419,1.0,0,0
131502,132715,1213,0,GE-Phrase,262,128821,132202,3381,700,0.577,2681,513
131502,132715,1213,0,GE-Phrase,263,132202,134077,1875,513,0.423,-700,-1362
131502,132715,1213,0,NTB,nũ tinha recebido nenhuma bolsa ainda né,131502,132715,1213,1213,1.0,0,0
132715,134762,2047,0,GE-Phrase,263,132202,134077,1875,1362,0.665,513,685
132715,134762,2047,0,GE-Phrase,264,134077,135782,1705,685,0.335,-1362,-1020
132715,134762,2047,0,NTB,tinha acabado de acontecer o processo,132715,134762,2047,2047,1.0,0,0
136371,137155,784,0,GE-Phrase,265,135782,138288,2506,784,1.0,589,-1133
136371,137155,784,0,NTB,a minha tutora,136371,137155,784,784,1.0,0,0
137155,137394,239,0,GE-Phrase,265,135782,138288,2506,239,1.0,1373,-894
137155,137394,239,0,NTB,né,137155,137394,239,239,1.0,0,0
141078,143026,1948,0,GE-Phrase,266,138288,141167,2879,89,0.046,2790,1859
141078,143026,1948,0,GE-Phrase,267,141167,142467,1300,1300,0.667,-89,559
141078,143026,1948,0,GE-Phrase,268,142467,145380,2913,559,0.287,-1389,-2354
141078,143026,1948,0,NTB,e a gente volta quando retomar a aula,141078,143026,1948,1948,1.0,0,0
149343,150432,1089,0,GE-Phrase,270,147413,149490,2077,147,0.135,1930,942
149343,150432,1089,0,GE-Phrase,271,149490,151803,2313,942,0.865,-147,-1371
149343,150432,1089,0,NTB,se cês concordarem,149343,150432,1089,1089,1.0,0,0
9631,12030,2399,0,GE-Phrase,205,9104,11228,2124,1597,0.666,527,802
9631,12030,2399,0,GE-Phrase,206,11228,13092,1864,802,0.334,-1597,-1062
9631,12030,2399,0,NTB,que inclusive tô produzindo um,9631,12030,2399,2399,1.0,0,0
12030,13506,1476,0,GE-Phrase,206,11228,13092,1864,1062,0.72,802,414
12030,13506,1476,0,GE-Phrase,207,13092,14908,1816,414,0.28,-1062,-1402
12030,13506,1476,0,NTB,p' cê ver a dubiedade da coisa,12030,13506,1476,1476,1.0,0,0
25187,26370,1183,0,GE-Phrase,212,23414,26572,3158,1183,1.0,1773,-202
25187,26370,1183,0,NTB,se eu reproduzir meu método,25187,26370,1183,1183,1.0,0,0
26370,27200,830,0,GE-Phrase,212,23414,26572,3158,202,0.243,2956,628
26370,27200,830,0,GE-Phrase,213,26572,28865,2293,628,0.757,-202,-1665
26370,27200,830,0,NTB,tá ligado,26370,27200,830,830,1.0,0,0
27200,28048,848,0,GE-Phrase,213,26572,28865,2293,848,1.0,628,-817
27200,28048,848,0,NTB,dentro da cultura,27200,28048,848,848,1.0,0,0
28048,29067,1019,0,GE-Phrase,213,26572,28865,2293,817,0.802,1476,202
28048,29067,1019,0,GE-Phrase,214,28865,30267,1402,202,0.198,-817,-1200
28048,29067,1019,0,NTB,e adequando e et cetera,28048,29067,1019,1019,1.0,0,0
69285,70269,984,0,GE-Phrase,233,69124,70078,954,793,0.806,161,191
69285,70269,984,0,GE-Phrase,234,70078,71694,1616,191,0.194,-793,-1425
69285,70269,984,0,NTB,o projeto é dela,69285,70269,984,984,1.0,0,0
123333,123678,345,0,GE-Phrase,261,123162,126484,3322,345,1.0,171,-2806
123333,123678,345,0,NTB,porque &n [/1],123333,123678,345,345,1.0,0,0
123678,123884,206,0,GE-Phrase,261,123162,126484,3322,206,1.0,516,-2600
123678,123884,206,0,NTB,né,123678,123884,206,206,1.0,0,0
123884,124797,913,0,GE-Phrase,261,123162,126484,3322,913,1.0,722,-1687
123884,124797,913,0,NTB,ia parar tudo,123884,124797,913,913,1.0,0,0
124797,126007,1210,0,GE-Phrase,261,123162,126484,3322,1210,1.0,1635,-477
124797,126007,1210,0,NTB,então vou monitorar quem,124797,126007,1210,1210,1.0,0,0
126007,127426,1419,0,GE-Phrase,261,123162,126484,3322,477,0.336,2845,942
126007,127426,1419,0,NTB,et cetera,126007,127426,1419,1419,1.0,0,0
131502,132715,1213,0,GE-Phrase,262,128821,132202,3381,700,0.577,2681,513
131502,132715,1213,0,GE-Phrase,263,132202,134077,1875,513,0.423,-700,-1362
131502,132715,1213,0,NTB,nũ tinha recebido nenhuma bolsa ainda né,131502,132715,1213,1213,1.0,0,0
132715,134762,2047,0,GE-Phrase,263,132202,134077,1875,1362,0.665,513,685
132715,134762,2047,0,GE-Phrase,264,134077,135782,1705,685,0.335,-1362,-1020
132715,134762,2047,0,NTB,tinha acabado de acontecer o processo,132715,134762,2047,2047,1.0,0,0
136371,137155,784,0,GE-Phrase,265,135782,138288,2506,784,1.0,589,-1133
136371,137155,784,0,NTB,a minha tutora,136371,137155,784,784,1.0,0,0
137155,137394,239,0,GE-Phrase,265,135782,138288,2506,239,1.0,1373,-894
137155,137394,239,0,NTB,né,137155,137394,239,239,1.0,0,0
141078,143026,1948,0,GE-Phrase,266,138288,141167,2879,89,0.046,2790,1859
141078,143026,1948,0,GE-Phrase,267,141167,142467,1300,1300,0.667,-89,559
141078,143026,1948,0,GE-Phrase,268,142467,145380,2913,559,0.287,-1389,-2354
141078,143026,1948,0,NTB,e a gente volta quando retomar a aula,141078,143026,1948,1948,1.0,0,0
149343,150432,1089,0,GE-Phrase,270,147413,149490,2077,147,0.135,1930,942
149343,150432,1089,0,GE-Phrase,271,149490,151803,2313,942,0.865,-147,-1371
149343,150432,1089,0,NTB,se cês concordarem,149343,150432,1089,1089,1.0,0,0
9631,12030,2399,0,GE-Phrase,205,9104,11228,2124,1597,0.666,527,802
9631,12030,2399,0,GE-Phrase,206,11228,13092,1864,802,0.334,-1597,-1062
9631,12030,2399,0,NTB,que inclusive tô produzindo um,9631,12030,2399,2399,1.0,0,0
12030,13506,1476,0,GE-Phrase,206,11228,13092,1864,1062,0.72,802,414
12030,13506,1476,0,GE-Phrase,207,13092,14908,1816,414,0.28,-1062,-1402
12030,13506,1476,0,NTB,p' cê ver a dubiedade da coisa,12030,13506,1476,1476,1.0,0,0
25187,26370,1183,0,GE-Phrase,212,23414,26572,3158,1183,1.0,1773,-202
25187,26370,1183,0,NTB,se eu reproduzir meu método,25187,26370,1183,1183,1.0,0,0
26370,27200,830,0,GE-Phrase,212,23414,26572,3158,202,0.243,2956,628
26370,27200,830,0,GE-Phrase,213,26572,28865,2293,628,0.757,-202,-1665
26370,27200,830,0,NTB,tá ligado,26370,27200,830,830,1.0,0,0
27200,28048,848,0,GE-Phrase,213,26572,28865,2293,848,1.0,628,-817
27200,28048,848,0,NTB,dentro da cultura,27200,28048,848,848,1.0,0,0
28048,29067,1019,0,GE-Phrase,213,26572,28865,2293,817,0.802,1476,202
28048,29067,1019,0,GE-Phrase,214,28865,30267,1402,202,0.198,-817,-1200
28048,29067,1019,0,NTB,e adequando e et cetera,28048,29067,1019,1019,1.0,0,0
69285,70269,984,0,GE-Phrase,233,69124,70078,954,793,0.806,161,191
69285,70269,984,0,GE-Phrase,234,70078,71694,1616,191,0.194,-793,-1425
69285,70269,984,0,NTB,o projeto é dela,69285,70269,984,984,1.0,0,0
123333,123678,345,0,GE-Phrase,261,123162,126484,3322,345,1.0,171,-2806
123333,123678,345,0,NTB,porque &n [/1],123333,123678,345,345,1.0,0,0
123678,123884,206,0,GE-Phrase,261,123162,126484,3322,206,1.0,516,-2600
123678,123884,206,0,NTB,né,123678,123884,206,206,1.0,0,0
123884,124797,913,0,GE-Phrase,261,123162,126484,3322,913,1.0,722,-1687
123884,124797,913,0,NTB,ia parar tudo,123884,124797,913,913,1.0,0,0
124797,126007,1210,0,GE-Phrase,261,123162,126484,3322,1210,1.0,1635,-477
124797,126007,1210,0,NTB,então vou monitorar quem,124797,126007,1210,1210,1.0,0,0
126007,127426,1419,0,GE-Phrase,261,123162,126484,3322,477,0.336,2845,942
126007,127426,1419,0,NTB,et cetera,126007,127426,1419,1419,1.0,0,0
131502,132715,1213,0,GE-Phrase,262,128821,132202,3381,700,0.577,2681,513
131502,132715,1213,0,GE-Phrase,263,132202,134077,1875,513,0.423,-700,-1362
131502,132715,1213,0,NTB,nũ tinha recebido nenhuma bolsa ainda né,131502,132715,1213,1213,1.0,0,0
132715,134762,2047,0,GE-Phrase,263,132202,134077,1875,1362,0.665,513,685
132715,134762,2047,0,GE-Phrase,264,134077,135782,1705,685,0.335,-1362,-1020
132715,134762,2047,0,NTB,tinha acabado de acontecer o processo,132715,134762,2047,2047,1.0,0,0
136371,137155,784,0,GE-Phrase,265,135782,138288,2506,784,1.0,589,-1133
136371,137155,784,0,NTB,a minha tutora,136371,137155,784,784,1.0,0,0
137155,137394,239,0,GE-Phrase,265,135782,138288,2506,239,1.0,1373,-894
137155,137394,239,0,NTB,né,137155,137394,239,239,1.0,0,0
141078,143026,1948,0,GE-Phrase,266,138288,141167,2879,89,0.046,2790,1859
141078,143026,1948,0,GE-Phrase,267,141167,142467,1300,1300,0.667,-89,559
141078,143026,1948,0,GE-Phrase,268,142467,145380,2913,559,0.287,-1389,-2354
141078,143026,1948,0,NTB,e a gente volta quando retomar a aula,141078,143026,1948,1948,1.0,0,0
149343,150432,1089,0,GE-Phrase,270,147413,149490,2077,147,0.135,1930,942
149343,150432,1089,0,GE-Phrase,271,149490,151803,2313,942,0.865,-147,-1371
149343,150432,1089,0,NTB,se cês concordarem,149343,150432,1089,1089,1.0,0,0
9631,12030,2399,0,GE-Phrase,205,9104,11228,2124,1597,0.666,527,802
9631,12030,2399,0,GE-Phrase,206,11228,13092,1864,802,0.334,-1597,-1062
9631,12030,2399,0,NTB,que inclusive tô produzindo um,9631,12030,2399,2399,1.0,0,0
12030,13506,1476,0,GE-Phrase,206,11228,13092,1864,1062,0.72,802,414
12030,13506,1476,0,GE-Phrase,207,13092,14908,1816,414,0.28,-1062,-1402
12030,13506,1476,0,NTB,p' cê ver a dubiedade da coisa,12030,13506,1476,1476,1.0,0,0
25187,26370,1183,0,GE-Phrase,212,23414,26572,3158,1183,1.0,1773,-202
25187,26370,1183,0,NTB,se eu reproduzir meu método,25187,26370,1183,1183,1.0,0,0
26370,27200,830,0,GE-Phrase,212,23414,26572,3158,202,0.243,2956,628
26370,27200,830,0,GE-Phrase,213,26572,28865,2293,628,0.757,-202,-1665
26370,27200,830,0,NTB,tá ligado,26370,27200,830,830,1.0,0,0
27200,28048,848,0,GE-Phrase,213,26572,28865,2293,848,1.0,628,-817
27200,28048,848,0,NTB,dentro da cultura,27200,28048,848,848,1.0,0,0
28048,29067,1019,0,GE-Phrase,213,26572,28865,2293,817,0.802,1476,202
28048,29067,1019,0,GE-Phrase,214,28865,30267,1402,202,0.198,-817,-1200
28048,29067,1019,0,NTB,e adequando e et cetera,28048,29067,1019,1019,1.0,0,0
69285,70269,984,0,GE-Phrase,233,69124,70078,954,793,0.806,161,191
69285,70269,984,0,GE-Phrase,234,70078,71694,1616,191,0.194,-793,-1425
69285,70269,984,0,NTB,o projeto é dela,69285,70269,984,984,1.0,0,0
123333,123678,345,0,GE-Phrase,261,123162,126484,3322,345,1.0,171,-2806
123333,123678,345,0,NTB,porque &n [/1],123333,123678,345,345,1.0,0,0
123678,123884,206,0,GE-Phrase,261,123162,126484,3322,206,1.0,516,-2600
123678,123884,206,0,NTB,né,123678,123884,206,206,1.0,0,0
123884,124797,913,0,GE-Phrase,261,123162,126484,3322,913,1.0,722,-1687
123884,124797,913,0,NTB,ia parar tudo,123884,124797,913,913,1.0,0,0
124797,126007,1210,0,GE-Phrase,261,123162,126484,3322,1210,1.0,1635,-477
124797,126007,1210,0,NTB,então vou monitorar quem,124797,126007,1210,1210,1.0,0,0
126007,127426,1419,0,GE-Phrase,261,123162,126484,3322,477,0.336,2845,942
126007,127426,1419,0,NTB,et cetera,126007,127426,1419,1419,1.0,0,0
131502,132715,1213,0,GE-Phrase,262,128821,132202,3381,700,0.577,2681,513
131502,132715,1213,0,GE-Phrase,263,132202,134077,1875,513,0.423,-700,-1362
131502,132715,1213,0,NTB,nũ tinha recebido nenhuma bolsa ainda né,131502,132715,1213,1213,1.0,0,0
132715,134762,2047,0,GE-Phrase,263,132202,134077,1875,1362,0.665,513,685
132715,134762,2047,0,GE-Phrase,264,134077,135782,1705,685,0.335,-1362,-1020
132715,134762,2047,0,NTB,tinha acabado de acontecer o processo,132715,134762,2047,2047,1.0,0,0
136371,137155,784,0,GE-Phrase,265,135782,138288,2506,784,1.0,589,-1133
136371,137155,784,0,NTB,a minha tutora,136371,137155,784,784,1.0,0,0
137155,137394,239,0,GE-Phrase,265,135782,138288,2506,239,1.0,1373,-894
137155,137394,239,0,NTB,né,137155,137394,239,239,1.0,0,0
141078,143026,1948,0,GE-Phrase,266,138288,141167,2879,89,0.046,2790,1859
141078,143026,1948,0,GE-Phrase,267,141167,142467,1300,1300,0.667,-89,559
141078,143026,1948,0,GE-Phrase,268,142467,145380,2913,559,0.287,-1389,-2354
141078,143026,1948,0,NTB,e a gente volta quando retomar a aula,141078,143026,1948,1948,1.0,0,0
149343,150432,1089,0,GE-Phrase,270,147413,149490,2077,147,0.135,1930,942
149343,150432,1089,0,GE-Phrase,271,149490,151803,2313,942,0.865,-147,-1371
149343,150432,1089,0,NTB,se cês concordarem,149343,150432,1089,1089,1.0,0,0
9631,12030,2399,0,GE-Phrase,205,9104,11228,2124,1597,0.666,527,802
9631,12030,2399,0,GE-Phrase,206,11228,13092,1864,802,0.334,-1597,-1062
9631,12030,2399,0,NTB,que inclusive tô produzindo um,9631,12030,2399,2399,1.0,0,0
12030,13506,1476,0,GE-Phrase,206,11228,13092,1864,1062,0.72,802,414
12030,13506,1476,0,GE-Phrase,207,13092,14908,1816,414,0.28,-1062,-1402
12030,13506,1476,0,NTB,p' cê ver a dubiedade da coisa,12030,13506,1476,1476,1.0,0,0
25187,26370,1183,0,GE-Phrase,212,23414,26572,3158,1183,1.0,1773,-202
25187,26370,1183,0,NTB,se eu reproduzir meu método,25187,26370,1183,1183,1.0,0,0
26370,27200,830,0,GE-Phrase,212,23414,26572,3158,202,0.243,2956,628
26370,27200,830,0,GE-Phrase,213,26572,28865,2293,628,0.757,-202,-1665
26370,27200,830,0,NTB,tá ligado,26370,27200,830,830,1.0,0,0
27200,28048,848,0,GE-Phrase,213,26572,28865,2293,848,1.0,628,-817
27200,28048,848,0,NTB,dentro da cultura,27200,28048,848,848,1.0,0,0
28048,29067,1019,0,GE-Phrase,213,26572,28865,2293,817,0.802,1476,202
28048,29067,1019,0,GE-Phrase,214,28865,30267,1402,202,0.198,-817,-1200
28048,29067,1019,0,NTB,e adequando e et cetera,28048,29067,1019,1019,1.0,0,0
69285,70269,984,0,GE-Phrase,233,69124,70078,954,793,0.806,161,191
69285,70269,984,0,GE-Phrase,234,70078,71694,1616,191,0.194,-793,-1425
69285,70269,984,0,NTB,o projeto é dela,69285,70269,984,984,1.0,0,0
123333,123678,345,0,GE-Phrase,261,123162,126484,3322,345,1.0,171,-2806
123333,123678,345,0,NTB,porque &n [/1],123333,123678,345,345,1.0,0,0
123678,123884,206,0,GE-Phrase,261,123162,126484,3322,206,1.0,516,-2600
123678,123884,206,0,NTB,né,123678,123884,206,206,1.0,0,0
123884,124797,913,0,GE-Phrase,261,123162,126484,3322,913,1.0,722,-1687
123884,124797,913,0,NTB,ia parar tudo,123884,124797,913,913,1.0,0,0
124797,126007,1210,0,GE-Phrase,261,123162,126484,3322,1210,1.0,1635,-477
124797,126007,1210,0,NTB,então vou monitorar quem,124797,126007,1210,1210,1.0,0,0
126007,127426,1419,0,GE-Phrase,261,123162,126484,3322,477,0.336,2845,942
126007,127426,1419,0,NTB,et cetera,126007,127426,1419,1419,1.0,0,0
131502,132715,1213,0,GE-Phrase,262,128821,132202,3381,700,0.577,2681,513
131502,132715,1213,0,GE-Phrase,263,132202,134077,1875,513,0.423,-700,-1362
131502,132715,1213,0,NTB,nũ tinha recebido nenhuma bolsa ainda né,131502,132715,1213,1213,1.0,0,0
132715,134762,2047,0,GE-Phrase,263,132202,134077,1875,1362,0.665,513,685
132715,134762,2047,0,GE-Phrase,264,134077,135782,1705,685,0.335,-1362,-1020
132715,134762,2047,0,NTB,tinha acabado de acontecer o processo,132715,134762,2047,2047,1.0,0,0
136371,137155,784,0,GE-Phrase,265,135782,138288,2506,784,1.0,589,-1133
136371,137155,784,0,NTB,a minha tutora,136371,137155,784,784,1.0,0,0
137155,137394,239,0,GE-Phrase,265,135782,138288,2506,239,1.0,1373,-894
137155,137394,239,0,NTB,né,137155,137394,239,239,1.0,0,0
141078,143026,1948,0,GE-Phrase,266,138288,141167,2879,89,0.046,2790,1859
141078,143026,1948,0,GE-Phrase,267,141167,142467,1300,1300,0.667,-89,559
141078,143026,1948,0,GE-Phrase,268,142467,145380,2913,559,0.287,-1389,-2354
141078,143026,1948,0,NTB,e a gente volta quando retomar a aula,141078,143026,1948,1948,1.0,0,0
149343,150432,1089,0,GE-Phrase,270,147413,149490,2077,147,0.135,1930,942
149343,150432,1089,0,GE-Phrase,271,149490,151803,2313,942,0.865,-147,-1371
149343,150432,1089,0,NTB,se cês concordarem,149343,150432,1089,1089,1.0,0,0
9631,12030,2399,0,GE-Phrase,205,9104,11228,2124,1597,0.666,527,802
9631,12030,2399,0,GE-Phrase,206,11228,13092,1864,802,0.334,-1597,-1062
9631,12030,2399,0,NTB,que inclusive tô produzindo um,9631,12030,2399,2399,1.0,0,0
12030,13506,1476,0,GE-Phrase,206,11228,13092,1864,1062,0.72,802,414
12030,13506,1476,0,GE-Phrase,207,13092,14908,1816,414,0.28,-1062,-1402
12030,13506,1476,0,NTB,p' cê ver a dubiedade da coisa,12030,13506,1476,1476,1.0,0,0
25187,26370,1183,0,GE-Phrase,212,23414,26572,3158,1183,1.0,1773,-202
25187,26370,1183,0,NTB,se eu reproduzir meu método,25187,26370,1183,1183,1.0,0,0
26370,27200,830,0,GE-Phrase,212,23414,26572,3158,202,0.243,2956,628
26370,27200,830,0,GE-Phrase,213,26572,28865,2293,628,0.757,-202,-1665
26370,27200,830,0,NTB,tá ligado,26370,27200,830,830,1.0,0,0
27200,28048,848,0,GE-Phrase,213,26572,28865,2293,848,1.0,628,-817
27200,28048,848,0,NTB,dentro da cultura,27200,28048,848,848,1.0,0,0
28048,29067,1019,0,GE-Phrase,213,26572,28865,2293,817,0.802,1476,202
28048,29067,1019,0,GE-Phrase,214,28865,30267,1402,202,0.198,-817,-1200
28048,29067,1019,0,NTB,e adequando e et cetera,28048,29067,1019,1019,1.0,0,0
69285,70269,984,0,GE-Phrase,233,69124,70078,954,793,0.806,161,191
69285,70269,984,0,GE-Phrase,234,70078,71694,1616,191,0.194,-793,-1425
69285,70269,984,0,NTB,o projeto é dela,69285,70269,984,984,1.0,0,0
123333,123678,345,0,GE-Phrase,261,123162,126484,3322,345,1.0,171,-2806
123333,123678,345,0,NTB,porque &n [/1],123333,123678,345,345,1.0,0,0
123678,123884,206,0,GE-Phrase,261,123162,126484,3322,206,1.0,516,-2600
123678,123884,206,0,NTB,né,123678,123884,206,206,1.0,0,0
123884,124797,913,0,GE-Phrase,261,123162,126484,3322,913,1.0,722,-1687
123884,124797,913,0,NTB,ia parar tudo,123884,124797,913,913,1.0,0,0
124797,126007,1210,0,GE-Phrase,261,123162,126484,3322,1210,1.0,1635,-477
124797,126007,1210,0,NTB,então vou monitorar quem,124797,126007,1210,1210,1.0,0,0
126007,127426,1419,0,GE-Phrase,261,123162,126484,3322,477,0.336,2845,942
126007,127426,1419,0,NTB,et cetera,126007,127426,1419,1419,1.0,0,0
131502,132715,1213,0,GE-Phrase,262,128821,132202,3381,700,0.577,2681,513
131502,132715,1213,0,GE-Phrase,263,132202,134077,1875,513,0.423,-700,-1362
131502,132715,1213,0,NTB,nũ tinha recebido nenhuma bolsa ainda né,131502,132715,1213,1213,1.0,0,0
132715,134762,2047,0,GE-Phrase,263,132202,134077,1875,1362,0.665,513,685
132715,134762,2047,0,GE-Phrase,264,134077,135782,1705,685,0.335,-1362,-1020
132715,134762,2047,0,NTB,tinha acabado de acontecer o processo,132715,134762,2047,2047,1.0,0,0
136371,137155,784,0,GE-Phrase,265,135782,138288,2506,784,1.0,589,-1133
136371,137155,784,0,NTB,a minha tutora,136371,137155,784,784,1.0,0,0
137155,137394,239,0,GE-Phrase,265,135782,138288,2506,239,1.0,1373,-894
137155,137394,239,0,NTB,né,137155,137394,239,239,1.0,0,0
141078,143026,1948,0,GE-Phrase,266,138288,141167,2879,89,0.046,2790,1859
141078,143026,1948,0,GE-Phrase,267,141167,142467,1300,1300,0.667,-89,559
141078,143026,1948,0,GE-Phrase,268,142467,145380,2913,559,0.287,-1389,-2354
141078,143026,1948,0,NTB,e a gente volta quando retomar a aula,141078,143026,1948,1948,1.0,0,0
149343,150432,1089,0,GE-Phrase,270,147413,149490,2077,147,0.135,1930,942
149343,150432,1089,0,GE-Phrase,271,149490,151803,2313,942,0.865,-147,-1371
149343,150432,1089,0,NTB,se cês concordarem,149343,150432,1089,1089,1.0,0,0
9631,12030,2399,0,GE-Phrase,205,9104,11228,2124,1597,0.666,527,802
9631,12030,2399,0,GE-Phrase,206,11228,13092,1864,802,0.334,-1597,-1062
9631,12030,2399,0,NTB,que inclusive tô produzindo um,9631,12030,2399,2399,1.0,0,0
12030,13506,1476,0,GE-Phrase,206,11228,13092,1864,1062,0.72,802,414
12030,13506,1476,0,GE-Phrase,207,13092,14908,1816,414,0.28,-1062,-1402
12030,13506,1476,0,NTB,p' cê ver a dubiedade da coisa,12030,13506,1476,1476,1.0,0,0
25187,26370,1183,0,GE-Phrase,212,23414,26572,3158,1183,1.0,1773,-202
25187,26370,1183,0,NTB,se eu reproduzir meu método,25187,26370,1183,1183,1.0,0,0
26370,27200,830,0,GE-Phrase,212,23414,26572,3158,202,0.243,2956,628
26370,27200,830,0,GE-Phrase,213,26572,28865,2293,628,0.757,-202,-1665
26370,27200,830,0,NTB,tá ligado,26370,27200,830,830,1.0,0,0
27200,28048,848,0,GE-Phrase,213,26572,28865,2293,848,1.0,628,-817
27200,28048,848,0,NTB,dentro da cultura,27200,28048,848,848,1.0,0,0
28048,29067,1019,0,GE-Phrase,213,26572,28865,2293,817,0.802,1476,202
28048,29067,1019,0,GE-Phrase,214,28865,30267,1402,202,0.198,-817,-1200
28048,29067,1019,0,NTB,e adequando e et cetera,28048,29067,1019,1019,1.0,0,0
69285,70269,984,0,GE-Phrase,233,69124,70078,954,793,0.806,161,191
69285,70269,984,0,GE-Phrase,234,70078,71694,1616,191,0.194,-793,-1425
69285,70269,984,0,NTB,o projeto é dela,69285,70269,984,984,1.0,0,0
123333,123678,345,0,GE-Phrase,261,123162,126484,3322,345,1.0,171,-2806
123333,123678,345,0,NTB,porque &n [/1],123333,123678,345,345,1.0,0,0
123678,123884,206,0,GE-Phrase,261,123162,126484,3322,206,1.0,516,-2600
123678,123884,206,0,NTB,né,123678,123884,206,206,1.0,0,0
123884,124797,913,0,GE-Phrase,261,123162,126484,3322,913,1.0,722,-1687
123884,124797,913,0,NTB,ia parar tudo,123884,124797,913,913,1.0,0,0
124797,126007,1210,0,GE-Phrase,261,123162,126484,3322,1210,1.0,1635,-477
124797,126007,1210,0,NTB,então vou monitorar quem,124797,126007,1210,1210,1.0,0,0
126007,127426,1419,0,GE-Phrase,261,123162,126484,3322,477,0.336,2845,942
126007,127426,1419,0,NTB,et cetera,126007,127426,1419,1419,1.0,0,0
131502,132715,1213,0,GE-Phrase,262,128821,132202,3381,700,0.577,2681,513
131502,132715,1213,0,GE-Phrase,263,132202,134077,1875,513,0.423,-700,-1362
131502,132715,1213,0,NTB,nũ tinha recebido nenhuma bolsa ainda né,131502,132715,1213,1213,1.0,0,0
132715,134762,2047,0,GE-Phrase,263,132202,134077,1875,1362,0.665,513,685
132715,134762,2047,0,GE-Phrase,264,134077,135782,1705,685,0.335,-1362,-1020
132715,134762,2047,0,NTB,tinha acabado de acontecer o processo,132715,134762,2047,2047,1.0,0,0
136371,137155,784,0,GE-Phrase,265,135782,138288,2506,784,1.0,589,-1133
136371,137155,784,0,NTB,a minha tutora,136371,137155,784,784,1.0,0,0
137155,137394,239,0,GE-Phrase,265,135782,138288,2506,239,1.0,1373,-894
137155,137394,239,0,NTB,né,137155,137394,239,239,1.0,0,0
141078,143026,1948,0,GE-Phrase,266,138288,141167,2879,89,0.046,2790,1859
141078,143026,1948,0,GE-Phrase,267,141167,142467,1300,1300,0.667,-89,559
141078,143026,1948,0,GE-Phrase,268,142467,145380,2913,559,0.287,-1389,-2354
141078,143026,1948,0,NTB,e a gente volta quando retomar a aula,141078,143026,1948,1948,1.0,0,0
149343,150432,1089,0,GE-Phrase,270,147413,149490,2077,147,0.135,1930,942
149343,150432,1089,0,GE-Phrase,271,149490,151803,2313,942,0.865,-147,-1371
149343,150432,1089,0,NTB,se cês concordarem,149343,150432,1089,1089,1.0,0,0
9631,12030,2399,0,GE-Phrase,205,9104,11228,2124,1597,0.666,527,802
9631,12030,2399,0,GE-Phrase,206,11228,13092,1864,802,0.334,-1597,-1062
9631,12030,2399,0,NTB,que inclusive tô produzindo um,9631,12030,2399,2399,1.0,0,0
12030,13506,1476,0,GE-Phrase,206,11228,13092,1864,1062,0.72,802,414
12030,13506,1476,0,GE-Phrase,207,13092,14908,1816,414,0.28,-1062,-1402
12030,13506,1476,0,NTB,p' cê ver a dubiedade da coisa,12030,13506,1476,1476,1.0,0,0
25187,26370,1183,0,GE-Phrase,212,23414,26572,3158,1183,1.0,1773,-202
25187,26370,1183,0,NTB,se eu reproduzir meu método,25187,26370,1183,1183,1.0,0,0
26370,27200,830,0,GE-Phrase,212,23414,26572,3158,202,0.243,2956,628
26370,27200,830,0,GE-Phrase,213,26572,28865,2293,628,0.757,-202,-1665
26370,27200,830,0,NTB,tá ligado,26370,27200,830,830,1.0,0,0
27200,28048,848,0,GE-Phrase,213,26572,28865,2293,848,1.0,628,-817
27200,28048,848,0,NTB,dentro da cultura,27200,28048,848,848,1.0,0,0
28048,29067,1019,0,GE-Phrase,213,26572,28865,2293,817,0.802,1476,202
28048,29067,1019,0,GE-Phrase,214,28865,30267,1402,202,0.198,-817,-1200
28048,29067,1019,0,NTB,e adequando e et cetera,28048,29067,1019,1019,1.0,0,0
69285,70269,984,0,GE-Phrase,233,69124,70078,954,793,0.806,161,191
69285,70269,984,0,GE-Phrase,234,70078,71694,1616,191,0.194,-793,-1425
69285,70269,984,0,NTB,o projeto é dela,69285,70269,984,984,1.0,0,0
123333,123678,345,0,GE-Phrase,261,123162,126484,3322,345,1.0,171,-2806
123333,123678,345,0,NTB,porque &n [/1],123333,123678,345,345,1.0,0,0
123678,123884,206,0,GE-Phrase,261,123162,126484,3322,206,1.0,516,-2600
123678,123884,206,0,NTB,né,123678,123884,206,206,1.0,0,0
123884,124797,913,0,GE-Phrase,261,123162,126484,3322,913,1.0,722,-1687
123884,124797,913,0,NTB,ia parar tudo,123884,124797,913,913,1.0,0,0
124797,126007,1210,0,GE-Phrase,261,123162,126484,3322,1210,1.0,1635,-477
124797,126007,1210,0,NTB,então vou monitorar quem,124797,126007,1210,1210,1.0,0,0
126007,127426,1419,0,GE-Phrase,261,123162,126484,3322,477,0.336,2845,942
126007,127426,1419,0,NTB,et cetera,126007,127426,1419,1419,1.0,0,0
131502,132715,1213,0,GE-Phrase,262,128821,132202,3381,700,0.577,2681,513
131502,132715,1213,0,GE-Phrase,263,132202,134077,1875,513,0.423,-700,-1362
131502,132715,1213,0,NTB,nũ tinha recebido nenhuma bolsa ainda né,131502,132715,1213,1213,1.0,0,0
132715,134762,2047,0,GE-Phrase,263,132202,134077,1875,1362,0.665,513,685
132715,134762,2047,0,GE-Phrase,264,134077,135782,1705,685,0.335,-1362,-1020
132715,134762,2047,0,NTB,tinha acabado de acontecer o processo,132715,134762,2047,2047,1.0,0,0
136371,137155,784,0,GE-Phrase,265,135782,138288,2506,784,1.0,589,-1133
136371,137155,784,0,NTB,a minha tutora,136371,137155,784,784,1.0,0,0
137155,137394,239,0,GE-Phrase,265,135782,138288,2506,239,1.0,1373,-894
137155,137394,239,0,NTB,né,137155,137394,239,239,1.0,0,0
141078,143026,1948,0,GE-Phrase,266,138288,141167,2879,89,0.046,2790,1859
141078,143026,1948,0,GE-Phrase,267,141167,142467,1300,1300,0.667,-89,559
141078,143026,1948,0,GE-Phrase,268,142467,145380,2913,559,0.287,-1389,-2354
141078,143026,1948,0,NTB,e a gente volta quando retomar a aula,141078,143026,1948,1948,1.0,0,0
149343,150432,1089,0,GE-Phrase,270,147413,149490,2077,147,0.135,1930,942
149343,150432,1089,0,GE-Phrase,271,149490,151803,2313,942,0.865,-147,-1371
149343,150432,1089,0,NTB,se cês concordarem,149343,150432,1089,1089,1.0,0,0
9631,12030,2399,0,GE-Phrase,205,9104,11228,2124,1597,0.666,527,802
9631,12030,2399,0,GE-Phrase,206,11228,13092,1864,802,0.334,-1597,-1062
9631,12030,2399,0,NTB,que inclusive tô produzindo um,9631,12030,2399,2399,1.0,0,0
12030,13506,1476,0,GE-Phrase,206,11228,13092,1864,1062,0.72,802,414
12030,13506,1476,0,GE-Phrase,207,13092,14908,1816,414,0.28,-1062,-1402
12030,13506,1476,0,NTB,p' cê ver a dubiedade da coisa,12030,13506,1476,1476,1.0,0,0
25187,26370,1183,0,GE-Phrase,212,23414,26572,3158,1183,1.0,1773,-202
25187,26370,1183,0,NTB,se eu reproduzir meu método,25187,26370,1183,1183,1.0,0,0
26370,27200,830,0,GE-Phrase,212,23414,26572,3158,202,0.243,2956,628
26370,27200,830,0,GE-Phrase,213,26572,28865,2293,628,0.757,-202,-1665
26370,27200,830,0,NTB,tá ligado,26370,27200,830,830,1.0,0,0
27200,28048,848,0,GE-Phrase,213,26572,28865,2293,848,1.0,628,-817
27200,28048,848,0,NTB,dentro da cultura,27200,28048,848,848,1.0,0,0
28048,29067,1019,0,GE-Phrase,213,26572,28865,2293,817,0.802,1476,202
28048,29067,1019,0,GE-Phrase,214,28865,30267,1402,202,0.198,-817,-1200
28048,29067,1019,0,NTB,e adequando e et cetera,28048,29067,1019,1019,1.0,0,0
69285,70269,984,0,GE-Phrase,233,69124,70078,954,793,0.806,161,191
69285,70269,984,0,GE-Phrase,234,70078,71694,1616,191,0.194,-793,-1425
69285,70269,984,0,NTB,o projeto é dela,69285,70269,984,984,1.0,0,0
123333,123678,345,0,GE-Phrase,261,123162,126484,3322,345,1.0,171,-2806
123333,123678,345,0,NTB,porque &n [/1],123333,123678,345,345,1.0,0,0
123678,123884,206,0,GE-Phrase,261,123162,126484,3322,206,1.0,516,-2600
123678,123884,206,0,NTB,né,123678,123884,206,206,1.0,0,0
123884,124797,913,0,GE-Phrase,261,123162,126484,3322,913,1.0,722,-1687
123884,124797,913,0,NTB,ia parar tudo,123884,124797,913,913,1.0,0,0
124797,126007,1210,0,GE-Phrase,261,123162,126484,3322,1210,1.0,1635,-477
124797,126007,1210,0,NTB,então vou monitorar quem,124797,126007,1210,1210,1.0,0,0
126007,127426,1419,0,GE-Phrase,261,123162,126484,3322,477,0.336,2845,942
126007,127426,1419,0,NTB,et cetera,126007,127426,1419,1419,1.0,0,0
131502,132715,1213,0,GE-Phrase,262,128821,132202,3381,700,0.577,2681,513
131502,132715,1213,0,GE-Phrase,263,132202,134077,1875,513,0.423,-700,-1362
131502,132715,1213,0,NTB,nũ tinha recebido nenhuma bolsa ainda né,131502,132715,1213,1213,1.0,0,0
132715,134762,2047,0,GE-Phrase,263,132202,134077,1875,1362,0.665,513,685
132715,134762,2047,0,GE-Phrase,264,134077,135782,1705,685,0.335,-1362,-1020
132715,134762,2047,0,NTB,tinha acabado de acontecer o processo,132715,134762,2047,2047,1.0,0,0
136371,137155,784,0,GE-Phrase,265,135782,138288,2506,784,1.0,589,-1133
136371,137155,784,0,NTB,a minha tutora,136371,137155,784,784,1.0,0,0
137155,137394,239,0,GE-Phrase,265,135782,138288,2506,239,1.0,1373,-894
137155,137394,239,0,NTB,né,137155,137394,239,239,1.0,0,0
141078,143026,1948,0,GE-Phrase,266,138288,141167,2879,89,0.046,2790,1859
141078,143026,1948,0,GE-Phrase,267,141167,142467,1300,1300,0.667,-89,559
141078,143026,1948,0,GE-Phrase,268,142467,145380,2913,559,0.287,-1389,-2354
141078,143026,1948,0,NTB,e a gente volta quando retomar a aula,141078,143026,1948,1948,1.0,0,0
149343,150432,1089,0,GE-Phrase,270,147413,149490,2077,147,0.135,1930,942
149343,150432,1089,0,GE-Phrase,271,149490,151803,2313,942,0.865,-147,-1371
149343,150432,1089,0,NTB,se cês concordarem,149343,150432,1089,1089,1.0,0,0
9631,12030,2399,0,GE-Phrase,205,9104,11228,2124,1597,0.666,527,802
9631,12030,2399,0,GE-Phrase,206,11228,13092,1864,802,0.334,-1597,-1062
9631,12030,2399,0,NTB,que inclusive tô produzindo um,9631,12030,2399,2399,1.0,0,0
12030,13506,1476,0,GE-Phrase,206,11228,13092,1864,1062,0.72,802,414
12030,13506,1476,0,GE-Phrase,207,13092,14908,1816,414,0.28,-1062,-1402
12030,13506,1476,0,NTB,p' cê ver a dubiedade da coisa,12030,13506,1476,1476,1.0,0,0
25187,26370,1183,0,GE-Phrase,212,23414,26572,3158,1183,1.0,1773,-202
25187,26370,1183,0,NTB,se eu reproduzir meu método,25187,26370,1183,1183,1.0,0,0
26370,27200,830,0,GE-Phrase,212,23414,26572,3158,202,0.243,2956,628
26370,27200,830,0,GE-Phrase,213,26572,28865,2293,628,0.757,-202,-1665
26370,27200,830,0,NTB,tá ligado,26370,27200,830,830,1.0,0,0
27200,28048,848,0,GE-Phrase,213,26572,28865,2293,848,1.0,628,-817
27200,28048,848,0,NTB,dentro da cultura,27200,28048,848,848,1.0,0,0
28048,29067,1019,0,GE-Phrase,213,26572,28865,2293,817,0.802,1476,202
28048,29067,1019,0,GE-Phrase,214,28865,30267,1402,202,0.198,-817,-1200
28048,29067,1019,0,NTB,e adequando e et cetera,28048,29067,1019,1019,1.0,0,0
69285,70269,984,0,GE-Phrase,233,69124,70078,954,793,0.806,161,191
69285,70269,984,0,GE-Phrase,234,70078,71694,1616,191,0.194,-793,-1425
69285,70269,984,0,NTB,o projeto é dela,69285,70269,984,984,1.0,0,0
123333,123678,345,0,GE-Phrase,261,123162,126484,3322,345,1.0,171,-2806
123333,123678,345,0,NTB,porque &n [/1],123333,123678,345,345,1.0,0,0
123678,123884,206,0,GE-Phrase,261,123162,126484,3322,206,1.0,516,-2600
123678,123884,206,0,NTB,né,123678,123884,206,206,1.0,0,0
123884,124797,913,0,GE-Phrase,261,123162,126484,3322,913,1.0,722,-1687
123884,124797,913,0,NTB,ia parar tudo,123884,124797,913,913,1.0,0,0
124797,126007,1210,0,GE-Phrase,261,123162,126484,3322,1210,1.0,1635,-477
124797,126007,1210,0,NTB,então vou monitorar quem,124797,126007,1210,1210,1.0,0,0
126007,127426,1419,0,GE-Phrase,261,123162,126484,3322,477,0.336,2845,942
126007,127426,1419,0,NTB,et cetera,126007,127426,1419,1419,1.0,0,0
131502,132715,1213,0,GE-Phrase,262,128821,132202,3381,700,0.577,2681,513
131502,132715,1213,0,GE-Phrase,263,132202,134077,1875,513,0.423,-700,-1362
131502,132715,1213,0,NTB,nũ tinha recebido nenhuma bolsa ainda né,131502,132715,1213,1213,1.0,0,0
132715,134762,2047,0,GE-Phrase,263,132202,134077,1875,1362,0.665,513,685
132715,134762,2047,0,GE-Phrase,264,134077,135782,1705,685,0.335,-1362,-1020
132715,134762,2047,0,NTB,tinha acabado de acontecer o processo,132715,134762,2047,2047,1.0,0,0
136371,137155,784,0,GE-Phrase,265,135782,138288,2506,784,1.0,589,-1133
136371,137155,784,0,NTB,a minha tutora,136371,137155,784,784,1.0,0,0
137155,137394,239,0,GE-Phrase,265,135782,138288,2506,239,1.0,1373,-894
137155,137394,239,0,NTB,né,137155,137394,239,239,1.0,0,0
141078,143026,1948,0,GE-Phrase,266,138288,141167,2879,89,0.046,2790,1859
141078,143026,1948,0,GE-Phrase,267,141167,142467,1300,1300,0.667,-89,559
141078,143026,1948,0,GE-Phrase,268,142467,145380,2913,559,0.287,-1389,-2354
141078,143026,1948,0,NTB,e a gente volta quando retomar a aula,141078,143026,1948,1948,1.0,0,0
149343,150432,1089,0,GE-Phrase,270,147413,149490,2077,147,0.135,1930,942
149343,150432,1089,0,GE-Phrase,271,149490,151803,2313,942,0.865,-147,-1371
149343,150432,1089,0,NTB,se cês concordarem,149343,150432,1089,1089,1.0,0,0
9631,12030,2399,0,GE-Phrase,205,9104,11228,2124,1597,0.666,527,802
9631,12030,2399,0,GE-Phrase,206,11228,13092,1864,802,0.334,-1597,-1062
9631,12030,2399,0,NTB,que inclusive tô produzindo um,9631,12030,2399,2399,1.0,0,0
12030,13506,1476,0,GE-Phrase,206,11228,13092,1864,1062,0.72,802,414
12030,13506,1476,0,GE-Phrase,207,13092,14908,1816,414,0.28,-1062,-1402
12030,13506,1476,0,NTB,p' cê ver a dubiedade da coisa,12030,13506,1476,1476,1.0,0,0
25187,26370,1183,0,GE-Phrase,212,23414,26572,3158,1183,1.0,1773,-202
25187,26370,1183,0,NTB,se eu reproduzir meu método,25187,26370,1183,1183,1.0,0,0
26370,27200,830,0,GE-Phrase,212,23414,26572,3158,202,0.243,2956,628
26370,27200,830,0,GE-Phrase,213,26572,28865,2293,628,0.757,-202,-1665
26370,27200,830,0,NTB,tá ligado,26370,27200,830,830,1.0,0,0
27200,28048,848,0,GE-Phrase,213,26572,28865,2293,848,1.0,628,-817
27200,28048,848,0,NTB,dentro da cultura,27200,28048,848,848,1.0,0,0
28048,29067,1019,0,GE-Phrase,213,26572,28865,2293,817,0.802,1476,202
28048,29067,1019,0,GE-Phrase,214,28865,30267,1402,202,0.198,-817,-1200
28048,29067,1019,0,NTB,e adequando e et cetera,28048,29067,1019,1019,1.0,0,0
69285,70269,984,0,GE-Phrase,233,69124,70078,954,793,0.806,161,191
69285,70269,984,0,GE-Phrase,234,70078,71694,1616,191,0.194,-793,-1425
69285,70269,984,0,NTB,o projeto é dela,69285,70269,984,984,1.0,0,0
123333,123678,345,0,GE-Phrase,261,123162,126484,3322,345,1.0,171,-2806
123333,123678,345,0,NTB,porque &n [/1],123333,123678,345,345,1.0,0,0
123678,123884,206,0,GE-Phrase,261,123162,126484,3322,206,1.0,516,-2600
123678,123884,206,0,NTB,né,123678,123884,206,206,1.0,0,0
123884,124797,913,0,GE-Phrase,261,123162,126484,3322,913,1.0,722,-1687
123884,124797,913,0,NTB,ia parar tudo,123884,124797,913,913,1.0,0,0
124797,126007,1210,0,GE-Phrase,261,123162,126484,3322,1210,1.0,1635,-477
124797,126007,1210,0,NTB,então vou monitorar quem,124797,126007,1210,1210,1.0,0,0
126007,127426,1419,0,GE-Phrase,261,123162,126484,3322,477,0.336,2845,942
126007,127426,1419,0,NTB,et cetera,126007,127426,1419,1419,1.0,0,0
131502,132715,1213,0,GE-Phrase,262,128821,132202,3381,700,0.577,2681,513
131502,132715,1213,0,GE-Phrase,263,132202,134077,1875,513,0.423,-700,-1362
131502,132715,1213,0,NTB,nũ tinha recebido nenhuma bolsa ainda né,131502,132715,1213,1213,1.0,0,0
132715,134762,2047,0,GE-Phrase,263,132202,134077,1875,1362,0.665,513,685
132715,134762,2047,0,GE-Phrase,264,134077,135782,1705,685,0.335,-1362,-1020
132715,134762,2047,0,NTB,tinha acabado de acontecer o processo,132715,134762,2047,2047,1.0,0,0
136371,137155,784,0,GE-Phrase,265,135782,138288,2506,784,1.0,589,-1133
136371,137155,784,0,NTB,a minha tutora,136371,137155,784,784,1.0,0,0
137155,137394,239,0,GE-Phrase,265,135782,138288,2506,239,1.0,1373,-894
137155,137394,239,0,NTB,né,137155,137394,239,239,1.0,0,0
141078,143026,1948,0,GE-Phrase,266,138288,141167,2879,89,0.046,2790,1859
141078,143026,1948,0,GE-Phrase,267,141167,142467,1300,1300,0.667,-89,559
141078,143026,1948,0,GE-Phrase,268,142467,145380,2913,559,0.287,-1389,-2354
141078,143026,1948,0,NTB,e a gente volta quando retomar a aula,141078,143026,1948,1948,1.0,0,0
149343,150432,1089,0,GE-Phrase,270,147413,149490,2077,147,0.135,1930,942
149343,150432,1089,0,GE-Phrase,271,149490,151803,2313,942,0.865,-147,-1371
149343,150432,1089,0,NTB,se cês concordarem,149343,150432,1089,1089,1.0,0,0
9631,12030,2399,0,GE-Phrase,205,9104,11228,2124,1597,0.666,527,802
9631,12030,2399,0,GE-Phrase,206,11228,13092,1864,802,0.334,-1597,-1062
9631,12030,2399,0,NTB,que inclusive tô produzindo um,9631,12030,2399,2399,1.0,0,0
12030,13506,1476,0,GE-Phrase,206,11228,13092,1864,1062,0.72,802,414
12030,13506,1476,0,GE-Phrase,207,13092,14908,1816,414,0.28,-1062,-1402
12030,13506,1476,0,NTB,p' cê ver a dubiedade da coisa,12030,13506,1476,1476,1.0,0,0
25187,26370,1183,0,GE-Phrase,212,23414,26572,3158,1183,1.0,1773,-202
25187,26370,1183,0,NTB,se eu reproduzir meu método,25187,26370,1183,1183,1.0,0,0
26370,27200,830,0,GE-Phrase,212,23414,26572,3158,202,0.243,2956,628
26370,27200,830,0,GE-Phrase,213,26572,28865,2293,628,0.757,-202,-1665
26370,27200,830,0,NTB,tá ligado,26370,27200,830,830,1.0,0,0
27200,28048,848,0,GE-Phrase,213,26572,28865,2293,848,1.0,628,-817
27200,28048,848,0,NTB,dentro da cultura,27200,28048,848,848,1.0,0,0
28048,29067,1019,0,GE-Phrase,213,26572,28865,2293,817,0.802,1476,202
28048,29067,1019,0,GE-Phrase,214,28865,30267,1402,202,0.198,-817,-1200
28048,29067,1019,0,NTB,e adequando e et cetera,28048,29067,1019,1019,1.0,0,0
69285,70269,984,0,GE-Phrase,233,69124,70078,954,793,0.806,161,191
69285,70269,984,0,GE-Phrase,234,70078,71694,1616,191,0.194,-793,-1425
69285,70269,984,0,NTB,o projeto é dela,69285,70269,984,984,1.0,0,0
123333,123678,345,0,GE-Phrase,261,123162,126484,3322,345,1.0,171,-2806
123333,123678,345,0,NTB,porque &n [/1],123333,123678,345,345,1.0,0,0
123678,123884,206,0,GE-Phrase,261,123162,126484,3322,206,1.0,516,-2600
123678,123884,206,0,NTB,né,123678,123884,206,206,1.0,0,0
123884,124797,913,0,GE-Phrase,261,123162,126484,3322,913,1.0,722,-1687
123884,124797,913,0,NTB,ia parar tudo,123884,124797,913,913,1.0,0,0
124797,126007,1210,0,GE-Phrase,261,123162,126484,3322,1210,1.0,1635,-477
124797,126007,1210,0,NTB,então vou monitorar quem,124797,126007,1210,1210,1.0,0,0
126007,127426,1419,0,GE-Phrase,261,123162,126484,3322,477,0.336,2845,942
126007,127426,1419,0,NTB,et cetera,126007,127426,1419,1419,1.0,0,0
131502,132715,1213,0,GE-Phrase,262,128821,132202,3381,700,0.577,2681,513
131502,132715,1213,0,GE-Phrase,263,132202,134077,1875,513,0.423,-700,-1362
131502,132715,1213,0,NTB,nũ tinha recebido nenhuma bolsa ainda né,131502,132715,1213,1213,1.0,0,0
132715,134762,2047,0,GE-Phrase,263,132202,134077,1875,1362,0.665,513,685
132715,134762,2047,0,GE-Phrase,264,134077,135782,1705,685,0.335,-1362,-1020
132715,134762,2047,0,NTB,tinha acabado de acontecer o processo,132715,134762,2047,2047,1.0,0,0
136371,137155,784,0,GE-Phrase,265,135782,138288,2506,784,1.0,589,-1133
136371,137155,784,0,NTB,a minha tutora,136371,137155,784,784,1.0,0,0
137155,137394,239,0,GE-Phrase,265,135782,138288,2506,239,1.0,1373,-894
137155,137394,239,0,NTB,né,137155,137394,239,239,1.0,0,0
141078,143026,1948,0,GE-Phrase,266,138288,141167,2879,89,0.046,2790,1859
141078,143026,1948,0,GE-Phrase,267,141167,142467,1300,1300,0.667,-89,559
141078,143026,1948,0,GE-Phrase,268,142467,145380,2913,559,0.287,-1389,-2354
141078,143026,1948,0,NTB,e a gente volta quando retomar a aula,141078,143026,1948,1948,1.0,0,0
149343,150432,1089,0,GE-Phrase,270,147413,149490,2077,147,0.135,1930,942
149343,150432,1089,0,GE-Phrase,271,149490,151803,2313,942,0.865,-147,-1371
149343,150432,1089,0,NTB,se cês concordarem,149343,150432,1089,1089,1.0,0,0
9631,12030,2399,0,GE-Phrase,205,9104,11228,2124,1597,0.666,527,802
9631,12030,2399,0,GE-Phrase,206,11228,13092,1864,802,0.334,-1597,-1062
9631,12030,2399,0,NTB,que inclusive tô produzindo um,9631,12030,2399,2399,1.0,0,0
12030,13506,1476,0,GE-Phrase,206,11228,13092,1864,1062,0.72,802,414
12030,13506,1476,0,GE-Phrase,207,13092,14908,1816,414,0.28,-1062,-1402
12030,13506,1476,0,NTB,p' cê ver a dubiedade da coisa,12030,13506,1476,1476,1.0,0,0
25187,26370,1183,0,GE-Phrase,212,23414,26572,3158,1183,1.0,1773,-202
25187,26370,1183,0,NTB,se eu reproduzir meu método,25187,26370,1183,1183,1.0,0,0
26370,27200,830,0,GE-Phrase,212,23414,26572,3158,202,0.243,2956,628
26370,27200,830,0,GE-Phrase,213,26572,28865,2293,628,0.757,-202,-1665
26370,27200,830,0,NTB,tá ligado,26370,27200,830,830,1.0,0,0
27200,28048,848,0,GE-Phrase,213,26572,28865,2293,848,1.0,628,-817
27200,28048,848,0,NTB,dentro da cultura,27200,28048,848,848,1.0,0,0
28048,29067,1019,0,GE-Phrase,213,26572,28865,2293,817,0.802,1476,202
28048,29067,1019,0,GE-Phrase,214,28865,30267,1402,202,0.198,-817,-1200
28048,29067,1019,0,NTB,e adequando e et cetera,28048,29067,1019,1019,1.0,0,0
69285,70269,984,0,GE-Phrase,233,69124,70078,954,793,0.806,161,191
69285,70269,984,0,GE-Phrase,234,70078,71694,1616,191,0.194,-793,-1425
69285,70269,984,0,NTB,o projeto é dela,69285,70269,984,984,1.0,0,0
123333,123678,345,0,GE-Phrase,261,123162,126484,3322,345,1.0,171,-2806
123333,123678,345,0,NTB,porque &n [/1],123333,123678,345,345,1.0,0,0
123678,123884,206,0,GE-Phrase,261,123162,126484,3322,206,1.0,516,-2600
123678,123884,206,0,NTB,né,123678,123884,206,206,1.0,0,0
123884,124797,913,0,GE-Phrase,261,123162,126484,3322,913,1.0,722,-1687
123884,124797,913,0,NTB,ia parar tudo,123884,124797,913,913,1.0,0,0
124797,126007,1210,0,GE-Phrase,261,123162,126484,3322,1210,1.0,1635,-477
124797,126007,1210,0,NTB,então vou monitorar quem,124797,126007,1210,1210,1.0,0,0
126007,127426,1419,0,GE-Phrase,261,123162,126484,3322,477,0.336,2845,942
126007,127426,1419,0,NTB,et cetera,126007,127426,1419,1419,1.0,0,0
131502,132715,1213,0,GE-Phrase,262,128821,132202,3381,700,0.577,2681,513
131502,132715,1213,0,GE-Phrase,263,132202,134077,1875,513,0.423,-700,-1362
131502,132715,1213,0,NTB,nũ tinha recebido nenhuma bolsa ainda né,131502,132715,1213,1213,1.0,0,0
132715,134762,2047,0,GE-Phrase,263,132202,134077,1875,1362,0.665,513,685
132715,134762,2047,0,GE-Phrase,264,134077,135782,1705,685,0.335,-1362,-1020
132715,134762,2047,0,NTB,tinha acabado de acontecer o processo,132715,134762,2047,2047,1.0,0,0
136371,137155,784,0,GE-Phrase,265,135782,138288,2506,784,1.0,589,-1133
136371,137155,784,0,NTB,a minha tutora,136371,137155,784,784,1.0,0,0
137155,137394,239,0,GE-Phrase,265,135782,138288,2506,239,1.0,1373,-894
137155,137394,239,0,NTB,né,137155,137394,239,239,1.0,0,0
141078,143026,1948,0,GE-Phrase,266,138288,141167,2879,89,0.046,2790,1859
141078,143026,1948,0,GE-Phrase,267,141167,142467,1300,1300,0.667,-89,559
141078,143026,1948,0,GE-Phrase,268,142467,145380,2913,559,0.287,-1389,-2354
141078,143026,1948,0,NTB,e a gente volta quando retomar a aula,141078,143026,1948,1948,1.0,0,0
149343,150432,1089,0,GE-Phrase,270,147413,149490,2077,147,0.135,1930,942
149343,150432,1089,0,GE-Phrase,271,149490,151803,2313,942,0.865,-147,-1371
149343,150432,1089,0,NTB,se cês concordarem,149343,150432,1089,1089,1.0,0,0
9631,12030,2399,0,GE-Phrase,205,9104,11228,2124,1597,0.666,527,802
9631,12030,2399,0,GE-Phrase,206,11228,13092,1864,802,0.334,-1597,-1062
9631,12030,2399,0,NTB,que inclusive tô produzindo um,9631,12030,2399,2399,1.0,0,0
12030,13506,1476,0,GE-Phrase,206,11228,13092,1864,1062,0.72,802,414
12030,13506,1476,0,GE-Phrase,207,13092,14908,1816,414,0.28,-1062,-1402
12030,13506,1476,0,NTB,p' cê ver a dubiedade da coisa,12030,13506,1476,1476,1.0,0,0
25187,26370,1183,0,GE-Phrase,212,23414,26572,3158,1183,1.0,1773,-202
25187,26370,1183,0,NTB,se eu reproduzir meu método,25187,26370,1183,1183,1.0,0,0
26370,27200,830,0,GE-Phrase,212,23414,26572,3158,202,0.243,2956,628
26370,27200,830,0,GE-Phrase,213,26572,28865,2293,628,0.757,-202,-1665
26370,27200,830,0,NTB,tá ligado,26370,27200,830,830,1.0,0,0
27200,28048,848,0,GE-Phrase,213,26572,28865,2293,848,1.0,628,-817
27200,28048,848,0,NTB,dentro da cultura,27200,28048,848,848,1.0,0,0
28048,29067,1019,0,GE-Phrase,213,26572,28865,2293,817,0.802,1476,202
28048,29067,1019,0,GE-Phrase,214,28865,30267,1402,202,0.198,-817,-1200
28048,29067,1019,0,NTB,e adequando e et cetera,28048,29067,1019,1019,1.0,0,0
69285,70269,984,0,GE-Phrase,233,69124,70078,954,793,0.806,161,191
69285,70269,984,0,GE-Phrase,234,70078,71694,1616,191,0.194,-793,-1425
69285,70269,984,0,NTB,o projeto é dela,69285,70269,984,984,1.0,0,0
123333,123678,345,0,GE-Phrase,261,123162,126484,3322,345,1.0,171,-2806
123333,123678,345,0,NTB,porque &n [/1],123333,123678,345,345,1.0,0,0
123678,123884,206,0,GE-Phrase,261,123162,126484,3322,206,1.0,516,-2600
123678,123884,206,0,NTB,né,123678,123884,206,206,1.0,0,0
123884,124797,913,0,GE-Phrase,261,123162,126484,3322,913,1.0,722,-1687
123884,124797,913,0,NTB,ia parar tudo,123884,124797,913,913,1.0,0,0
124797,126007,1210,0,GE-Phrase,261,123162,126484,3322,1210,1.0,1635,-477
124797,126007,1210,0,NTB,então vou monitorar quem,124797,126007,1210,1210,1.0,0,0
126007,127426,1419,0,GE-Phrase,261,123162,126484,3322,477,0.336,2845,942
126007,127426,1419,0,NTB,et cetera,126007,127426,1419,1419,1.0,0,0
131502,132715,1213,0,GE-Phrase,262,128821,132202,3381,700,0.577,2681,513
131502,132715,1213,0,GE-Phrase,263,132202,134077,1875,513,0.423,-700,-1362
131502,132715,1213,0,NTB,nũ tinha recebido nenhuma bolsa ainda né,131502,132715,1213,1213,1.0,0,0
132715,134762,2047,0,GE-Phrase,263,132202,134077,1875,1362,0.665,513,685
132715,134762,2047,0,GE-Phrase,264,134077,135782,1705,685,0.335,-1362,-1020
132715,134762,2047,0,NTB,tinha acabado de acontecer o processo,132715,134762,2047,2047,1.0,0,0
136371,137155,784,0,GE-Phrase,265,135782,138288,2506,784,1.0,589,-1133
136371,137155,784,0,NTB,a minha tutora,136371,137155,784,784,1.0,0,0
137155,137394,239,0,GE-Phrase,265,135782,138288,2506,239,1.0,1373,-894
137155,137394,239,0,NTB,né,137155,137394,239,239,1.0,0,0
141078,143026,1948,0,GE-Phrase,266,138288,141167,2879,89,0.046,2790,1859
141078,143026,1948,0,GE-Phrase,267,141167,142467,1300,1300,0.667,-89,559
141078,143026,1948,0,GE-Phrase,268,142467,145380,2913,559,0.287,-1389,-2354
141078,143026,1948,0,NTB,e a gente volta quando retomar a aula,141078,143026,1948,1948,1.0,0,0
149343,150432,1089,0,GE-Phrase,270,147413,149490,2077,147,0.135,1930,942
149343,150432,1089,0,GE-Phrase,271,149490,151803,2313,942,0.865,-147,-1371
149343,150432,1089,0,NTB,se cês concordarem,149343,150432,1089,1089,1.0,0,0
9631,12030,2399,0,GE-Phrase,205,9104,11228,2124,1597,0.666,527,802
9631,12030,2399,0,GE-Phrase,206,11228,13092,1864,802,0.334,-1597,-1062
9631,12030,2399,0,NTB,que inclusive tô produzindo um,9631,12030,2399,2399,1.0,0,0
12030,13506,1476,0,GE-Phrase,206,11228,13092,1864,1062,0.72,802,414
12030,13506,1476,0,GE-Phrase,207,13092,14908,1816,414,0.28,-1062,-1402
12030,13506,1476,0,NTB,p' cê ver a dubiedade da coisa,12030,13506,1476,1476,1.0,0,0
25187,26370,1183,0,GE-Phrase,212,23414,26572,3158,1183,1.0,1773,-202
25187,26370,1183,0,NTB,se eu reproduzir meu método,25187,26370,1183,1183,1.0,0,0
26370,27200,830,0,GE-Phrase,212,23414,26572,3158,202,0.243,2956,628
26370,27200,830,0,GE-Phrase,213,26572,28865,2293,628,0.757,-202,-1665
26370,27200,830,0,NTB,tá ligado,26370,27200,830,830,1.0,0,0
27200,28048,848,0,GE-Phrase,213,26572,28865,2293,848,1.0,628,-817
27200,28048,848,0,NTB,dentro da cultura,27200,28048,848,848,1.0,0,0
28048,29067,1019,0,GE-Phrase,213,26572,28865,2293,817,0.802,1476,202
28048,29067,1019,0,GE-Phrase,214,28865,30267,1402,202,0.198,-817,-1200
28048,29067,1019,0,NTB,e adequando e et cetera,28048,29067,1019,1019,1.0,0,0
69285,70269,984,0,GE-Phrase,233,69124,70078,954,793,0.806,161,191
69285,70269,984,0,GE-Phrase,234,70078,71694,1616,191,0.194,-793,-1425
69285,70269,984,0,NTB,o projeto é dela,69285,70269,984,984,1.0,0,0
123333,123678,345,0,GE-Phrase,261,123162,126484,3322,345,1.0,171,-2806
123333,123678,345,0,NTB,porque &n [/1],123333,123678,345,345,1.0,0,0
123678,123884,206,0,GE-Phrase,261,123162,126484,3322,206,1.0,516,-2600
123678,123884,206,0,NTB,né,123678,123884,206,206,1.0,0,0
123884,124797,913,0,GE-Phrase,261,123162,126484,3322,913,1.0,722,-1687
123884,124797,913,0,NTB,ia parar tudo,123884,124797,913,913,1.0,0,0
124797,126007,1210,0,GE-Phrase,261,123162,126484,3322,1210,1.0,1635,-477
124797,126007,1210,0,NTB,então vou monitorar quem,124797,126007,1210,1210,1.0,0,0
126007,127426,1419,0,GE-Phrase,261,123162,126484,3322,477,0.336,2845,942
126007,127426,1419,0,NTB,et cetera,126007,127426,1419,1419,1.0,0,0
131502,132715,1213,0,GE-Phrase,262,128821,132202,3381,700,0.577,2681,513
131502,132715,1213,0,GE-Phrase,263,132202,134077,1875,513,0.423,-700,-1362
131502,132715,1213,0,NTB,nũ tinha recebido nenhuma bolsa ainda né,131502,132715,1213,1213,1.0,0,0
132715,134762,2047,0,GE-Phrase,263,132202,134077,1875,1362,0.665,513,685
132715,134762,2047,0,GE-Phrase,264,134077,135782,1705,685,0.335,-1362,-1020
132715,134762,2047,0,NTB,tinha acabado de acontecer o processo,132715,134762,2047,2047,1.0,0,0
136371,137155,784,0,GE-Phrase,265,135782,138288,2506,784,1.0,589,-1133
136371,137155,784,0,NTB,a minha tutora,136371,137155,784,784,1.0,0,0
137155,137394,239,0,GE-Phrase,265,135782,138288,2506,239,1.0,1373,-894
137155,137394,239,0,NTB,né,137155,137394,239,239,1.0,0,0
141078,143026,1948,0,GE-Phrase,266,138288,141167,2879,89,0.046,2790,1859
141078,143026,1948,0,GE-Phrase,267,141167,142467,1300,1300,0.667,-89,559
141078,143026,1948,0,GE-Phrase,268,142467,145380,2913,559,0.287,-1389,-2354
141078,143026,1948,0,NTB,e a gente volta quando retomar a aula,141078,143026,1948,1948,1.0,0,0
149343,150432,1089,0,GE-Phrase,270,147413,149490,2077,147,0.135,1930,942
149343,150432,1089,0,GE-Phrase,271,149490,151803,2313,942,0.865,-147,-1371
149343,150432,1089,0,NTB,se cês concordarem,149343,150432,1089,1089,1.0,0,0
9631,12030,2399,0,GE-Phrase,205,9104,11228,2124,1597,0.666,527,802
9631,12030,2399,0,GE-Phrase,206,11228,13092,1864,802,0.334,-1597,-1062
9631,12030,2399,0,NTB,que inclusive tô produzindo um,9631,12030,2399,2399,1.0,0,0
12030,13506,1476,0,GE-Phrase,206,11228,13092,1864,1062,0.72,802,414
12030,13506,1476,0,GE-Phrase,207,13092,14908,1816,414,0.28,-1062,-1402
12030,13506,1476,0,NTB,p' cê ver a dubiedade da coisa,12030,13506,1476,1476,1.0,0,0
25187,26370,1183,0,GE-Phrase,212,23414,26572,3158,1183,1.0,1773,-202
25187,26370,1183,0,NTB,se eu reproduzir meu método,25187,26370,1183,1183,1.0,0,0
26370,27200,830,0,GE-Phrase,212,23414,26572,3158,202,0.243,2956,628
26370,27200,830,0,GE-Phrase,213,26572,28865,2293,628,0.757,-202,-1665
26370,27200,830,0,NTB,tá ligado,26370,27200,830,830,1.0,0,0
27200,28048,848,0,GE-Phrase,213,26572,28865,2293,848,1.0,628,-817
27200,28048,848,0,NTB,dentro da cultura,27200,28048,848,848,1.0,0,0
28048,29067,1019,0,GE-Phrase,213,26572,28865,2293,817,0.802,1476,202
28048,29067,1019,0,GE-Phrase,214,28865,30267,1402,202,0.198,-817,-1200
28048,29067,1019,0,NTB,e adequando e et cetera,28048,29067,1019,1019,1.0,0,0
69285,70269,984,0,GE-Phrase,233,69124,70078,954,793,0.806,161,191
69285,70269,984,0,GE-Phrase,234,70078,71694,1616,191,0.194,-793,-1425
69285,70269,984,0,NTB,o projeto é dela,69285,70269,984,984,1.0,0,0
123333,123678,345,0,GE-Phrase,261,123162,126484,3322,345,1.0,171,-2806
123333,123678,345,0,NTB,porque &n [/1],123333,123678,345,345,1.0,0,0
123678,123884,206,0,GE-Phrase,261,123162,126484,3322,206,1.0,516,-2600
123678,123884,206,0,NTB,né,123678,123884,206,206,1.0,0,0
123884,124797,913,0,GE-Phrase,261,123162,126484,3322,913,1.0,722,-1687
123884,124797,913,0,NTB,ia parar tudo,123884,124797,913,913,1.0,0,0
124797,126007,1210,0,GE-Phrase,261,123162,126484,3322,1210,1.0,1635,-477
124797,126007,1210,0,NTB,então vou monitorar quem,124797,126007,1210,1210,1.0,0,0
126007,127426,1419,0,GE-Phrase,261,123162,126484,3322,477,0.336,2845,942
126007,127426,1419,0,NTB,et cetera,126007,127426,1419,1419,1.0,0,0
131502,132715,1213,0,GE-Phrase,262,128821,132202,3381,700,0.577,2681,513
131502,132715,1213,0,GE-Phrase,263,132202,134077,1875,513,0.423,-700,-1362
131502,132715,1213,0,NTB,nũ tinha recebido nenhuma bolsa ainda né,131502,132715,1213,1213,1.0,0,0
132715,134762,2047,0,GE-Phrase,263,132202,134077,1875,1362,0.665,513,685
132715,134762,2047,0,GE-Phrase,264,134077,135782,1705,685,0.335,-1362,-1020
132715,134762,2047,0,NTB,tinha acabado de acontecer o processo,132715,134762,2047,2047,1.0,0,0
136371,137155,784,0,GE-Phrase,265,135782,138288,2506,784,1.0,589,-1133
136371,137155,784,0,NTB,a minha tutora,136371,137155,784,784,1.0,0,0
137155,137394,239,0,GE-Phrase,265,135782,138288,2506,239,1.0,1373,-894
137155,137394,239,0,NTB,né,137155,137394,239,239,1.0,0,0
141078,143026,1948,0,GE-Phrase,266,138288,141167,2879,89,0.046,2790,1859
141078,143026,1948,0,GE-Phrase,267,141167,142467,1300,1300,0.667,-89,559
141078,143026,1948,0,GE-Phrase,268,142467,145380,2913,559,0.287,-1389,-2354
141078,143026,1948,0,NTB,e a gente volta quando retomar a aula,141078,143026,1948,1948,1.0,0,0
149343,150432,1089,0,GE-Phrase,270,147413,149490,2077,147,0.135,1930,942
149343,150432,1089,0,GE-Phrase,271,149490,151803,2313,942,0.865,-147,-1371
149343,150432,1089,0,NTB,se cês concordarem,149343,150432,1089,1089,1.0,0,0
9631,12030,2399,0,GE-Phrase,205,9104,11228,2124,1597,0.666,527,802
9631,12030,2399,0,GE-Phrase,206,11228,13092,1864,802,0.334,-1597,-1062
9631,12030,2399,0,NTB,que inclusive tô produzindo um,9631,12030,2399,2399,1.0,0,0
12030,13506,1476,0,GE-Phrase,206,11228,13092,1864,1062,0.72,802,414
12030,13506,1476,0,GE-Phrase,207,13092,14908,1816,414,0.28,-1062,-1402
12030,13506,1476,0,NTB,p' cê ver a dubiedade da coisa,12030,13506,1476,1476,1.0,0,0
25187,26370,1183,0,GE-Phrase,212,23414,26572,3158,1183,1.0,1773,-202
25187,26370,1183,0,NTB,se eu reproduzir meu método,25187,26370,1183,1183,1.0,0,0
26370,27200,830,0,GE-Phrase,212,23414,26572,3158,202,0.243,2956,628
26370,27200,830,0,GE-Phrase,213,26572,28865,2293,628,0.757,-202,-1665
26370,27200,830,0,NTB,tá ligado,26370,27200,830,830,1.0,0,0
27200,28048,848,0,GE-Phrase,213,26572,28865,2293,848,1.0,628,-817
27200,28048,848,0,NTB,dentro da cultura,27200,28048,848,848,1.0,0,0
28048,29067,1019,0,GE-Phrase,213,26572,28865,2293,817,0.802,1476,202
28048,29067,1019,0,GE-Phrase,214,28865,30267,1402,202,0.198,-817,-1200
28048,29067,1019,0,NTB,e adequando e et cetera,28048,29067,1019,1019,1.0,0,0
69285,70269,984,0,GE-Phrase,233,69124,70078,954,793,0.806,161,191
69285,70269,984,0,GE-Phrase,234,70078,71694,1616,191,0.194,-793,-1425
69285,70269,984,0,NTB,o projeto é dela,69285,70269,984,984,1.0,0,0
123333,123678,345,0,GE-Phrase,261,123162,126484,3322,345,1.0,171,-2806
123333,123678,345,0,NTB,porque &n [/1],123333,123678,345,345,1.0,0,0
123678,123884,206,0,GE-Phrase,261,123162,126484,3322,206,1.0,516,-2600
123678,123884,206,0,NTB,né,123678,123884,206,206,1.0,0,0
123884,124797,913,0,GE-Phrase,261,123162,126484,3322,913,1.0,722,-1687
123884,124797,913,0,NTB,ia parar tudo,123884,124797,913,913,1.0,0,0
124797,126007,1210,0,GE-Phrase,261,123162,126484,3322,1210,1.0,1635,-477
124797,126007,1210,0,NTB,então vou monitorar quem,124797,126007,1210,1210,1.0,0,0
126007,127426,1419,0,GE-Phrase,261,123162,126484,3322,477,0.336,2845,942
126007,127426,1419,0,NTB,et cetera,126007,127426,1419,1419,1.0,0,0
131502,132715,1213,0,GE-Phrase,262,128821,132202,3381,700,0.577,2681,513
131502,132715,1213,0,GE-Phrase,263,132202,134077,1875,513,0.423,-700,-1362
131502,132715,1213,0,NTB,nũ tinha recebido nenhuma bolsa ainda né,131502,132715,1213,1213,1.0,0,0
132715,134762,2047,0,GE-Phrase,263,132202,134077,1875,1362,0.665,513,685
132715,134762,2047,0,GE-Phrase,264,134077,135782,1705,685,0.335,-1362,-1020
132715,134762,2047,0,NTB,tinha acabado de acontecer o processo,132715,134762,2047,2047,1.0,0,0
136371,137155,784,0,GE-Phrase,265,135782,138288,2506,784,1.0,589,-1133
136371,137155,784,0,NTB,a minha tutora,136371,137155,784,784,1.0,0,0
137155,137394,239,0,GE-Phrase,265,135782,138288,2506,239,1.0,1373,-894
137155,137394,239,0,NTB,né,137155,137394,239,239,1.0,0,0
141078,143026,1948,0,GE-Phrase,266,138288,141167,2879,89,0.046,2790,1859
141078,143026,1948,0,GE-Phrase,267,141167,142467,1300,1300,0.667,-89,559
141078,143026,1948,0,GE-Phrase,268,142467,145380,2913,559,0.287,-1389,-2354
141078,143026,1948,0,NTB,e a gente volta quando retomar a aula,141078,143026,1948,1948,1.0,0,0
149343,150432,1089,0,GE-Phrase,270,147413,149490,2077,147,0.135,1930,942
149343,150432,1089,0,GE-Phrase,271,149490,151803,2313,942,0.865,-147,-1371
149343,150432,1089,0,NTB,se cês concordarem,149343,150432,1089,1089,1.0,0,0
9631,12030,2399,0,GE-Phrase,205,9104,11228,2124,1597,0.666,527,802
9631,12030,2399,0,GE-Phrase,206,11228,13092,1864,802,0.334,-1597,-1062
9631,12030,2399,0,NTB,que inclusive tô produzindo um,9631,12030,2399,2399,1.0,0,0
12030,13506,1476,0,GE-Phrase,206,11228,13092,1864,1062,0.72,802,414
12030,13506,1476,0,GE-Phrase,207,13092,14908,1816,414,0.28,-1062,-1402
12030,13506,1476,0,NTB,p' cê ver a dubiedade da coisa,12030,13506,1476,1476,1.0,0,0
25187,26370,1183,0,GE-Phrase,212,23414,26572,3158,1183,1.0,1773,-202
25187,26370,1183,0,NTB,se eu reproduzir meu método,25187,26370,1183,1183,1.0,0,0
26370,27200,830,0,GE-Phrase,212,23414,26572,3158,202,0.243,2956,628
26370,27200,830,0,GE-Phrase,213,26572,28865,2293,628,0.757,-202,-1665
26370,27200,830,0,NTB,tá ligado,26370,27200,830,830,1.0,0,0
27200,28048,848,0,GE-Phrase,213,26572,28865,2293,848,1.0,628,-817
27200,28048,848,0,NTB,dentro da cultura,27200,28048,848,848,1.0,0,0
28048,29067,1019,0,GE-Phrase,213,26572,28865,2293,817,0.802,1476,202
28048,29067,1019,0,GE-Phrase,214,28865,30267,1402,202,0.198,-817,-1200
28048,29067,1019,0,NTB,e adequando e et cetera,28048,29067,1019,1019,1.0,0,0
69285,70269,984,0,GE-Phrase,233,69124,70078,954,793,0.806,161,191
69285,70269,984,0,GE-Phrase,234,70078,71694,1616,191,0.194,-793,-1425
69285,70269,984,0,NTB,o projeto é dela,69285,70269,984,984,1.0,0,0
123333,123678,345,0,GE-Phrase,261,123162,126484,3322,345,1.0,171,-2806
123333,123678,345,0,NTB,porque &n [/1],123333,123678,345,345,1.0,0,0
123678,123884,206,0,GE-Phrase,261,123162,126484,3322,206,1.0,516,-2600
123678,123884,206,0,NTB,né,123678,123884,206,206,1.0,0,0
123884,124797,913,0,GE-Phrase,261,123162,126484,3322,913,1.0,722,-1687
123884,124797,913,0,NTB,ia parar tudo,123884,124797,913,913,1.0,0,0
124797,126007,1210,0,GE-Phrase,261,123162,126484,3322,1210,1.0,1635,-477
124797,126007,1210,0,NTB,então vou monitorar quem,124797,126007,1210,1210,1.0,0,0
126007,127426,1419,0,GE-Phrase,261,123162,126484,3322,477,0.336,2845,942
126007,127426,1419,0,NTB,et cetera,126007,127426,1419,1419,1.0,0,0
131502,132715,1213,0,GE-Phrase,262,128821,132202,3381,700,0.577,2681,513
131502,132715,1213,0,GE-Phrase,263,132202,134077,1875,513,0.423,-700,-1362
131502,132715,1213,0,NTB,nũ tinha recebido nenhuma bolsa ainda né,131502,132715,1213,1213,1.0,0,0
132715,134762,2047,0,GE-Phrase,263,132202,134077,1875,1362,0.665,513,685
132715,134762,2047,0,GE-Phrase,264,134077,135782,1705,685,0.335,-1362,-1020
132715,134762,2047,0,NTB,tinha acabado de acontecer o processo,132715,134762,2047,2047,1.0,0,0
136371,137155,784,0,GE-Phrase,265,135782,138288,2506,784,1.0,589,-1133
136371,137155,784,0,NTB,a minha tutora,136371,137155,784,784,1.0,0,0
137155,137394,239,0,GE-Phrase,265,135782,138288,2506,239,1.0,1373,-894
137155,137394,239,0,NTB,né,137155,137394,239,239,1.0,0,0
141078,143026,1948,0,GE-Phrase,266,138288,141167,2879,89,0.046,2790,1859
141078,143026,1948,0,GE-Phrase,267,141167,142467,1300,1300,0.667,-89,559
141078,143026,1948,0,GE-Phrase,268,142467,145380,2913,559,0.287,-1389,-2354
141078,143026,1948,0,NTB,e a gente volta quando retomar a aula,141078,143026,1948,1948,1.0,0,0
149343,150432,1089,0,GE-Phrase,270,147413,149490,2077,147,0.135,1930,942
149343,150432,1089,0,GE-Phrase,271,149490,151803,2313,942,0.865,-147,-1371
149343,150432,1089,0,NTB,se cês concordarem,149343,150432,1089,1089,1.0,0,0
9631,12030,2399,0,GE-Phrase,205,9104,11228,2124,1597,0.666,527,802
9631,12030,2399,0,GE-Phrase,206,11228,13092,1864,802,0.334,-1597,-1062
9631,12030,2399,0,NTB,que inclusive tô produzindo um,9631,12030,2399,2399,1.0,0,0
12030,13506,1476,0,GE-Phrase,206,11228,13092,1864,1062,0.72,802,414
12030,13506,1476,0,GE-Phrase,207,13092,14908,1816,414,0.28,-1062,-1402
12030,13506,1476,0,NTB,p' cê ver a dubiedade da coisa,12030,13506,1476,1476,1.0,0,0
25187,26370,1183,0,GE-Phrase,212,23414,26572,3158,1183,1.0,1773,-202
25187,26370,1183,0,NTB,se eu reproduzir meu método,25187,26370,1183,1183,1.0,0,0
26370,27200,830,0,GE-Phrase,212,23414,26572,3158,202,0.243,2956,628
26370,27200,830,0,GE-Phrase,213,26572,28865,2293,628,0.757,-202,-1665
26370,27200,830,0,NTB,tá ligado,26370,27200,830,830,1.0,0,0
27200,28048,848,0,GE-Phrase,213,26572,28865,2293,848,1.0,628,-817
27200,28048,848,0,NTB,dentro da cultura,27200,28048,848,848,1.0,0,0
28048,29067,1019,0,GE-Phrase,213,26572,28865,2293,817,0.802,1476,202
28048,29067,1019,0,GE-Phrase,214,28865,30267,1402,202,0.198,-817,-1200
28048,29067,1019,0,NTB,e adequando e et cetera,28048,29067,1019,1019,1.0,0,0
69285,70269,984,0,GE-Phrase,233,69124,70078,954,793,0.806,161,191
69285,70269,984,0,GE-Phrase,234,70078,71694,1616,191,0.194,-793,-1425
69285,70269,984,0,NTB,o projeto é dela,69285,70269,984,984,1.0,0,0
123333,123678,345,0,GE-Phrase,261,123162,126484,3322,345,1.0,171,-2806
123333,123678,345,0,NTB,porque &n [/1],123333,123678,345,345,1.0,0,0
123678,123884,206,0,GE-Phrase,261,123162,126484,3322,206,1.0,516,-2600
123678,123884,206,0,NTB,né,123678,123884,206,206,1.0,0,0
123884,124797,913,0,GE-Phrase,261,123162,126484,3322,913,1.0,722,-1687
123884,124797,913,0,NTB,ia parar tudo,123884,124797,913,913,1.0,0,0
124797,126007,1210,0,GE-Phrase,261,123162,126484,3322,1210,1.0,1635,-477
124797,126007,1210,0,NTB,então vou monitorar quem,124797,126007,1210,1210,1.0,0,0
126007,127426,1419,0,GE-Phrase,261,123162,126484,3322,477,0.336,2845,942
126007,127426,1419,0,NTB,et cetera,126007,127426,1419,1419,1.0,0,0
131502,132715,1213,0,GE-Phrase,262,128821,132202,3381,700,0.577,2681,513
131502,132715,1213,0,GE-Phrase,263,132202,134077,1875,513,0.423,-700,-1362
131502,132715,1213,0,NTB,nũ tinha recebido nenhuma bolsa ainda né,131502,132715,1213,1213,1.0,0,0
132715,134762,2047,0,GE-Phrase,263,132202,134077,1875,1362,0.665,513,685
132715,134762,2047,0,GE-Phrase,264,134077,135782,1705,685,0.335,-1362,-1020
132715,134762,2047,0,NTB,tinha acabado de acontecer o processo,132715,134762,2047,2047,1.0,0,0
136371,137155,784,0,GE-Phrase,265,135782,138288,2506,784,1.0,589,-1133
136371,137155,784,0,NTB,a minha tutora,136371,137155,784,784,1.0,0,0
137155,137394,239,0,GE-Phrase,265,135782,138288,2506,239,1.0,1373,-894
137155,137394,239,0,NTB,né,137155,137394,239,239,1.0,0,0
141078,143026,1948,0,GE-Phrase,266,138288,141167,2879,89,0.046,2790,1859
141078,143026,1948,0,GE-Phrase,267,141167,142467,1300,1300,0.667,-89,559
141078,143026,1948,0,GE-Phrase,268,142467,145380,2913,559,0.287,-1389,-2354
141078,143026,1948,0,NTB,e a gente volta quando retomar a aula,141078,143026,1948,1948,1.0,0,0
149343,150432,1089,0,GE-Phrase,270,147413,149490,2077,147,0.135,1930,942
149343,150432,1089,0,GE-Phrase,271,149490,151803,2313,942,0.865,-147,-1371
149343,150432,1089,0,NTB,se cês concordarem,149343,150432,1089,1089,1.0,0,0
9631,12030,2399,0,GE-Phrase,205,9104,11228,2124,1597,0.666,527,802
9631,12030,2399,0,GE-Phrase,206,11228,13092,1864,802,0.334,-1597,-1062
9631,12030,2399,0,NTB,que inclusive tô produzindo um,9631,12030,2399,2399,1.0,0,0
12030,13506,1476,0,GE-Phrase,206,11228,13092,1864,1062,0.72,802,414
12030,13506,1476,0,GE-Phrase,207,13092,14908,1816,414,0.28,-1062,-1402
12030,13506,1476,0,NTB,p' cê ver a dubiedade da coisa,12030,13506,1476,1476,1.0,0,0
25187,26370,1183,0,GE-Phrase,212,23414,26572,3158,1183,1.0,1773,-202
25187,26370,1183,0,NTB,se eu reproduzir meu método,25187,26370,1183,1183,1.0,0,0
26370,27200,830,0,GE-Phrase,212,23414,26572,3158,202,0.243,2956,628
26370,27200,830,0,GE-Phrase,213,26572,28865,2293,628,0.757,-202,-1665
26370,27200,830,0,NTB,tá ligado,26370,27200,830,830,1.0,0,0
27200,28048,848,0,GE-Phrase,213,26572,28865,2293,848,1.0,628,-817
27200,28048,848,0,NTB,dentro da cultura,27200,28048,848,848,1.0,0,0
28048,29067,1019,0,GE-Phrase,213,26572,28865,2293,817,0.802,1476,202
28048,29067,1019,0,GE-Phrase,214,28865,30267,1402,202,0.198,-817,-1200
28048,29067,1019,0,NTB,e adequando e et cetera,28048,29067,1019,1019,1.0,0,0
69285,70269,984,0,GE-Phrase,233,69124,70078,954,793,0.806,161,191
69285,70269,984,0,GE-Phrase,234,70078,71694,1616,191,0.194,-793,-1425
69285,70269,984,0,NTB,o projeto é dela,69285,70269,984,984,1.0,0,0
123333,123678,345,0,GE-Phrase,261,123162,126484,3322,345,1.0,171,-2806
123333,123678,345,0,NTB,porque &n [/1],123333,123678,345,345,1.0,0,0
123678,123884,206,0,GE-Phrase,261,123162,126484,3322,206,1.0,516,-2600
123678,123884,206,0,NTB,né,123678,123884,206,206,1.0,0,0
123884,124797,913,0,GE-Phrase,261,123162,126484,3322,913,1.0,722,-1687
123884,124797,913,0,NTB,ia parar tudo,123884,124797,913,913,1.0,0,0
124797,126007,1210,0,GE-Phrase,261,123162,126484,3322,1210,1.0,1635,-477
124797,126007,1210,0,NTB,então vou monitorar quem,124797,126007,1210,1210,1.0,0,0
126007,127426,1419,0,GE-Phrase,261,123162,126484,3322,477,0.336,2845,942
126007,127426,1419,0,NTB,et cetera,126007,127426,1419,1419,1.0,0,0
131502,132715,1213,0,GE-Phrase,262,128821,132202,3381,700,0.577,2681,513
131502,132715,1213,0,GE-Phrase,263,132202,134077,1875,513,0.423,-700,-1362
131502,132715,1213,0,NTB,nũ tinha recebido nenhuma bolsa ainda né,131502,132715,1213,1213,1.0,0,0
132715,134762,2047,0,GE-Phrase,263,132202,134077,1875,1362,0.665,513,685
132715,134762,2047,0,GE-Phrase,264,134077,135782,1705,685,0.335,-1362,-1020
132715,134762,2047,0,NTB,tinha acabado de acontecer o processo,132715,134762,2047,2047,1.0,0,0
136371,137155,784,0,GE-Phrase,265,135782,138288,2506,784,1.0,589,-1133
136371,137155,784,0,NTB,a minha tutora,136371,137155,784,784,1.0,0,0
137155,137394,239,0,GE-Phrase,265,135782,138288,2506,239,1.0,1373,-894
137155,137394,239,0,NTB,né,137155,137394,239,239,1.0,0,0
141078,143026,1948,0,GE-Phrase,266,138288,141167,2879,89,0.046,2790,1859
141078,143026,1948,0,GE-Phrase,267,141167,142467,1300,1300,0.667,-89,559
141078,143026,1948,0,GE-Phrase,268,142467,145380,2913,559,0.287,-1389,-2354
141078,143026,1948,0,NTB,e a gente volta quando retomar a aula,141078,143026,1948,1948,1.0,0,0
149343,150432,1089,0,GE-Phrase,270,147413,149490,2077,147,0.135,1930,942
149343,150432,1089,0,GE-Phrase,271,149490,151803,2313,942,0.865,-147,-1371
149343,150432,1089,0,NTB,se cês concordarem,149343,150432,1089,1089,1.0,0,0
9631,12030,2399,0,GE-Phrase,205,9104,11228,2124,1597,0.666,527,802
9631,12030,2399,0,GE-Phrase,206,11228,13092,1864,802,0.334,-1597,-1062
9631,12030,2399,0,NTB,que inclusive tô produzindo um,9631,12030,2399,2399,1.0,0,0
12030,13506,1476,0,GE-Phrase,206,11228,13092,1864,1062,0.72,802,414
12030,13506,1476,0,GE-Phrase,207,13092,14908,1816,414,0.28,-1062,-1402
12030,13506,1476,0,NTB,p' cê ver a dubiedade da coisa,12030,13506,1476,1476,1.0,0,0
25187,26370,1183,0,GE-Phrase,212,23414,26572,3158,1183,1.0,1773,-202
25187,26370,1183,0,NTB,se eu reproduzir meu método,25187,26370,1183,1183,1.0,0,0
26370,27200,830,0,GE-Phrase,212,23414,26572,3158,202,0.243,2956,628
26370,27200,830,0,GE-Phrase,213,26572,28865,2293,628,0.757,-202,-1665
26370,27200,830,0,NTB,tá ligado,26370,27200,830,830,1.0,0,0
27200,28048,848,0,GE-Phrase,213,26572,28865,2293,848,1.0,628,-817
27200,28048,848,0,NTB,dentro da cultura,27200,28048,848,848,1.0,0,0
28048,29067,1019,0,GE-Phrase,213,26572,28865,2293,817,0.802,1476,202
28048,29067,1019,0,GE-Phrase,214,28865,30267,1402,202,0.198,-817,-1200
28048,29067,1019,0,NTB,e adequando e et cetera,28048,29067,1019,1019,1.0,0,0
69285,70269,984,0,GE-Phrase,233,69124,70078,954,793,0.806,161,191
69285,70269,984,0,GE-Phrase,234,70078,71694,1616,191,0.194,-793,-1425
69285,70269,984,0,NTB,o projeto é dela,69285,70269,984,984,1.0,0,0
123333,123678,345,0,GE-Phrase,261,123162,126484,3322,345,1.0,171,-2806
123333,123678,345,0,NTB,porque &n [/1],123333,123678,345,345,1.0,0,0
123678,123884,206,0,GE-Phrase,261,123162,126484,3322,206,1.0,516,-2600
123678,123884,206,0,NTB,né,123678,123884,206,206,1.0,0,0
123884,124797,913,0,GE-Phrase,261,123162,126484,3322,913,1.0,722,-1687
123884,124797,913,0,NTB,ia parar tudo,123884,124797,913,913,1.0,0,0
124797,126007,1210,0,GE-Phrase,261,123162,126484,3322,1210,1.0,1635,-477
124797,126007,1210,0,NTB,então vou monitorar quem,124797,126007,1210,1210,1.0,0,0
126007,127426,1419,0,GE-Phrase,261,123162,126484,3322,477,0.336,2845,942
126007,127426,1419,0,NTB,et cetera,126007,127426,1419,1419,1.0,0,0
131502,132715,1213,0,GE-Phrase,262,128821,132202,3381,700,0.577,2681,513
131502,132715,1213,0,GE-Phrase,263,132202,134077,1875,513,0.423,-700,-1362
131502,132715,1213,0,NTB,nũ tinha recebido nenhuma bolsa ainda né,131502,132715,1213,1213,1.0,0,0
132715,134762,2047,0,GE-Phrase,263,132202,134077,1875,1362,0.665,513,685
132715,134762,2047,0,GE-Phrase,264,134077,135782,1705,685,0.335,-1362,-1020
132715,134762,2047,0,NTB,tinha acabado de acontecer o processo,132715,134762,2047,2047,1.0,0,0
136371,137155,784,0,GE-Phrase,265,135782,138288,2506,784,1.0,589,-1133
136371,137155,784,0,NTB,a minha tutora,136371,137155,784,784,1.0,0,0
137155,137394,239,0,GE-Phrase,265,135782,138288,2506,239,1.0,1373,-894
137155,137394,239,0,NTB,né,137155,137394,239,239,1.0,0,0
141078,143026,1948,0,GE-Phrase,266,138288,141167,2879,89,0.046,2790,1859
141078,143026,1948,0,GE-Phrase,267,141167,142467,1300,1300,0.667,-89,559
141078,143026,1948,0,GE-Phrase,268,142467,145380,2913,559,0.287,-1389,-2354
141078,143026,1948,0,NTB,e a gente volta quando retomar a aula,141078,143026,1948,1948,1.0,0,0
149343,150432,1089,0,GE-Phrase,270,147413,149490,2077,147,0.135,1930,942
149343,150432,1089,0,GE-Phrase,271,149490,151803,2313,942,0.865,-147,-1371
149343,150432,1089,0,NTB,se cês concordarem,149343,150432,1089,1089,1.0,0,0
9631,12030,2399,0,GE-Phrase,205,9104,11228,2124,1597,0.666,527,802
9631,12030,2399,0,GE-Phrase,206,11228,13092,1864,802,0.334,-1597,-1062
9631,12030,2399,0,NTB,que inclusive tô produzindo um,9631,12030,2399,2399,1.0,0,0
12030,13506,1476,0,GE-Phrase,206,11228,13092,1864,1062,0.72,802,414
12030,13506,1476,0,GE-Phrase,207,13092,14908,1816,414,0.28,-1062,-1402
12030,13506,1476,0,NTB,p' cê ver a dubiedade da coisa,12030,13506,1476,1476,1.0,0,0
25187,26370,1183,0,GE-Phrase,212,23414,26572,3158,1183,1.0,1773,-202
25187,26370,1183,0,NTB,se eu reproduzir meu método,25187,26370,1183,1183,1.0,0,0
26370,27200,830,0,GE-Phrase,212,23414,26572,3158,202,0.243,2956,628
26370,27200,830,0,GE-Phrase,213,26572,28865,2293,628,0.757,-202,-1665
26370,27200,830,0,NTB,tá ligado,26370,27200,830,830,1.0,0,0
27200,28048,848,0,GE-Phrase,213,26572,28865,2293,848,1.0,628,-817
27200,28048,848,0,NTB,dentro da cultura,27200,28048,848,848,1.0,0,0
28048,29067,1019,0,GE-Phrase,213,26572,28865,2293,817,0.802,1476,202
28048,29067,1019,0,GE-Phrase,214,28865,30267,1402,202,0.198,-817,-1200
28048,29067,1019,0,NTB,e adequando e et cetera,28048,29067,1019,1019,1.0,0,0
69285,70269,984,0,GE-Phrase,233,69124,70078,954,793,0.806,161,191
69285,70269,984,0,GE-Phrase,234,70078,71694,1616,191,0.194,-793,-1425
69285,70269,984,0,NTB,o projeto é dela,69285,70269,984,984,1.0,0,0
123333,123678,345,0,GE-Phrase,261,123162,126484,3322,345,1.0,171,-2806
123333,123678,345,0,NTB,porque &n [/1],123333,123678,345,345,1.0,0,0
123678,123884,206,0,GE-Phrase,261,123162,126484,3322,206,1.0,516,-2600
123678,123884,206,0,NTB,né,123678,123884,206,206,1.0,0,0
123884,124797,913,0,GE-Phrase,261,123162,126484,3322,913,1.0,722,-1687
123884,124797,913,0,NTB,ia parar tudo,123884,124797,913,913,1.0,0,0
124797,126007,1210,0,GE-Phrase,261,123162,126484,3322,1210,1.0,1635,-477
124797,126007,1210,0,NTB,então vou monitorar quem,124797,126007,1210,1210,1.0,0,0
126007,127426,1419,0,GE-Phrase,261,123162,126484,3322,477,0.336,2845,942
126007,127426,1419,0,NTB,et cetera,126007,127426,1419,1419,1.0,0,0
131502,132715,1213,0,GE-Phrase,262,128821,132202,3381,700,0.577,2681,513
131502,132715,1213,0,GE-Phrase,263,132202,134077,1875,513,0.423,-700,-1362
131502,132715,1213,0,NTB,nũ tinha recebido nenhuma bolsa ainda né,131502,132715,1213,1213,1.0,0,0
132715,134762,2047,0,GE-Phrase,263,132202,134077,1875,1362,0.665,513,685
132715,134762,2047,0,GE-Phrase,264,134077,135782,1705,685,0.335,-1362,-1020
132715,134762,2047,0,NTB,tinha acabado de acontecer o processo,132715,134762,2047,2047,1.0,0,0
136371,137155,784,0,GE-Phrase,265,135782,138288,2506,784,1.0,589,-1133
136371,137155,784,0,NTB,a minha tutora,136371,137155,784,784,1.0,0,0
137155,137394,239,0,GE-Phrase,265,135782,138288,2506,239,1.0,1373,-894
137155,137394,239,0,NTB,né,137155,137394,239,239,1.0,0,0
141078,143026,1948,0,GE-Phrase,266,138288,141167,2879,89,0.046,2790,1859
141078,143026,1948,0,GE-Phrase,267,141167,142467,1300,1300,0.667,-89,559
141078,143026,1948,0,GE-Phrase,268,142467,145380,2913,559,0.287,-1389,-2354
141078,143026,1948,0,NTB,e a gente volta quando retomar a aula,141078,143026,1948,1948,1.0,0,0
149343,150432,1089,0,GE-Phrase,270,147413,149490,2077,147,0.135,1930,942
149343,150432,1089,0,GE-Phrase,271,149490,151803,2313,942,0.865,-147,-1371
149343,150432,1089,0,NTB,se cês concordarem,149343,150432,1089,1089,1.0,0,0
9631,12030,2399,0,GE-Phrase,205,9104,11228,2124,1597,0.666,527,802
9631,12030,2399,0,GE-Phrase,206,11228,13092,1864,802,0.334,-1597,-1062
9631,12030,2399,0,NTB,que inclusive tô produzindo um,9631,12030,2399,2399,1.0,0,0
12030,13506,1476,0,GE-Phrase,206,11228,13092,1864,1062,0.72,802,414
12030,13506,1476,0,GE-Phrase,207,13092,14908,1816,414,0.28,-1062,-1402
12030,13506,1476,0,NTB,p' cê ver a dubiedade da coisa,12030,13506,1476,1476,1.0,0,0
25187,26370,1183,0,GE-Phrase,212,23414,26572,3158,1183,1.0,1773,-202
25187,26370,1183,0,NTB,se eu reproduzir meu método,25187,26370,1183,1183,1.0,0,0
26370,27200,830,0,GE-Phrase,212,23414,26572,3158,202,0.243,2956,628
26370,27200,830,0,GE-Phrase,213,26572,28865,2293,628,0.757,-202,-1665
26370,27200,830,0,NTB,tá ligado,26370,27200,830,830,1.0,0,0
27200,28048,848,0,GE-Phrase,213,26572,28865,2293,848,1.0,628,-817
27200,28048,848,0,NTB,dentro da cultura,27200,28048,848,848,1.0,0,0
28048,29067,1019,0,GE-Phrase,213,26572,28865,2293,817,0.802,1476,202
28048,29067,1019,0,GE-Phrase,214,28865,30267,1402,202,0.198,-817,-1200
28048,29067,1019,0,NTB,e adequando e et cetera,28048,29067,1019,1019,1.0,0,0
69285,70269,984,0,GE-Phrase,233,69124,70078,954,793,0.806,161,191
69285,70269,984,0,GE-Phrase,234,70078,71694,1616,191,0.194,-793,-1425
69285,70269,984,0,NTB,o projeto é dela,69285,70269,984,984,1.0,0,0
123333,123678,345,0,GE-Phrase,261,123162,126484,3322,345,1.0,171,-2806
123333,123678,345,0,NTB,porque &n [/1],123333,123678,345,345,1.0,0,0
123678,123884,206,0,GE-Phrase,261,123162,126484,3322,206,1.0,516,-2600
123678,123884,206,0,NTB,né,123678,123884,206,206,1.0,0,0
123884,124797,913,0,GE-Phrase,261,123162,126484,3322,913,1.0,722,-1687
123884,124797,913,0,NTB,ia parar tudo,123884,124797,913,913,1.0,0,0
124797,126007,1210,0,GE-Phrase,261,123162,126484,3322,1210,1.0,1635,-477
124797,126007,1210,0,NTB,então vou monitorar quem,124797,126007,1210,1210,1.0,0,0
126007,127426,1419,0,GE-Phrase,261,123162,126484,3322,477,0.336,2845,942
126007,127426,1419,0,NTB,et cetera,126007,127426,1419,1419,1.0,0,0
131502,132715,1213,0,GE-Phrase,262,128821,132202,3381,700,0.577,2681,513
131502,132715,1213,0,GE-Phrase,263,132202,134077,1875,513,0.423,-700,-1362
131502,132715,1213,0,NTB,nũ tinha recebido nenhuma bolsa ainda né,131502,132715,1213,1213,1.0,0,0
132715,134762,2047,0,GE-Phrase,263,132202,134077,1875,1362,0.665,513,685
132715,134762,2047,0,GE-Phrase,264,134077,135782,1705,685,0.335,-1362,-1020
132715,134762,2047,0,NTB,tinha acabado de acontecer o processo,132715,134762,2047,2047,1.0,0,0
136371,137155,784,0,GE-Phrase,265,135782,138288,2506,784,1.0,589,-1133
136371,137155,784,0,NTB,a minha tutora,136371,137155,784,784,1.0,0,0
137155,137394,239,0,GE-Phrase,265,135782,138288,2506,239,1.0,1373,-894
137155,137394,239,0,NTB,né,137155,137394,239,239,1.0,0,0
141078,143026,1948,0,GE-Phrase,266,138288,141167,2879,89,0.046,2790,1859
141078,143026,1948,0,GE-Phrase,267,141167,142467,1300,1300,0.667,-89,559
141078,143026,1948,0,GE-Phrase,268,142467,145380,2913,559,0.287,-1389,-2354
141078,143026,1948,0,NTB,e a gente volta quando retomar a aula,141078,143026,1948,1948,1.0,0,0
149343,150432,1089,0,GE-Phrase,270,147413,149490,2077,147,0.135,1930,942
149343,150432,1089,0,GE-Phrase,271,149490,151803,2313,942,0.865,-147,-1371
149343,150432,1089,0,NTB,se cês concordarem,149343,150432,1089,1089,1.0,0,0
9631,12030,2399,0,GE-Phrase,205,9104,11228,2124,1597,0.666,527,802
9631,12030,2399,0,GE-Phrase,206,11228,13092,1864,802,0.334,-1597,-1062
9631,12030,2399,0,NTB,que inclusive tô produzindo um,9631,12030,2399,2399,1.0,0,0
12030,13506,1476,0,GE-Phrase,206,11228,13092,1864,1062,0.72,802,414
12030,13506,1476,0,GE-Phrase,207,13092,14908,1816,414,0.28,-1062,-1402
12030,13506,1476,0,NTB,p' cê ver a dubiedade da coisa,12030,13506,1476,1476,1.0,0,0
25187,26370,1183,0,GE-Phrase,212,23414,26572,3158,1183,1.0,1773,-202
25187,26370,1183,0,NTB,se eu reproduzir meu método,25187,26370,1183,1183,1.0,0,0
26370,27200,830,0,GE-Phrase,212,23414,26572,3158,202,0.243,2956,628
26370,27200,830,0,GE-Phrase,213,26572,28865,2293,628,0.757,-202,-1665
26370,27200,830,0,NTB,tá ligado,26370,27200,830,830,1.0,0,0
27200,28048,848,0,GE-Phrase,213,26572,28865,2293,848,1.0,628,-817
27200,28048,848,0,NTB,dentro da cultura,27200,28048,848,848,1.0,0,0
28048,29067,1019,0,GE-Phrase,213,26572,28865,2293,817,0.802,1476,202
28048,29067,1019,0,GE-Phrase,214,28865,30267,1402,202,0.198,-817,-1200
28048,29067,1019,0,NTB,e adequando e et cetera,28048,29067,1019,1019,1.0,0,0
69285,70269,984,0,GE-Phrase,233,69124,70078,954,793,0.806,161,191
69285,70269,984,0,GE-Phrase,234,70078,71694,1616,191,0.194,-793,-1425
69285,70269,984,0,NTB,o projeto é dela,69285,70269,984,984,1.0,0,0
123333,123678,345,0,GE-Phrase,261,123162,126484,3322,345,1.0,171,-2806
123333,123678,345,0,NTB,porque &n [/1],123333,123678,345,345,1.0,0,0
123678,123884,206,0,GE-Phrase,261,123162,126484,3322,206,1.0,516,-2600
123678,123884,206,0,NTB,né,123678,123884,206,206,1.0,0,0
123884,124797,913,0,GE-Phrase,261,123162,126484,3322,913,1.0,722,-1687
123884,124797,913,0,NTB,ia parar tudo,123884,124797,913,913,1.0,0,0
124797,126007,1210,0,GE-Phrase,261,123162,126484,3322,1210,1.0,1635,-477
124797,126007,1210,0,NTB,então vou monitorar quem,124797,126007,1210,1210,1.0,0,0
126007,127426,1419,0,GE-Phrase,261,123162,126484,3322,477,0.336,2845,942
126007,127426,1419,0,NTB,et cetera,126007,127426,1419,1419,1.0,0,0
131502,132715,1213,0,GE-Phrase,262,128821,132202,3381,700,0.577,2681,513
131502,132715,1213,0,GE-Phrase,263,132202,134077,1875,513,0.423,-700,-1362
131502,132715,1213,0,NTB,nũ tinha recebido nenhuma bolsa ainda né,131502,132715,1213,1213,1.0,0,0
132715,134762,2047,0,GE-Phrase,263,132202,134077,1875,1362,0.665,513,685
132715,134762,2047,0,GE-Phrase,264,134077,135782,1705,685,0.335,-1362,-1020
132715,134762,2047,0,NTB,tinha acabado de acontecer o processo,132715,134762,2047,2047,1.0,0,0
136371,137155,784,0,GE-Phrase,265,135782,138288,2506,784,1.0,589,-1133
136371,137155,784,0,NTB,a minha tutora,136371,137155,784,784,1.0,0,0
137155,137394,239,0,GE-Phrase,265,135782,138288,2506,239,1.0,1373,-894
137155,137394,239,0,NTB,né,137155,137394,239,239,1.0,0,0
141078,143026,1948,0,GE-Phrase,266,138288,141167,2879,89,0.046,2790,1859
141078,143026,1948,0,GE-Phrase,267,141167,142467,1300,1300,0.667,-89,559
141078,143026,1948,0,GE-Phrase,268,142467,145380,2913,559,0.287,-1389,-2354
141078,143026,1948,0,NTB,e a gente volta quando retomar a aula,141078,143026,1948,1948,1.0,0,0
149343,150432,1089,0,GE-Phrase,270,147413,149490,2077,147,0.135,1930,942
149343,150432,1089,0,GE-Phrase,271,149490,151803,2313,942,0.865,-147,-1371
149343,150432,1089,0,NTB,se cês concordarem,149343,150432,1089,1089,1.0,0,0
9631,12030,2399,0,GE-Phrase,205,9104,11228,2124,1597,0.666,527,802
9631,12030,2399,0,GE-Phrase,206,11228,13092,1864,802,0.334,-1597,-1062
9631,12030,2399,0,NTB,que inclusive tô produzindo um,9631,12030,2399,2399,1.0,0,0
12030,13506,1476,0,GE-Phrase,206,11228,13092,1864,1062,0.72,802,414
12030,13506,1476,0,GE-Phrase,207,13092,14908,1816,414,0.28,-1062,-1402
12030,13506,1476,0,NTB,p' cê ver a dubiedade da coisa,12030,13506,1476,1476,1.0,0,0
25187,26370,1183,0,GE-Phrase,212,23414,26572,3158,1183,1.0,1773,-202
25187,26370,1183,0,NTB,se eu reproduzir meu método,25187,26370,1183,1183,1.0,0,0
26370,27200,830,0,GE-Phrase,212,23414,26572,3158,202,0.243,2956,628
26370,27200,830,0,GE-Phrase,213,26572,28865,2293,628,0.757,-202,-1665
26370,27200,830,0,NTB,tá ligado,26370,27200,830,830,1.0,0,0
27200,28048,848,0,GE-Phrase,213,26572,28865,2293,848,1.0,628,-817
27200,28048,848,0,NTB,dentro da cultura,27200,28048,848,848,1.0,0,0
28048,29067,1019,0,GE-Phrase,213,26572,28865,2293,817,0.802,1476,202
28048,29067,1019,0,GE-Phrase,214,28865,30267,1402,202,0.198,-817,-1200
28048,29067,1019,0,NTB,e adequando e et cetera,28048,29067,1019,1019,1.0,0,0
69285,70269,984,0,GE-Phrase,233,69124,70078,954,793,0.806,161,191
69285,70269,984,0,GE-Phrase,234,70078,71694,1616,191,0.194,-793,-1425
69285,70269,984,0,NTB,o projeto é dela,69285,70269,984,984,1.0,0,0
123333,123678,345,0,GE-Phrase,261,123162,126484,3322,345,1.0,171,-2806
123333,123678,345,0,NTB,porque &n [/1],123333,123678,345,345,1.0,0,0
123678,123884,206,0,GE-Phrase,261,123162,126484,3322,206,1.0,516,-2600
123678,123884,206,0,NTB,né,123678,123884,206,206,1.0,0,0
123884,124797,913,0,GE-Phrase,261,123162,126484,3322,913,1.0,722,-1687
123884,124797,913,0,NTB,ia parar tudo,123884,124797,913,913,1.0,0,0
124797,126007,1210,0,GE-Phrase,261,123162,126484,3322,1210,1.0,1635,-477
124797,126007,1210,0,NTB,então vou monitorar quem,124797,126007,1210,1210,1.0,0,0
126007,127426,1419,0,GE-Phrase,261,123162,126484,3322,477,0.336,2845,942
126007,127426,1419,0,NTB,et cetera,126007,127426,1419,1419,1.0,0,0
131502,132715,1213,0,GE-Phrase,262,128821,132202,3381,700,0.577,2681,513
131502,132715,1213,0,GE-Phrase,263,132202,134077,1875,513,0.423,-700,-1362
131502,132715,1213,0,NTB,nũ tinha recebido nenhuma bolsa ainda né,131502,132715,1213,1213,1.0,0,0
132715,134762,2047,0,GE-Phrase,263,132202,134077,1875,1362,0.665,513,685
132715,134762,2047,0,GE-Phrase,264,134077,135782,1705,685,0.335,-1362,-1020
132715,134762,2047,0,NTB,tinha acabado de acontecer o processo,132715,134762,2047,2047,1.0,0,0
136371,137155,784,0,GE-Phrase,265,135782,138288,2506,784,1.0,589,-1133
136371,137155,784,0,NTB,a minha tutora,136371,137155,784,784,1.0,0,0
137155,137394,239,0,GE-Phrase,265,135782,138288,2506,239,1.0,1373,-894
137155,137394,239,0,NTB,né,137155,137394,239,239,1.0,0,0
141078,143026,1948,0,GE-Phrase,266,138288,141167,2879,89,0.046,2790,1859
141078,143026,1948,0,GE-Phrase,267,141167,142467,1300,1300,0.667,-89,559
141078,143026,1948,0,GE-Phrase,268,142467,145380,2913,559,0.287,-1389,-2354
141078,143026,1948,0,NTB,e a gente volta quando retomar a aula,141078,143026,1948,1948,1.0,0,0
149343,150432,1089,0,GE-Phrase,270,147413,149490,2077,147,0.135,1930,942
149343,150432,1089,0,GE-Phrase,271,149490,151803,2313,942,0.865,-147,-1371
149343,150432,1089,0,NTB,se cês concordarem,149343,150432,1089,1089,1.0,0,0
9631,12030,2399,0,GE-Phrase,205,9104,11228,2124,1597,0.666,527,802
9631,12030,2399,0,GE-Phrase,206,11228,13092,1864,802,0.334,-1597,-1062
9631,12030,2399,0,NTB,que inclusive tô produzindo um,9631,12030,2399,2399,1.0,0,0
12030,13506,1476,0,GE-Phrase,206,11228,13092,1864,1062,0.72,802,414
12030,13506,1476,0,GE-Phrase,207,13092,14908,1816,414,0.28,-1062,-1402
12030,13506,1476,0,NTB,p' cê ver a dubiedade da coisa,12030,13506,1476,1476,1.0,0,0
25187,26370,1183,0,GE-Phrase,212,23414,26572,3158,1183,1.0,1773,-202
25187,26370,1183,0,NTB,se eu reproduzir meu método,25187,26370,1183,1183,1.0,0,0
26370,27200,830,0,GE-Phrase,212,23414,26572,3158,202,0.243,2956,628
26370,27200,830,0,GE-Phrase,213,26572,28865,2293,628,0.757,-202,-1665
26370,27200,830,0,NTB,tá ligado,26370,27200,830,830,1.0,0,0
27200,28048,848,0,GE-Phrase,213,26572,28865,2293,848,1.0,628,-817
27200,28048,848,0,NTB,dentro da cultura,27200,28048,848,848,1.0,0,0
28048,29067,1019,0,GE-Phrase,213,26572,28865,2293,817,0.802,1476,202
28048,29067,1019,0,GE-Phrase,214,28865,30267,1402,202,0.198,-817,-1200
28048,29067,1019,0,NTB,e adequando e et cetera,28048,29067,1019,1019,1.0,0,0
69285,70269,984,0,GE-Phrase,233,69124,70078,954,793,0.806,161,191
69285,70269,984,0,GE-Phrase,234,70078,71694,1616,191,0.194,-793,-1425
69285,70269,984,0,NTB,o projeto é dela,69285,70269,984,984,1.0,0,0
123333,123678,345,0,GE-Phrase,261,123162,126484,3322,345,1.0,171,-2806
123333,123678,345,0,NTB,porque &n [/1],123333,123678,345,345,1.0,0,0
123678,123884,206,0,GE-Phrase,261,123162,126484,3322,206,1.0,516,-2600
123678,123884,206,0,NTB,né,123678,123884,206,206,1.0,0,0
123884,124797,913,0,GE-Phrase,261,123162,126484,3322,913,1.0,722,-1687
123884,124797,913,0,NTB,ia parar tudo,123884,124797,913,913,1.0,0,0
124797,126007,1210,0,GE-Phrase,261,123162,126484,3322,1210,1.0,1635,-477
124797,126007,1210,0,NTB,então vou monitorar quem,124797,126007,1210,1210,1.0,0,0
126007,127426,1419,0,GE-Phrase,261,123162,126484,3322,477,0.336,2845,942
126007,127426,1419,0,NTB,et cetera,126007,127426,1419,1419,1.0,0,0
131502,132715,1213,0,GE-Phrase,262,128821,132202,3381,700,0.577,2681,513
131502,132715,1213,0,GE-Phrase,263,132202,134077,1875,513,0.423,-700,-1362
131502,132715,1213,0,NTB,nũ tinha recebido nenhuma bolsa ainda né,131502,132715,1213,1213,1.0,0,0
132715,134762,2047,0,GE-Phrase,263,132202,134077,1875,1362,0.665,513,685
132715,134762,2047,0,GE-Phrase,264,134077,135782,1705,685,0.335,-1362,-1020
132715,134762,2047,0,NTB,tinha acabado de acontecer o processo,132715,134762,2047,2047,1.0,0,0
136371,137155,784,0,GE-Phrase,265,135782,138288,2506,784,1.0,589,-1133
136371,137155,784,0,NTB,a minha tutora,136371,137155,784,784,1.0,0,0
137155,137394,239,0,GE-Phrase,265,135782,138288,2506,239,1.0,1373,-894
137155,137394,239,0,NTB,né,137155,137394,239,239,1.0,0,0
141078,143026,1948,0,GE-Phrase,266,138288,141167,2879,89,0.046,2790,1859
141078,143026,1948,0,GE-Phrase,267,141167,142467,1300,1300,0.667,-89,559
141078,143026,1948,0,GE-Phrase,268,142467,145380,2913,559,0.287,-1389,-2354
141078,143026,1948,0,NTB,e a gente volta quando retomar a aula,141078,143026,1948,1948,1.0,0,0
149343,150432,1089,0,GE-Phrase,270,147413,149490,2077,147,0.135,1930,942
149343,150432,1089,0,GE-Phrase,271,149490,151803,2313,942,0.865,-147,-1371
149343,150432,1089,0,NTB,se cês concordarem,149343,150432,1089,1089,1.0,0,0
9631,12030,2399,0,GE-Phrase,205,9104,11228,2124,1597,0.666,527,802
9631,12030,2399,0,GE-Phrase,206,11228,13092,1864,802,0.334,-1597,-1062
9631,12030,2399,0,NTB,que inclusive tô produzindo um,9631,12030,2399,2399,1.0,0,0
12030,13506,1476,0,GE-Phrase,206,11228,13092,1864,1062,0.72,802,414
12030,13506,1476,0,GE-Phrase,207,13092,14908,1816,414,0.28,-1062,-1402
12030,13506,1476,0,NTB,p' cê ver a dubiedade da coisa,12030,13506,1476,1476,1.0,0,0
25187,26370,1183,0,GE-Phrase,212,23414,26572,3158,1183,1.0,1773,-202
25187,26370,1183,0,NTB,se eu reproduzir meu método,25187,26370,1183,1183,1.0,0,0
26370,27200,830,0,GE-Phrase,212,23414,26572,3158,202,0.243,2956,628
26370,27200,830,0,GE-Phrase,213,26572,28865,2293,628,0.757,-202,-1665
26370,27200,830,0,NTB,tá ligado,26370,27200,830,830,1.0,0,0
27200,28048,848,0,GE-Phrase,213,26572,28865,2293,848,1.0,628,-817
27200,28048,848,0,NTB,dentro da cultura,27200,28048,848,848,1.0,0,0
28048,29067,1019,0,GE-Phrase,213,26572,28865,2293,817,0.802,1476,202
28048,29067,1019,0,GE-Phrase,214,28865,30267,1402,202,0.198,-817,-1200
28048,29067,1019,0,NTB,e adequando e et cetera,28048,29067,1019,1019,1.0,0,0
69285,70269,984,0,GE-Phrase,233,69124,70078,954,793,0.806,161,191
69285,70269,984,0,GE-Phrase,234,70078,71694,1616,191,0.194,-793,-1425
69285,70269,984,0,NTB,o projeto é dela,69285,70269,984,984,1.0,0,0
123333,123678,345,0,GE-Phrase,261,123162,126484,3322,345,1.0,171,-2806
123333,123678,345,0,NTB,porque &n [/1],123333,123678,345,345,1.0,0,0
123678,123884,206,0,GE-Phrase,261,123162,126484,3322,206,1.0,516,-2600
123678,123884,206,0,NTB,né,123678,123884,206,206,1.0,0,0
123884,124797,913,0,GE-Phrase,261,123162,126484,3322,913,1.0,722,-1687
123884,124797,913,0,NTB,ia parar tudo,123884,124797,913,913,1.0,0,0
124797,126007,1210,0,GE-Phrase,261,123162,126484,3322,1210,1.0,1635,-477
124797,126007,1210,0,NTB,então vou monitorar quem,124797,126007,1210,1210,1.0,0,0
126007,127426,1419,0,GE-Phrase,261,123162,126484,3322,477,0.336,2845,942
126007,127426,1419,0,NTB,et cetera,126007,127426,1419,1419,1.0,0,0
131502,132715,1213,0,GE-Phrase,262,128821,132202,3381,700,0.577,2681,513
131502,132715,1213,0,GE-Phrase,263,132202,134077,1875,513,0.423,-700,-1362
131502,132715,1213,0,NTB,nũ tinha recebido nenhuma bolsa ainda né,131502,132715,1213,1213,1.0,0,0
132715,134762,2047,0,GE-Phrase,263,132202,134077,1875,1362,0.665,513,685
132715,134762,2047,0,GE-Phrase,264,134077,135782,1705,685,0.335,-1362,-1020
132715,134762,2047,0,NTB,tinha acabado de acontecer o processo,132715,134762,2047,2047,1.0,0,0
136371,137155,784,0,GE-Phrase,265,135782,138288,2506,784,1.0,589,-1133
136371,137155,784,0,NTB,a minha tutora,136371,137155,784,784,1.0,0,0
137155,137394,239,0,GE-Phrase,265,135782,138288,2506,239,1.0,1373,-894
137155,137394,239,0,NTB,né,137155,137394,239,239,1.0,0,0
141078,143026,1948,0,GE-Phrase,266,138288,141167,2879,89,0.046,2790,1859
141078,143026,1948,0,GE-Phrase,267,141167,142467,1300,1300,0.667,-89,559
141078,143026,1948,0,GE-Phrase,268,142467,145380,2913,559,0.287,-1389,-2354
141078,143026,1948,0,NTB,e a gente volta quando retomar a aula,141078,143026,1948,1948,1.0,0,0
149343,150432,1089,0,GE-Phrase,270,147413,149490,2077,147,0.135,1930,942
149343,150432,1089,0,GE-Phrase,271,149490,151803,2313,942,0.865,-147,-1371
149343,150432,1089,0,NTB,se cês concordarem,149343,150432,1089,1089,1.0,0,0
9631,12030,2399,0,GE-Phrase,205,9104,11228,2124,1597,0.666,527,802
9631,12030,2399,0,GE-Phrase,206,11228,13092,1864,802,0.334,-1597,-1062
9631,12030,2399,0,NTB,que inclusive tô produzindo um,9631,12030,2399,2399,1.0,0,0
12030,13506,1476,0,GE-Phrase,206,11228,13092,1864,1062,0.72,802,414
12030,13506,1476,0,GE-Phrase,207,13092,14908,1816,414,0.28,-1062,-1402
12030,13506,1476,0,NTB,p' cê ver a dubiedade da coisa,12030,13506,1476,1476,1.0,0,0
25187,26370,1183,0,GE-Phrase,212,23414,26572,3158,1183,1.0,1773,-202
25187,26370,1183,0,NTB,se eu reproduzir meu método,25187,26370,1183,1183,1.0,0,0
26370,27200,830,0,GE-Phrase,212,23414,26572,3158,202,0.243,2956,628
26370,27200,830,0,GE-Phrase,213,26572,28865,2293,628,0.757,-202,-1665
26370,27200,830,0,NTB,tá ligado,26370,27200,830,830,1.0,0,0
27200,28048,848,0,GE-Phrase,213,26572,28865,2293,848,1.0,628,-817
27200,28048,848,0,NTB,dentro da cultura,27200,28048,848,848,1.0,0,0
28048,29067,1019,0,GE-Phrase,213,26572,28865,2293,817,0.802,1476,202
28048,29067,1019,0,GE-Phrase,214,28865,30267,1402,202,0.198,-817,-1200
28048,29067,1019,0,NTB,e adequando e et cetera,28048,29067,1019,1019,1.0,0,0
69285,70269,984,0,GE-Phrase,233,69124,70078,954,793,0.806,161,191
69285,70269,984,0,GE-Phrase,234,70078,71694,1616,191,0.194,-793,-1425
69285,70269,984,0,NTB,o projeto é dela,69285,70269,984,984,1.0,0,0
123333,123678,345,0,GE-Phrase,261,123162,126484,3322,345,1.0,171,-2806
123333,123678,345,0,NTB,porque &n [/1],123333,123678,345,345,1.0,0,0
123678,123884,206,0,GE-Phrase,261,123162,126484,3322,206,1.0,516,-2600
123678,123884,206,0,NTB,né,123678,123884,206,206,1.0,0,0
123884,124797,913,0,GE-Phrase,261,123162,126484,3322,913,1.0,722,-1687
123884,124797,913,0,NTB,ia parar tudo,123884,124797,913,913,1.0,0,0
124797,126007,1210,0,GE-Phrase,261,123162,126484,3322,1210,1.0,1635,-477
124797,126007,1210,0,NTB,então vou monitorar quem,124797,126007,1210,1210,1.0,0,0
126007,127426,1419,0,GE-Phrase,261,123162,126484,3322,477,0.336,2845,942
126007,127426,1419,0,NTB,et cetera,126007,127426,1419,1419,1.0,0,0
131502,132715,1213,0,GE-Phrase,262,128821,132202,3381,700,0.577,2681,513
131502,132715,1213,0,GE-Phrase,263,132202,134077,1875,513,0.423,-700,-1362
131502,132715,1213,0,NTB,nũ tinha recebido nenhuma bolsa ainda né,131502,132715,1213,1213,1.0,0,0
132715,134762,2047,0,GE-Phrase,263,132202,134077,1875,1362,0.665,513,685
132715,134762,2047,0,GE-Phrase,264,134077,135782,1705,685,0.335,-1362,-1020
132715,134762,2047,0,NTB,tinha acabado de acontecer o processo,132715,134762,2047,2047,1.0,0,0
136371,137155,784,0,GE-Phrase,265,135782,138288,2506,784,1.0,589,-1133
136371,137155,784,0,NTB,a minha tutora,136371,137155,784,784,1.0,0,0
137155,137394,239,0,GE-Phrase,265,135782,138288,2506,239,1.0,1373,-894
137155,137394,239,0,NTB,né,137155,137394,239,239,1.0,0,0
141078,143026,1948,0,GE-Phrase,266,138288,141167,2879,89,0.046,2790,1859
141078,143026,1948,0,GE-Phrase,267,141167,142467,1300,1300,0.667,-89,559
141078,143026,1948,0,GE-Phrase,268,142467,145380,2913,559,0.287,-1389,-2354
141078,143026,1948,0,NTB,e a gente volta quando retomar a aula,141078,143026,1948,1948,1.0,0,0
149343,150432,1089,0,GE-Phrase,270,147413,149490,2077,147,0.135,1930,942
149343,150432,1089,0,GE-Phrase,271,149490,151803,2313,942,0.865,-147,-1371
149343,150432,1089,0,NTB,se cês concordarem,149343,150432,1089,1089,1.0,0,0
9631,12030,2399,0,GE-Phrase,205,9104,11228,2124,1597,0.666,527,802
9631,12030,2399,0,GE-Phrase,206,11228,13092,1864,802,0.334,-1597,-1062
9631,12030,2399,0,NTB,que inclusive tô produzindo um,9631,12030,2399,2399,1.0,0,0
12030,13506,1476,0,GE-Phrase,206,11228,13092,1864,1062,0.72,802,414
12030,13506,1476,0,GE-Phrase,207,13092,14908,1816,414,0.28,-1062,-1402
12030,13506,1476,0,NTB,p' cê ver a dubiedade da coisa,12030,13506,1476,1476,1.0,0,0
25187,26370,1183,0,GE-Phrase,212,23414,26572,3158,1183,1.0,1773,-202
25187,26370,1183,0,NTB,se eu reproduzir meu método,25187,26370,1183,1183,1.0,0,0
26370,27200,830,0,GE-Phrase,212,23414,26572,3158,202,0.243,2956,628
26370,27200,830,0,GE-Phrase,213,26572,28865,2293,628,0.757,-202,-1665
26370,27200,830,0,NTB,tá ligado,26370,27200,830,830,1.0,0,0
27200,28048,848,0,GE-Phrase,213,26572,28865,2293,848,1.0,628,-817
27200,28048,848,0,NTB,dentro da cultura,27200,28048,848,848,1.0,0,0
28048,29067,1019,0,GE-Phrase,213,26572,28865,2293,817,0.802,1476,202
28048,29067,1019,0,GE-Phrase,214,28865,30267,1402,202,0.198,-817,-1200
28048,29067,1019,0,NTB,e adequando e et cetera,28048,29067,1019,1019,1.0,0,0
69285,70269,984,0,GE-Phrase,233,69124,70078,954,793,0.806,161,191
69285,70269,984,0,GE-Phrase,234,70078,71694,1616,191,0.194,-793,-1425
69285,70269,984,0,NTB,o projeto é dela,69285,70269,984,984,1.0,0,0
123333,123678,345,0,GE-Phrase,261,123162,126484,3322,345,1.0,171,-2806
123333,123678,345,0,NTB,porque &n [/1],123333,123678,345,345,1.0,0,0
123678,123884,206,0,GE-Phrase,261,123162,126484,3322,206,1.0,516,-2600
123678,123884,206,0,NTB,né,123678,123884,206,206,1.0,0,0
123884,124797,913,0,GE-Phrase,261,123162,126484,3322,913,1.0,722,-1687
123884,124797,913,0,NTB,ia parar tudo,123884,124797,913,913,1.0,0,0
124797,126007,1210,0,GE-Phrase,261,123162,126484,3322,1210,1.0,1635,-477
124797,126007,1210,0,NTB,então vou monitorar quem,124797,126007,1210,1210,1.0,0,0
126007,127426,1419,0,GE-Phrase,261,123162,126484,3322,477,0.336,2845,942
126007,127426,1419,0,NTB,et cetera,126007,127426,1419,1419,1.0,0,0
131502,132715,1213,0,GE-Phrase,262,128821,132202,3381,700,0.577,2681,513
131502,132715,1213,0,GE-Phrase,263,132202,134077,1875,513,0.423,-700,-1362
131502,132715,1213,0,NTB,nũ tinha recebido nenhuma bolsa ainda né,131502,132715,1213,1213,1.0,0,0
132715,134762,2047,0,GE-Phrase,263,132202,134077,1875,1362,0.665,513,685
132715,134762,2047,0,GE-Phrase,264,134077,135782,1705,685,0.335,-1362,-1020
132715,134762,2047,0,NTB,tinha acabado de acontecer o processo,132715,134762,2047,2047,1.0,0,0
136371,137155,784,0,GE-Phrase,265,135782,138288,2506,784,1.0,589,-1133
136371,137155,784,0,NTB,a minha tutora,136371,137155,784,784,1.0,0,0
137155,137394,239,0,GE-Phrase,265,135782,138288,2506,239,1.0,1373,-894
137155,137394,239,0,NTB,né,137155,137394,239,239,1.0,0,0
141078,143026,1948,0,GE-Phrase,266,138288,141167,2879,89,0.046,2790,1859
141078,143026,1948,0,GE-Phrase,267,141167,142467,1300,1300,0.667,-89,559
141078,143026,1948,0,GE-Phrase,268,142467,145380,2913,559,0.287,-1389,-2354
141078,143026,1948,0,NTB,e a gente volta quando retomar a aula,141078,143026,1948,1948,1.0,0,0
149343,150432,1089,0,GE-Phrase,270,147413,149490,2077,147,0.135,1930,942
149343,150432,1089,0,GE-Phrase,271,149490,151803,2313,942,0.865,-147,-1371
149343,150432,1089,0,NTB,se cês concordarem,149343,150432,1089,1089,1.0,0,0
9631,12030,2399,0,GE-Phrase,205,9104,11228,2124,1597,0.666,527,802
9631,12030,2399,0,GE-Phrase,206,11228,13092,1864,802,0.334,-1597,-1062
9631,12030,2399,0,NTB,que inclusive tô produzindo um,9631,12030,2399,2399,1.0,0,0
12030,13506,1476,0,GE-Phrase,206,11228,13092,1864,1062,0.72,802,414
12030,13506,1476,0,GE-Phrase,207,13092,14908,1816,414,0.28,-1062,-1402
12030,13506,1476,0,NTB,p' cê ver a dubiedade da coisa,12030,13506,1476,1476,1.0,0,0
25187,26370,1183,0,GE-Phrase,212,23414,26572,3158,1183,1.0,1773,-202
25187,26370,1183,0,NTB,se eu reproduzir meu método,25187,26370,1183,1183,1.0,0,0
26370,27200,830,0,GE-Phrase,212,23414,26572,3158,202,0.243,2956,628
26370,27200,830,0,GE-Phrase,213,26572,28865,2293,628,0.757,-202,-1665
26370,27200,830,0,NTB,tá ligado,26370,27200,830,830,1.0,0,0
27200,28048,848,0,GE-Phrase,213,26572,28865,2293,848,1.0,628,-817
27200,28048,848,0,NTB,dentro da cultura,27200,28048,848,848,1.0,0,0
28048,29067,1019,0,GE-Phrase,213,26572,28865,2293,817,0.802,1476,202
28048,29067,1019,0,GE-Phrase,214,28865,30267,1402,202,0.198,-817,-1200
28048,29067,1019,0,NTB,e adequando e et cetera,28048,29067,1019,1019,1.0,0,0
69285,70269,984,0,GE-Phrase,233,69124,70078,954,793,0.806,161,191
69285,70269,984,0,GE-Phrase,234,70078,71694,1616,191,0.194,-793,-1425
69285,70269,984,0,NTB,o projeto é dela,69285,70269,984,984,1.0,0,0
123333,123678,345,0,GE-Phrase,261,123162,126484,3322,345,1.0,171,-2806
123333,123678,345,0,NTB,porque &n [/1],123333,123678,345,345,1.0,0,0
123678,123884,206,0,GE-Phrase,261,123162,126484,3322,206,1.0,516,-2600
123678,123884,206,0,NTB,né,123678,123884,206,206,1.0,0,0
123884,124797,913,0,GE-Phrase,261,123162,126484,3322,913,1.0,722,-1687
123884,124797,913,0,NTB,ia parar tudo,123884,124797,913,913,1.0,0,0
124797,126007,1210,0,GE-Phrase,261,123162,126484,3322,1210,1.0,1635,-477
124797,126007,1210,0,NTB,então vou monitorar quem,124797,126007,1210,1210,1.0,0,0
126007,127426,1419,0,GE-Phrase,261,123162,126484,3322,477,0.336,2845,942
126007,127426,1419,0,NTB,et cetera,126007,127426,1419,1419,1.0,0,0
131502,132715,1213,0,GE-Phrase,262,128821,132202,3381,700,0.577,2681,513
131502,132715,1213,0,GE-Phrase,263,132202,134077,1875,513,0.423,-700,-1362
131502,132715,1213,0,NTB,nũ tinha recebido nenhuma bolsa ainda né,131502,132715,1213,1213,1.0,0,0
132715,134762,2047,0,GE-Phrase,263,132202,134077,1875,1362,0.665,513,685
132715,134762,2047,0,GE-Phrase,264,134077,135782,1705,685,0.335,-1362,-1020
132715,134762,2047,0,NTB,tinha acabado de acontecer o processo,132715,134762,2047,2047,1.0,0,0
136371,137155,784,0,GE-Phrase,265,135782,138288,2506,784,1.0,589,-1133
136371,137155,784,0,NTB,a minha tutora,136371,137155,784,784,1.0,0,0
137155,137394,239,0,GE-Phrase,265,135782,138288,2506,239,1.0,1373,-894
137155,137394,239,0,NTB,né,137155,137394,239,239,1.0,0,0
141078,143026,1948,0,GE-Phrase,266,138288,141167,2879,89,0.046,2790,1859
141078,143026,1948,0,GE-Phrase,267,141167,142467,1300,1300,0.667,-89,559
141078,143026,1948,0,GE-Phrase,268,142467,145380,2913,559,0.287,-1389,-2354
141078,143026,1948,0,NTB,e a gente volta quando retomar a aula,141078,143026,1948,1948,1.0,0,0
149343,150432,1089,0,GE-Phrase,270,147413,149490,2077,147,0.135,1930,942
149343,150432,1089,0,GE-Phrase,271,149490,151803,2313,942,0.865,-147,-1371
149343,150432,1089,0,NTB,se cês concordarem,149343,150432,1089,1089,1.0,0,0
9631,12030,2399,0,GE-Phrase,205,9104,11228,2124,1597,0.666,527,802
9631,12030,2399,0,GE-Phrase,206,11228,13092,1864,802,0.334,-1597,-1062
9631,12030,2399,0,NTB,que inclusive tô produzindo um,9631,12030,2399,2399,1.0,0,0
12030,13506,1476,0,GE-Phrase,206,11228,13092,1864,1062,0.72,802,414
12030,13506,1476,0,GE-Phrase,207,13092,14908,1816,414,0.28,-1062,-1402
12030,13506,1476,0,NTB,p' cê ver a dubiedade da coisa,12030,13506,1476,1476,1.0,0,0
25187,26370,1183,0,GE-Phrase,212,23414,26572,3158,1183,1.0,1773,-202
25187,26370,1183,0,NTB,se eu reproduzir meu método,25187,26370,1183,1183,1.0,0,0
26370,27200,830,0,GE-Phrase,212,23414,26572,3158,202,0.243,2956,628
26370,27200,830,0,GE-Phrase,213,26572,28865,2293,628,0.757,-202,-1665
26370,27200,830,0,NTB,tá ligado,26370,27200,830,830,1.0,0,0
27200,28048,848,0,GE-Phrase,213,26572,28865,2293,848,1.0,628,-817
27200,28048,848,0,NTB,dentro da cultura,27200,28048,848,848,1.0,0,0
28048,29067,1019,0,GE-Phrase,213,26572,28865,2293,817,0.802,1476,202
28048,29067,1019,0,GE-Phrase,214,28865,30267,1402,202,0.198,-817,-1200
28048,29067,1019,0,NTB,e adequando e et cetera,28048,29067,1019,1019,1.0,0,0
69285,70269,984,0,GE-Phrase,233,69124,70078,954,793,0.806,161,191
69285,70269,984,0,GE-Phrase,234,70078,71694,1616,191,0.194,-793,-1425
69285,70269,984,0,NTB,o projeto é dela,69285,70269,984,984,1.0,0,0
123333,123678,345,0,GE-Phrase,261,123162,126484,3322,345,1.0,171,-2806
123333,123678,345,0,NTB,porque &n [/1],123333,123678,345,345,1.0,0,0
123678,123884,206,0,GE-Phrase,261,123162,126484,3322,206,1.0,516,-2600
123678,123884,206,0,NTB,né,123678,123884,206,206,1.0,0,0
123884,124797,913,0,GE-Phrase,261,123162,126484,3322,913,1.0,722,-1687
123884,124797,913,0,NTB,ia parar tudo,123884,124797,913,913,1.0,0,0
124797,126007,1210,0,GE-Phrase,261,123162,126484,3322,1210,1.0,1635,-477
124797,126007,1210,0,NTB,então vou monitorar quem,124797,126007,1210,1210,1.0,0,0
126007,127426,1419,0,GE-Phrase,261,123162,126484,3322,477,0.336,2845,942
126007,127426,1419,0,NTB,et cetera,126007,127426,1419,1419,1.0,0,0
131502,132715,1213,0,GE-Phrase,262,128821,132202,3381,700,0.577,2681,513
131502,132715,1213,0,GE-Phrase,263,132202,134077,1875,513,0.423,-700,-1362
131502,132715,1213,0,NTB,nũ tinha recebido nenhuma bolsa ainda né,131502,132715,1213,1213,1.0,0,0
132715,134762,2047,0,GE-Phrase,263,132202,134077,1875,1362,0.665,513,685
132715,134762,2047,0,GE-Phrase,264,134077,135782,1705,685,0.335,-1362,-1020
132715,134762,2047,0,NTB,tinha acabado de acontecer o processo,132715,134762,2047,2047,1.0,0,0
136371,137155,784,0,GE-Phrase,265,135782,138288,2506,784,1.0,589,-1133
136371,137155,784,0,NTB,a minha tutora,136371,137155,784,784,1.0,0,0
137155,137394,239,0,GE-Phrase,265,135782,138288,2506,239,1.0,1373,-894
137155,137394,239,0,NTB,né,137155,137394,239,239,1.0,0,0
141078,143026,1948,0,GE-Phrase,266,138288,141167,2879,89,0.046,2790,1859
141078,143026,1948,0,GE-Phrase,267,141167,142467,1300,1300,0.667,-89,559
141078,143026,1948,0,GE-Phrase,268,142467,145380,2913,559,0.287,-1389,-2354
141078,143026,1948,0,NTB,e a gente volta quando retomar a aula,141078,143026,1948,1948,1.0,0,0
149343,150432,1089,0,GE-Phrase,270,147413,149490,2077,147,0.135,1930,942
149343,150432,1089,0,GE-Phrase,271,149490,151803,2313,942,0.865,-147,-1371
149343,150432,1089,0,NTB,se cês concordarem,149343,150432,1089,1089,1.0,0,0
9631,12030,2399,0,GE-Phrase,205,9104,11228,2124,1597,0.666,527,802
9631,12030,2399,0,GE-Phrase,206,11228,13092,1864,802,0.334,-1597,-1062
9631,12030,2399,0,NTB,que inclusive tô produzindo um,9631,12030,2399,2399,1.0,0,0
12030,13506,1476,0,GE-Phrase,206,11228,13092,1864,1062,0.72,802,414
12030,13506,1476,0,GE-Phrase,207,13092,14908,1816,414,0.28,-1062,-1402
12030,13506,1476,0,NTB,p' cê ver a dubiedade da coisa,12030,13506,1476,1476,1.0,0,0
25187,26370,1183,0,GE-Phrase,212,23414,26572,3158,1183,1.0,1773,-202
25187,26370,1183,0,NTB,se eu reproduzir meu método,25187,26370,1183,1183,1.0,0,0
26370,27200,830,0,GE-Phrase,212,23414,26572,3158,202,0.243,2956,628
26370,27200,830,0,GE-Phrase,213,26572,28865,2293,628,0.757,-202,-1665
26370,27200,830,0,NTB,tá ligado,26370,27200,830,830,1.0,0,0
27200,28048,848,0,GE-Phrase,213,26572,28865,2293,848,1.0,628,-817
27200,28048,848,0,NTB,dentro da cultura,27200,28048,848,848,1.0,0,0
28048,29067,1019,0,GE-Phrase,213,26572,28865,2293,817,0.802,1476,202
28048,29067,1019,0,GE-Phrase,214,28865,30267,1402,202,0.198,-817,-1200
28048,29067,1019,0,NTB,e adequando e et cetera,28048,29067,1019,1019,1.0,0,0
69285,70269,984,0,GE-Phrase,233,69124,70078,954,793,0.806,161,191
69285,70269,984,0,GE-Phrase,234,70078,71694,1616,191,0.194,-793,-1425
69285,70269,984,0,NTB,o projeto é dela,69285,70269,984,984,1.0,0,0
123333,123678,345,0,GE-Phrase,261,123162,126484,3322,345,1.0,171,-2806
123333,123678,345,0,NTB,porque &n [/1],123333,123678,345,345,1.0,0,0
123678,123884,206,0,GE-Phrase,261,123162,126484,3322,206,1.0,516,-2600
123678,123884,206,0,NTB,né,123678,123884,206,206,1.0,0,0
123884,124797,913,0,GE-Phrase,261,123162,126484,3322,913,1.0,722,-1687
123884,124797,913,0,NTB,ia parar tudo,123884,124797,913,913,1.0,0,0
124797,126007,1210,0,GE-Phrase,261,123162,126484,3322,1210,1.0,1635,-477
124797,126007,1210,0,NTB,então vou monitorar quem,124797,126007,1210,1210,1.0,0,0
126007,127426,1419,0,GE-Phrase,261,123162,126484,3322,477,0.336,2845,942
126007,127426,1419,0,NTB,et cetera,126007,127426,1419,1419,1.0,0,0
131502,132715,1213,0,GE-Phrase,262,128821,132202,3381,700,0.577,2681,513
131502,132715,1213,0,GE-Phrase,263,132202,134077,1875,513,0.423,-700,-1362
131502,132715,1213,0,NTB,nũ tinha recebido nenhuma bolsa ainda né,131502,132715,1213,1213,1.0,0,0
132715,134762,2047,0,GE-Phrase,263,132202,134077,1875,1362,0.665,513,685
132715,134762,2047,0,GE-Phrase,264,134077,135782,1705,685,0.335,-1362,-1020
132715,134762,2047,0,NTB,tinha acabado de acontecer o processo,132715,134762,2047,2047,1.0,0,0
136371,137155,784,0,GE-Phrase,265,135782,138288,2506,784,1.0,589,-1133
136371,137155,784,0,NTB,a minha tutora,136371,137155,784,784,1.0,0,0
137155,137394,239,0,GE-Phrase,265,135782,138288,2506,239,1.0,1373,-894
137155,137394,239,0,NTB,né,137155,137394,239,239,1.0,0,0
141078,143026,1948,0,GE-Phrase,266,138288,141167,2879,89,0.046,2790,1859
141078,143026,1948,0,GE-Phrase,267,141167,142467,1300,1300,0.667,-89,559
141078,143026,1948,0,GE-Phrase,268,142467,145380,2913,559,0.287,-1389,-2354
141078,143026,1948,0,NTB,e a gente volta quando retomar a aula,141078,143026,1948,1948,1.0,0,0
149343,150432,1089,0,GE-Phrase,270,147413,149490,2077,147,0.135,1930,942
149343,150432,1089,0,GE-Phrase,271,149490,151803,2313,942,0.865,-147,-1371
149343,150432,1089,0,NTB,se cês concordarem,149343,150432,1089,1089,1.0,0,0
9631,12030,2399,0,GE-Phrase,205,9104,11228,2124,1597,0.666,527,802
9631,12030,2399,0,GE-Phrase,206,11228,13092,1864,802,0.334,-1597,-1062
9631,12030,2399,0,NTB,que inclusive tô produzindo um,9631,12030,2399,2399,1.0,0,0
12030,13506,1476,0,GE-Phrase,206,11228,13092,1864,1062,0.72,802,414
12030,13506,1476,0,GE-Phrase,207,13092,14908,1816,414,0.28,-1062,-1402
12030,13506,1476,0,NTB,p' cê ver a dubiedade da coisa,12030,13506,1476,1476,1.0,0,0
25187,26370,1183,0,GE-Phrase,212,23414,26572,3158,1183,1.0,1773,-202
25187,26370,1183,0,NTB,se eu reproduzir meu método,25187,26370,1183,1183,1.0,0,0
26370,27200,830,0,GE-Phrase,212,23414,26572,3158,202,0.243,2956,628
26370,27200,830,0,GE-Phrase,213,26572,28865,2293,628,0.757,-202,-1665
26370,27200,830,0,NTB,tá ligado,26370,27200,830,830,1.0,0,0
27200,28048,848,0,GE-Phrase,213,26572,28865,2293,848,1.0,628,-817
27200,28048,848,0,NTB,dentro da cultura,27200,28048,848,848,1.0,0,0
28048,29067,1019,0,GE-Phrase,213,26572,28865,2293,817,0.802,1476,202
28048,29067,1019,0,GE-Phrase,214,28865,30267,1402,202,0.198,-817,-1200
28048,29067,1019,0,NTB,e adequando e et cetera,28048,29067,1019,1019,1.0,0,0
69285,70269,984,0,GE-Phrase,233,69124,70078,954,793,0.806,161,191
69285,70269,984,0,GE-Phrase,234,70078,71694,1616,191,0.194,-793,-1425
69285,70269,984,0,NTB,o projeto é dela,69285,70269,984,984,1.0,0,0
123333,123678,345,0,GE-Phrase,261,123162,126484,3322,345,1.0,171,-2806
123333,123678,345,0,NTB,porque &n [/1],123333,123678,345,345,1.0,0,0
123678,123884,206,0,GE-Phrase,261,123162,126484,3322,206,1.0,516,-2600
123678,123884,206,0,NTB,né,123678,123884,206,206,1.0,0,0
123884,124797,913,0,GE-Phrase,261,123162,126484,3322,913,1.0,722,-1687
123884,124797,913,0,NTB,ia parar tudo,123884,124797,913,913,1.0,0,0
124797,126007,1210,0,GE-Phrase,261,123162,126484,3322,1210,1.0,1635,-477
124797,126007,1210,0,NTB,então vou monitorar quem,124797,126007,1210,1210,1.0,0,0
126007,127426,1419,0,GE-Phrase,261,123162,126484,3322,477,0.336,2845,942
126007,127426,1419,0,NTB,et cetera,126007,127426,1419,1419,1.0,0,0
131502,132715,1213,0,GE-Phrase,262,128821,132202,3381,700,0.577,2681,513
131502,132715,1213,0,GE-Phrase,263,132202,134077,1875,513,0.423,-700,-1362
131502,132715,1213,0,NTB,nũ tinha recebido nenhuma bolsa ainda né,131502,132715,1213,1213,1.0,0,0
132715,134762,2047,0,GE-Phrase,263,132202,134077,1875,1362,0.665,513,685
132715,134762,2047,0,GE-Phrase,264,134077,135782,1705,685,0.335,-1362,-1020
132715,134762,2047,0,NTB,tinha acabado de acontecer o processo,132715,134762,2047,2047,1.0,0,0
136371,137155,784,0,GE-Phrase,265,135782,138288,2506,784,1.0,589,-1133
136371,137155,784,0,NTB,a minha tutora,136371,137155,784,784,1.0,0,0
137155,137394,239,0,GE-Phrase,265,135782,138288,2506,239,1.0,1373,-894
137155,137394,239,0,NTB,né,137155,137394,239,239,1.0,0,0
141078,143026,1948,0,GE-Phrase,266,138288,141167,2879,89,0.046,2790,1859
141078,143026,1948,0,GE-Phrase,267,141167,142467,1300,1300,0.667,-89,559
141078,143026,1948,0,GE-Phrase,268,142467,145380,2913,559,0.287,-1389,-2354
141078,143026,1948,0,NTB,e a gente volta quando retomar a aula,141078,143026,1948,1948,1.0,0,0
149343,150432,1089,0,GE-Phrase,270,147413,149490,2077,147,0.135,1930,942
149343,150432,1089,0,GE-Phrase,271,149490,151803,2313,942,0.865,-147,-1371
149343,150432,1089,0,NTB,se cês concordarem,149343,150432,1089,1089,1.0,0,0
9631,12030,2399,0,GE-Phrase,205,9104,11228,2124,1597,0.666,527,802
9631,12030,2399,0,GE-Phrase,206,11228,13092,1864,802,0.334,-1597,-1062
9631,12030,2399,0,NTB,que inclusive tô produzindo um,9631,12030,2399,2399,1.0,0,0
12030,13506,1476,0,GE-Phrase,206,11228,13092,1864,1062,0.72,802,414
12030,13506,1476,0,GE-Phrase,207,13092,14908,1816,414,0.28,-1062,-1402
12030,13506,1476,0,NTB,p' cê ver a dubiedade da coisa,12030,13506,1476,1476,1.0,0,0
25187,26370,1183,0,GE-Phrase,212,23414,26572,3158,1183,1.0,1773,-202
25187,26370,1183,0,NTB,se eu reproduzir meu método,25187,26370,1183,1183,1.0,0,0
26370,27200,830,0,GE-Phrase,212,23414,26572,3158,202,0.243,2956,628
26370,27200,830,0,GE-Phrase,213,26572,28865,2293,628,0.757,-202,-1665
26370,27200,830,0,NTB,tá ligado,26370,27200,830,830,1.0,0,0
27200,28048,848,0,GE-Phrase,213,26572,28865,2293,848,1.0,628,-817
27200,28048,848,0,NTB,dentro da cultura,27200,28048,848,848,1.0,0,0
28048,29067,1019,0,GE-Phrase,213,26572,28865,2293,817,0.802,1476,202
28048,29067,1019,0,GE-Phrase,214,28865,30267,1402,202,0.198,-817,-1200
28048,29067,1019,0,NTB,e adequando e et cetera,28048,29067,1019,1019,1.0,0,0
69285,70269,984,0,GE-Phrase,233,69124,70078,954,793,0.806,161,191
69285,70269,984,0,GE-Phrase,234,70078,71694,1616,191,0.194,-793,-1425
69285,70269,984,0,NTB,o projeto é dela,69285,70269,984,984,1.0,0,0
123333,123678,345,0,GE-Phrase,261,123162,126484,3322,345,1.0,171,-2806
123333,123678,345,0,NTB,porque &n [/1],123333,123678,345,345,1.0,0,0
123678,123884,206,0,GE-Phrase,261,123162,126484,3322,206,1.0,516,-2600
123678,123884,206,0,NTB,né,123678,123884,206,206,1.0,0,0
123884,124797,913,0,GE-Phrase,261,123162,126484,3322,913,1.0,722,-1687
123884,124797,913,0,NTB,ia parar tudo,123884,124797,913,913,1.0,0,0
124797,126007,1210,0,GE-Phrase,261,123162,126484,3322,1210,1.0,1635,-477
124797,126007,1210,0,NTB,então vou monitorar quem,124797,126007,1210,1210,1.0,0,0
126007,127426,1419,0,GE-Phrase,261,123162,126484,3322,477,0.336,2845,942
126007,127426,1419,0,NTB,et cetera,126007,127426,1419,1419,1.0,0,0
131502,132715,1213,0,GE-Phrase,262,128821,132202,3381,700,0.577,2681,513
131502,132715,1213,0,GE-Phrase,263,132202,134077,1875,513,0.423,-700,-1362
131502,132715,1213,0,NTB,nũ tinha recebido nenhuma bolsa ainda né,131502,132715,1213,1213,1.0,0,0
132715,134762,2047,0,GE-Phrase,263,132202,134077,1875,1362,0.665,513,685
132715,134762,2047,0,GE-Phrase,264,134077,135782,1705,685,0.335,-1362,-1020
132715,134762,2047,0,NTB,tinha acabado de acontecer o processo,132715,134762,2047,2047,1.0,0,0
136371,137155,784,0,GE-Phrase,265,135782,138288,2506,784,1.0,589,-1133
136371,137155,784,0,NTB,a minha tutora,136371,137155,784,784,1.0,0,0
137155,137394,239,0,GE-Phrase,265,135782,138288,2506,239,1.0,1373,-894
137155,137394,239,0,NTB,né,137155,137394,239,239,1.0,0,0
141078,143026,1948,0,GE-Phrase,266,138288,141167,2879,89,0.046,2790,1859
141078,143026,1948,0,GE-Phrase,267,141167,142467,1300,1300,0.667,-89,559
141078,143026,1948,0,GE-Phrase,268,142467,145380,2913,559,0.287,-1389,-2354
141078,143026,1948,0,NTB,e a gente volta quando retomar a aula,141078,143026,1948,1948,1.0,0,0
149343,150432,1089,0,GE-Phrase,270,147413,149490,2077,147,0.135,1930,942
149343,150432,1089,0,GE-Phrase,271,149490,151803,2313,942,0.865,-147,-1371
149343,150432,1089,0,NTB,se cês concordarem,149343,150432,1089,1089,1.0,0,0
9631,12030,2399,0,GE-Phrase,205,9104,11228,2124,1597,0.666,527,802
9631,12030,2399,0,GE-Phrase,206,11228,13092,1864,802,0.334,-1597,-1062
9631,12030,2399,0,NTB,que inclusive tô produzindo um,9631,12030,2399,2399,1.0,0,0
12030,13506,1476,0,GE-Phrase,206,11228,13092,1864,1062,0.72,802,414
12030,13506,1476,0,GE-Phrase,207,13092,14908,1816,414,0.28,-1062,-1402
12030,13506,1476,0,NTB,p' cê ver a dubiedade da coisa,12030,13506,1476,1476,1.0,0,0
25187,26370,1183,0,GE-Phrase,212,23414,26572,3158,1183,1.0,1773,-202
25187,26370,1183,0,NTB,se eu reproduzir meu método,25187,26370,1183,1183,1.0,0,0
26370,27200,830,0,GE-Phrase,212,23414,26572,3158,202,0.243,2956,628
26370,27200,830,0,GE-Phrase,213,26572,28865,2293,628,0.757,-202,-1665
26370,27200,830,0,NTB,tá ligado,26370,27200,830,830,1.0,0,0
27200,28048,848,0,GE-Phrase,213,26572,28865,2293,848,1.0,628,-817
27200,28048,848,0,NTB,dentro da cultura,27200,28048,848,848,1.0,0,0
28048,29067,1019,0,GE-Phrase,213,26572,28865,2293,817,0.802,1476,202
28048,29067,1019,0,GE-Phrase,214,28865,30267,1402,202,0.198,-817,-1200
28048,29067,1019,0,NTB,e adequando e et cetera,28048,29067,1019,1019,1.0,0,0
69285,70269,984,0,GE-Phrase,233,69124,70078,954,793,0.806,161,191
69285,70269,984,0,GE-Phrase,234,70078,71694,1616,191,0.194,-793,-1425
69285,70269,984,0,NTB,o projeto é dela,69285,70269,984,984,1.0,0,0
123333,123678,345,0,GE-Phrase,261,123162,126484,3322,345,1.0,171,-2806
123333,123678,345,0,NTB,porque &n [/1],123333,123678,345,345,1.0,0,0
123678,123884,206,0,GE-Phrase,261,123162,126484,3322,206,1.0,516,-2600
123678,123884,206,0,NTB,né,123678,123884,206,206,1.0,0,0
123884,124797,913,0,GE-Phrase,261,123162,126484,3322,913,1.0,722,-1687
123884,124797,913,0,NTB,ia parar tudo,123884,124797,913,913,1.0,0,0
124797,126007,1210,0,GE-Phrase,261,123162,126484,3322,1210,1.0,1635,-477
124797,126007,1210,0,NTB,então vou monitorar quem,124797,126007,1210,1210,1.0,0,0
126007,127426,1419,0,GE-Phrase,261,123162,126484,3322,477,0.336,2845,942
126007,127426,1419,0,NTB,et cetera,126007,127426,1419,1419,1.0,0,0
131502,132715,1213,0,GE-Phrase,262,128821,132202,3381,700,0.577,2681,513
131502,132715,1213,0,GE-Phrase,263,132202,134077,1875,513,0.423,-700,-1362
131502,132715,1213,0,NTB,nũ tinha recebido nenhuma bolsa ainda né,131502,132715,1213,1213,1.0,0,0
132715,134762,2047,0,GE-Phrase,263,132202,134077,1875,1362,0.665,513,685
132715,134762,2047,0,GE-Phrase,264,134077,135782,1705,685,0.335,-1362,-1020
132715,134762,2047,0,NTB,tinha acabado de acontecer o processo,132715,134762,2047,2047,1.0,0,0
136371,137155,784,0,GE-Phrase,265,135782,138288,2506,784,1.0,589,-1133
136371,137155,784,0,NTB,a minha tutora,136371,137155,784,784,1.0,0,0
137155,137394,239,0,GE-Phrase,265,135782,138288,2506,239,1.0,1373,-894
137155,137394,239,0,NTB,né,137155,137394,239,239,1.0,0,0
141078,143026,1948,0,GE-Phrase,266,138288,141167,2879,89,0.046,2790,1859
141078,143026,1948,0,GE-Phrase,267,141167,142467,1300,1300,0.667,-89,559
141078,143026,1948,0,GE-Phrase,268,142467,145380,2913,559,0.287,-1389,-2354
141078,143026,1948,0,NTB,e a gente volta quando retomar a aula,141078,143026,1948,1948,1.0,0,0
149343,150432,1089,0,GE-Phrase,270,147413,149490,2077,147,0.135,1930,942
149343,150432,1089,0,GE-Phrase,271,149490,151803,2313,942,0.865,-147,-1371
149343,150432,1089,0,NTB,se cês concordarem,149343,150432,1089,1089,1.0,0,0
9631,12030,2399,0,GE-Phrase,205,9104,11228,2124,1597,0.666,527,802
9631,12030,2399,0,GE-Phrase,206,11228,13092,1864,802,0.334,-1597,-1062
9631,12030,2399,0,NTB,que inclusive tô produzindo um,9631,12030,2399,2399,1.0,0,0
12030,13506,1476,0,GE-Phrase,206,11228,13092,1864,1062,0.72,802,414
12030,13506,1476,0,GE-Phrase,207,13092,14908,1816,414,0.28,-1062,-1402
12030,13506,1476,0,NTB,p' cê ver a dubiedade da coisa,12030,13506,1476,1476,1.0,0,0
25187,26370,1183,0,GE-Phrase,212,23414,26572,3158,1183,1.0,1773,-202
25187,26370,1183,0,NTB,se eu reproduzir meu método,25187,26370,1183,1183,1.0,0,0
26370,27200,830,0,GE-Phrase,212,23414,26572,3158,202,0.243,2956,628
26370,27200,830,0,GE-Phrase,213,26572,28865,2293,628,0.757,-202,-1665
26370,27200,830,0,NTB,tá ligado,26370,27200,830,830,1.0,0,0
27200,28048,848,0,GE-Phrase,213,26572,28865,2293,848,1.0,628,-817
27200,28048,848,0,NTB,dentro da cultura,27200,28048,848,848,1.0,0,0
28048,29067,1019,0,GE-Phrase,213,26572,28865,2293,817,0.802,1476,202
28048,29067,1019,0,GE-Phrase,214,28865,30267,1402,202,0.198,-817,-1200
28048,29067,1019,0,NTB,e adequando e et cetera,28048,29067,1019,1019,1.0,0,0
69285,70269,984,0,GE-Phrase,233,69124,70078,954,793,0.806,161,191
69285,70269,984,0,GE-Phrase,234,70078,71694,1616,191,0.194,-793,-1425
69285,70269,984,0,NTB,o projeto é dela,69285,70269,984,984,1.0,0,0
123333,123678,345,0,GE-Phrase,261,123162,126484,3322,345,1.0,171,-2806
123333,123678,345,0,NTB,porque &n [/1],123333,123678,345,345,1.0,0,0
123678,123884,206,0,GE-Phrase,261,123162,126484,3322,206,1.0,516,-2600
123678,123884,206,0,NTB,né,123678,123884,206,206,1.0,0,0
123884,124797,913,0,GE-Phrase,261,123162,126484,3322,913,1.0,722,-1687
123884,124797,913,0,NTB,ia parar tudo,123884,124797,913,913,1.0,0,0
124797,126007,1210,0,GE-Phrase,261,123162,126484,3322,1210,1.0,1635,-477
124797,126007,1210,0,NTB,então vou monitorar quem,124797,126007,1210,1210,1.0,0,0
126007,127426,1419,0,GE-Phrase,261,123162,126484,3322,477,0.336,2845,942
126007,127426,1419,0,NTB,et cetera,126007,127426,1419,1419,1.0,0,0
131502,132715,1213,0,GE-Phrase,262,128821,132202,3381,700,0.577,2681,513
131502,132715,1213,0,GE-Phrase,263,132202,134077,1875,513,0.423,-700,-1362
131502,132715,1213,0,NTB,nũ tinha recebido nenhuma bolsa ainda né,131502,132715,1213,1213,1.0,0,0
132715,134762,2047,0,GE-Phrase,263,132202,134077,1875,1362,0.665,513,685
132715,134762,2047,0,GE-Phrase,264,134077,135782,1705,685,0.335,-1362,-1020
132715,134762,2047,0,NTB,tinha acabado de acontecer o processo,132715,134762,2047,2047,1.0,0,0
136371,137155,784,0,GE-Phrase,265,135782,138288,2506,784,1.0,589,-1133
136371,137155,784,0,NTB,a minha tutora,136371,137155,784,784,1.0,0,0
137155,137394,239,0,GE-Phrase,265,135782,138288,2506,239,1.0,1373,-894
137155,137394,239,0,NTB,né,137155,137394,239,239,1.0,0,0
141078,143026,1948,0,GE-Phrase,266,138288,141167,2879,89,0.046,2790,1859
141078,143026,1948,0,GE-Phrase,267,141167,142467,1300,1300,0.667,-89,559
141078,143026,1948,0,GE-Phrase,268,142467,145380,2913,559,0.287,-1389,-2354
141078,143026,1948,0,NTB,e a gente volta quando retomar a aula,141078,143026,1948,1948,1.0,0,0
149343,150432,1089,0,GE-Phrase,270,147413,149490,2077,147,0.135,1930,942
149343,150432,1089,0,GE-Phrase,271,149490,151803,2313,942,0.865,-147,-1371
149343,150432,1089,0,NTB,se cês concordarem,149343,150432,1089,1089,1.0,0,0
9631,12030,2399,0,GE-Phrase,205,9104,11228,2124,1597,0.666,527,802
9631,12030,2399,0,GE-Phrase,206,11228,13092,1864,802,0.334,-1597,-1062
9631,12030,2399,0,NTB,que inclusive tô produzindo um,9631,12030,2399,2399,1.0,0,0
12030,13506,1476,0,GE-Phrase,206,11228,13092,1864,1062,0.72,802,414
12030,13506,1476,0,GE-Phrase,207,13092,14908,1816,414,0.28,-1062,-1402
12030,13506,1476,0,NTB,p' cê ver a dubiedade da coisa,12030,13506,1476,1476,1.0,0,0
25187,26370,1183,0,GE-Phrase,212,23414,26572,3158,1183,1.0,1773,-202
25187,26370,1183,0,NTB,se eu reproduzir meu método,25187,26370,1183,1183,1.0,0,0
26370,27200,830,0,GE-Phrase,212,23414,26572,3158,202,0.243,2956,628
26370,27200,830,0,GE-Phrase,213,26572,28865,2293,628,0.757,-202,-1665
26370,27200,830,0,NTB,tá ligado,26370,27200,830,830,1.0,0,0
27200,28048,848,0,GE-Phrase,213,26572,28865,2293,848,1.0,628,-817
27200,28048,848,0,NTB,dentro da cultura,27200,28048,848,848,1.0,0,0
28048,29067,1019,0,GE-Phrase,213,26572,28865,2293,817,0.802,1476,202
28048,29067,1019,0,GE-Phrase,214,28865,30267,1402,202,0.198,-817,-1200
28048,29067,1019,0,NTB,e adequando e et cetera,28048,29067,1019,1019,1.0,0,0
69285,70269,984,0,GE-Phrase,233,69124,70078,954,793,0.806,161,191
69285,70269,984,0,GE-Phrase,234,70078,71694,1616,191,0.194,-793,-1425
69285,70269,984,0,NTB,o projeto é dela,69285,70269,984,984,1.0,0,0
123333,123678,345,0,GE-Phrase,261,123162,126484,3322,345,1.0,171,-2806
123333,123678,345,0,NTB,porque &n [/1],123333,123678,345,345,1.0,0,0
123678,123884,206,0,GE-Phrase,261,123162,126484,3322,206,1.0,516,-2600
123678,123884,206,0,NTB,né,123678,123884,206,206,1.0,0,0
123884,124797,913,0,GE-Phrase,261,123162,126484,3322,913,1.0,722,-1687
123884,124797,913,0,NTB,ia parar tudo,123884,124797,913,913,1.0,0,0
124797,126007,1210,0,GE-Phrase,261,123162,126484,3322,1210,1.0,1635,-477
124797,126007,1210,0,NTB,então vou monitorar quem,124797,126007,1210,1210,1.0,0,0
126007,127426,1419,0,GE-Phrase,261,123162,126484,3322,477,0.336,2845,942
126007,127426,1419,0,NTB,et cetera,126007,127426,1419,1419,1.0,0,0
131502,132715,1213,0,GE-Phrase,262,128821,132202,3381,700,0.577,2681,513
131502,132715,1213,0,GE-Phrase,263,132202,134077,1875,513,0.423,-700,-1362
131502,132715,1213,0,NTB,nũ tinha recebido nenhuma bolsa ainda né,131502,132715,1213,1213,1.0,0,0
132715,134762,2047,0,GE-Phrase,263,132202,134077,1875,1362,0.665,513,685
132715,134762,2047,0,GE-Phrase,264,134077,135782,1705,685,0.335,-1362,-1020
132715,134762,2047,0,NTB,tinha acabado de acontecer o processo,132715,134762,2047,2047,1.0,0,0
136371,137155,784,0,GE-Phrase,265,135782,138288,2506,784,1.0,589,-1133
136371,137155,784,0,NTB,a minha tutora,136371,137155,784,784,1.0,0,0
137155,137394,239,0,GE-Phrase,265,135782,138288,2506,239,1.0,1373,-894
137155,137394,239,0,NTB,né,137155,137394,239,239,1.0,0,0
141078,143026,1948,0,GE-Phrase,266,138288,141167,2879,89,0.046,2790,1859
141078,143026,1948,0,GE-Phrase,267,141167,142467,1300,1300,0.667,-89,559
141078,143026,1948,0,GE-Phrase,268,142467,145380,2913,559,0.287,-1389,-2354
141078,143026,1948,0,NTB,e a gente volta quando retomar a aula,141078,143026,1948,1948,1.0,0,0
149343,150432,1089,0,GE-Phrase,270,147413,149490,2077,147,0.135,1930,942
149343,150432,1089,0,GE-Phrase,271,149490,151803,2313,942,0.865,-147,-1371
149343,150432,1089,0,NTB,se cês concordarem,149343,150432,1089,1089,1.0,0,0
9631,12030,2399,0,GE-Phrase,205,9104,11228,2124,1597,0.666,527,802
9631,12030,2399,0,GE-Phrase,206,11228,13092,1864,802,0.334,-1597,-1062
9631,12030,2399,0,NTB,que inclusive tô produzindo um,9631,12030,2399,2399,1.0,0,0
12030,13506,1476,0,GE-Phrase,206,11228,13092,1864,1062,0.72,802,414
12030,13506,1476,0,GE-Phrase,207,13092,14908,1816,414,0.28,-1062,-1402
12030,13506,1476,0,NTB,p' cê ver a dubiedade da coisa,12030,13506,1476,1476,1.0,0,0
25187,26370,1183,0,GE-Phrase,212,23414,26572,3158,1183,1.0,1773,-202
25187,26370,1183,0,NTB,se eu reproduzir meu método,25187,26370,1183,1183,1.0,0,0
26370,27200,830,0,GE-Phrase,212,23414,26572,3158,202,0.243,2956,628
26370,27200,830,0,GE-Phrase,213,26572,28865,2293,628,0.757,-202,-1665
26370,27200,830,0,NTB,tá ligado,26370,27200,830,830,1.0,0,0
27200,28048,848,0,GE-Phrase,213,26572,28865,2293,848,1.0,628,-817
27200,28048,848,0,NTB,dentro da cultura,27200,28048,848,848,1.0,0,0
28048,29067,1019,0,GE-Phrase,213,26572,28865,2293,817,0.802,1476,202
28048,29067,1019,0,GE-Phrase,214,28865,30267,1402,202,0.198,-817,-1200
28048,29067,1019,0,NTB,e adequando e et cetera,28048,29067,1019,1019,1.0,0,0
69285,70269,984,0,GE-Phrase,233,69124,70078,954,793,0.806,161,191
69285,70269,984,0,GE-Phrase,234,70078,71694,1616,191,0.194,-793,-1425
69285,70269,984,0,NTB,o projeto é dela,69285,70269,984,984,1.0,0,0
123333,123678,345,0,GE-Phrase,261,123162,126484,3322,345,1.0,171,-2806
123333,123678,345,0,NTB,porque &n [/1],123333,123678,345,345,1.0,0,0
123678,123884,206,0,GE-Phrase,261,123162,126484,3322,206,1.0,516,-2600
123678,123884,206,0,NTB,né,123678,123884,206,206,1.0,0,0
123884,124797,913,0,GE-Phrase,261,123162,126484,3322,913,1.0,722,-1687
123884,124797,913,0,NTB,ia parar tudo,123884,124797,913,913,1.0,0,0
124797,126007,1210,0,GE-Phrase,261,123162,126484,3322,1210,1.0,1635,-477
124797,126007,1210,0,NTB,então vou monitorar quem,124797,126007,1210,1210,1.0,0,0
126007,127426,1419,0,GE-Phrase,261,123162,126484,3322,477,0.336,2845,942
126007,127426,1419,0,NTB,et cetera,126007,127426,1419,1419,1.0,0,0
131502,132715,1213,0,GE-Phrase,262,128821,132202,3381,700,0.577,2681,513
131502,132715,1213,0,GE-Phrase,263,132202,134077,1875,513,0.423,-700,-1362
131502,132715,1213,0,NTB,nũ tinha recebido nenhuma bolsa ainda né,131502,132715,1213,1213,1.0,0,0
132715,134762,2047,0,GE-Phrase,263,132202,134077,1875,1362,0.665,513,685
132715,134762,2047,0,GE-Phrase,264,134077,135782,1705,685,0.335,-1362,-1020
132715,134762,2047,0,NTB,tinha acabado de acontecer o processo,132715,134762,2047,2047,1.0,0,0
136371,137155,784,0,GE-Phrase,265,135782,138288,2506,784,1.0,589,-1133
136371,137155,784,0,NTB,a minha tutora,136371,137155,784,784,1.0,0,0
137155,137394,239,0,GE-Phrase,265,135782,138288,2506,239,1.0,1373,-894
137155,137394,239,0,NTB,né,137155,137394,239,239,1.0,0,0
141078,143026,1948,0,GE-Phrase,266,138288,141167,2879,89,0.046,2790,1859
141078,143026,1948,0,GE-Phrase,267,141167,142467,1300,1300,0.667,-89,559
141078,143026,1948,0,GE-Phrase,268,142467,145380,2913,559,0.287,-1389,-2354
141078,143026,1948,0,NTB,e a gente volta quando retomar a aula,141078,143026,1948,1948,1.0,0,0
149343,150432,1089,0,GE-Phrase,270,147413,149490,2077,147,0.135,1930,942
149343,150432,1089,0,GE-Phrase,271,149490,151803,2313,942,0.865,-147,-1371
149343,150432,1089,0,NTB,se cês concordarem,149343,150432,1089,1089,1.0,0,0
9631,12030,2399,0,GE-Phrase,205,9104,11228,2124,1597,0.666,527,802
9631,12030,2399,0,GE-Phrase,206,11228,13092,1864,802,0.334,-1597,-1062
9631,12030,2399,0,NTB,que inclusive tô produzindo um,9631,12030,2399,2399,1.0,0,0
12030,13506,1476,0,GE-Phrase,206,11228,13092,1864,1062,0.72,802,414
12030,13506,1476,0,GE-Phrase,207,13092,14908,1816,414,0.28,-1062,-1402
12030,13506,1476,0,NTB,p' cê ver a dubiedade da coisa,12030,13506,1476,1476,1.0,0,0
25187,26370,1183,0,GE-Phrase,212,23414,26572,3158,1183,1.0,1773,-202
25187,26370,1183,0,NTB,se eu reproduzir meu método,25187,26370,1183,1183,1.0,0,0
26370,27200,830,0,GE-Phrase,212,23414,26572,3158,202,0.243,2956,628
26370,27200,830,0,GE-Phrase,213,26572,28865,2293,628,0.757,-202,-1665
26370,27200,830,0,NTB,tá ligado,26370,27200,830,830,1.0,0,0
27200,28048,848,0,GE-Phrase,213,26572,28865,2293,848,1.0,628,-817
27200,28048,848,0,NTB,dentro da cultura,27200,28048,848,848,1.0,0,0
28048,29067,1019,0,GE-Phrase,213,26572,28865,2293,817,0.802,1476,202
28048,29067,1019,0,GE-Phrase,214,28865,30267,1402,202,0.198,-817,-1200
28048,29067,1019,0,NTB,e adequando e et cetera,28048,29067,1019,1019,1.0,0,0
69285,70269,984,0,GE-Phrase,233,69124,70078,954,793,0.806,161,191
69285,70269,984,0,GE-Phrase,234,70078,71694,1616,191,0.194,-793,-1425
69285,70269,984,0,NTB,o projeto é dela,69285,70269,984,984,1.0,0,0
123333,123678,345,0,GE-Phrase,261,123162,126484,3322,345,1.0,171,-2806
123333,123678,345,0,NTB,porque &n [/1],123333,123678,345,345,1.0,0,0
123678,123884,206,0,GE-Phrase,261,123162,126484,3322,206,1.0,516,-2600
123678,123884,206,0,NTB,né,123678,123884,206,206,1.0,0,0
123884,124797,913,0,GE-Phrase,261,123162,126484,3322,913,1.0,722,-1687
123884,124797,913,0,NTB,ia parar tudo,123884,124797,913,913,1.0,0,0
124797,126007,1210,0,GE-Phrase,261,123162,126484,3322,1210,1.0,1635,-477
124797,126007,1210,0,NTB,então vou monitorar quem,124797,126007,1210,1210,1.0,0,0
126007,127426,1419,0,GE-Phrase,261,123162,126484,3322,477,0.336,2845,942
126007,127426,1419,0,NTB,et cetera,126007,127426,1419,1419,1.0,0,0
131502,132715,1213,0,GE-Phrase,262,128821,132202,3381,700,0.577,2681,513
131502,132715,1213,0,GE-Phrase,263,132202,134077,1875,513,0.423,-700,-1362
131502,132715,1213,0,NTB,nũ tinha recebido nenhuma bolsa ainda né,131502,132715,1213,1213,1.0,0,0
132715,134762,2047,0,GE-Phrase,263,132202,134077,1875,1362,0.665,513,685
132715,134762,2047,0,GE-Phrase,264,134077,135782,1705,685,0.335,-1362,-1020
132715,134762,2047,0,NTB,tinha acabado de acontecer o processo,132715,134762,2047,2047,1.0,0,0
136371,137155,784,0,GE-Phrase,265,135782,138288,2506,784,1.0,589,-1133
136371,137155,784,0,NTB,a minha tutora,136371,137155,784,784,1.0,0,0
137155,137394,239,0,GE-Phrase,265,135782,138288,2506,239,1.0,1373,-894
137155,137394,239,0,NTB,né,137155,137394,239,239,1.0,0,0
141078,143026,1948,0,GE-Phrase,266,138288,141167,2879,89,0.046,2790,1859
141078,143026,1948,0,GE-Phrase,267,141167,142467,1300,1300,0.667,-89,559
141078,143026,1948,0,GE-Phrase,268,142467,145380,2913,559,0.287,-1389,-2354
141078,143026,1948,0,NTB,e a gente volta quando retomar a aula,141078,143026,1948,1948,1.0,0,0
149343,150432,1089,0,GE-Phrase,270,147413,149490,2077,147,0.135,1930,942
149343,150432,1089,0,GE-Phrase,271,149490,151803,2313,942,0.865,-147,-1371
149343,150432,1089,0,NTB,se cês concordarem,149343,150432,1089,1089,1.0,0,0
9631,12030,2399,0,GE-Phrase,205,9104,11228,2124,1597,0.666,527,802
9631,12030,2399,0,GE-Phrase,206,11228,13092,1864,802,0.334,-1597,-1062
9631,12030,2399,0,NTB,que inclusive tô produzindo um,9631,12030,2399,2399,1.0,0,0
12030,13506,1476,0,GE-Phrase,206,11228,13092,1864,1062,0.72,802,414
12030,13506,1476,0,GE-Phrase,207,13092,14908,1816,414,0.28,-1062,-1402
12030,13506,1476,0,NTB,p' cê ver a dubiedade da coisa,12030,13506,1476,1476,1.0,0,0
25187,26370,1183,0,GE-Phrase,212,23414,26572,3158,1183,1.0,1773,-202
25187,26370,1183,0,NTB,se eu reproduzir meu método,25187,26370,1183,1183,1.0,0,0
26370,27200,830,0,GE-Phrase,212,23414,26572,3158,202,0.243,2956,628
26370,27200,830,0,GE-Phrase,213,26572,28865,2293,628,0.757,-202,-1665
26370,27200,830,0,NTB,tá ligado,26370,27200,830,830,1.0,0,0
27200,28048,848,0,GE-Phrase,213,26572,28865,2293,848,1.0,628,-817
27200,28048,848,0,NTB,dentro da cultura,27200,28048,848,848,1.0,0,0
28048,29067,1019,0,GE-Phrase,213,26572,28865,2293,817,0.802,1476,202
28048,29067,1019,0,GE-Phrase,214,28865,30267,1402,202,0.198,-817,-1200
28048,29067,1019,0,NTB,e adequando e et cetera,28048,29067,1019,1019,1.0,0,0
69285,70269,984,0,GE-Phrase,233,69124,70078,954,793,0.806,161,191
69285,70269,984,0,GE-Phrase,234,70078,71694,1616,191,0.194,-793,-1425
69285,70269,984,0,NTB,o projeto é dela,69285,70269,984,984,1.0,0,0
123333,123678,345,0,GE-Phrase,261,123162,126484,3322,345,1.0,171,-2806
123333,123678,345,0,NTB,porque &n [/1],123333,123678,345,345,1.0,0,0
123678,123884,206,0,GE-Phrase,261,123162,126484,3322,206,1.0,516,-2600
123678,123884,206,0,NTB,né,123678,123884,206,206,1.0,0,0
123884,124797,913,0,GE-Phrase,261,123162,126484,3322,913,1.0,722,-1687
123884,124797,913,0,NTB,ia parar tudo,123884,124797,913,913,1.0,0,0
124797,126007,1210,0,GE-Phrase,261,123162,126484,3322,1210,1.0,1635,-477
124797,126007,1210,0,NTB,então vou monitorar quem,124797,126007,1210,1210,1.0,0,0
126007,127426,1419,0,GE-Phrase,261,123162,126484,3322,477,0.336,2845,942
126007,127426,1419,0,NTB,et cetera,126007,127426,1419,1419,1.0,0,0
131502,132715,1213,0,GE-Phrase,262,128821,132202,3381,700,0.577,2681,513
131502,132715,1213,0,GE-Phrase,263,132202,134077,1875,513,0.423,-700,-1362
131502,132715,1213,0,NTB,nũ tinha recebido nenhuma bolsa ainda né,131502,132715,1213,1213,1.0,0,0
132715,134762,2047,0,GE-Phrase,263,132202,134077,1875,1362,0.665,513,685
132715,134762,2047,0,GE-Phrase,264,134077,135782,1705,685,0.335,-1362,-1020
132715,134762,2047,0,NTB,tinha acabado de acontecer o processo,132715,134762,2047,2047,1.0,0,0
136371,137155,784,0,GE-Phrase,265,135782,138288,2506,784,1.0,589,-1133
136371,137155,784,0,NTB,a minha tutora,136371,137155,784,784,1.0,0,0
137155,137394,239,0,GE-Phrase,265,135782,138288,2506,239,1.0,1373,-894
137155,137394,239,0,NTB,né,137155,137394,239,239,1.0,0,0
141078,143026,1948,0,GE-Phrase,266,138288,141167,2879,89,0.046,2790,1859
141078,143026,1948,0,GE-Phrase,267,141167,142467,1300,1300,0.667,-89,559
141078,143026,1948,0,GE-Phrase,268,142467,145380,2913,559,0.287,-1389,-2354
141078,143026,1948,0,NTB,e a gente volta quando retomar a aula,141078,143026,1948,1948,1.0,0,0
149343,150432,1089,0,GE-Phrase,270,147413,149490,2077,147,0.135,1930,942
149343,150432,1089,0,GE-Phrase,271,149490,151803,2313,942,0.865,-147,-1371
149343,150432,1089,0,NTB,se cês concordarem,149343,150432,1089,1089,1.0,0,0
9631,12030,2399,0,GE-Phrase,205,9104,11228,2124,1597,0.666,527,802
9631,12030,2399,0,GE-Phrase,206,11228,13092,1864,802,0.334,-1597,-1062
9631,12030,2399,0,NTB,que inclusive tô produzindo um,9631,12030,2399,2399,1.0,0,0
12030,13506,1476,0,GE-Phrase,206,11228,13092,1864,1062,0.72,802,414
12030,13506,1476,0,GE-Phrase,207,13092,14908,1816,414,0.28,-1062,-1402
12030,13506,1476,0,NTB,p' cê ver a dubiedade da coisa,12030,13506,1476,1476,1.0,0,0
25187,26370,1183,0,GE-Phrase,212,23414,26572,3158,1183,1.0,1773,-202
25187,26370,1183,0,NTB,se eu reproduzir meu método,25187,26370,1183,1183,1.0,0,0
26370,27200,830,0,GE-Phrase,212,23414,26572,3158,202,0.243,2956,628
26370,27200,830,0,GE-Phrase,213,26572,28865,2293,628,0.757,-202,-1665
26370,27200,830,0,NTB,tá ligado,26370,27200,830,830,1.0,0,0
27200,28048,848,0,GE-Phrase,213,26572,28865,2293,848,1.0,628,-817
27200,28048,848,0,NTB,dentro da cultura,27200,28048,848,848,1.0,0,0
28048,29067,1019,0,GE-Phrase,213,26572,28865,2293,817,0.802,1476,202
28048,29067,1019,0,GE-Phrase,214,28865,30267,1402,202,0.198,-817,-1200
28048,29067,1019,0,NTB,e adequando e et cetera,28048,29067,1019,1019,1.0,0,0
69285,70269,984,0,GE-Phrase,233,69124,70078,954,793,0.806,161,191
69285,70269,984,0,GE-Phrase,234,70078,71694,1616,191,0.194,-793,-1425
69285,70269,984,0,NTB,o projeto é dela,69285,70269,984,984,1.0,0,0
123333,123678,345,0,GE-Phrase,261,123162,126484,3322,345,1.0,171,-2806
123333,123678,345,0,NTB,porque &n [/1],123333,123678,345,345,1.0,0,0
123678,123884,206,0,GE-Phrase,261,123162,126484,3322,206,1.0,516,-2600
123678,123884,206,0,NTB,né,123678,123884,206,206,1.0,0,0
123884,124797,913,0,GE-Phrase,261,123162,126484,3322,913,1.0,722,-1687
123884,124797,913,0,NTB,ia parar tudo,123884,124797,913,913,1.0,0,0
124797,126007,1210,0,GE-Phrase,261,123162,126484,3322,1210,1.0,1635,-477
124797,126007,1210,0,NTB,então vou monitorar quem,124797,126007,1210,1210,1.0,0,0
126007,127426,1419,0,GE-Phrase,261,123162,126484,3322,477,0.336,2845,942
126007,127426,1419,0,NTB,et cetera,126007,127426,1419,1419,1.0,0,0
131502,132715,1213,0,GE-Phrase,262,128821,132202,3381,700,0.577,2681,513
131502,132715,1213,0,GE-Phrase,263,132202,134077,1875,513,0.423,-700,-1362
131502,132715,1213,0,NTB,nũ tinha recebido nenhuma bolsa ainda né,131502,132715,1213,1213,1.0,0,0
132715,134762,2047,0,GE-Phrase,263,132202,134077,1875,1362,0.665,513,685
132715,134762,2047,0,GE-Phrase,264,134077,135782,1705,685,0.335,-1362,-1020
132715,134762,2047,0,NTB,tinha acabado de acontecer o processo,132715,134762,2047,2047,1.0,0,0
136371,137155,784,0,GE-Phrase,265,135782,138288,2506,784,1.0,589,-1133
136371,137155,784,0,NTB,a minha tutora,136371,137155,784,784,1.0,0,0
137155,137394,239,0,GE-Phrase,265,135782,138288,2506,239,1.0,1373,-894
137155,137394,239,0,NTB,né,137155,137394,239,239,1.0,0,0
141078,143026,1948,0,GE-Phrase,266,138288,141167,2879,89,0.046,2790,1859
141078,143026,1948,0,GE-Phrase,267,141167,142467,1300,1300,0.667,-89,559
141078,143026,1948,0,GE-Phrase,268,142467,145380,2913,559,0.287,-1389,-2354
141078,143026,1948,0,NTB,e a gente volta quando retomar a aula,141078,143026,1948,1948,1.0,0,0
149343,150432,1089,0,GE-Phrase,270,147413,149490,2077,147,0.135,1930,942
149343,150432,1089,0,GE-Phrase,271,149490,151803,2313,942,0.865,-147,-1371
149343,150432,1089,0,NTB,se cês concordarem,149343,150432,1089,1089,1.0,0,0
9631,12030,2399,0,GE-Phrase,205,9104,11228,2124,1597,0.666,527,802
9631,12030,2399,0,GE-Phrase,206,11228,13092,1864,802,0.334,-1597,-1062
9631,12030,2399,0,NTB,que inclusive tô produzindo um,9631,12030,2399,2399,1.0,0,0
12030,13506,1476,0,GE-Phrase,206,11228,13092,1864,1062,0.72,802,414
12030,13506,1476,0,GE-Phrase,207,13092,14908,1816,414,0.28,-1062,-1402
12030,13506,1476,0,NTB,p' cê ver a dubiedade da coisa,12030,13506,1476,1476,1.0,0,0
25187,26370,1183,0,GE-Phrase,212,23414,26572,3158,1183,1.0,1773,-202
25187,26370,1183,0,NTB,se eu reproduzir meu método,25187,26370,1183,1183,1.0,0,0
26370,27200,830,0,GE-Phrase,212,23414,26572,3158,202,0.243,2956,628
26370,27200,830,0,GE-Phrase,213,26572,28865,2293,628,0.757,-202,-1665
26370,27200,830,0,NTB,tá ligado,26370,27200,830,830,1.0,0,0
27200,28048,848,0,GE-Phrase,213,26572,28865,2293,848,1.0,628,-817
27200,28048,848,0,NTB,dentro da cultura,27200,28048,848,848,1.0,0,0
28048,29067,1019,0,GE-Phrase,213,26572,28865,2293,817,0.802,1476,202
28048,29067,1019,0,GE-Phrase,214,28865,30267,1402,202,0.198,-817,-1200
28048,29067,1019,0,NTB,e adequando e et cetera,28048,29067,1019,1019,1.0,0,0
69285,70269,984,0,GE-Phrase,233,69124,70078,954,793,0.806,161,191
69285,70269,984,0,GE-Phrase,234,70078,71694,1616,191,0.194,-793,-1425
69285,70269,984,0,NTB,o projeto é dela,69285,70269,984,984,1.0,0,0
123333,123678,345,0,GE-Phrase,261,123162,126484,3322,345,1.0,171,-2806
123333,123678,345,0,NTB,porque &n [/1],123333,123678,345,345,1.0,0,0
123678,123884,206,0,GE-Phrase,261,123162,126484,3322,206,1.0,516,-2600
123678,123884,206,0,NTB,né,123678,123884,206,206,1.0,0,0
123884,124797,913,0,GE-Phrase,261,123162,126484,3322,913,1.0,722,-1687
123884,124797,913,0,NTB,ia parar tudo,123884,124797,913,913,1.0,0,0
124797,126007,1210,0,GE-Phrase,261,123162,126484,3322,1210,1.0,1635,-477
124797,126007,1210,0,NTB,então vou monitorar quem,124797,126007,1210,1210,1.0,0,0
126007,127426,1419,0,GE-Phrase,261,123162,126484,3322,477,0.336,2845,942
126007,127426,1419,0,NTB,et cetera,126007,127426,1419,1419,1.0,0,0
131502,132715,1213,0,GE-Phrase,262,128821,132202,3381,700,0.577,2681,513
131502,132715,1213,0,GE-Phrase,263,132202,134077,1875,513,0.423,-700,-1362
131502,132715,1213,0,NTB,nũ tinha recebido nenhuma bolsa ainda né,131502,132715,1213,1213,1.0,0,0
132715,134762,2047,0,GE-Phrase,263,132202,134077,1875,1362,0.665,513,685
132715,134762,2047,0,GE-Phrase,264,134077,135782,1705,685,0.335,-1362,-1020
132715,134762,2047,0,NTB,tinha acabado de acontecer o processo,132715,134762,2047,2047,1.0,0,0
136371,137155,784,0,GE-Phrase,265,135782,138288,2506,784,1.0,589,-1133
136371,137155,784,0,NTB,a minha tutora,136371,137155,784,784,1.0,0,0
137155,137394,239,0,GE-Phrase,265,135782,138288,2506,239,1.0,1373,-894
137155,137394,239,0,NTB,né,137155,137394,239,239,1.0,0,0
141078,143026,1948,0,GE-Phrase,266,138288,141167,2879,89,0.046,2790,1859
141078,143026,1948,0,GE-Phrase,267,141167,142467,1300,1300,0.667,-89,559
141078,143026,1948,0,GE-Phrase,268,142467,145380,2913,559,0.287,-1389,-2354
141078,143026,1948,0,NTB,e a gente volta quando retomar a aula,141078,143026,1948,1948,1.0,0,0
149343,150432,1089,0,GE-Phrase,270,147413,149490,2077,147,0.135,1930,942
149343,150432,1089,0,GE-Phrase,271,149490,151803,2313,942,0.865,-147,-1371
149343,150432,1089,0,NTB,se cês concordarem,149343,150432,1089,1089,1.0,0,0
9631,12030,2399,0,GE-Phrase,205,9104,11228,2124,1597,0.666,527,802
9631,12030,2399,0,GE-Phrase,206,11228,13092,1864,802,0.334,-1597,-1062
9631,12030,2399,0,NTB,que inclusive tô produzindo um,9631,12030,2399,2399,1.0,0,0
12030,13506,1476,0,GE-Phrase,206,11228,13092,1864,1062,0.72,802,414
12030,13506,1476,0,GE-Phrase,207,13092,14908,1816,414,0.28,-1062,-1402
12030,13506,1476,0,NTB,p' cê ver a dubiedade da coisa,12030,13506,1476,1476,1.0,0,0
25187,26370,1183,0,GE-Phrase,212,23414,26572,3158,1183,1.0,1773,-202
25187,26370,1183,0,NTB,se eu reproduzir meu método,25187,26370,1183,1183,1.0,0,0
26370,27200,830,0,GE-Phrase,212,23414,26572,3158,202,0.243,2956,628
26370,27200,830,0,GE-Phrase,213,26572,28865,2293,628,0.757,-202,-1665
26370,27200,830,0,NTB,tá ligado,26370,27200,830,830,1.0,0,0
27200,28048,848,0,GE-Phrase,213,26572,28865,2293,848,1.0,628,-817
27200,28048,848,0,NTB,dentro da cultura,27200,28048,848,848,1.0,0,0
28048,29067,1019,0,GE-Phrase,213,26572,28865,2293,817,0.802,1476,202
28048,29067,1019,0,GE-Phrase,214,28865,30267,1402,202,0.198,-817,-1200
28048,29067,1019,0,NTB,e adequando e et cetera,28048,29067,1019,1019,1.0,0,0
69285,70269,984,0,GE-Phrase,233,69124,70078,954,793,0.806,161,191
69285,70269,984,0,GE-Phrase,234,70078,71694,1616,191,0.194,-793,-1425
69285,70269,984,0,NTB,o projeto é dela,69285,70269,984,984,1.0,0,0
123333,123678,345,0,GE-Phrase,261,123162,126484,3322,345,1.0,171,-2806
123333,123678,345,0,NTB,porque &n [/1],123333,123678,345,345,1.0,0,0
123678,123884,206,0,GE-Phrase,261,123162,126484,3322,206,1.0,516,-2600
123678,123884,206,0,NTB,né,123678,123884,206,206,1.0,0,0
123884,124797,913,0,GE-Phrase,261,123162,126484,3322,913,1.0,722,-1687
123884,124797,913,0,NTB,ia parar tudo,123884,124797,913,913,1.0,0,0
124797,126007,1210,0,GE-Phrase,261,123162,126484,3322,1210,1.0,1635,-477
124797,126007,1210,0,NTB,então vou monitorar quem,124797,126007,1210,1210,1.0,0,0
126007,127426,1419,0,GE-Phrase,261,123162,126484,3322,477,0.336,2845,942
126007,127426,1419,0,NTB,et cetera,126007,127426,1419,1419,1.0,0,0
131502,132715,1213,0,GE-Phrase,262,128821,132202,3381,700,0.577,2681,513
131502,132715,1213,0,GE-Phrase,263,132202,134077,1875,513,0.423,-700,-1362
131502,132715,1213,0,NTB,nũ tinha recebido nenhuma bolsa ainda né,131502,132715,1213,1213,1.0,0,0
132715,134762,2047,0,GE-Phrase,263,132202,134077,1875,1362,0.665,513,685
132715,134762,2047,0,GE-Phrase,264,134077,135782,1705,685,0.335,-1362,-1020
132715,134762,2047,0,NTB,tinha acabado de acontecer o processo,132715,134762,2047,2047,1.0,0,0
136371,137155,784,0,GE-Phrase,265,135782,138288,2506,784,1.0,589,-1133
136371,137155,784,0,NTB,a minha tutora,136371,137155,784,784,1.0,0,0
137155,137394,239,0,GE-Phrase,265,135782,138288,2506,239,1.0,1373,-894
137155,137394,239,0,NTB,né,137155,137394,239,239,1.0,0,0
141078,143026,1948,0,GE-Phrase,266,138288,141167,2879,89,0.046,2790,1859
141078,143026,1948,0,GE-Phrase,267,141167,142467,1300,1300,0.667,-89,559
141078,143026,1948,0,GE-Phrase,268,142467,145380,2913,559,0.287,-1389,-2354
141078,143026,1948,0,NTB,e a gente volta quando retomar a aula,141078,143026,1948,1948,1.0,0,0
149343,150432,1089,0,GE-Phrase,270,147413,149490,2077,147,0.135,1930,942
149343,150432,1089,0,GE-Phrase,271,149490,151803,2313,942,0.865,-147,-1371
149343,150432,1089,0,NTB,se cês concordarem,149343,150432,1089,1089,1.0,0,0
9631,12030,2399,0,GE-Phrase,205,9104,11228,2124,1597,0.666,527,802
9631,12030,2399,0,GE-Phrase,206,11228,13092,1864,802,0.334,-1597,-1062
9631,12030,2399,0,NTB,que inclusive tô produzindo um,9631,12030,2399,2399,1.0,0,0
12030,13506,1476,0,GE-Phrase,206,11228,13092,1864,1062,0.72,802,414
12030,13506,1476,0,GE-Phrase,207,13092,14908,1816,414,0.28,-1062,-1402
12030,13506,1476,0,NTB,p' cê ver a dubiedade da coisa,12030,13506,1476,1476,1.0,0,0
25187,26370,1183,0,GE-Phrase,212,23414,26572,3158,1183,1.0,1773,-202
25187,26370,1183,0,NTB,se eu reproduzir meu método,25187,26370,1183,1183,1.0,0,0
26370,27200,830,0,GE-Phrase,212,23414,26572,3158,202,0.243,2956,628
26370,27200,830,0,GE-Phrase,213,26572,28865,2293,628,0.757,-202,-1665
26370,27200,830,0,NTB,tá ligado,26370,27200,830,830,1.0,0,0
27200,28048,848,0,GE-Phrase,213,26572,28865,2293,848,1.0,628,-817
27200,28048,848,0,NTB,dentro da cultura,27200,28048,848,848,1.0,0,0
28048,29067,1019,0,GE-Phrase,213,26572,28865,2293,817,0.802,1476,202
28048,29067,1019,0,GE-Phrase,214,28865,30267,1402,202,0.198,-817,-1200
28048,29067,1019,0,NTB,e adequando e et cetera,28048,29067,1019,1019,1.0,0,0
69285,70269,984,0,GE-Phrase,233,69124,70078,954,793,0.806,161,191
69285,70269,984,0,GE-Phrase,234,70078,71694,1616,191,0.194,-793,-1425
69285,70269,984,0,NTB,o projeto é dela,69285,70269,984,984,1.0,0,0
123333,123678,345,0,GE-Phrase,261,123162,126484,3322,345,1.0,171,-2806
123333,123678,345,0,NTB,porque &n [/1],123333,123678,345,345,1.0,0,0
123678,123884,206,0,GE-Phrase,261,123162,126484,3322,206,1.0,516,-2600
123678,123884,206,0,NTB,né,123678,123884,206,206,1.0,0,0
123884,124797,913,0,GE-Phrase,261,123162,126484,3322,913,1.0,722,-1687
123884,124797,913,0,NTB,ia parar tudo,123884,124797,913,913,1.0,0,0
124797,126007,1210,0,GE-Phrase,261,123162,126484,3322,1210,1.0,1635,-477
124797,126007,1210,0,NTB,então vou monitorar quem,124797,126007,1210,1210,1.0,0,0
126007,127426,1419,0,GE-Phrase,261,123162,126484,3322,477,0.336,2845,942
126007,127426,1419,0,NTB,et cetera,126007,127426,1419,1419,1.0,0,0
131502,132715,1213,0,GE-Phrase,262,128821,132202,3381,700,0.577,2681,513
131502,132715,1213,0,GE-Phrase,263,132202,134077,1875,513,0.423,-700,-1362
131502,132715,1213,0,NTB,nũ tinha recebido nenhuma bolsa ainda né,131502,132715,1213,1213,1.0,0,0
132715,134762,2047,0,GE-Phrase,263,132202,134077,1875,1362,0.665,513,685
132715,134762,2047,0,GE-Phrase,264,134077,135782,1705,685,0.335,-1362,-1020
132715,134762,2047,0,NTB,tinha acabado de acontecer o processo,132715,134762,2047,2047,1.0,0,0
136371,137155,784,0,GE-Phrase,265,135782,138288,2506,784,1.0,589,-1133
136371,137155,784,0,NTB,a minha tutora,136371,137155,784,784,1.0,0,0
137155,137394,239,0,GE-Phrase,265,135782,138288,2506,239,1.0,1373,-894
137155,137394,239,0,NTB,né,137155,137394,239,239,1.0,0,0
141078,143026,1948,0,GE-Phrase,266,138288,141167,2879,89,0.046,2790,1859
141078,143026,1948,0,GE-Phrase,267,141167,142467,1300,1300,0.667,-89,559
141078,143026,1948,0,GE-Phrase,268,142467,145380,2913,559,0.287,-1389,-2354
141078,143026,1948,0,NTB,e a gente volta quando retomar a aula,141078,143026,1948,1948,1.0,0,0
149343,150432,1089,0,GE-Phrase,270,147413,149490,2077,147,0.135,1930,942
149343,150432,1089,0,GE-Phrase,271,149490,151803,2313,942,0.865,-147,-1371
149343,150432,1089,0,NTB,se cês concordarem,149343,150432,1089,1089,1.0,0,0
9631,12030,2399,0,GE-Phrase,205,9104,11228,2124,1597,0.666,527,802
9631,12030,2399,0,GE-Phrase,206,11228,13092,1864,802,0.334,-1597,-1062
9631,12030,2399,0,NTB,que inclusive tô produzindo um,9631,12030,2399,2399,1.0,0,0
12030,13506,1476,0,GE-Phrase,206,11228,13092,1864,1062,0.72,802,414
12030,13506,1476,0,GE-Phrase,207,13092,14908,1816,414,0.28,-1062,-1402
12030,13506,1476,0,NTB,p' cê ver a dubiedade da coisa,12030,13506,1476,1476,1.0,0,0
25187,26370,1183,0,GE-Phrase,212,23414,26572,3158,1183,1.0,1773,-202
25187,26370,1183,0,NTB,se eu reproduzir meu método,25187,26370,1183,1183,1.0,0,0
26370,27200,830,0,GE-Phrase,212,23414,26572,3158,202,0.243,2956,628
26370,27200,830,0,GE-Phrase,213,26572,28865,2293,628,0.757,-202,-1665
26370,27200,830,0,NTB,tá ligado,26370,27200,830,830,1.0,0,0
27200,28048,848,0,GE-Phrase,213,26572,28865,2293,848,1.0,628,-817
27200,28048,848,0,NTB,dentro da cultura,27200,28048,848,848,1.0,0,0
28048,29067,1019,0,GE-Phrase,213,26572,28865,2293,817,0.802,1476,202
28048,29067,1019,0,GE-Phrase,214,28865,30267,1402,202,0.198,-817,-1200
28048,29067,1019,0,NTB,e adequando e et cetera,28048,29067,1019,1019,1.0,0,0
69285,70269,984,0,GE-Phrase,233,69124,70078,954,793,0.806,161,191
69285,70269,984,0,GE-Phrase,234,70078,71694,1616,191,0.194,-793,-1425
69285,70269,984,0,NTB,o projeto é dela,69285,70269,984,984,1.0,0,0
123333,123678,345,0,GE-Phrase,261,123162,126484,3322,345,1.0,171,-2806
123333,123678,345,0,NTB,porque &n [/1],123333,123678,345,345,1.0,0,0
123678,123884,206,0,GE-Phrase,261,123162,126484,3322,206,1.0,516,-2600
123678,123884,206,0,NTB,né,123678,123884,206,206,1.0,0,0
123884,124797,913,0,GE-Phrase,261,123162,126484,3322,913,1.0,722,-1687
123884,124797,913,0,NTB,ia parar tudo,123884,124797,913,913,1.0,0,0
124797,126007,1210,0,GE-Phrase,261,123162,126484,3322,1210,1.0,1635,-477
124797,126007,1210,0,NTB,então vou monitorar quem,124797,126007,1210,1210,1.0,0,0
126007,127426,1419,0,GE-Phrase,261,123162,126484,3322,477,0.336,2845,942
126007,127426,1419,0,NTB,et cetera,126007,127426,1419,1419,1.0,0,0
131502,132715,1213,0,GE-Phrase,262,128821,132202,3381,700,0.577,2681,513
131502,132715,1213,0,GE-Phrase,263,132202,134077,1875,513,0.423,-700,-1362
131502,132715,1213,0,NTB,nũ tinha recebido nenhuma bolsa ainda né,131502,132715,1213,1213,1.0,0,0
132715,134762,2047,0,GE-Phrase,263,132202,134077,1875,1362,0.665,513,685
132715,134762,2047,0,GE-Phrase,264,134077,135782,1705,685,0.335,-1362,-1020
132715,134762,2047,0,NTB,tinha acabado de acontecer o processo,132715,134762,2047,2047,1.0,0,0
136371,137155,784,0,GE-Phrase,265,135782,138288,2506,784,1.0,589,-1133
136371,137155,784,0,NTB,a minha tutora,136371,137155,784,784,1.0,0,0
137155,137394,239,0,GE-Phrase,265,135782,138288,2506,239,1.0,1373,-894
137155,137394,239,0,NTB,né,137155,137394,239,239,1.0,0,0
141078,143026,1948,0,GE-Phrase,266,138288,141167,2879,89,0.046,2790,1859
141078,143026,1948,0,GE-Phrase,267,141167,142467,1300,1300,0.667,-89,559
141078,143026,1948,0,GE-Phrase,268,142467,145380,2913,559,0.287,-1389,-2354
141078,143026,1948,0,NTB,e a gente volta quando retomar a aula,141078,143026,1948,1948,1.0,0,0
149343,150432,1089,0,GE-Phrase,270,147413,149490,2077,147,0.135,1930,942
149343,150432,1089,0,GE-Phrase,271,149490,151803,2313,942,0.865,-147,-1371
149343,150432,1089,0,NTB,se cês concordarem,149343,150432,1089,1089,1.0,0,0
9631,12030,2399,0,GE-Phrase,205,9104,11228,2124,1597,0.666,527,802
9631,12030,2399,0,GE-Phrase,206,11228,13092,1864,802,0.334,-1597,-1062
9631,12030,2399,0,NTB,que inclusive tô produzindo um,9631,12030,2399,2399,1.0,0,0
12030,13506,1476,0,GE-Phrase,206,11228,13092,1864,1062,0.72,802,414
12030,13506,1476,0,GE-Phrase,207,13092,14908,1816,414,0.28,-1062,-1402
12030,13506,1476,0,NTB,p' cê ver a dubiedade da coisa,12030,13506,1476,1476,1.0,0,0
25187,26370,1183,0,GE-Phrase,212,23414,26572,3158,1183,1.0,1773,-202
25187,26370,1183,0,NTB,se eu reproduzir meu método,25187,26370,1183,1183,1.0,0,0
26370,27200,830,0,GE-Phrase,212,23414,26572,3158,202,0.243,2956,628
26370,27200,830,0,GE-Phrase,213,26572,28865,2293,628,0.757,-202,-1665
26370,27200,830,0,NTB,tá ligado,26370,27200,830,830,1.0,0,0
27200,28048,848,0,GE-Phrase,213,26572,28865,2293,848,1.0,628,-817
27200,28048,848,0,NTB,dentro da cultura,27200,28048,848,848,1.0,0,0
28048,29067,1019,0,GE-Phrase,213,26572,28865,2293,817,0.802,1476,202
28048,29067,1019,0,GE-Phrase,214,28865,30267,1402,202,0.198,-817,-1200
28048,29067,1019,0,NTB,e adequando e et cetera,28048,29067,1019,1019,1.0,0,0
69285,70269,984,0,GE-Phrase,233,69124,70078,954,793,0.806,161,191
69285,70269,984,0,GE-Phrase,234,70078,71694,1616,191,0.194,-793,-1425
69285,70269,984,0,NTB,o projeto é dela,69285,70269,984,984,1.0,0,0
123333,123678,345,0,GE-Phrase,261,123162,126484,3322,345,1.0,171,-2806
123333,123678,345,0,NTB,porque &n [/1],123333,123678,345,345,1.0,0,0
123678,123884,206,0,GE-Phrase,261,123162,126484,3322,206,1.0,516,-2600
123678,123884,206,0,NTB,né,123678,123884,206,206,1.0,0,0
123884,124797,913,0,GE-Phrase,261,123162,126484,3322,913,1.0,722,-1687
123884,124797,913,0,NTB,ia parar tudo,123884,124797,913,913,1.0,0,0
124797,126007,1210,0,GE-Phrase,261,123162,126484,3322,1210,1.0,1635,-477
124797,126007,1210,0,NTB,então vou monitorar quem,124797,126007,1210,1210,1.0,0,0
126007,127426,1419,0,GE-Phrase,261,123162,126484,3322,477,0.336,2845,942
126007,127426,1419,0,NTB,et cetera,126007,127426,1419,1419,1.0,0,0
131502,132715,1213,0,GE-Phrase,262,128821,132202,3381,700,0.577,2681,513
131502,132715,1213,0,GE-Phrase,263,132202,134077,1875,513,0.423,-700,-1362
131502,132715,1213,0,NTB,nũ tinha recebido nenhuma bolsa ainda né,131502,132715,1213,1213,1.0,0,0
132715,134762,2047,0,GE-Phrase,263,132202,134077,1875,1362,0.665,513,685
132715,134762,2047,0,GE-Phrase,264,134077,135782,1705,685,0.335,-1362,-1020
132715,134762,2047,0,NTB,tinha acabado de acontecer o processo,132715,134762,2047,2047,1.0,0,0
136371,137155,784,0,GE-Phrase,265,135782,138288,2506,784,1.0,589,-1133
136371,137155,784,0,NTB,a minha tutora,136371,137155,784,784,1.0,0,0
137155,137394,239,0,GE-Phrase,265,135782,138288,2506,239,1.0,1373,-894
137155,137394,239,0,NTB,né,137155,137394,239,239,1.0,0,0
141078,143026,1948,0,GE-Phrase,266,138288,141167,2879,89,0.046,2790,1859
141078,143026,1948,0,GE-Phrase,267,141167,142467,1300,1300,0.667,-89,559
141078,143026,1948,0,GE-Phrase,268,142467,145380,2913,559,0.287,-1389,-2354
141078,143026,1948,0,NTB,e a gente volta quando retomar a aula,141078,143026,1948,1948,1.0,0,0
149343,150432,1089,0,GE-Phrase,270,147413,149490,2077,147,0.135,1930,942
149343,150432,1089,0,GE-Phrase,271,149490,151803,2313,942,0.865,-147,-1371
149343,150432,1089,0,NTB,se cês concordarem,149343,150432,1089,1089,1.0,0,0
9631,12030,2399,0,GE-Phrase,205,9104,11228,2124,1597,0.666,527,802
9631,12030,2399,0,GE-Phrase,206,11228,13092,1864,802,0.334,-1597,-1062
9631,12030,2399,0,NTB,que inclusive tô produzindo um,9631,12030,2399,2399,1.0,0,0
12030,13506,1476,0,GE-Phrase,206,11228,13092,1864,1062,0.72,802,414
12030,13506,1476,0,GE-Phrase,207,13092,14908,1816,414,0.28,-1062,-1402
12030,13506,1476,0,NTB,p' cê ver a dubiedade da coisa,12030,13506,1476,1476,1.0,0,0
25187,26370,1183,0,GE-Phrase,212,23414,26572,3158,1183,1.0,1773,-202
25187,26370,1183,0,NTB,se eu reproduzir meu método,25187,26370,1183,1183,1.0,0,0
26370,27200,830,0,GE-Phrase,212,23414,26572,3158,202,0.243,2956,628
26370,27200,830,0,GE-Phrase,213,26572,28865,2293,628,0.757,-202,-1665
26370,27200,830,0,NTB,tá ligado,26370,27200,830,830,1.0,0,0
27200,28048,848,0,GE-Phrase,213,26572,28865,2293,848,1.0,628,-817
27200,28048,848,0,NTB,dentro da cultura,27200,28048,848,848,1.0,0,0
28048,29067,1019,0,GE-Phrase,213,26572,28865,2293,817,0.802,1476,202
28048,29067,1019,0,GE-Phrase,214,28865,30267,1402,202,0.198,-817,-1200
28048,29067,1019,0,NTB,e adequando e et cetera,28048,29067,1019,1019,1.0,0,0
69285,70269,984,0,GE-Phrase,233,69124,70078,954,793,0.806,161,191
69285,70269,984,0,GE-Phrase,234,70078,71694,1616,191,0.194,-793,-1425
69285,70269,984,0,NTB,o projeto é dela,69285,70269,984,984,1.0,0,0
123333,123678,345,0,GE-Phrase,261,123162,126484,3322,345,1.0,171,-2806
123333,123678,345,0,NTB,porque &n [/1],123333,123678,345,345,1.0,0,0
123678,123884,206,0,GE-Phrase,261,123162,126484,3322,206,1.0,516,-2600
123678,123884,206,0,NTB,né,123678,123884,206,206,1.0,0,0
123884,124797,913,0,GE-Phrase,261,123162,126484,3322,913,1.0,722,-1687
123884,124797,913,0,NTB,ia parar tudo,123884,124797,913,913,1.0,0,0
124797,126007,1210,0,GE-Phrase,261,123162,126484,3322,1210,1.0,1635,-477
124797,126007,1210,0,NTB,então vou monitorar quem,124797,126007,1210,1210,1.0,0,0
126007,127426,1419,0,GE-Phrase,261,123162,126484,3322,477,0.336,2845,942
126007,127426,1419,0,NTB,et cetera,126007,127426,1419,1419,1.0,0,0
131502,132715,1213,0,GE-Phrase,262,128821,132202,3381,700,0.577,2681,513
131502,132715,1213,0,GE-Phrase,263,132202,134077,1875,513,0.423,-700,-1362
131502,132715,1213,0,NTB,nũ tinha recebido nenhuma bolsa ainda né,131502,132715,1213,1213,1.0,0,0
132715,134762,2047,0,GE-Phrase,263,132202,134077,1875,1362,0.665,513,685
132715,134762,2047,0,GE-Phrase,264,134077,135782,1705,685,0.335,-1362,-1020
132715,134762,2047,0,NTB,tinha acabado de acontecer o processo,132715,134762,2047,2047,1.0,0,0
136371,137155,784,0,GE-Phrase,265,135782,138288,2506,784,1.0,589,-1133
136371,137155,784,0,NTB,a minha tutora,136371,137155,784,784,1.0,0,0
137155,137394,239,0,GE-Phrase,265,135782,138288,2506,239,1.0,1373,-894
137155,137394,239,0,NTB,né,137155,137394,239,239,1.0,0,0
141078,143026,1948,0,GE-Phrase,266,138288,141167,2879,89,0.046,2790,1859
141078,143026,1948,0,GE-Phrase,267,141167,142467,1300,1300,0.667,-89,559
141078,143026,1948,0,GE-Phrase,268,142467,145380,2913,559,0.287,-1389,-2354
141078,143026,1948,0,NTB,e a gente volta quando retomar a aula,141078,143026,1948,1948,1.0,0,0
149343,150432,1089,0,GE-Phrase,270,147413,149490,2077,147,0.135,1930,942
149343,150432,1089,0,GE-Phrase,271,149490,151803,2313,942,0.865,-147,-1371
149343,150432,1089,0,NTB,se cês concordarem,149343,150432,1089,1089,1.0,0,0
9631,12030,2399,0,GE-Phrase,205,9104,11228,2124,1597,0.666,527,802
9631,12030,2399,0,GE-Phrase,206,11228,13092,1864,802,0.334,-1597,-1062
9631,12030,2399,0,NTB,que inclusive tô produzindo um,9631,12030,2399,2399,1.0,0,0
12030,13506,1476,0,GE-Phrase,206,11228,13092,1864,1062,0.72,802,414
12030,13506,1476,0,GE-Phrase,207,13092,14908,1816,414,0.28,-1062,-1402
12030,13506,1476,0,NTB,p' cê ver a dubiedade da coisa,12030,13506,1476,1476,1.0,0,0
25187,26370,1183,0,GE-Phrase,212,23414,26572,3158,1183,1.0,1773,-202
25187,26370,1183,0,NTB,se eu reproduzir meu método,25187,26370,1183,1183,1.0,0,0
26370,27200,830,0,GE-Phrase,212,23414,26572,3158,202,0.243,2956,628
26370,27200,830,0,GE-Phrase,213,26572,28865,2293,628,0.757,-202,-1665
26370,27200,830,0,NTB,tá ligado,26370,27200,830,830,1.0,0,0
27200,28048,848,0,GE-Phrase,213,26572,28865,2293,848,1.0,628,-817
27200,28048,848,0,NTB,dentro da cultura,27200,28048,848,848,1.0,0,0
28048,29067,1019,0,GE-Phrase,213,26572,28865,2293,817,0.802,1476,202
28048,29067,1019,0,GE-Phrase,214,28865,30267,1402,202,0.198,-817,-1200
28048,29067,1019,0,NTB,e adequando e et cetera,28048,29067,1019,1019,1.0,0,0
69285,70269,984,0,GE-Phrase,233,69124,70078,954,793,0.806,161,191
69285,70269,984,0,GE-Phrase,234,70078,71694,1616,191,0.194,-793,-1425
69285,70269,984,0,NTB,o projeto é dela,69285,70269,984,984,1.0,0,0
123333,123678,345,0,GE-Phrase,261,123162,126484,3322,345,1.0,171,-2806
123333,123678,345,0,NTB,porque &n [/1],123333,123678,345,345,1.0,0,0
123678,123884,206,0,GE-Phrase,261,123162,126484,3322,206,1.0,516,-2600
123678,123884,206,0,NTB,né,123678,123884,206,206,1.0,0,0
123884,124797,913,0,GE-Phrase,261,123162,126484,3322,913,1.0,722,-1687
123884,124797,913,0,NTB,ia parar tudo,123884,124797,913,913,1.0,0,0
124797,126007,1210,0,GE-Phrase,261,123162,126484,3322,1210,1.0,1635,-477
124797,126007,1210,0,NTB,então vou monitorar quem,124797,126007,1210,1210,1.0,0,0
126007,127426,1419,0,GE-Phrase,261,123162,126484,3322,477,0.336,2845,942
126007,127426,1419,0,NTB,et cetera,126007,127426,1419,1419,1.0,0,0
131502,132715,1213,0,GE-Phrase,262,128821,132202,3381,700,0.577,2681,513
131502,132715,1213,0,GE-Phrase,263,132202,134077,1875,513,0.423,-700,-1362
131502,132715,1213,0,NTB,nũ tinha recebido nenhuma bolsa ainda né,131502,132715,1213,1213,1.0,0,0
132715,134762,2047,0,GE-Phrase,263,132202,134077,1875,1362,0.665,513,685
132715,134762,2047,0,GE-Phrase,264,134077,135782,1705,685,0.335,-1362,-1020
132715,134762,2047,0,NTB,tinha acabado de acontecer o processo,132715,134762,2047,2047,1.0,0,0
136371,137155,784,0,GE-Phrase,265,135782,138288,2506,784,1.0,589,-1133
136371,137155,784,0,NTB,a minha tutora,136371,137155,784,784,1.0,0,0
137155,137394,239,0,GE-Phrase,265,135782,138288,2506,239,1.0,1373,-894
137155,137394,239,0,NTB,né,137155,137394,239,239,1.0,0,0
141078,143026,1948,0,GE-Phrase,266,138288,141167,2879,89,0.046,2790,1859
141078,143026,1948,0,GE-Phrase,267,141167,142467,1300,1300,0.667,-89,559
141078,143026,1948,0,GE-Phrase,268,142467,145380,2913,559,0.287,-1389,-2354
141078,143026,1948,0,NTB,e a gente volta quando retomar a aula,141078,143026,1948,1948,1.0,0,0
149343,150432,1089,0,GE-Phrase,270,147413,149490,2077,147,0.135,1930,942
149343,150432,1089,0,GE-Phrase,271,149490,151803,2313,942,0.865,-147,-1371
149343,150432,1089,0,NTB,se cês concordarem,149343,150432,1089,1089,1.0,0,0
9631,12030,2399,0,GE-Phrase,205,9104,11228,2124,1597,0.666,527,802
9631,12030,2399,0,GE-Phrase,206,11228,13092,1864,802,0.334,-1597,-1062
9631,12030,2399,0,NTB,que inclusive tô produzindo um,9631,12030,2399,2399,1.0,0,0
12030,13506,1476,0,GE-Phrase,206,11228,13092,1864,1062,0.72,802,414
12030,13506,1476,0,GE-Phrase,207,13092,14908,1816,414,0.28,-1062,-1402
12030,13506,1476,0,NTB,p' cê ver a dubiedade da coisa,12030,13506,1476,1476,1.0,0,0
25187,26370,1183,0,GE-Phrase,212,23414,26572,3158,1183,1.0,1773,-202
25187,26370,1183,0,NTB,se eu reproduzir meu método,25187,26370,1183,1183,1.0,0,0
26370,27200,830,0,GE-Phrase,212,23414,26572,3158,202,0.243,2956,628
26370,27200,830,0,GE-Phrase,213,26572,28865,2293,628,0.757,-202,-1665
26370,27200,830,0,NTB,tá ligado,26370,27200,830,830,1.0,0,0
27200,28048,848,0,GE-Phrase,213,26572,28865,2293,848,1.0,628,-817
27200,28048,848,0,NTB,dentro da cultura,27200,28048,848,848,1.0,0,0
28048,29067,1019,0,GE-Phrase,213,26572,28865,2293,817,0.802,1476,202
28048,29067,1019,0,GE-Phrase,214,28865,30267,1402,202,0.198,-817,-1200
28048,29067,1019,0,NTB,e adequando e et cetera,28048,29067,1019,1019,1.0,0,0
69285,70269,984,0,GE-Phrase,233,69124,70078,954,793,0.806,161,191
69285,70269,984,0,GE-Phrase,234,70078,71694,1616,191,0.194,-793,-1425
69285,70269,984,0,NTB,o projeto é dela,69285,70269,984,984,1.0,0,0
123333,123678,345,0,GE-Phrase,261,123162,126484,3322,345,1.0,171,-2806
123333,123678,345,0,NTB,porque &n [/1],123333,123678,345,345,1.0,0,0
123678,123884,206,0,GE-Phrase,261,123162,126484,3322,206,1.0,516,-2600
123678,123884,206,0,NTB,né,123678,123884,206,206,1.0,0,0
123884,124797,913,0,GE-Phrase,261,123162,126484,3322,913,1.0,722,-1687
123884,124797,913,0,NTB,ia parar tudo,123884,124797,913,913,1.0,0,0
124797,126007,1210,0,GE-Phrase,261,123162,126484,3322,1210,1.0,1635,-477
124797,126007,1210,0,NTB,então vou monitorar quem,124797,126007,1210,1210,1.0,0,0
126007,127426,1419,0,GE-Phrase,261,123162,126484,3322,477,0.336,2845,942
126007,127426,1419,0,NTB,et cetera,126007,127426,1419,1419,1.0,0,0
131502,132715,1213,0,GE-Phrase,262,128821,132202,3381,700,0.577,2681,513
131502,132715,1213,0,GE-Phrase,263,132202,134077,1875,513,0.423,-700,-1362
131502,132715,1213,0,NTB,nũ tinha recebido nenhuma bolsa ainda né,131502,132715,1213,1213,1.0,0,0
132715,134762,2047,0,GE-Phrase,263,132202,134077,1875,1362,0.665,513,685
132715,134762,2047,0,GE-Phrase,264,134077,135782,1705,685,0.335,-1362,-1020
132715,134762,2047,0,NTB,tinha acabado de acontecer o processo,132715,134762,2047,2047,1.0,0,0
136371,137155,784,0,GE-Phrase,265,135782,138288,2506,784,1.0,589,-1133
136371,137155,784,0,NTB,a minha tutora,136371,137155,784,784,1.0,0,0
137155,137394,239,0,GE-Phrase,265,135782,138288,2506,239,1.0,1373,-894
137155,137394,239,0,NTB,né,137155,137394,239,239,1.0,0,0
141078,143026,1948,0,GE-Phrase,266,138288,141167,2879,89,0.046,2790,1859
141078,143026,1948,0,GE-Phrase,267,141167,142467,1300,1300,0.667,-89,559
141078,143026,1948,0,GE-Phrase,268,142467,145380,2913,559,0.287,-1389,-2354
141078,143026,1948,0,NTB,e a gente volta quando retomar a aula,141078,143026,1948,1948,1.0,0,0
149343,150432,1089,0,GE-Phrase,270,147413,149490,2077,147,0.135,1930,942
149343,150432,1089,0,GE-Phrase,271,149490,151803,2313,942,0.865,-147,-1371
149343,150432,1089,0,NTB,se cês concordarem,149343,150432,1089,1089,1.0,0,0
9631,12030,2399,0,GE-Phrase,205,9104,11228,2124,1597,0.666,527,802
9631,12030,2399,0,GE-Phrase,206,11228,13092,1864,802,0.334,-1597,-1062
9631,12030,2399,0,NTB,que inclusive tô produzindo um,9631,12030,2399,2399,1.0,0,0
12030,13506,1476,0,GE-Phrase,206,11228,13092,1864,1062,0.72,802,414
12030,13506,1476,0,GE-Phrase,207,13092,14908,1816,414,0.28,-1062,-1402
12030,13506,1476,0,NTB,p' cê ver a dubiedade da coisa,12030,13506,1476,1476,1.0,0,0
25187,26370,1183,0,GE-Phrase,212,23414,26572,3158,1183,1.0,1773,-202
25187,26370,1183,0,NTB,se eu reproduzir meu método,25187,26370,1183,1183,1.0,0,0
26370,27200,830,0,GE-Phrase,212,23414,26572,3158,202,0.243,2956,628
26370,27200,830,0,GE-Phrase,213,26572,28865,2293,628,0.757,-202,-1665
26370,27200,830,0,NTB,tá ligado,26370,27200,830,830,1.0,0,0
27200,28048,848,0,GE-Phrase,213,26572,28865,2293,848,1.0,628,-817
27200,28048,848,0,NTB,dentro da cultura,27200,28048,848,848,1.0,0,0
28048,29067,1019,0,GE-Phrase,213,26572,28865,2293,817,0.802,1476,202
28048,29067,1019,0,GE-Phrase,214,28865,30267,1402,202,0.198,-817,-1200
28048,29067,1019,0,NTB,e adequando e et cetera,28048,29067,1019,1019,1.0,0,0
69285,70269,984,0,GE-Phrase,233,69124,70078,954,793,0.806,161,191
69285,70269,984,0,GE-Phrase,234,70078,71694,1616,191,0.194,-793,-1425
69285,70269,984,0,NTB,o projeto é dela,69285,70269,984,984,1.0,0,0
123333,123678,345,0,GE-Phrase,261,123162,126484,3322,345,1.0,171,-2806
123333,123678,345,0,NTB,porque &n [/1],123333,123678,345,345,1.0,0,0
123678,123884,206,0,GE-Phrase,261,123162,126484,3322,206,1.0,516,-2600
123678,123884,206,0,NTB,né,123678,123884,206,206,1.0,0,0
123884,124797,913,0,GE-Phrase,261,123162,126484,3322,913,1.0,722,-1687
123884,124797,913,0,NTB,ia parar tudo,123884,124797,913,913,1.0,0,0
124797,126007,1210,0,GE-Phrase,261,123162,126484,3322,1210,1.0,1635,-477
124797,126007,1210,0,NTB,então vou monitorar quem,124797,126007,1210,1210,1.0,0,0
126007,127426,1419,0,GE-Phrase,261,123162,126484,3322,477,0.336,2845,942
126007,127426,1419,0,NTB,et cetera,126007,127426,1419,1419,1.0,0,0
131502,132715,1213,0,GE-Phrase,262,128821,132202,3381,700,0.577,2681,513
131502,132715,1213,0,GE-Phrase,263,132202,134077,1875,513,0.423,-700,-1362
131502,132715,1213,0,NTB,nũ tinha recebido nenhuma bolsa ainda né,131502,132715,1213,1213,1.0,0,0
132715,134762,2047,0,GE-Phrase,263,132202,134077,1875,1362,0.665,513,685
132715,134762,2047,0,GE-Phrase,264,134077,135782,1705,685,0.335,-1362,-1020
132715,134762,2047,0,NTB,tinha acabado de acontecer o processo,132715,134762,2047,2047,1.0,0,0
136371,137155,784,0,GE-Phrase,265,135782,138288,2506,784,1.0,589,-1133
136371,137155,784,0,NTB,a minha tutora,136371,137155,784,784,1.0,0,0
137155,137394,239,0,GE-Phrase,265,135782,138288,2506,239,1.0,1373,-894
137155,137394,239,0,NTB,né,137155,137394,239,239,1.0,0,0
141078,143026,1948,0,GE-Phrase,266,138288,141167,2879,89,0.046,2790,1859
141078,143026,1948,0,GE-Phrase,267,141167,142467,1300,1300,0.667,-89,559
141078,143026,1948,0,GE-Phrase,268,142467,145380,2913,559,0.287,-1389,-2354
141078,143026,1948,0,NTB,e a gente volta quando retomar a aula,141078,143026,1948,1948,1.0,0,0
149343,150432,1089,0,GE-Phrase,270,147413,149490,2077,147,0.135,1930,942
149343,150432,1089,0,GE-Phrase,271,149490,151803,2313,942,0.865,-147,-1371
149343,150432,1089,0,NTB,se cês concordarem,149343,150432,1089,1089,1.0,0,0
9631,12030,2399,0,GE-Phrase,205,9104,11228,2124,1597,0.666,527,802
9631,12030,2399,0,GE-Phrase,206,11228,13092,1864,802,0.334,-1597,-1062
9631,12030,2399,0,NTB,que inclusive tô produzindo um,9631,12030,2399,2399,1.0,0,0
12030,13506,1476,0,GE-Phrase,206,11228,13092,1864,1062,0.72,802,414
12030,13506,1476,0,GE-Phrase,207,13092,14908,1816,414,0.28,-1062,-1402
12030,13506,1476,0,NTB,p' cê ver a dubiedade da coisa,12030,13506,1476,1476,1.0,0,0
25187,26370,1183,0,GE-Phrase,212,23414,26572,3158,1183,1.0,1773,-202
25187,26370,1183,0,NTB,se eu reproduzir meu método,25187,26370,1183,1183,1.0,0,0
26370,27200,830,0,GE-Phrase,212,23414,26572,3158,202,0.243,2956,628
26370,27200,830,0,GE-Phrase,213,26572,28865,2293,628,0.757,-202,-1665
26370,27200,830,0,NTB,tá ligado,26370,27200,830,830,1.0,0,0
27200,28048,848,0,GE-Phrase,213,26572,28865,2293,848,1.0,628,-817
27200,28048,848,0,NTB,dentro da cultura,27200,28048,848,848,1.0,0,0
28048,29067,1019,0,GE-Phrase,213,26572,28865,2293,817,0.802,1476,202
28048,29067,1019,0,GE-Phrase,214,28865,30267,1402,202,0.198,-817,-1200
28048,29067,1019,0,NTB,e adequando e et cetera,28048,29067,1019,1019,1.0,0,0
69285,70269,984,0,GE-Phrase,233,69124,70078,954,793,0.806,161,191
69285,70269,984,0,GE-Phrase,234,70078,71694,1616,191,0.194,-793,-1425
69285,70269,984,0,NTB,o projeto é dela,69285,70269,984,984,1.0,0,0
123333,123678,345,0,GE-Phrase,261,123162,126484,3322,345,1.0,171,-2806
123333,123678,345,0,NTB,porque &n [/1],123333,123678,345,345,1.0,0,0
123678,123884,206,0,GE-Phrase,261,123162,126484,3322,206,1.0,516,-2600
123678,123884,206,0,NTB,né,123678,123884,206,206,1.0,0,0
123884,124797,913,0,GE-Phrase,261,123162,126484,3322,913,1.0,722,-1687
123884,124797,913,0,NTB,ia parar tudo,123884,124797,913,913,1.0,0,0
124797,126007,1210,0,GE-Phrase,261,123162,126484,3322,1210,1.0,1635,-477
124797,126007,1210,0,NTB,então vou monitorar quem,124797,126007,1210,1210,1.0,0,0
126007,127426,1419,0,GE-Phrase,261,123162,126484,3322,477,0.336,2845,942
126007,127426,1419,0,NTB,et cetera,126007,127426,1419,1419,1.0,0,0
131502,132715,1213,0,GE-Phrase,262,128821,132202,3381,700,0.577,2681,513
131502,132715,1213,0,GE-Phrase,263,132202,134077,1875,513,0.423,-700,-1362
131502,132715,1213,0,NTB,nũ tinha recebido nenhuma bolsa ainda né,131502,132715,1213,1213,1.0,0,0
132715,134762,2047,0,GE-Phrase,263,132202,134077,1875,1362,0.665,513,685
132715,134762,2047,0,GE-Phrase,264,134077,135782,1705,685,0.335,-1362,-1020
132715,134762,2047,0,NTB,tinha acabado de acontecer o processo,132715,134762,2047,2047,1.0,0,0
136371,137155,784,0,GE-Phrase,265,135782,138288,2506,784,1.0,589,-1133
136371,137155,784,0,NTB,a minha tutora,136371,137155,784,784,1.0,0,0
137155,137394,239,0,GE-Phrase,265,135782,138288,2506,239,1.0,1373,-894
137155,137394,239,0,NTB,né,137155,137394,239,239,1.0,0,0
141078,143026,1948,0,GE-Phrase,266,138288,141167,2879,89,0.046,2790,1859
141078,143026,1948,0,GE-Phrase,267,141167,142467,1300,1300,0.667,-89,559
141078,143026,1948,0,GE-Phrase,268,142467,145380,2913,559,0.287,-1389,-2354
141078,143026,1948,0,NTB,e a gente volta quando retomar a aula,141078,143026,1948,1948,1.0,0,0
149343,150432,1089,0,GE-Phrase,270,147413,149490,2077,147,0.135,1930,942
149343,150432,1089,0,GE-Phrase,271,149490,151803,2313,942,0.865,-147,-1371
149343,150432,1089,0,NTB,se cês concordarem,149343,150432,1089,1089,1.0,0,0
9631,12030,2399,0,GE-Phrase,205,9104,11228,2124,1597,0.666,527,802
9631,12030,2399,0,GE-Phrase,206,11228,13092,1864,802,0.334,-1597,-1062
9631,12030,2399,0,NTB,que inclusive tô produzindo um,9631,12030,2399,2399,1.0,0,0
12030,13506,1476,0,GE-Phrase,206,11228,13092,1864,1062,0.72,802,414
12030,13506,1476,0,GE-Phrase,207,13092,14908,1816,414,0.28,-1062,-1402
12030,13506,1476,0,NTB,p' cê ver a dubiedade da coisa,12030,13506,1476,1476,1.0,0,0
25187,26370,1183,0,GE-Phrase,212,23414,26572,3158,1183,1.0,1773,-202
25187,26370,1183,0,NTB,se eu reproduzir meu método,25187,26370,1183,1183,1.0,0,0
26370,27200,830,0,GE-Phrase,212,23414,26572,3158,202,0.243,2956,628
26370,27200,830,0,GE-Phrase,213,26572,28865,2293,628,0.757,-202,-1665
26370,27200,830,0,NTB,tá ligado,26370,27200,830,830,1.0,0,0
27200,28048,848,0,GE-Phrase,213,26572,28865,2293,848,1.0,628,-817
27200,28048,848,0,NTB,dentro da cultura,27200,28048,848,848,1.0,0,0
28048,29067,1019,0,GE-Phrase,213,26572,28865,2293,817,0.802,1476,202
28048,29067,1019,0,GE-Phrase,214,28865,30267,1402,202,0.198,-817,-1200
28048,29067,1019,0,NTB,e adequando e et cetera,28048,29067,1019,1019,1.0,0,0
69285,70269,984,0,GE-Phrase,233,69124,70078,954,793,0.806,161,191
69285,70269,984,0,GE-Phrase,234,70078,71694,1616,191,0.194,-793,-1425
69285,70269,984,0,NTB,o projeto é dela,69285,70269,984,984,1.0,0,0
123333,123678,345,0,GE-Phrase,261,123162,126484,3322,345,1.0,171,-2806
123333,123678,345,0,NTB,porque &n [/1],123333,123678,345,345,1.0,0,0
123678,123884,206,0,GE-Phrase,261,123162,126484,3322,206,1.0,516,-2600
123678,123884,206,0,NTB,né,123678,123884,206,206,1.0,0,0
123884,124797,913,0,GE-Phrase,261,123162,126484,3322,913,1.0,722,-1687
123884,124797,913,0,NTB,ia parar tudo,123884,124797,913,913,1.0,0,0
124797,126007,1210,0,GE-Phrase,261,123162,126484,3322,1210,1.0,1635,-477
124797,126007,1210,0,NTB,então vou monitorar quem,124797,126007,1210,1210,1.0,0,0
126007,127426,1419,0,GE-Phrase,261,123162,126484,3322,477,0.336,2845,942
126007,127426,1419,0,NTB,et cetera,126007,127426,1419,1419,1.0,0,0
131502,132715,1213,0,GE-Phrase,262,128821,132202,3381,700,0.577,2681,513
131502,132715,1213,0,GE-Phrase,263,132202,134077,1875,513,0.423,-700,-1362
131502,132715,1213,0,NTB,nũ tinha recebido nenhuma bolsa ainda né,131502,132715,1213,1213,1.0,0,0
132715,134762,2047,0,GE-Phrase,263,132202,134077,1875,1362,0.665,513,685
132715,134762,2047,0,GE-Phrase,264,134077,135782,1705,685,0.335,-1362,-1020
132715,134762,2047,0,NTB,tinha acabado de acontecer o processo,132715,134762,2047,2047,1.0,0,0
136371,137155,784,0,GE-Phrase,265,135782,138288,2506,784,1.0,589,-1133
136371,137155,784,0,NTB,a minha tutora,136371,137155,784,784,1.0,0,0
137155,137394,239,0,GE-Phrase,265,135782,138288,2506,239,1.0,1373,-894
137155,137394,239,0,NTB,né,137155,137394,239,239,1.0,0,0
141078,143026,1948,0,GE-Phrase,266,138288,141167,2879,89,0.046,2790,1859
141078,143026,1948,0,GE-Phrase,267,141167,142467,1300,1300,0.667,-89,559
141078,143026,1948,0,GE-Phrase,268,142467,145380,2913,559,0.287,-1389,-2354
141078,143026,1948,0,NTB,e a gente volta quando retomar a aula,141078,143026,1948,1948,1.0,0,0
149343,150432,1089,0,GE-Phrase,270,147413,149490,2077,147,0.135,1930,942
149343,150432,1089,0,GE-Phrase,271,149490,151803,2313,942,0.865,-147,-1371
149343,150432,1089,0,NTB,se cês concordarem,149343,150432,1089,1089,1.0,0,0
9631,12030,2399,0,GE-Phrase,205,9104,11228,2124,1597,0.666,527,802
9631,12030,2399,0,GE-Phrase,206,11228,13092,1864,802,0.334,-1597,-1062
9631,12030,2399,0,NTB,que inclusive tô produzindo um,9631,12030,2399,2399,1.0,0,0
12030,13506,1476,0,GE-Phrase,206,11228,13092,1864,1062,0.72,802,414
12030,13506,1476,0,GE-Phrase,207,13092,14908,1816,414,0.28,-1062,-1402
12030,13506,1476,0,NTB,p' cê ver a dubiedade da coisa,12030,13506,1476,1476,1.0,0,0
25187,26370,1183,0,GE-Phrase,212,23414,26572,3158,1183,1.0,1773,-202
25187,26370,1183,0,NTB,se eu reproduzir meu método,25187,26370,1183,1183,1.0,0,0
26370,27200,830,0,GE-Phrase,212,23414,26572,3158,202,0.243,2956,628
26370,27200,830,0,GE-Phrase,213,26572,28865,2293,628,0.757,-202,-1665
26370,27200,830,0,NTB,tá ligado,26370,27200,830,830,1.0,0,0
27200,28048,848,0,GE-Phrase,213,26572,28865,2293,848,1.0,628,-817
27200,28048,848,0,NTB,dentro da cultura,27200,28048,848,848,1.0,0,0
28048,29067,1019,0,GE-Phrase,213,26572,28865,2293,817,0.802,1476,202
28048,29067,1019,0,GE-Phrase,214,28865,30267,1402,202,0.198,-817,-1200
28048,29067,1019,0,NTB,e adequando e et cetera,28048,29067,1019,1019,1.0,0,0
69285,70269,984,0,GE-Phrase,233,69124,70078,954,793,0.806,161,191
69285,70269,984,0,GE-Phrase,234,70078,71694,1616,191,0.194,-793,-1425
69285,70269,984,0,NTB,o projeto é dela,69285,70269,984,984,1.0,0,0
123333,123678,345,0,GE-Phrase,261,123162,126484,3322,345,1.0,171,-2806
123333,123678,345,0,NTB,porque &n [/1],123333,123678,345,345,1.0,0,0
123678,123884,206,0,GE-Phrase,261,123162,126484,3322,206,1.0,516,-2600
123678,123884,206,0,NTB,né,123678,123884,206,206,1.0,0,0
123884,124797,913,0,GE-Phrase,261,123162,126484,3322,913,1.0,722,-1687
123884,124797,913,0,NTB,ia parar tudo,123884,124797,913,913,1.0,0,0
124797,126007,1210,0,GE-Phrase,261,123162,126484,3322,1210,1.0,1635,-477
124797,126007,1210,0,NTB,então vou monitorar quem,124797,126007,1210,1210,1.0,0,0
126007,127426,1419,0,GE-Phrase,261,123162,126484,3322,477,0.336,2845,942
126007,127426,1419,0,NTB,et cetera,126007,127426,1419,1419,1.0,0,0
131502,132715,1213,0,GE-Phrase,262,128821,132202,3381,700,0.577,2681,513
131502,132715,1213,0,GE-Phrase,263,132202,134077,1875,513,0.423,-700,-1362
131502,132715,1213,0,NTB,nũ tinha recebido nenhuma bolsa ainda né,131502,132715,1213,1213,1.0,0,0
132715,134762,2047,0,GE-Phrase,263,132202,134077,1875,1362,0.665,513,685
132715,134762,2047,0,GE-Phrase,264,134077,135782,1705,685,0.335,-1362,-1020
132715,134762,2047,0,NTB,tinha acabado de acontecer o processo,132715,134762,2047,2047,1.0,0,0
136371,137155,784,0,GE-Phrase,265,135782,138288,2506,784,1.0,589,-1133
136371,137155,784,0,NTB,a minha tutora,136371,137155,784,784,1.0,0,0
137155,137394,239,0,GE-Phrase,265,135782,138288,2506,239,1.0,1373,-894
137155,137394,239,0,NTB,né,137155,137394,239,239,1.0,0,0
141078,143026,1948,0,GE-Phrase,266,138288,141167,2879,89,0.046,2790,1859
141078,143026,1948,0,GE-Phrase,267,141167,142467,1300,1300,0.667,-89,559
141078,143026,1948,0,GE-Phrase,268,142467,145380,2913,559,0.287,-1389,-2354
141078,143026,1948,0,NTB,e a gente volta quando retomar a aula,141078,143026,1948,1948,1.0,0,0
149343,150432,1089,0,GE-Phrase,270,147413,149490,2077,147,0.135,1930,942
149343,150432,1089,0,GE-Phrase,271,149490,151803,2313,942,0.865,-147,-1371
149343,150432,1089,0,NTB,se cês concordarem,149343,150432,1089,1089,1.0,0,0
9631,12030,2399,0,GE-Phrase,205,9104,11228,2124,1597,0.666,527,802
9631,12030,2399,0,GE-Phrase,206,11228,13092,1864,802,0.334,-1597,-1062
9631,12030,2399,0,NTB,que inclusive tô produzindo um,9631,12030,2399,2399,1.0,0,0
12030,13506,1476,0,GE-Phrase,206,11228,13092,1864,1062,0.72,802,414
12030,13506,1476,0,GE-Phrase,207,13092,14908,1816,414,0.28,-1062,-1402
12030,13506,1476,0,NTB,p' cê ver a dubiedade da coisa,12030,13506,1476,1476,1.0,0,0
25187,26370,1183,0,GE-Phrase,212,23414,26572,3158,1183,1.0,1773,-202
25187,26370,1183,0,NTB,se eu reproduzir meu método,25187,26370,1183,1183,1.0,0,0
26370,27200,830,0,GE-Phrase,212,23414,26572,3158,202,0.243,2956,628
26370,27200,830,0,GE-Phrase,213,26572,28865,2293,628,0.757,-202,-1665
26370,27200,830,0,NTB,tá ligado,26370,27200,830,830,1.0,0,0
27200,28048,848,0,GE-Phrase,213,26572,28865,2293,848,1.0,628,-817
27200,28048,848,0,NTB,dentro da cultura,27200,28048,848,848,1.0,0,0
28048,29067,1019,0,GE-Phrase,213,26572,28865,2293,817,0.802,1476,202
28048,29067,1019,0,GE-Phrase,214,28865,30267,1402,202,0.198,-817,-1200
28048,29067,1019,0,NTB,e adequando e et cetera,28048,29067,1019,1019,1.0,0,0
69285,70269,984,0,GE-Phrase,233,69124,70078,954,793,0.806,161,191
69285,70269,984,0,GE-Phrase,234,70078,71694,1616,191,0.194,-793,-1425
69285,70269,984,0,NTB,o projeto é dela,69285,70269,984,984,1.0,0,0
123333,123678,345,0,GE-Phrase,261,123162,126484,3322,345,1.0,171,-2806
123333,123678,345,0,NTB,porque &n [/1],123333,123678,345,345,1.0,0,0
123678,123884,206,0,GE-Phrase,261,123162,126484,3322,206,1.0,516,-2600
123678,123884,206,0,NTB,né,123678,123884,206,206,1.0,0,0
123884,124797,913,0,GE-Phrase,261,123162,126484,3322,913,1.0,722,-1687
123884,124797,913,0,NTB,ia parar tudo,123884,124797,913,913,1.0,0,0
124797,126007,1210,0,GE-Phrase,261,123162,126484,3322,1210,1.0,1635,-477
124797,126007,1210,0,NTB,então vou monitorar quem,124797,126007,1210,1210,1.0,0,0
126007,127426,1419,0,GE-Phrase,261,123162,126484,3322,477,0.336,2845,942
126007,127426,1419,0,NTB,et cetera,126007,127426,1419,1419,1.0,0,0
131502,132715,1213,0,GE-Phrase,262,128821,132202,3381,700,0.577,2681,513
131502,132715,1213,0,GE-Phrase,263,132202,134077,1875,513,0.423,-700,-1362
131502,132715,1213,0,NTB,nũ tinha recebido nenhuma bolsa ainda né,131502,132715,1213,1213,1.0,0,0
132715,134762,2047,0,GE-Phrase,263,132202,134077,1875,1362,0.665,513,685
132715,134762,2047,0,GE-Phrase,264,134077,135782,1705,685,0.335,-1362,-1020
132715,134762,2047,0,NTB,tinha acabado de acontecer o processo,132715,134762,2047,2047,1.0,0,0
136371,137155,784,0,GE-Phrase,265,135782,138288,2506,784,1.0,589,-1133
136371,137155,784,0,NTB,a minha tutora,136371,137155,784,784,1.0,0,0
137155,137394,239,0,GE-Phrase,265,135782,138288,2506,239,1.0,1373,-894
137155,137394,239,0,NTB,né,137155,137394,239,239,1.0,0,0
141078,143026,1948,0,GE-Phrase,266,138288,141167,2879,89,0.046,2790,1859
141078,143026,1948,0,GE-Phrase,267,141167,142467,1300,1300,0.667,-89,559
141078,143026,1948,0,GE-Phrase,268,142467,145380,2913,559,0.287,-1389,-2354
141078,143026,1948,0,NTB,e a gente volta quando retomar a aula,141078,143026,1948,1948,1.0,0,0
149343,150432,1089,0,GE-Phrase,270,147413,149490,2077,147,0.135,1930,942
149343,150432,1089,0,GE-Phrase,271,149490,151803,2313,942,0.865,-147,-1371
149343,150432,1089,0,NTB,se cês concordarem,149343,150432,1089,1089,1.0,0,0
9631,12030,2399,0,GE-Phrase,205,9104,11228,2124,1597,0.666,527,802
9631,12030,2399,0,GE-Phrase,206,11228,13092,1864,802,0.334,-1597,-1062
9631,12030,2399,0,NTB,que inclusive tô produzindo um,9631,12030,2399,2399,1.0,0,0
12030,13506,1476,0,GE-Phrase,206,11228,13092,1864,1062,0.72,802,414
12030,13506,1476,0,GE-Phrase,207,13092,14908,1816,414,0.28,-1062,-1402
12030,13506,1476,0,NTB,p' cê ver a dubiedade da coisa,12030,13506,1476,1476,1.0,0,0
25187,26370,1183,0,GE-Phrase,212,23414,26572,3158,1183,1.0,1773,-202
25187,26370,1183,0,NTB,se eu reproduzir meu método,25187,26370,1183,1183,1.0,0,0
26370,27200,830,0,GE-Phrase,212,23414,26572,3158,202,0.243,2956,628
26370,27200,830,0,GE-Phrase,213,26572,28865,2293,628,0.757,-202,-1665
26370,27200,830,0,NTB,tá ligado,26370,27200,830,830,1.0,0,0
27200,28048,848,0,GE-Phrase,213,26572,28865,2293,848,1.0,628,-817
27200,28048,848,0,NTB,dentro da cultura,27200,28048,848,848,1.0,0,0
28048,29067,1019,0,GE-Phrase,213,26572,28865,2293,817,0.802,1476,202
28048,29067,1019,0,GE-Phrase,214,28865,30267,1402,202,0.198,-817,-1200
28048,29067,1019,0,NTB,e adequando e et cetera,28048,29067,1019,1019,1.0,0,0
69285,70269,984,0,GE-Phrase,233,69124,70078,954,793,0.806,161,191
69285,70269,984,0,GE-Phrase,234,70078,71694,1616,191,0.194,-793,-1425
69285,70269,984,0,NTB,o projeto é dela,69285,70269,984,984,1.0,0,0
123333,123678,345,0,GE-Phrase,261,123162,126484,3322,345,1.0,171,-2806
123333,123678,345,0,NTB,porque &n [/1],123333,123678,345,345,1.0,0,0
123678,123884,206,0,GE-Phrase,261,123162,126484,3322,206,1.0,516,-2600
123678,123884,206,0,NTB,né,123678,123884,206,206,1.0,0,0
123884,124797,913,0,GE-Phrase,261,123162,126484,3322,913,1.0,722,-1687
123884,124797,913,0,NTB,ia parar tudo,123884,124797,913,913,1.0,0,0
124797,126007,1210,0,GE-Phrase,261,123162,126484,3322,1210,1.0,1635,-477
124797,126007,1210,0,NTB,então vou monitorar quem,124797,126007,1210,1210,1.0,0,0
126007,127426,1419,0,GE-Phrase,261,123162,126484,3322,477,0.336,2845,942
126007,127426,1419,0,NTB,et cetera,126007,127426,1419,1419,1.0,0,0
131502,132715,1213,0,GE-Phrase,262,128821,132202,3381,700,0.577,2681,513
131502,132715,1213,0,GE-Phrase,263,132202,134077,1875,513,0.423,-700,-1362
131502,132715,1213,0,NTB,nũ tinha recebido nenhuma bolsa ainda né,131502,132715,1213,1213,1.0,0,0
132715,134762,2047,0,GE-Phrase,263,132202,134077,1875,1362,0.665,513,685
132715,134762,2047,0,GE-Phrase,264,134077,135782,1705,685,0.335,-1362,-1020
132715,134762,2047,0,NTB,tinha acabado de acontecer o processo,132715,134762,2047,2047,1.0,0,0
136371,137155,784,0,GE-Phrase,265,135782,138288,2506,784,1.0,589,-1133
136371,137155,784,0,NTB,a minha tutora,136371,137155,784,784,1.0,0,0
137155,137394,239,0,GE-Phrase,265,135782,138288,2506,239,1.0,1373,-894
137155,137394,239,0,NTB,né,137155,137394,239,239,1.0,0,0
141078,143026,1948,0,GE-Phrase,266,138288,141167,2879,89,0.046,2790,1859
141078,143026,1948,0,GE-Phrase,267,141167,142467,1300,1300,0.667,-89,559
141078,143026,1948,0,GE-Phrase,268,142467,145380,2913,559,0.287,-1389,-2354
141078,143026,1948,0,NTB,e a gente volta quando retomar a aula,141078,143026,1948,1948,1.0,0,0
149343,150432,1089,0,GE-Phrase,270,147413,149490,2077,147,0.135,1930,942
149343,150432,1089,0,GE-Phrase,271,149490,151803,2313,942,0.865,-147,-1371
149343,150432,1089,0,NTB,se cês concordarem,149343,150432,1089,1089,1.0,0,0
9631,12030,2399,0,GE-Phrase,205,9104,11228,2124,1597,0.666,527,802
9631,12030,2399,0,GE-Phrase,206,11228,13092,1864,802,0.334,-1597,-1062
9631,12030,2399,0,NTB,que inclusive tô produzindo um,9631,12030,2399,2399,1.0,0,0
12030,13506,1476,0,GE-Phrase,206,11228,13092,1864,1062,0.72,802,414
12030,13506,1476,0,GE-Phrase,207,13092,14908,1816,414,0.28,-1062,-1402
12030,13506,1476,0,NTB,p' cê ver a dubiedade da coisa,12030,13506,1476,1476,1.0,0,0
25187,26370,1183,0,GE-Phrase,212,23414,26572,3158,1183,1.0,1773,-202
25187,26370,1183,0,NTB,se eu reproduzir meu método,25187,26370,1183,1183,1.0,0,0
26370,27200,830,0,GE-Phrase,212,23414,26572,3158,202,0.243,2956,628
26370,27200,830,0,GE-Phrase,213,26572,28865,2293,628,0.757,-202,-1665
26370,27200,830,0,NTB,tá ligado,26370,27200,830,830,1.0,0,0
27200,28048,848,0,GE-Phrase,213,26572,28865,2293,848,1.0,628,-817
27200,28048,848,0,NTB,dentro da cultura,27200,28048,848,848,1.0,0,0
28048,29067,1019,0,GE-Phrase,213,26572,28865,2293,817,0.802,1476,202
28048,29067,1019,0,GE-Phrase,214,28865,30267,1402,202,0.198,-817,-1200
28048,29067,1019,0,NTB,e adequando e et cetera,28048,29067,1019,1019,1.0,0,0
69285,70269,984,0,GE-Phrase,233,69124,70078,954,793,0.806,161,191
69285,70269,984,0,GE-Phrase,234,70078,71694,1616,191,0.194,-793,-1425
69285,70269,984,0,NTB,o projeto é dela,69285,70269,984,984,1.0,0,0
123333,123678,345,0,GE-Phrase,261,123162,126484,3322,345,1.0,171,-2806
123333,123678,345,0,NTB,porque &n [/1],123333,123678,345,345,1.0,0,0
123678,123884,206,0,GE-Phrase,261,123162,126484,3322,206,1.0,516,-2600
123678,123884,206,0,NTB,né,123678,123884,206,206,1.0,0,0
123884,124797,913,0,GE-Phrase,261,123162,126484,3322,913,1.0,722,-1687
123884,124797,913,0,NTB,ia parar tudo,123884,124797,913,913,1.0,0,0
124797,126007,1210,0,GE-Phrase,261,123162,126484,3322,1210,1.0,1635,-477
124797,126007,1210,0,NTB,então vou monitorar quem,124797,126007,1210,1210,1.0,0,0
126007,127426,1419,0,GE-Phrase,261,123162,126484,3322,477,0.336,2845,942
126007,127426,1419,0,NTB,et cetera,126007,127426,1419,1419,1.0,0,0
131502,132715,1213,0,GE-Phrase,262,128821,132202,3381,700,0.577,2681,513
131502,132715,1213,0,GE-Phrase,263,132202,134077,1875,513,0.423,-700,-1362
131502,132715,1213,0,NTB,nũ tinha recebido nenhuma bolsa ainda né,131502,132715,1213,1213,1.0,0,0
132715,134762,2047,0,GE-Phrase,263,132202,134077,1875,1362,0.665,513,685
132715,134762,2047,0,GE-Phrase,264,134077,135782,1705,685,0.335,-1362,-1020
132715,134762,2047,0,NTB,tinha acabado de acontecer o processo,132715,134762,2047,2047,1.0,0,0
136371,137155,784,0,GE-Phrase,265,135782,138288,2506,784,1.0,589,-1133
136371,137155,784,0,NTB,a minha tutora,136371,137155,784,784,1.0,0,0
137155,137394,239,0,GE-Phrase,265,135782,138288,2506,239,1.0,1373,-894
137155,137394,239,0,NTB,né,137155,137394,239,239,1.0,0,0
141078,143026,1948,0,GE-Phrase,266,138288,141167,2879,89,0.046,2790,1859
141078,143026,1948,0,GE-Phrase,267,141167,142467,1300,1300,0.667,-89,559
141078,143026,1948,0,GE-Phrase,268,142467,145380,2913,559,0.287,-1389,-2354
141078,143026,1948,0,NTB,e a gente volta quando retomar a aula,141078,143026,1948,1948,1.0,0,0
149343,150432,1089,0,GE-Phrase,270,147413,149490,2077,147,0.135,1930,942
149343,150432,1089,0,GE-Phrase,271,149490,151803,2313,942,0.865,-147,-1371
149343,150432,1089,0,NTB,se cês concordarem,149343,150432,1089,1089,1.0,0,0
9631,12030,2399,0,GE-Phrase,205,9104,11228,2124,1597,0.666,527,802
9631,12030,2399,0,GE-Phrase,206,11228,13092,1864,802,0.334,-1597,-1062
9631,12030,2399,0,NTB,que inclusive tô produzindo um,9631,12030,2399,2399,1.0,0,0
12030,13506,1476,0,GE-Phrase,206,11228,13092,1864,1062,0.72,802,414
12030,13506,1476,0,GE-Phrase,207,13092,14908,1816,414,0.28,-1062,-1402
12030,13506,1476,0,NTB,p' cê ver a dubiedade da coisa,12030,13506,1476,1476,1.0,0,0
25187,26370,1183,0,GE-Phrase,212,23414,26572,3158,1183,1.0,1773,-202
25187,26370,1183,0,NTB,se eu reproduzir meu método,25187,26370,1183,1183,1.0,0,0
26370,27200,830,0,GE-Phrase,212,23414,26572,3158,202,0.243,2956,628
26370,27200,830,0,GE-Phrase,213,26572,28865,2293,628,0.757,-202,-1665
26370,27200,830,0,NTB,tá ligado,26370,27200,830,830,1.0,0,0
27200,28048,848,0,GE-Phrase,213,26572,28865,2293,848,1.0,628,-817
27200,28048,848,0,NTB,dentro da cultura,27200,28048,848,848,1.0,0,0
28048,29067,1019,0,GE-Phrase,213,26572,28865,2293,817,0.802,1476,202
28048,29067,1019,0,GE-Phrase,214,28865,30267,1402,202,0.198,-817,-1200
28048,29067,1019,0,NTB,e adequando e et cetera,28048,29067,1019,1019,1.0,0,0
69285,70269,984,0,GE-Phrase,233,69124,70078,954,793,0.806,161,191
69285,70269,984,0,GE-Phrase,234,70078,71694,1616,191,0.194,-793,-1425
69285,70269,984,0,NTB,o projeto é dela,69285,70269,984,984,1.0,0,0
123333,123678,345,0,GE-Phrase,261,123162,126484,3322,345,1.0,171,-2806
123333,123678,345,0,NTB,porque &n [/1],123333,123678,345,345,1.0,0,0
123678,123884,206,0,GE-Phrase,261,123162,126484,3322,206,1.0,516,-2600
123678,123884,206,0,NTB,né,123678,123884,206,206,1.0,0,0
123884,124797,913,0,GE-Phrase,261,123162,126484,3322,913,1.0,722,-1687
123884,124797,913,0,NTB,ia parar tudo,123884,124797,913,913,1.0,0,0
124797,126007,1210,0,GE-Phrase,261,123162,126484,3322,1210,1.0,1635,-477
124797,126007,1210,0,NTB,então vou monitorar quem,124797,126007,1210,1210,1.0,0,0
126007,127426,1419,0,GE-Phrase,261,123162,126484,3322,477,0.336,2845,942
126007,127426,1419,0,NTB,et cetera,126007,127426,1419,1419,1.0,0,0
131502,132715,1213,0,GE-Phrase,262,128821,132202,3381,700,0.577,2681,513
131502,132715,1213,0,GE-Phrase,263,132202,134077,1875,513,0.423,-700,-1362
131502,132715,1213,0,NTB,nũ tinha recebido nenhuma bolsa ainda né,131502,132715,1213,1213,1.0,0,0
132715,134762,2047,0,GE-Phrase,263,132202,134077,1875,1362,0.665,513,685
132715,134762,2047,0,GE-Phrase,264,134077,135782,1705,685,0.335,-1362,-1020
132715,134762,2047,0,NTB,tinha acabado de acontecer o processo,132715,134762,2047,2047,1.0,0,0
136371,137155,784,0,GE-Phrase,265,135782,138288,2506,784,1.0,589,-1133
136371,137155,784,0,NTB,a minha tutora,136371,137155,784,784,1.0,0,0
137155,137394,239,0,GE-Phrase,265,135782,138288,2506,239,1.0,1373,-894
137155,137394,239,0,NTB,né,137155,137394,239,239,1.0,0,0
141078,143026,1948,0,GE-Phrase,266,138288,141167,2879,89,0.046,2790,1859
141078,143026,1948,0,GE-Phrase,267,141167,142467,1300,1300,0.667,-89,559
141078,143026,1948,0,GE-Phrase,268,142467,145380,2913,559,0.287,-1389,-2354
141078,143026,1948,0,NTB,e a gente volta quando retomar a aula,141078,143026,1948,1948,1.0,0,0
149343,150432,1089,0,GE-Phrase,270,147413,149490,2077,147,0.135,1930,942
149343,150432,1089,0,GE-Phrase,271,149490,151803,2313,942,0.865,-147,-1371
149343,150432,1089,0,NTB,se cês concordarem,149343,150432,1089,1089,1.0,0,0
9631,12030,2399,0,GE-Phrase,205,9104,11228,2124,1597,0.666,527,802
9631,12030,2399,0,GE-Phrase,206,11228,13092,1864,802,0.334,-1597,-1062
9631,12030,2399,0,NTB,que inclusive tô produzindo um,9631,12030,2399,2399,1.0,0,0
12030,13506,1476,0,GE-Phrase,206,11228,13092,1864,1062,0.72,802,414
12030,13506,1476,0,GE-Phrase,207,13092,14908,1816,414,0.28,-1062,-1402
12030,13506,1476,0,NTB,p' cê ver a dubiedade da coisa,12030,13506,1476,1476,1.0,0,0
25187,26370,1183,0,GE-Phrase,212,23414,26572,3158,1183,1.0,1773,-202
25187,26370,1183,0,NTB,se eu reproduzir meu método,25187,26370,1183,1183,1.0,0,0
26370,27200,830,0,GE-Phrase,212,23414,26572,3158,202,0.243,2956,628
26370,27200,830,0,GE-Phrase,213,26572,28865,2293,628,0.757,-202,-1665
26370,27200,830,0,NTB,tá ligado,26370,27200,830,830,1.0,0,0
27200,28048,848,0,GE-Phrase,213,26572,28865,2293,848,1.0,628,-817
27200,28048,848,0,NTB,dentro da cultura,27200,28048,848,848,1.0,0,0
28048,29067,1019,0,GE-Phrase,213,26572,28865,2293,817,0.802,1476,202
28048,29067,1019,0,GE-Phrase,214,28865,30267,1402,202,0.198,-817,-1200
28048,29067,1019,0,NTB,e adequando e et cetera,28048,29067,1019,1019,1.0,0,0
69285,70269,984,0,GE-Phrase,233,69124,70078,954,793,0.806,161,191
69285,70269,984,0,GE-Phrase,234,70078,71694,1616,191,0.194,-793,-1425
69285,70269,984,0,NTB,o projeto é dela,69285,70269,984,984,1.0,0,0
123333,123678,345,0,GE-Phrase,261,123162,126484,3322,345,1.0,171,-2806
123333,123678,345,0,NTB,porque &n [/1],123333,123678,345,345,1.0,0,0
123678,123884,206,0,GE-Phrase,261,123162,126484,3322,206,1.0,516,-2600
123678,123884,206,0,NTB,né,123678,123884,206,206,1.0,0,0
123884,124797,913,0,GE-Phrase,261,123162,126484,3322,913,1.0,722,-1687
123884,124797,913,0,NTB,ia parar tudo,123884,124797,913,913,1.0,0,0
124797,126007,1210,0,GE-Phrase,261,123162,126484,3322,1210,1.0,1635,-477
124797,126007,1210,0,NTB,então vou monitorar quem,124797,126007,1210,1210,1.0,0,0
126007,127426,1419,0,GE-Phrase,261,123162,126484,3322,477,0.336,2845,942
126007,127426,1419,0,NTB,et cetera,126007,127426,1419,1419,1.0,0,0
131502,132715,1213,0,GE-Phrase,262,128821,132202,3381,700,0.577,2681,513
131502,132715,1213,0,GE-Phrase,263,132202,134077,1875,513,0.423,-700,-1362
131502,132715,1213,0,NTB,nũ tinha recebido nenhuma bolsa ainda né,131502,132715,1213,1213,1.0,0,0
132715,134762,2047,0,GE-Phrase,263,132202,134077,1875,1362,0.665,513,685
132715,134762,2047,0,GE-Phrase,264,134077,135782,1705,685,0.335,-1362,-1020
132715,134762,2047,0,NTB,tinha acabado de acontecer o processo,132715,134762,2047,2047,1.0,0,0
136371,137155,784,0,GE-Phrase,265,135782,138288,2506,784,1.0,589,-1133
136371,137155,784,0,NTB,a minha tutora,136371,137155,784,784,1.0,0,0
137155,137394,239,0,GE-Phrase,265,135782,138288,2506,239,1.0,1373,-894
137155,137394,239,0,NTB,né,137155,137394,239,239,1.0,0,0
141078,143026,1948,0,GE-Phrase,266,138288,141167,2879,89,0.046,2790,1859
141078,143026,1948,0,GE-Phrase,267,141167,142467,1300,1300,0.667,-89,559
141078,143026,1948,0,GE-Phrase,268,142467,145380,2913,559,0.287,-1389,-2354
141078,143026,1948,0,NTB,e a gente volta quando retomar a aula,141078,143026,1948,1948,1.0,0,0
149343,150432,1089,0,GE-Phrase,270,147413,149490,2077,147,0.135,1930,942
149343,150432,1089,0,GE-Phrase,271,149490,151803,2313,942,0.865,-147,-1371
149343,150432,1089,0,NTB,se cês concordarem,149343,150432,1089,1089,1.0,0,0
9631,12030,2399,0,GE-Phrase,205,9104,11228,2124,1597,0.666,527,802
9631,12030,2399,0,GE-Phrase,206,11228,13092,1864,802,0.334,-1597,-1062
9631,12030,2399,0,NTB,que inclusive tô produzindo um,9631,12030,2399,2399,1.0,0,0
12030,13506,1476,0,GE-Phrase,206,11228,13092,1864,1062,0.72,802,414
12030,13506,1476,0,GE-Phrase,207,13092,14908,1816,414,0.28,-1062,-1402
12030,13506,1476,0,NTB,p' cê ver a dubiedade da coisa,12030,13506,1476,1476,1.0,0,0
25187,26370,1183,0,GE-Phrase,212,23414,26572,3158,1183,1.0,1773,-202
25187,26370,1183,0,NTB,se eu reproduzir meu método,25187,26370,1183,1183,1.0,0,0
26370,27200,830,0,GE-Phrase,212,23414,26572,3158,202,0.243,2956,628
26370,27200,830,0,GE-Phrase,213,26572,28865,2293,628,0.757,-202,-1665
26370,27200,830,0,NTB,tá ligado,26370,27200,830,830,1.0,0,0
27200,28048,848,0,GE-Phrase,213,26572,28865,2293,848,1.0,628,-817
27200,28048,848,0,NTB,dentro da cultura,27200,28048,848,848,1.0,0,0
28048,29067,1019,0,GE-Phrase,213,26572,28865,2293,817,0.802,1476,202
28048,29067,1019,0,GE-Phrase,214,28865,30267,1402,202,0.198,-817,-1200
28048,29067,1019,0,NTB,e adequando e et cetera,28048,29067,1019,1019,1.0,0,0
69285,70269,984,0,GE-Phrase,233,69124,70078,954,793,0.806,161,191
69285,70269,984,0,GE-Phrase,234,70078,71694,1616,191,0.194,-793,-1425
69285,70269,984,0,NTB,o projeto é dela,69285,70269,984,984,1.0,0,0
123333,123678,345,0,GE-Phrase,261,123162,126484,3322,345,1.0,171,-2806
123333,123678,345,0,NTB,porque &n [/1],123333,123678,345,345,1.0,0,0
123678,123884,206,0,GE-Phrase,261,123162,126484,3322,206,1.0,516,-2600
123678,123884,206,0,NTB,né,123678,123884,206,206,1.0,0,0
123884,124797,913,0,GE-Phrase,261,123162,126484,3322,913,1.0,722,-1687
123884,124797,913,0,NTB,ia parar tudo,123884,124797,913,913,1.0,0,0
124797,126007,1210,0,GE-Phrase,261,123162,126484,3322,1210,1.0,1635,-477
124797,126007,1210,0,NTB,então vou monitorar quem,124797,126007,1210,1210,1.0,0,0
126007,127426,1419,0,GE-Phrase,261,123162,126484,3322,477,0.336,2845,942
126007,127426,1419,0,NTB,et cetera,126007,127426,1419,1419,1.0,0,0
131502,132715,1213,0,GE-Phrase,262,128821,132202,3381,700,0.577,2681,513
131502,132715,1213,0,GE-Phrase,263,132202,134077,1875,513,0.423,-700,-1362
131502,132715,1213,0,NTB,nũ tinha recebido nenhuma bolsa ainda né,131502,132715,1213,1213,1.0,0,0
132715,134762,2047,0,GE-Phrase,263,132202,134077,1875,1362,0.665,513,685
132715,134762,2047,0,GE-Phrase,264,134077,135782,1705,685,0.335,-1362,-1020
132715,134762,2047,0,NTB,tinha acabado de acontecer o processo,132715,134762,2047,2047,1.0,0,0
136371,137155,784,0,GE-Phrase,265,135782,138288,2506,784,1.0,589,-1133
136371,137155,784,0,NTB,a minha tutora,136371,137155,784,784,1.0,0,0
137155,137394,239,0,GE-Phrase,265,135782,138288,2506,239,1.0,1373,-894
137155,137394,239,0,NTB,né,137155,137394,239,239,1.0,0,0
141078,143026,1948,0,GE-Phrase,266,138288,141167,2879,89,0.046,2790,1859
141078,143026,1948,0,GE-Phrase,267,141167,142467,1300,1300,0.667,-89,559
141078,143026,1948,0,GE-Phrase,268,142467,145380,2913,559,0.287,-1389,-2354
141078,143026,1948,0,NTB,e a gente volta quando retomar a aula,141078,143026,1948,1948,1.0,0,0
149343,150432,1089,0,GE-Phrase,270,147413,149490,2077,147,0.135,1930,942
149343,150432,1089,0,GE-Phrase,271,149490,151803,2313,942,0.865,-147,-1371
149343,150432,1089,0,NTB,se cês concordarem,149343,150432,1089,1089,1.0,0,0
9631,12030,2399,0,GE-Phrase,205,9104,11228,2124,1597,0.666,527,802
9631,12030,2399,0,GE-Phrase,206,11228,13092,1864,802,0.334,-1597,-1062
9631,12030,2399,0,NTB,que inclusive tô produzindo um,9631,12030,2399,2399,1.0,0,0
12030,13506,1476,0,GE-Phrase,206,11228,13092,1864,1062,0.72,802,414
12030,13506,1476,0,GE-Phrase,207,13092,14908,1816,414,0.28,-1062,-1402
12030,13506,1476,0,NTB,p' cê ver a dubiedade da coisa,12030,13506,1476,1476,1.0,0,0
25187,26370,1183,0,GE-Phrase,212,23414,26572,3158,1183,1.0,1773,-202
25187,26370,1183,0,NTB,se eu reproduzir meu método,25187,26370,1183,1183,1.0,0,0
26370,27200,830,0,GE-Phrase,212,23414,26572,3158,202,0.243,2956,628
26370,27200,830,0,GE-Phrase,213,26572,28865,2293,628,0.757,-202,-1665
26370,27200,830,0,NTB,tá ligado,26370,27200,830,830,1.0,0,0
27200,28048,848,0,GE-Phrase,213,26572,28865,2293,848,1.0,628,-817
27200,28048,848,0,NTB,dentro da cultura,27200,28048,848,848,1.0,0,0
28048,29067,1019,0,GE-Phrase,213,26572,28865,2293,817,0.802,1476,202
28048,29067,1019,0,GE-Phrase,214,28865,30267,1402,202,0.198,-817,-1200
28048,29067,1019,0,NTB,e adequando e et cetera,28048,29067,1019,1019,1.0,0,0
69285,70269,984,0,GE-Phrase,233,69124,70078,954,793,0.806,161,191
69285,70269,984,0,GE-Phrase,234,70078,71694,1616,191,0.194,-793,-1425
69285,70269,984,0,NTB,o projeto é dela,69285,70269,984,984,1.0,0,0
123333,123678,345,0,GE-Phrase,261,123162,126484,3322,345,1.0,171,-2806
123333,123678,345,0,NTB,porque &n [/1],123333,123678,345,345,1.0,0,0
123678,123884,206,0,GE-Phrase,261,123162,126484,3322,206,1.0,516,-2600
123678,123884,206,0,NTB,né,123678,123884,206,206,1.0,0,0
123884,124797,913,0,GE-Phrase,261,123162,126484,3322,913,1.0,722,-1687
123884,124797,913,0,NTB,ia parar tudo,123884,124797,913,913,1.0,0,0
124797,126007,1210,0,GE-Phrase,261,123162,126484,3322,1210,1.0,1635,-477
124797,126007,1210,0,NTB,então vou monitorar quem,124797,126007,1210,1210,1.0,0,0
126007,127426,1419,0,GE-Phrase,261,123162,126484,3322,477,0.336,2845,942
126007,127426,1419,0,NTB,et cetera,126007,127426,1419,1419,1.0,0,0
131502,132715,1213,0,GE-Phrase,262,128821,132202,3381,700,0.577,2681,513
131502,132715,1213,0,GE-Phrase,263,132202,134077,1875,513,0.423,-700,-1362
131502,132715,1213,0,NTB,nũ tinha recebido nenhuma bolsa ainda né,131502,132715,1213,1213,1.0,0,0
132715,134762,2047,0,GE-Phrase,263,132202,134077,1875,1362,0.665,513,685
132715,134762,2047,0,GE-Phrase,264,134077,135782,1705,685,0.335,-1362,-1020
132715,134762,2047,0,NTB,tinha acabado de acontecer o processo,132715,134762,2047,2047,1.0,0,0
136371,137155,784,0,GE-Phrase,265,135782,138288,2506,784,1.0,589,-1133
136371,137155,784,0,NTB,a minha tutora,136371,137155,784,784,1.0,0,0
137155,137394,239,0,GE-Phrase,265,135782,138288,2506,239,1.0,1373,-894
137155,137394,239,0,NTB,né,137155,137394,239,239,1.0,0,0
141078,143026,1948,0,GE-Phrase,266,138288,141167,2879,89,0.046,2790,1859
141078,143026,1948,0,GE-Phrase,267,141167,142467,1300,1300,0.667,-89,559
141078,143026,1948,0,GE-Phrase,268,142467,145380,2913,559,0.287,-1389,-2354
141078,143026,1948,0,NTB,e a gente volta quando retomar a aula,141078,143026,1948,1948,1.0,0,0
149343,150432,1089,0,GE-Phrase,270,147413,149490,2077,147,0.135,1930,942
149343,150432,1089,0,GE-Phrase,271,149490,151803,2313,942,0.865,-147,-1371
149343,150432,1089,0,NTB,se cês concordarem,149343,150432,1089,1089,1.0,0,0
9631,12030,2399,0,GE-Phrase,205,9104,11228,2124,1597,0.666,527,802
9631,12030,2399,0,GE-Phrase,206,11228,13092,1864,802,0.334,-1597,-1062
9631,12030,2399,0,NTB,que inclusive tô produzindo um,9631,12030,2399,2399,1.0,0,0
12030,13506,1476,0,GE-Phrase,206,11228,13092,1864,1062,0.72,802,414
12030,13506,1476,0,GE-Phrase,207,13092,14908,1816,414,0.28,-1062,-1402
12030,13506,1476,0,NTB,p' cê ver a dubiedade da coisa,12030,13506,1476,1476,1.0,0,0
25187,26370,1183,0,GE-Phrase,212,23414,26572,3158,1183,1.0,1773,-202
25187,26370,1183,0,NTB,se eu reproduzir meu método,25187,26370,1183,1183,1.0,0,0
26370,27200,830,0,GE-Phrase,212,23414,26572,3158,202,0.243,2956,628
26370,27200,830,0,GE-Phrase,213,26572,28865,2293,628,0.757,-202,-1665
26370,27200,830,0,NTB,tá ligado,26370,27200,830,830,1.0,0,0
27200,28048,848,0,GE-Phrase,213,26572,28865,2293,848,1.0,628,-817
27200,28048,848,0,NTB,dentro da cultura,27200,28048,848,848,1.0,0,0
28048,29067,1019,0,GE-Phrase,213,26572,28865,2293,817,0.802,1476,202
28048,29067,1019,0,GE-Phrase,214,28865,30267,1402,202,0.198,-817,-1200
28048,29067,1019,0,NTB,e adequando e et cetera,28048,29067,1019,1019,1.0,0,0
69285,70269,984,0,GE-Phrase,233,69124,70078,954,793,0.806,161,191
69285,70269,984,0,GE-Phrase,234,70078,71694,1616,191,0.194,-793,-1425
69285,70269,984,0,NTB,o projeto é dela,69285,70269,984,984,1.0,0,0
123333,123678,345,0,GE-Phrase,261,123162,126484,3322,345,1.0,171,-2806
123333,123678,345,0,NTB,porque &n [/1],123333,123678,345,345,1.0,0,0
123678,123884,206,0,GE-Phrase,261,123162,126484,3322,206,1.0,516,-2600
123678,123884,206,0,NTB,né,123678,123884,206,206,1.0,0,0
123884,124797,913,0,GE-Phrase,261,123162,126484,3322,913,1.0,722,-1687
123884,124797,913,0,NTB,ia parar tudo,123884,124797,913,913,1.0,0,0
124797,126007,1210,0,GE-Phrase,261,123162,126484,3322,1210,1.0,1635,-477
124797,126007,1210,0,NTB,então vou monitorar quem,124797,126007,1210,1210,1.0,0,0
126007,127426,1419,0,GE-Phrase,261,123162,126484,3322,477,0.336,2845,942
126007,127426,1419,0,NTB,et cetera,126007,127426,1419,1419,1.0,0,0
131502,132715,1213,0,GE-Phrase,262,128821,132202,3381,700,0.577,2681,513
131502,132715,1213,0,GE-Phrase,263,132202,134077,1875,513,0.423,-700,-1362
131502,132715,1213,0,NTB,nũ tinha recebido nenhuma bolsa ainda né,131502,132715,1213,1213,1.0,0,0
132715,134762,2047,0,GE-Phrase,263,132202,134077,1875,1362,0.665,513,685
132715,134762,2047,0,GE-Phrase,264,134077,135782,1705,685,0.335,-1362,-1020
132715,134762,2047,0,NTB,tinha acabado de acontecer o processo,132715,134762,2047,2047,1.0,0,0
136371,137155,784,0,GE-Phrase,265,135782,138288,2506,784,1.0,589,-1133
136371,137155,784,0,NTB,a minha tutora,136371,137155,784,784,1.0,0,0
137155,137394,239,0,GE-Phrase,265,135782,138288,2506,239,1.0,1373,-894
137155,137394,239,0,NTB,né,137155,137394,239,239,1.0,0,0
141078,143026,1948,0,GE-Phrase,266,138288,141167,2879,89,0.046,2790,1859
141078,143026,1948,0,GE-Phrase,267,141167,142467,1300,1300,0.667,-89,559
141078,143026,1948,0,GE-Phrase,268,142467,145380,2913,559,0.287,-1389,-2354
141078,143026,1948,0,NTB,e a gente volta quando retomar a aula,141078,143026,1948,1948,1.0,0,0
149343,150432,1089,0,GE-Phrase,270,147413,149490,2077,147,0.135,1930,942
149343,150432,1089,0,GE-Phrase,271,149490,151803,2313,942,0.865,-147,-1371
149343,150432,1089,0,NTB,se cês concordarem,149343,150432,1089,1089,1.0,0,0
9631,12030,2399,0,GE-Phrase,205,9104,11228,2124,1597,0.666,527,802
9631,12030,2399,0,GE-Phrase,206,11228,13092,1864,802,0.334,-1597,-1062
9631,12030,2399,0,NTB,que inclusive tô produzindo um,9631,12030,2399,2399,1.0,0,0
12030,13506,1476,0,GE-Phrase,206,11228,13092,1864,1062,0.72,802,414
12030,13506,1476,0,GE-Phrase,207,13092,14908,1816,414,0.28,-1062,-1402
12030,13506,1476,0,NTB,p' cê ver a dubiedade da coisa,12030,13506,1476,1476,1.0,0,0
25187,26370,1183,0,GE-Phrase,212,23414,26572,3158,1183,1.0,1773,-202
25187,26370,1183,0,NTB,se eu reproduzir meu método,25187,26370,1183,1183,1.0,0,0
26370,27200,830,0,GE-Phrase,212,23414,26572,3158,202,0.243,2956,628
26370,27200,830,0,GE-Phrase,213,26572,28865,2293,628,0.757,-202,-1665
26370,27200,830,0,NTB,tá ligado,26370,27200,830,830,1.0,0,0
27200,28048,848,0,GE-Phrase,213,26572,28865,2293,848,1.0,628,-817
27200,28048,848,0,NTB,dentro da cultura,27200,28048,848,848,1.0,0,0
28048,29067,1019,0,GE-Phrase,213,26572,28865,2293,817,0.802,1476,202
28048,29067,1019,0,GE-Phrase,214,28865,30267,1402,202,0.198,-817,-1200
28048,29067,1019,0,NTB,e adequando e et cetera,28048,29067,1019,1019,1.0,0,0
69285,70269,984,0,GE-Phrase,233,69124,70078,954,793,0.806,161,191
69285,70269,984,0,GE-Phrase,234,70078,71694,1616,191,0.194,-793,-1425
69285,70269,984,0,NTB,o projeto é dela,69285,70269,984,984,1.0,0,0
123333,123678,345,0,GE-Phrase,261,123162,126484,3322,345,1.0,171,-2806
123333,123678,345,0,NTB,porque &n [/1],123333,123678,345,345,1.0,0,0
123678,123884,206,0,GE-Phrase,261,123162,126484,3322,206,1.0,516,-2600
123678,123884,206,0,NTB,né,123678,123884,206,206,1.0,0,0
123884,124797,913,0,GE-Phrase,261,123162,126484,3322,913,1.0,722,-1687
123884,124797,913,0,NTB,ia parar tudo,123884,124797,913,913,1.0,0,0
124797,126007,1210,0,GE-Phrase,261,123162,126484,3322,1210,1.0,1635,-477
124797,126007,1210,0,NTB,então vou monitorar quem,124797,126007,1210,1210,1.0,0,0
126007,127426,1419,0,GE-Phrase,261,123162,126484,3322,477,0.336,2845,942
126007,127426,1419,0,NTB,et cetera,126007,127426,1419,1419,1.0,0,0
131502,132715,1213,0,GE-Phrase,262,128821,132202,3381,700,0.577,2681,513
131502,132715,1213,0,GE-Phrase,263,132202,134077,1875,513,0.423,-700,-1362
131502,132715,1213,0,NTB,nũ tinha recebido nenhuma bolsa ainda né,131502,132715,1213,1213,1.0,0,0
132715,134762,2047,0,GE-Phrase,263,132202,134077,1875,1362,0.665,513,685
132715,134762,2047,0,GE-Phrase,264,134077,135782,1705,685,0.335,-1362,-1020
132715,134762,2047,0,NTB,tinha acabado de acontecer o processo,132715,134762,2047,2047,1.0,0,0
136371,137155,784,0,GE-Phrase,265,135782,138288,2506,784,1.0,589,-1133
136371,137155,784,0,NTB,a minha tutora,136371,137155,784,784,1.0,0,0
137155,137394,239,0,GE-Phrase,265,135782,138288,2506,239,1.0,1373,-894
137155,137394,239,0,NTB,né,137155,137394,239,239,1.0,0,0
141078,143026,1948,0,GE-Phrase,266,138288,141167,2879,89,0.046,2790,1859
141078,143026,1948,0,GE-Phrase,267,141167,142467,1300,1300,0.667,-89,559
141078,143026,1948,0,GE-Phrase,268,142467,145380,2913,559,0.287,-1389,-2354
141078,143026,1948,0,NTB,e a gente volta quando retomar a aula,141078,143026,1948,1948,1.0,0,0
149343,150432,1089,0,GE-Phrase,270,147413,149490,2077,147,0.135,1930,942
149343,150432,1089,0,GE-Phrase,271,149490,151803,2313,942,0.865,-147,-1371
149343,150432,1089,0,NTB,se cês concordarem,149343,150432,1089,1089,1.0,0,0
9631,12030,2399,0,GE-Phrase,205,9104,11228,2124,1597,0.666,527,802
9631,12030,2399,0,GE-Phrase,206,11228,13092,1864,802,0.334,-1597,-1062
9631,12030,2399,0,NTB,que inclusive tô produzindo um,9631,12030,2399,2399,1.0,0,0
12030,13506,1476,0,GE-Phrase,206,11228,13092,1864,1062,0.72,802,414
12030,13506,1476,0,GE-Phrase,207,13092,14908,1816,414,0.28,-1062,-1402
12030,13506,1476,0,NTB,p' cê ver a dubiedade da coisa,12030,13506,1476,1476,1.0,0,0
25187,26370,1183,0,GE-Phrase,212,23414,26572,3158,1183,1.0,1773,-202
25187,26370,1183,0,NTB,se eu reproduzir meu método,25187,26370,1183,1183,1.0,0,0
26370,27200,830,0,GE-Phrase,212,23414,26572,3158,202,0.243,2956,628
26370,27200,830,0,GE-Phrase,213,26572,28865,2293,628,0.757,-202,-1665
26370,27200,830,0,NTB,tá ligado,26370,27200,830,830,1.0,0,0
27200,28048,848,0,GE-Phrase,213,26572,28865,2293,848,1.0,628,-817
27200,28048,848,0,NTB,dentro da cultura,27200,28048,848,848,1.0,0,0
28048,29067,1019,0,GE-Phrase,213,26572,28865,2293,817,0.802,1476,202
28048,29067,1019,0,GE-Phrase,214,28865,30267,1402,202,0.198,-817,-1200
28048,29067,1019,0,NTB,e adequando e et cetera,28048,29067,1019,1019,1.0,0,0
69285,70269,984,0,GE-Phrase,233,69124,70078,954,793,0.806,161,191
69285,70269,984,0,GE-Phrase,234,70078,71694,1616,191,0.194,-793,-1425
69285,70269,984,0,NTB,o projeto é dela,69285,70269,984,984,1.0,0,0
123333,123678,345,0,GE-Phrase,261,123162,126484,3322,345,1.0,171,-2806
123333,123678,345,0,NTB,porque &n [/1],123333,123678,345,345,1.0,0,0
123678,123884,206,0,GE-Phrase,261,123162,126484,3322,206,1.0,516,-2600
123678,123884,206,0,NTB,né,123678,123884,206,206,1.0,0,0
123884,124797,913,0,GE-Phrase,261,123162,126484,3322,913,1.0,722,-1687
123884,124797,913,0,NTB,ia parar tudo,123884,124797,913,913,1.0,0,0
124797,126007,1210,0,GE-Phrase,261,123162,126484,3322,1210,1.0,1635,-477
124797,126007,1210,0,NTB,então vou monitorar quem,124797,126007,1210,1210,1.0,0,0
126007,127426,1419,0,GE-Phrase,261,123162,126484,3322,477,0.336,2845,942
126007,127426,1419,0,NTB,et cetera,126007,127426,1419,1419,1.0,0,0
131502,132715,1213,0,GE-Phrase,262,128821,132202,3381,700,0.577,2681,513
131502,132715,1213,0,GE-Phrase,263,132202,134077,1875,513,0.423,-700,-1362
131502,132715,1213,0,NTB,nũ tinha recebido nenhuma bolsa ainda né,131502,132715,1213,1213,1.0,0,0
132715,134762,2047,0,GE-Phrase,263,132202,134077,1875,1362,0.665,513,685
132715,134762,2047,0,GE-Phrase,264,134077,135782,1705,685,0.335,-1362,-1020
132715,134762,2047,0,NTB,tinha acabado de acontecer o processo,132715,134762,2047,2047,1.0,0,0
136371,137155,784,0,GE-Phrase,265,135782,138288,2506,784,1.0,589,-1133
136371,137155,784,0,NTB,a minha tutora,136371,137155,784,784,1.0,0,0
137155,137394,239,0,GE-Phrase,265,135782,138288,2506,239,1.0,1373,-894
137155,137394,239,0,NTB,né,137155,137394,239,239,1.0,0,0
141078,143026,1948,0,GE-Phrase,266,138288,141167,2879,89,0.046,2790,1859
141078,143026,1948,0,GE-Phrase,267,141167,142467,1300,1300,0.667,-89,559
141078,143026,1948,0,GE-Phrase,268,142467,145380,2913,559,0.287,-1389,-2354
141078,143026,1948,0,NTB,e a gente volta quando retomar a aula,141078,143026,1948,1948,1.0,0,0
149343,150432,1089,0,GE-Phrase,270,147413,149490,2077,147,0.135,1930,942
149343,150432,1089,0,GE-Phrase,271,149490,151803,2313,942,0.865,-147,-1371
149343,150432,1089,0,NTB,se cês concordarem,149343,150432,1089,1089,1.0,0,0
9631,12030,2399,0,GE-Phrase,205,9104,11228,2124,1597,0.666,527,802
9631,12030,2399,0,GE-Phrase,206,11228,13092,1864,802,0.334,-1597,-1062
9631,12030,2399,0,NTB,que inclusive tô produzindo um,9631,12030,2399,2399,1.0,0,0
12030,13506,1476,0,GE-Phrase,206,11228,13092,1864,1062,0.72,802,414
12030,13506,1476,0,GE-Phrase,207,13092,14908,1816,414,0.28,-1062,-1402
12030,13506,1476,0,NTB,p' cê ver a dubiedade da coisa,12030,13506,1476,1476,1.0,0,0
25187,26370,1183,0,GE-Phrase,212,23414,26572,3158,1183,1.0,1773,-202
25187,26370,1183,0,NTB,se eu reproduzir meu método,25187,26370,1183,1183,1.0,0,0
26370,27200,830,0,GE-Phrase,212,23414,26572,3158,202,0.243,2956,628
26370,27200,830,0,GE-Phrase,213,26572,28865,2293,628,0.757,-202,-1665
26370,27200,830,0,NTB,tá ligado,26370,27200,830,830,1.0,0,0
27200,28048,848,0,GE-Phrase,213,26572,28865,2293,848,1.0,628,-817
27200,28048,848,0,NTB,dentro da cultura,27200,28048,848,848,1.0,0,0
28048,29067,1019,0,GE-Phrase,213,26572,28865,2293,817,0.802,1476,202
28048,29067,1019,0,GE-Phrase,214,28865,30267,1402,202,0.198,-817,-1200
28048,29067,1019,0,NTB,e adequando e et cetera,28048,29067,1019,1019,1.0,0,0
69285,70269,984,0,GE-Phrase,233,69124,70078,954,793,0.806,161,191
69285,70269,984,0,GE-Phrase,234,70078,71694,1616,191,0.194,-793,-1425
69285,70269,984,0,NTB,o projeto é dela,69285,70269,984,984,1.0,0,0
123333,123678,345,0,GE-Phrase,261,123162,126484,3322,345,1.0,171,-2806
123333,123678,345,0,NTB,porque &n [/1],123333,123678,345,345,1.0,0,0
123678,123884,206,0,GE-Phrase,261,123162,126484,3322,206,1.0,516,-2600
123678,123884,206,0,NTB,né,123678,123884,206,206,1.0,0,0
123884,124797,913,0,GE-Phrase,261,123162,126484,3322,913,1.0,722,-1687
123884,124797,913,0,NTB,ia parar tudo,123884,124797,913,913,1.0,0,0
124797,126007,1210,0,GE-Phrase,261,123162,126484,3322,1210,1.0,1635,-477
124797,126007,1210,0,NTB,então vou monitorar quem,124797,126007,1210,1210,1.0,0,0
126007,127426,1419,0,GE-Phrase,261,123162,126484,3322,477,0.336,2845,942
126007,127426,1419,0,NTB,et cetera,126007,127426,1419,1419,1.0,0,0
131502,132715,1213,0,GE-Phrase,262,128821,132202,3381,700,0.577,2681,513
131502,132715,1213,0,GE-Phrase,263,132202,134077,1875,513,0.423,-700,-1362
131502,132715,1213,0,NTB,nũ tinha recebido nenhuma bolsa ainda né,131502,132715,1213,1213,1.0,0,0
132715,134762,2047,0,GE-Phrase,263,132202,134077,1875,1362,0.665,513,685
132715,134762,2047,0,GE-Phrase,264,134077,135782,1705,685,0.335,-1362,-1020
132715,134762,2047,0,NTB,tinha acabado de acontecer o processo,132715,134762,2047,2047,1.0,0,0
136371,137155,784,0,GE-Phrase,265,135782,138288,2506,784,1.0,589,-1133
136371,137155,784,0,NTB,a minha tutora,136371,137155,784,784,1.0,0,0
137155,137394,239,0,GE-Phrase,265,135782,138288,2506,239,1.0,1373,-894
137155,137394,239,0,NTB,né,137155,137394,239,239,1.0,0,0
141078,143026,1948,0,GE-Phrase,266,138288,141167,2879,89,0.046,2790,1859
141078,143026,1948,0,GE-Phrase,267,141167,142467,1300,1300,0.667,-89,559
141078,143026,1948,0,GE-Phrase,268,142467,145380,2913,559,0.287,-1389,-2354
141078,143026,1948,0,NTB,e a gente volta quando retomar a aula,141078,143026,1948,1948,1.0,0,0
149343,150432,1089,0,GE-Phrase,270,147413,149490,2077,147,0.135,1930,942
149343,150432,1089,0,GE-Phrase,271,149490,151803,2313,942,0.865,-147,-1371
149343,150432,1089,0,NTB,se cês concordarem,149343,150432,1089,1089,1.0,0,0
9631,12030,2399,0,GE-Phrase,205,9104,11228,2124,1597,0.666,527,802
9631,12030,2399,0,GE-Phrase,206,11228,13092,1864,802,0.334,-1597,-1062
9631,12030,2399,0,NTB,que inclusive tô produzindo um,9631,12030,2399,2399,1.0,0,0
12030,13506,1476,0,GE-Phrase,206,11228,13092,1864,1062,0.72,802,414
12030,13506,1476,0,GE-Phrase,207,13092,14908,1816,414,0.28,-1062,-1402
12030,13506,1476,0,NTB,p' cê ver a dubiedade da coisa,12030,13506,1476,1476,1.0,0,0
25187,26370,1183,0,GE-Phrase,212,23414,26572,3158,1183,1.0,1773,-202
25187,26370,1183,0,NTB,se eu reproduzir meu método,25187,26370,1183,1183,1.0,0,0
26370,27200,830,0,GE-Phrase,212,23414,26572,3158,202,0.243,2956,628
26370,27200,830,0,GE-Phrase,213,26572,28865,2293,628,0.757,-202,-1665
26370,27200,830,0,NTB,tá ligado,26370,27200,830,830,1.0,0,0
27200,28048,848,0,GE-Phrase,213,26572,28865,2293,848,1.0,628,-817
27200,28048,848,0,NTB,dentro da cultura,27200,28048,848,848,1.0,0,0
28048,29067,1019,0,GE-Phrase,213,26572,28865,2293,817,0.802,1476,202
28048,29067,1019,0,GE-Phrase,214,28865,30267,1402,202,0.198,-817,-1200
28048,29067,1019,0,NTB,e adequando e et cetera,28048,29067,1019,1019,1.0,0,0
69285,70269,984,0,GE-Phrase,233,69124,70078,954,793,0.806,161,191
69285,70269,984,0,GE-Phrase,234,70078,71694,1616,191,0.194,-793,-1425
69285,70269,984,0,NTB,o projeto é dela,69285,70269,984,984,1.0,0,0
123333,123678,345,0,GE-Phrase,261,123162,126484,3322,345,1.0,171,-2806
123333,123678,345,0,NTB,porque &n [/1],123333,123678,345,345,1.0,0,0
123678,123884,206,0,GE-Phrase,261,123162,126484,3322,206,1.0,516,-2600
123678,123884,206,0,NTB,né,123678,123884,206,206,1.0,0,0
123884,124797,913,0,GE-Phrase,261,123162,126484,3322,913,1.0,722,-1687
123884,124797,913,0,NTB,ia parar tudo,123884,124797,913,913,1.0,0,0
124797,126007,1210,0,GE-Phrase,261,123162,126484,3322,1210,1.0,1635,-477
124797,126007,1210,0,NTB,então vou monitorar quem,124797,126007,1210,1210,1.0,0,0
126007,127426,1419,0,GE-Phrase,261,123162,126484,3322,477,0.336,2845,942
126007,127426,1419,0,NTB,et cetera,126007,127426,1419,1419,1.0,0,0
131502,132715,1213,0,GE-Phrase,262,128821,132202,3381,700,0.577,2681,513
131502,132715,1213,0,GE-Phrase,263,132202,134077,1875,513,0.423,-700,-1362
131502,132715,1213,0,NTB,nũ tinha recebido nenhuma bolsa ainda né,131502,132715,1213,1213,1.0,0,0
132715,134762,2047,0,GE-Phrase,263,132202,134077,1875,1362,0.665,513,685
132715,134762,2047,0,GE-Phrase,264,134077,135782,1705,685,0.335,-1362,-1020
132715,134762,2047,0,NTB,tinha acabado de acontecer o processo,132715,134762,2047,2047,1.0,0,0
136371,137155,784,0,GE-Phrase,265,135782,138288,2506,784,1.0,589,-1133
136371,137155,784,0,NTB,a minha tutora,136371,137155,784,784,1.0,0,0
137155,137394,239,0,GE-Phrase,265,135782,138288,2506,239,1.0,1373,-894
137155,137394,239,0,NTB,né,137155,137394,239,239,1.0,0,0
141078,143026,1948,0,GE-Phrase,266,138288,141167,2879,89,0.046,2790,1859
141078,143026,1948,0,GE-Phrase,267,141167,142467,1300,1300,0.667,-89,559
141078,143026,1948,0,GE-Phrase,268,142467,145380,2913,559,0.287,-1389,-2354
141078,143026,1948,0,NTB,e a gente volta quando retomar a aula,141078,143026,1948,1948,1.0,0,0
149343,150432,1089,0,GE-Phrase,270,147413,149490,2077,147,0.135,1930,942
149343,150432,1089,0,GE-Phrase,271,149490,151803,2313,942,0.865,-147,-1371
149343,150432,1089,0,NTB,se cês concordarem,149343,150432,1089,1089,1.0,0,0
9631,12030,2399,0,GE-Phrase,205,9104,11228,2124,1597,0.666,527,802
9631,12030,2399,0,GE-Phrase,206,11228,13092,1864,802,0.334,-1597,-1062
9631,12030,2399,0,NTB,que inclusive tô produzindo um,9631,12030,2399,2399,1.0,0,0
12030,13506,1476,0,GE-Phrase,206,11228,13092,1864,1062,0.72,802,414
12030,13506,1476,0,GE-Phrase,207,13092,14908,1816,414,0.28,-1062,-1402
12030,13506,1476,0,NTB,p' cê ver a dubiedade da coisa,12030,13506,1476,1476,1.0,0,0
25187,26370,1183,0,GE-Phrase,212,23414,26572,3158,1183,1.0,1773,-202
25187,26370,1183,0,NTB,se eu reproduzir meu método,25187,26370,1183,1183,1.0,0,0
26370,27200,830,0,GE-Phrase,212,23414,26572,3158,202,0.243,2956,628
26370,27200,830,0,GE-Phrase,213,26572,28865,2293,628,0.757,-202,-1665
26370,27200,830,0,NTB,tá ligado,26370,27200,830,830,1.0,0,0
27200,28048,848,0,GE-Phrase,213,26572,28865,2293,848,1.0,628,-817
27200,28048,848,0,NTB,dentro da cultura,27200,28048,848,848,1.0,0,0
28048,29067,1019,0,GE-Phrase,213,26572,28865,2293,817,0.802,1476,202
28048,29067,1019,0,GE-Phrase,214,28865,30267,1402,202,0.198,-817,-1200
28048,29067,1019,0,NTB,e adequando e et cetera,28048,29067,1019,1019,1.0,0,0
69285,70269,984,0,GE-Phrase,233,69124,70078,954,793,0.806,161,191
69285,70269,984,0,GE-Phrase,234,70078,71694,1616,191,0.194,-793,-1425
69285,70269,984,0,NTB,o projeto é dela,69285,70269,984,984,1.0,0,0
123333,123678,345,0,GE-Phrase,261,123162,126484,3322,345,1.0,171,-2806
123333,123678,345,0,NTB,porque &n [/1],123333,123678,345,345,1.0,0,0
123678,123884,206,0,GE-Phrase,261,123162,126484,3322,206,1.0,516,-2600
123678,123884,206,0,NTB,né,123678,123884,206,206,1.0,0,0
123884,124797,913,0,GE-Phrase,261,123162,126484,3322,913,1.0,722,-1687
123884,124797,913,0,NTB,ia parar tudo,123884,124797,913,913,1.0,0,0
124797,126007,1210,0,GE-Phrase,261,123162,126484,3322,1210,1.0,1635,-477
124797,126007,1210,0,NTB,então vou monitorar quem,124797,126007,1210,1210,1.0,0,0
126007,127426,1419,0,GE-Phrase,261,123162,126484,3322,477,0.336,2845,942
126007,127426,1419,0,NTB,et cetera,126007,127426,1419,1419,1.0,0,0
131502,132715,1213,0,GE-Phrase,262,128821,132202,3381,700,0.577,2681,513
131502,132715,1213,0,GE-Phrase,263,132202,134077,1875,513,0.423,-700,-1362
131502,132715,1213,0,NTB,nũ tinha recebido nenhuma bolsa ainda né,131502,132715,1213,1213,1.0,0,0
132715,134762,2047,0,GE-Phrase,263,132202,134077,1875,1362,0.665,513,685
132715,134762,2047,0,GE-Phrase,264,134077,135782,1705,685,0.335,-1362,-1020
132715,134762,2047,0,NTB,tinha acabado de acontecer o processo,132715,134762,2047,2047,1.0,0,0
136371,137155,784,0,GE-Phrase,265,135782,138288,2506,784,1.0,589,-1133
136371,137155,784,0,NTB,a minha tutora,136371,137155,784,784,1.0,0,0
137155,137394,239,0,GE-Phrase,265,135782,138288,2506,239,1.0,1373,-894
137155,137394,239,0,NTB,né,137155,137394,239,239,1.0,0,0
141078,143026,1948,0,GE-Phrase,266,138288,141167,2879,89,0.046,2790,1859
141078,143026,1948,0,GE-Phrase,267,141167,142467,1300,1300,0.667,-89,559
141078,143026,1948,0,GE-Phrase,268,142467,145380,2913,559,0.287,-1389,-2354
141078,143026,1948,0,NTB,e a gente volta quando retomar a aula,141078,143026,1948,1948,1.0,0,0
149343,150432,1089,0,GE-Phrase,270,147413,149490,2077,147,0.135,1930,942
149343,150432,1089,0,GE-Phrase,271,149490,151803,2313,942,0.865,-147,-1371
149343,150432,1089,0,NTB,se cês concordarem,149343,150432,1089,1089,1.0,0,0
9631,12030,2399,0,GE-Phrase,205,9104,11228,2124,1597,0.666,527,802
9631,12030,2399,0,GE-Phrase,206,11228,13092,1864,802,0.334,-1597,-1062
9631,12030,2399,0,NTB,que inclusive tô produzindo um,9631,12030,2399,2399,1.0,0,0
12030,13506,1476,0,GE-Phrase,206,11228,13092,1864,1062,0.72,802,414
12030,13506,1476,0,GE-Phrase,207,13092,14908,1816,414,0.28,-1062,-1402
12030,13506,1476,0,NTB,p' cê ver a dubiedade da coisa,12030,13506,1476,1476,1.0,0,0
25187,26370,1183,0,GE-Phrase,212,23414,26572,3158,1183,1.0,1773,-202
25187,26370,1183,0,NTB,se eu reproduzir meu método,25187,26370,1183,1183,1.0,0,0
26370,27200,830,0,GE-Phrase,212,23414,26572,3158,202,0.243,2956,628
26370,27200,830,0,GE-Phrase,213,26572,28865,2293,628,0.757,-202,-1665
26370,27200,830,0,NTB,tá ligado,26370,27200,830,830,1.0,0,0
27200,28048,848,0,GE-Phrase,213,26572,28865,2293,848,1.0,628,-817
27200,28048,848,0,NTB,dentro da cultura,27200,28048,848,848,1.0,0,0
28048,29067,1019,0,GE-Phrase,213,26572,28865,2293,817,0.802,1476,202
28048,29067,1019,0,GE-Phrase,214,28865,30267,1402,202,0.198,-817,-1200
28048,29067,1019,0,NTB,e adequando e et cetera,28048,29067,1019,1019,1.0,0,0
69285,70269,984,0,GE-Phrase,233,69124,70078,954,793,0.806,161,191
69285,70269,984,0,GE-Phrase,234,70078,71694,1616,191,0.194,-793,-1425
69285,70269,984,0,NTB,o projeto é dela,69285,70269,984,984,1.0,0,0
123333,123678,345,0,GE-Phrase,261,123162,126484,3322,345,1.0,171,-2806
123333,123678,345,0,NTB,porque &n [/1],123333,123678,345,345,1.0,0,0
123678,123884,206,0,GE-Phrase,261,123162,126484,3322,206,1.0,516,-2600
123678,123884,206,0,NTB,né,123678,123884,206,206,1.0,0,0
123884,124797,913,0,GE-Phrase,261,123162,126484,3322,913,1.0,722,-1687
123884,124797,913,0,NTB,ia parar tudo,123884,124797,913,913,1.0,0,0
124797,126007,1210,0,GE-Phrase,261,123162,126484,3322,1210,1.0,1635,-477
124797,126007,1210,0,NTB,então vou monitorar quem,124797,126007,1210,1210,1.0,0,0
126007,127426,1419,0,GE-Phrase,261,123162,126484,3322,477,0.336,2845,942
126007,127426,1419,0,NTB,et cetera,126007,127426,1419,1419,1.0,0,0
131502,132715,1213,0,GE-Phrase,262,128821,132202,3381,700,0.577,2681,513
131502,132715,1213,0,GE-Phrase,263,132202,134077,1875,513,0.423,-700,-1362
131502,132715,1213,0,NTB,nũ tinha recebido nenhuma bolsa ainda né,131502,132715,1213,1213,1.0,0,0
132715,134762,2047,0,GE-Phrase,263,132202,134077,1875,1362,0.665,513,685
132715,134762,2047,0,GE-Phrase,264,134077,135782,1705,685,0.335,-1362,-1020
132715,134762,2047,0,NTB,tinha acabado de acontecer o processo,132715,134762,2047,2047,1.0,0,0
136371,137155,784,0,GE-Phrase,265,135782,138288,2506,784,1.0,589,-1133
136371,137155,784,0,NTB,a minha tutora,136371,137155,784,784,1.0,0,0
137155,137394,239,0,GE-Phrase,265,135782,138288,2506,239,1.0,1373,-894
137155,137394,239,0,NTB,né,137155,137394,239,239,1.0,0,0
141078,143026,1948,0,GE-Phrase,266,138288,141167,2879,89,0.046,2790,1859
141078,143026,1948,0,GE-Phrase,267,141167,142467,1300,1300,0.667,-89,559
141078,143026,1948,0,GE-Phrase,268,142467,145380,2913,559,0.287,-1389,-2354
141078,143026,1948,0,NTB,e a gente volta quando retomar a aula,141078,143026,1948,1948,1.0,0,0
149343,150432,1089,0,GE-Phrase,270,147413,149490,2077,147,0.135,1930,942
149343,150432,1089,0,GE-Phrase,271,149490,151803,2313,942,0.865,-147,-1371
149343,150432,1089,0,NTB,se cês concordarem,149343,150432,1089,1089,1.0,0,0
9631,12030,2399,0,GE-Phrase,205,9104,11228,2124,1597,0.666,527,802
9631,12030,2399,0,GE-Phrase,206,11228,13092,1864,802,0.334,-1597,-1062
9631,12030,2399,0,NTB,que inclusive tô produzindo um,9631,12030,2399,2399,1.0,0,0
12030,13506,1476,0,GE-Phrase,206,11228,13092,1864,1062,0.72,802,414
12030,13506,1476,0,GE-Phrase,207,13092,14908,1816,414,0.28,-1062,-1402
12030,13506,1476,0,NTB,p' cê ver a dubiedade da coisa,12030,13506,1476,1476,1.0,0,0
25187,26370,1183,0,GE-Phrase,212,23414,26572,3158,1183,1.0,1773,-202
25187,26370,1183,0,NTB,se eu reproduzir meu método,25187,26370,1183,1183,1.0,0,0
26370,27200,830,0,GE-Phrase,212,23414,26572,3158,202,0.243,2956,628
26370,27200,830,0,GE-Phrase,213,26572,28865,2293,628,0.757,-202,-1665
26370,27200,830,0,NTB,tá ligado,26370,27200,830,830,1.0,0,0
27200,28048,848,0,GE-Phrase,213,26572,28865,2293,848,1.0,628,-817
27200,28048,848,0,NTB,dentro da cultura,27200,28048,848,848,1.0,0,0
28048,29067,1019,0,GE-Phrase,213,26572,28865,2293,817,0.802,1476,202
28048,29067,1019,0,GE-Phrase,214,28865,30267,1402,202,0.198,-817,-1200
28048,29067,1019,0,NTB,e adequando e et cetera,28048,29067,1019,1019,1.0,0,0
69285,70269,984,0,GE-Phrase,233,69124,70078,954,793,0.806,161,191
69285,70269,984,0,GE-Phrase,234,70078,71694,1616,191,0.194,-793,-1425
69285,70269,984,0,NTB,o projeto é dela,69285,70269,984,984,1.0,0,0
123333,123678,345,0,GE-Phrase,261,123162,126484,3322,345,1.0,171,-2806
123333,123678,345,0,NTB,porque &n [/1],123333,123678,345,345,1.0,0,0
123678,123884,206,0,GE-Phrase,261,123162,126484,3322,206,1.0,516,-2600
123678,123884,206,0,NTB,né,123678,123884,206,206,1.0,0,0
123884,124797,913,0,GE-Phrase,261,123162,126484,3322,913,1.0,722,-1687
123884,124797,913,0,NTB,ia parar tudo,123884,124797,913,913,1.0,0,0
124797,126007,1210,0,GE-Phrase,261,123162,126484,3322,1210,1.0,1635,-477
124797,126007,1210,0,NTB,então vou monitorar quem,124797,126007,1210,1210,1.0,0,0
126007,127426,1419,0,GE-Phrase,261,123162,126484,3322,477,0.336,2845,942
126007,127426,1419,0,NTB,et cetera,126007,127426,1419,1419,1.0,0,0
131502,132715,1213,0,GE-Phrase,262,128821,132202,3381,700,0.577,2681,513
131502,132715,1213,0,GE-Phrase,263,132202,134077,1875,513,0.423,-700,-1362
131502,132715,1213,0,NTB,nũ tinha recebido nenhuma bolsa ainda né,131502,132715,1213,1213,1.0,0,0
132715,134762,2047,0,GE-Phrase,263,132202,134077,1875,1362,0.665,513,685
132715,134762,2047,0,GE-Phrase,264,134077,135782,1705,685,0.335,-1362,-1020
132715,134762,2047,0,NTB,tinha acabado de acontecer o processo,132715,134762,2047,2047,1.0,0,0
136371,137155,784,0,GE-Phrase,265,135782,138288,2506,784,1.0,589,-1133
136371,137155,784,0,NTB,a minha tutora,136371,137155,784,784,1.0,0,0
137155,137394,239,0,GE-Phrase,265,135782,138288,2506,239,1.0,1373,-894
137155,137394,239,0,NTB,né,137155,137394,239,239,1.0,0,0
141078,143026,1948,0,GE-Phrase,266,138288,141167,2879,89,0.046,2790,1859
141078,143026,1948,0,GE-Phrase,267,141167,142467,1300,1300,0.667,-89,559
141078,143026,1948,0,GE-Phrase,268,142467,145380,2913,559,0.287,-1389,-2354
141078,143026,1948,0,NTB,e a gente volta quando retomar a aula,141078,143026,1948,1948,1.0,0,0
149343,150432,1089,0,GE-Phrase,270,147413,149490,2077,147,0.135,1930,942
149343,150432,1089,0,GE-Phrase,271,149490,151803,2313,942,0.865,-147,-1371
149343,150432,1089,0,NTB,se cês concordarem,149343,150432,1089,1089,1.0,0,0
9631,12030,2399,0,GE-Phrase,205,9104,11228,2124,1597,0.666,527,802
9631,12030,2399,0,GE-Phrase,206,11228,13092,1864,802,0.334,-1597,-1062
9631,12030,2399,0,NTB,que inclusive tô produzindo um,9631,12030,2399,2399,1.0,0,0
12030,13506,1476,0,GE-Phrase,206,11228,13092,1864,1062,0.72,802,414
12030,13506,1476,0,GE-Phrase,207,13092,14908,1816,414,0.28,-1062,-1402
12030,13506,1476,0,NTB,p' cê ver a dubiedade da coisa,12030,13506,1476,1476,1.0,0,0
25187,26370,1183,0,GE-Phrase,212,23414,26572,3158,1183,1.0,1773,-202
25187,26370,1183,0,NTB,se eu reproduzir meu método,25187,26370,1183,1183,1.0,0,0
26370,27200,830,0,GE-Phrase,212,23414,26572,3158,202,0.243,2956,628
26370,27200,830,0,GE-Phrase,213,26572,28865,2293,628,0.757,-202,-1665
26370,27200,830,0,NTB,tá ligado,26370,27200,830,830,1.0,0,0
27200,28048,848,0,GE-Phrase,213,26572,28865,2293,848,1.0,628,-817
27200,28048,848,0,NTB,dentro da cultura,27200,28048,848,848,1.0,0,0
28048,29067,1019,0,GE-Phrase,213,26572,28865,2293,817,0.802,1476,202
28048,29067,1019,0,GE-Phrase,214,28865,30267,1402,202,0.198,-817,-1200
28048,29067,1019,0,NTB,e adequando e et cetera,28048,29067,1019,1019,1.0,0,0
69285,70269,984,0,GE-Phrase,233,69124,70078,954,793,0.806,161,191
69285,70269,984,0,GE-Phrase,234,70078,71694,1616,191,0.194,-793,-1425
69285,70269,984,0,NTB,o projeto é dela,69285,70269,984,984,1.0,0,0
123333,123678,345,0,GE-Phrase,261,123162,126484,3322,345,1.0,171,-2806
123333,123678,345,0,NTB,porque &n [/1],123333,123678,345,345,1.0,0,0
123678,123884,206,0,GE-Phrase,261,123162,126484,3322,206,1.0,516,-2600
123678,123884,206,0,NTB,né,123678,123884,206,206,1.0,0,0
123884,124797,913,0,GE-Phrase,261,123162,126484,3322,913,1.0,722,-1687
123884,124797,913,0,NTB,ia parar tudo,123884,124797,913,913,1.0,0,0
124797,126007,1210,0,GE-Phrase,261,123162,126484,3322,1210,1.0,1635,-477
124797,126007,1210,0,NTB,então vou monitorar quem,124797,126007,1210,1210,1.0,0,0
126007,127426,1419,0,GE-Phrase,261,123162,126484,3322,477,0.336,2845,942
126007,127426,1419,0,NTB,et cetera,126007,127426,1419,1419,1.0,0,0
131502,132715,1213,0,GE-Phrase,262,128821,132202,3381,700,0.577,2681,513
131502,132715,1213,0,GE-Phrase,263,132202,134077,1875,513,0.423,-700,-1362
131502,132715,1213,0,NTB,nũ tinha recebido nenhuma bolsa ainda né,131502,132715,1213,1213,1.0,0,0
132715,134762,2047,0,GE-Phrase,263,132202,134077,1875,1362,0.665,513,685
132715,134762,2047,0,GE-Phrase,264,134077,135782,1705,685,0.335,-1362,-1020
132715,134762,2047,0,NTB,tinha acabado de acontecer o processo,132715,134762,2047,2047,1.0,0,0
136371,137155,784,0,GE-Phrase,265,135782,138288,2506,784,1.0,589,-1133
136371,137155,784,0,NTB,a minha tutora,136371,137155,784,784,1.0,0,0
137155,137394,239,0,GE-Phrase,265,135782,138288,2506,239,1.0,1373,-894
137155,137394,239,0,NTB,né,137155,137394,239,239,1.0,0,0
141078,143026,1948,0,GE-Phrase,266,138288,141167,2879,89,0.046,2790,1859
141078,143026,1948,0,GE-Phrase,267,141167,142467,1300,1300,0.667,-89,559
141078,143026,1948,0,GE-Phrase,268,142467,145380,2913,559,0.287,-1389,-2354
141078,143026,1948,0,NTB,e a gente volta quando retomar a aula,141078,143026,1948,1948,1.0,0,0
149343,150432,1089,0,GE-Phrase,270,147413,149490,2077,147,0.135,1930,942
149343,150432,1089,0,GE-Phrase,271,149490,151803,2313,942,0.865,-147,-1371
149343,150432,1089,0,NTB,se cês concordarem,149343,150432,1089,1089,1.0,0,0
9631,12030,2399,0,GE-Phrase,205,9104,11228,2124,1597,0.666,527,802
9631,12030,2399,0,GE-Phrase,206,11228,13092,1864,802,0.334,-1597,-1062
9631,12030,2399,0,NTB,que inclusive tô produzindo um,9631,12030,2399,2399,1.0,0,0
12030,13506,1476,0,GE-Phrase,206,11228,13092,1864,1062,0.72,802,414
12030,13506,1476,0,GE-Phrase,207,13092,14908,1816,414,0.28,-1062,-1402
12030,13506,1476,0,NTB,p' cê ver a dubiedade da coisa,12030,13506,1476,1476,1.0,0,0
25187,26370,1183,0,GE-Phrase,212,23414,26572,3158,1183,1.0,1773,-202
25187,26370,1183,0,NTB,se eu reproduzir meu método,25187,26370,1183,1183,1.0,0,0
26370,27200,830,0,GE-Phrase,212,23414,26572,3158,202,0.243,2956,628
26370,27200,830,0,GE-Phrase,213,26572,28865,2293,628,0.757,-202,-1665
26370,27200,830,0,NTB,tá ligado,26370,27200,830,830,1.0,0,0
27200,28048,848,0,GE-Phrase,213,26572,28865,2293,848,1.0,628,-817
27200,28048,848,0,NTB,dentro da cultura,27200,28048,848,848,1.0,0,0
28048,29067,1019,0,GE-Phrase,213,26572,28865,2293,817,0.802,1476,202
28048,29067,1019,0,GE-Phrase,214,28865,30267,1402,202,0.198,-817,-1200
28048,29067,1019,0,NTB,e adequando e et cetera,28048,29067,1019,1019,1.0,0,0
69285,70269,984,0,GE-Phrase,233,69124,70078,954,793,0.806,161,191
69285,70269,984,0,GE-Phrase,234,70078,71694,1616,191,0.194,-793,-1425
69285,70269,984,0,NTB,o projeto é dela,69285,70269,984,984,1.0,0,0
123333,123678,345,0,GE-Phrase,261,123162,126484,3322,345,1.0,171,-2806
123333,123678,345,0,NTB,porque &n [/1],123333,123678,345,345,1.0,0,0
123678,123884,206,0,GE-Phrase,261,123162,126484,3322,206,1.0,516,-2600
123678,123884,206,0,NTB,né,123678,123884,206,206,1.0,0,0
123884,124797,913,0,GE-Phrase,261,123162,126484,3322,913,1.0,722,-1687
123884,124797,913,0,NTB,ia parar tudo,123884,124797,913,913,1.0,0,0
124797,126007,1210,0,GE-Phrase,261,123162,126484,3322,1210,1.0,1635,-477
124797,126007,1210,0,NTB,então vou monitorar quem,124797,126007,1210,1210,1.0,0,0
126007,127426,1419,0,GE-Phrase,261,123162,126484,3322,477,0.336,2845,942
126007,127426,1419,0,NTB,et cetera,126007,127426,1419,1419,1.0,0,0
131502,132715,1213,0,GE-Phrase,262,128821,132202,3381,700,0.577,2681,513
131502,132715,1213,0,GE-Phrase,263,132202,134077,1875,513,0.423,-700,-1362
131502,132715,1213,0,NTB,nũ tinha recebido nenhuma bolsa ainda né,131502,132715,1213,1213,1.0,0,0
132715,134762,2047,0,GE-Phrase,263,132202,134077,1875,1362,0.665,513,685
132715,134762,2047,0,GE-Phrase,264,134077,135782,1705,685,0.335,-1362,-1020
132715,134762,2047,0,NTB,tinha acabado de acontecer o processo,132715,134762,2047,2047,1.0,0,0
136371,137155,784,0,GE-Phrase,265,135782,138288,2506,784,1.0,589,-1133
136371,137155,784,0,NTB,a minha tutora,136371,137155,784,784,1.0,0,0
137155,137394,239,0,GE-Phrase,265,135782,138288,2506,239,1.0,1373,-894
137155,137394,239,0,NTB,né,137155,137394,239,239,1.0,0,0
141078,143026,1948,0,GE-Phrase,266,138288,141167,2879,89,0.046,2790,1859
141078,143026,1948,0,GE-Phrase,267,141167,142467,1300,1300,0.667,-89,559
141078,143026,1948,0,GE-Phrase,268,142467,145380,2913,559,0.287,-1389,-2354
141078,143026,1948,0,NTB,e a gente volta quando retomar a aula,141078,143026,1948,1948,1.0,0,0
149343,150432,1089,0,GE-Phrase,270,147413,149490,2077,147,0.135,1930,942
149343,150432,1089,0,GE-Phrase,271,149490,151803,2313,942,0.865,-147,-1371
149343,150432,1089,0,NTB,se cês concordarem,149343,150432,1089,1089,1.0,0,0
9631,12030,2399,0,GE-Phrase,205,9104,11228,2124,1597,0.666,527,802
9631,12030,2399,0,GE-Phrase,206,11228,13092,1864,802,0.334,-1597,-1062
9631,12030,2399,0,NTB,que inclusive tô produzindo um,9631,12030,2399,2399,1.0,0,0
12030,13506,1476,0,GE-Phrase,206,11228,13092,1864,1062,0.72,802,414
12030,13506,1476,0,GE-Phrase,207,13092,14908,1816,414,0.28,-1062,-1402
12030,13506,1476,0,NTB,p' cê ver a dubiedade da coisa,12030,13506,1476,1476,1.0,0,0
25187,26370,1183,0,GE-Phrase,212,23414,26572,3158,1183,1.0,1773,-202
25187,26370,1183,0,NTB,se eu reproduzir meu método,25187,26370,1183,1183,1.0,0,0
26370,27200,830,0,GE-Phrase,212,23414,26572,3158,202,0.243,2956,628
26370,27200,830,0,GE-Phrase,213,26572,28865,2293,628,0.757,-202,-1665
26370,27200,830,0,NTB,tá ligado,26370,27200,830,830,1.0,0,0
27200,28048,848,0,GE-Phrase,213,26572,28865,2293,848,1.0,628,-817
27200,28048,848,0,NTB,dentro da cultura,27200,28048,848,848,1.0,0,0
28048,29067,1019,0,GE-Phrase,213,26572,28865,2293,817,0.802,1476,202
28048,29067,1019,0,GE-Phrase,214,28865,30267,1402,202,0.198,-817,-1200
28048,29067,1019,0,NTB,e adequando e et cetera,28048,29067,1019,1019,1.0,0,0
69285,70269,984,0,GE-Phrase,233,69124,70078,954,793,0.806,161,191
69285,70269,984,0,GE-Phrase,234,70078,71694,1616,191,0.194,-793,-1425
69285,70269,984,0,NTB,o projeto é dela,69285,70269,984,984,1.0,0,0
123333,123678,345,0,GE-Phrase,261,123162,126484,3322,345,1.0,171,-2806
123333,123678,345,0,NTB,porque &n [/1],123333,123678,345,345,1.0,0,0
123678,123884,206,0,GE-Phrase,261,123162,126484,3322,206,1.0,516,-2600
123678,123884,206,0,NTB,né,123678,123884,206,206,1.0,0,0
123884,124797,913,0,GE-Phrase,261,123162,126484,3322,913,1.0,722,-1687
123884,124797,913,0,NTB,ia parar tudo,123884,124797,913,913,1.0,0,0
124797,126007,1210,0,GE-Phrase,261,123162,126484,3322,1210,1.0,1635,-477
124797,126007,1210,0,NTB,então vou monitorar quem,124797,126007,1210,1210,1.0,0,0
126007,127426,1419,0,GE-Phrase,261,123162,126484,3322,477,0.336,2845,942
126007,127426,1419,0,NTB,et cetera,126007,127426,1419,1419,1.0,0,0
131502,132715,1213,0,GE-Phrase,262,128821,132202,3381,700,0.577,2681,513
131502,132715,1213,0,GE-Phrase,263,132202,134077,1875,513,0.423,-700,-1362
131502,132715,1213,0,NTB,nũ tinha recebido nenhuma bolsa ainda né,131502,132715,1213,1213,1.0,0,0
132715,134762,2047,0,GE-Phrase,263,132202,134077,1875,1362,0.665,513,685
132715,134762,2047,0,GE-Phrase,264,134077,135782,1705,685,0.335,-1362,-1020
132715,134762,2047,0,NTB,tinha acabado de acontecer o processo,132715,134762,2047,2047,1.0,0,0
136371,137155,784,0,GE-Phrase,265,135782,138288,2506,784,1.0,589,-1133
136371,137155,784,0,NTB,a minha tutora,136371,137155,784,784,1.0,0,0
137155,137394,239,0,GE-Phrase,265,135782,138288,2506,239,1.0,1373,-894
137155,137394,239,0,NTB,né,137155,137394,239,239,1.0,0,0
141078,143026,1948,0,GE-Phrase,266,138288,141167,2879,89,0.046,2790,1859
141078,143026,1948,0,GE-Phrase,267,141167,142467,1300,1300,0.667,-89,559
141078,143026,1948,0,GE-Phrase,268,142467,145380,2913,559,0.287,-1389,-2354
141078,143026,1948,0,NTB,e a gente volta quando retomar a aula,141078,143026,1948,1948,1.0,0,0
149343,150432,1089,0,GE-Phrase,270,147413,149490,2077,147,0.135,1930,942
149343,150432,1089,0,GE-Phrase,271,149490,151803,2313,942,0.865,-147,-1371
149343,150432,1089,0,NTB,se cês concordarem,149343,150432,1089,1089,1.0,0,0
9631,12030,2399,0,GE-Phrase,205,9104,11228,2124,1597,0.666,527,802
9631,12030,2399,0,GE-Phrase,206,11228,13092,1864,802,0.334,-1597,-1062
9631,12030,2399,0,NTB,que inclusive tô produzindo um,9631,12030,2399,2399,1.0,0,0
12030,13506,1476,0,GE-Phrase,206,11228,13092,1864,1062,0.72,802,414
12030,13506,1476,0,GE-Phrase,207,13092,14908,1816,414,0.28,-1062,-1402
12030,13506,1476,0,NTB,p' cê ver a dubiedade da coisa,12030,13506,1476,1476,1.0,0,0
25187,26370,1183,0,GE-Phrase,212,23414,26572,3158,1183,1.0,1773,-202
25187,26370,1183,0,NTB,se eu reproduzir meu método,25187,26370,1183,1183,1.0,0,0
26370,27200,830,0,GE-Phrase,212,23414,26572,3158,202,0.243,2956,628
26370,27200,830,0,GE-Phrase,213,26572,28865,2293,628,0.757,-202,-1665
26370,27200,830,0,NTB,tá ligado,26370,27200,830,830,1.0,0,0
27200,28048,848,0,GE-Phrase,213,26572,28865,2293,848,1.0,628,-817
27200,28048,848,0,NTB,dentro da cultura,27200,28048,848,848,1.0,0,0
28048,29067,1019,0,GE-Phrase,213,26572,28865,2293,817,0.802,1476,202
28048,29067,1019,0,GE-Phrase,214,28865,30267,1402,202,0.198,-817,-1200
28048,29067,1019,0,NTB,e adequando e et cetera,28048,29067,1019,1019,1.0,0,0
69285,70269,984,0,GE-Phrase,233,69124,70078,954,793,0.806,161,191
69285,70269,984,0,GE-Phrase,234,70078,71694,1616,191,0.194,-793,-1425
69285,70269,984,0,NTB,o projeto é dela,69285,70269,984,984,1.0,0,0
123333,123678,345,0,GE-Phrase,261,123162,126484,3322,345,1.0,171,-2806
123333,123678,345,0,NTB,porque &n [/1],123333,123678,345,345,1.0,0,0
123678,123884,206,0,GE-Phrase,261,123162,126484,3322,206,1.0,516,-2600
123678,123884,206,0,NTB,né,123678,123884,206,206,1.0,0,0
123884,124797,913,0,GE-Phrase,261,123162,126484,3322,913,1.0,722,-1687
123884,124797,913,0,NTB,ia parar tudo,123884,124797,913,913,1.0,0,0
124797,126007,1210,0,GE-Phrase,261,123162,126484,3322,1210,1.0,1635,-477
124797,126007,1210,0,NTB,então vou monitorar quem,124797,126007,1210,1210,1.0,0,0
126007,127426,1419,0,GE-Phrase,261,123162,126484,3322,477,0.336,2845,942
126007,127426,1419,0,NTB,et cetera,126007,127426,1419,1419,1.0,0,0
131502,132715,1213,0,GE-Phrase,262,128821,132202,3381,700,0.577,2681,513
131502,132715,1213,0,GE-Phrase,263,132202,134077,1875,513,0.423,-700,-1362
131502,132715,1213,0,NTB,nũ tinha recebido nenhuma bolsa ainda né,131502,132715,1213,1213,1.0,0,0
132715,134762,2047,0,GE-Phrase,263,132202,134077,1875,1362,0.665,513,685
132715,134762,2047,0,GE-Phrase,264,134077,135782,1705,685,0.335,-1362,-1020
132715,134762,2047,0,NTB,tinha acabado de acontecer o processo,132715,134762,2047,2047,1.0,0,0
136371,137155,784,0,GE-Phrase,265,135782,138288,2506,784,1.0,589,-1133
136371,137155,784,0,NTB,a minha tutora,136371,137155,784,784,1.0,0,0
137155,137394,239,0,GE-Phrase,265,135782,138288,2506,239,1.0,1373,-894
137155,137394,239,0,NTB,né,137155,137394,239,239,1.0,0,0
141078,143026,1948,0,GE-Phrase,266,138288,141167,2879,89,0.046,2790,1859
141078,143026,1948,0,GE-Phrase,267,141167,142467,1300,1300,0.667,-89,559
141078,143026,1948,0,GE-Phrase,268,142467,145380,2913,559,0.287,-1389,-2354
141078,143026,1948,0,NTB,e a gente volta quando retomar a aula,141078,143026,1948,1948,1.0,0,0
149343,150432,1089,0,GE-Phrase,270,147413,149490,2077,147,0.135,1930,942
149343,150432,1089,0,GE-Phrase,271,149490,151803,2313,942,0.865,-147,-1371
149343,150432,1089,0,NTB,se cês concordarem,149343,150432,1089,1089,1.0,0,0
9631,12030,2399,0,GE-Phrase,205,9104,11228,2124,1597,0.666,527,802
9631,12030,2399,0,GE-Phrase,206,11228,13092,1864,802,0.334,-1597,-1062
9631,12030,2399,0,NTB,que inclusive tô produzindo um,9631,12030,2399,2399,1.0,0,0
12030,13506,1476,0,GE-Phrase,206,11228,13092,1864,1062,0.72,802,414
12030,13506,1476,0,GE-Phrase,207,13092,14908,1816,414,0.28,-1062,-1402
12030,13506,1476,0,NTB,p' cê ver a dubiedade da coisa,12030,13506,1476,1476,1.0,0,0
25187,26370,1183,0,GE-Phrase,212,23414,26572,3158,1183,1.0,1773,-202
25187,26370,1183,0,NTB,se eu reproduzir meu método,25187,26370,1183,1183,1.0,0,0
26370,27200,830,0,GE-Phrase,212,23414,26572,3158,202,0.243,2956,628
26370,27200,830,0,GE-Phrase,213,26572,28865,2293,628,0.757,-202,-1665
26370,27200,830,0,NTB,tá ligado,26370,27200,830,830,1.0,0,0
27200,28048,848,0,GE-Phrase,213,26572,28865,2293,848,1.0,628,-817
27200,28048,848,0,NTB,dentro da cultura,27200,28048,848,848,1.0,0,0
28048,29067,1019,0,GE-Phrase,213,26572,28865,2293,817,0.802,1476,202
28048,29067,1019,0,GE-Phrase,214,28865,30267,1402,202,0.198,-817,-1200
28048,29067,1019,0,NTB,e adequando e et cetera,28048,29067,1019,1019,1.0,0,0
69285,70269,984,0,GE-Phrase,233,69124,70078,954,793,0.806,161,191
69285,70269,984,0,GE-Phrase,234,70078,71694,1616,191,0.194,-793,-1425
69285,70269,984,0,NTB,o projeto é dela,69285,70269,984,984,1.0,0,0
123333,123678,345,0,GE-Phrase,261,123162,126484,3322,345,1.0,171,-2806
123333,123678,345,0,NTB,porque &n [/1],123333,123678,345,345,1.0,0,0
123678,123884,206,0,GE-Phrase,261,123162,126484,3322,206,1.0,516,-2600
123678,123884,206,0,NTB,né,123678,123884,206,206,1.0,0,0
123884,124797,913,0,GE-Phrase,261,123162,126484,3322,913,1.0,722,-1687
123884,124797,913,0,NTB,ia parar tudo,123884,124797,913,913,1.0,0,0
124797,126007,1210,0,GE-Phrase,261,123162,126484,3322,1210,1.0,1635,-477
124797,126007,1210,0,NTB,então vou monitorar quem,124797,126007,1210,1210,1.0,0,0
126007,127426,1419,0,GE-Phrase,261,123162,126484,3322,477,0.336,2845,942
126007,127426,1419,0,NTB,et cetera,126007,127426,1419,1419,1.0,0,0
131502,132715,1213,0,GE-Phrase,262,128821,132202,3381,700,0.577,2681,513
131502,132715,1213,0,GE-Phrase,263,132202,134077,1875,513,0.423,-700,-1362
131502,132715,1213,0,NTB,nũ tinha recebido nenhuma bolsa ainda né,131502,132715,1213,1213,1.0,0,0
132715,134762,2047,0,GE-Phrase,263,132202,134077,1875,1362,0.665,513,685
132715,134762,2047,0,GE-Phrase,264,134077,135782,1705,685,0.335,-1362,-1020
132715,134762,2047,0,NTB,tinha acabado de acontecer o processo,132715,134762,2047,2047,1.0,0,0
136371,137155,784,0,GE-Phrase,265,135782,138288,2506,784,1.0,589,-1133
136371,137155,784,0,NTB,a minha tutora,136371,137155,784,784,1.0,0,0
137155,137394,239,0,GE-Phrase,265,135782,138288,2506,239,1.0,1373,-894
137155,137394,239,0,NTB,né,137155,137394,239,239,1.0,0,0
141078,143026,1948,0,GE-Phrase,266,138288,141167,2879,89,0.046,2790,1859
141078,143026,1948,0,GE-Phrase,267,141167,142467,1300,1300,0.667,-89,559
141078,143026,1948,0,GE-Phrase,268,142467,145380,2913,559,0.287,-1389,-2354
141078,143026,1948,0,NTB,e a gente volta quando retomar a aula,141078,143026,1948,1948,1.0,0,0
149343,150432,1089,0,GE-Phrase,270,147413,149490,2077,147,0.135,1930,942
149343,150432,1089,0,GE-Phrase,271,149490,151803,2313,942,0.865,-147,-1371
149343,150432,1089,0,NTB,se cês concordarem,149343,150432,1089,1089,1.0,0,0
9631,12030,2399,0,GE-Phrase,205,9104,11228,2124,1597,0.666,527,802
9631,12030,2399,0,GE-Phrase,206,11228,13092,1864,802,0.334,-1597,-1062
9631,12030,2399,0,NTB,que inclusive tô produzindo um,9631,12030,2399,2399,1.0,0,0
12030,13506,1476,0,GE-Phrase,206,11228,13092,1864,1062,0.72,802,414
12030,13506,1476,0,GE-Phrase,207,13092,14908,1816,414,0.28,-1062,-1402
12030,13506,1476,0,NTB,p' cê ver a dubiedade da coisa,12030,13506,1476,1476,1.0,0,0
25187,26370,1183,0,GE-Phrase,212,23414,26572,3158,1183,1.0,1773,-202
25187,26370,1183,0,NTB,se eu reproduzir meu método,25187,26370,1183,1183,1.0,0,0
26370,27200,830,0,GE-Phrase,212,23414,26572,3158,202,0.243,2956,628
26370,27200,830,0,GE-Phrase,213,26572,28865,2293,628,0.757,-202,-1665
26370,27200,830,0,NTB,tá ligado,26370,27200,830,830,1.0,0,0
27200,28048,848,0,GE-Phrase,213,26572,28865,2293,848,1.0,628,-817
27200,28048,848,0,NTB,dentro da cultura,27200,28048,848,848,1.0,0,0
28048,29067,1019,0,GE-Phrase,213,26572,28865,2293,817,0.802,1476,202
28048,29067,1019,0,GE-Phrase,214,28865,30267,1402,202,0.198,-817,-1200
28048,29067,1019,0,NTB,e adequando e et cetera,28048,29067,1019,1019,1.0,0,0
69285,70269,984,0,GE-Phrase,233,69124,70078,954,793,0.806,161,191
69285,70269,984,0,GE-Phrase,234,70078,71694,1616,191,0.194,-793,-1425
69285,70269,984,0,NTB,o projeto é dela,69285,70269,984,984,1.0,0,0
123333,123678,345,0,GE-Phrase,261,123162,126484,3322,345,1.0,171,-2806
123333,123678,345,0,NTB,porque &n [/1],123333,123678,345,345,1.0,0,0
123678,123884,206,0,GE-Phrase,261,123162,126484,3322,206,1.0,516,-2600
123678,123884,206,0,NTB,né,123678,123884,206,206,1.0,0,0
123884,124797,913,0,GE-Phrase,261,123162,126484,3322,913,1.0,722,-1687
123884,124797,913,0,NTB,ia parar tudo,123884,124797,913,913,1.0,0,0
124797,126007,1210,0,GE-Phrase,261,123162,126484,3322,1210,1.0,1635,-477
124797,126007,1210,0,NTB,então vou monitorar quem,124797,126007,1210,1210,1.0,0,0
126007,127426,1419,0,GE-Phrase,261,123162,126484,3322,477,0.336,2845,942
126007,127426,1419,0,NTB,et cetera,126007,127426,1419,1419,1.0,0,0
131502,132715,1213,0,GE-Phrase,262,128821,132202,3381,700,0.577,2681,513
131502,132715,1213,0,GE-Phrase,263,132202,134077,1875,513,0.423,-700,-1362
131502,132715,1213,0,NTB,nũ tinha recebido nenhuma bolsa ainda né,131502,132715,1213,1213,1.0,0,0
132715,134762,2047,0,GE-Phrase,263,132202,134077,1875,1362,0.665,513,685
132715,134762,2047,0,GE-Phrase,264,134077,135782,1705,685,0.335,-1362,-1020
132715,134762,2047,0,NTB,tinha acabado de acontecer o processo,132715,134762,2047,2047,1.0,0,0
136371,137155,784,0,GE-Phrase,265,135782,138288,2506,784,1.0,589,-1133
136371,137155,784,0,NTB,a minha tutora,136371,137155,784,784,1.0,0,0
137155,137394,239,0,GE-Phrase,265,135782,138288,2506,239,1.0,1373,-894
137155,137394,239,0,NTB,né,137155,137394,239,239,1.0,0,0
141078,143026,1948,0,GE-Phrase,266,138288,141167,2879,89,0.046,2790,1859
141078,143026,1948,0,GE-Phrase,267,141167,142467,1300,1300,0.667,-89,559
141078,143026,1948,0,GE-Phrase,268,142467,145380,2913,559,0.287,-1389,-2354
141078,143026,1948,0,NTB,e a gente volta quando retomar a aula,141078,143026,1948,1948,1.0,0,0
149343,150432,1089,0,GE-Phrase,270,147413,149490,2077,147,0.135,1930,942
149343,150432,1089,0,GE-Phrase,271,149490,151803,2313,942,0.865,-147,-1371
149343,150432,1089,0,NTB,se cês concordarem,149343,150432,1089,1089,1.0,0,0
9631,12030,2399,0,GE-Phrase,205,9104,11228,2124,1597,0.666,527,802
9631,12030,2399,0,GE-Phrase,206,11228,13092,1864,802,0.334,-1597,-1062
9631,12030,2399,0,NTB,que inclusive tô produzindo um,9631,12030,2399,2399,1.0,0,0
12030,13506,1476,0,GE-Phrase,206,11228,13092,1864,1062,0.72,802,414
12030,13506,1476,0,GE-Phrase,207,13092,14908,1816,414,0.28,-1062,-1402
12030,13506,1476,0,NTB,p' cê ver a dubiedade da coisa,12030,13506,1476,1476,1.0,0,0
25187,26370,1183,0,GE-Phrase,212,23414,26572,3158,1183,1.0,1773,-202
25187,26370,1183,0,NTB,se eu reproduzir meu método,25187,26370,1183,1183,1.0,0,0
26370,27200,830,0,GE-Phrase,212,23414,26572,3158,202,0.243,2956,628
26370,27200,830,0,GE-Phrase,213,26572,28865,2293,628,0.757,-202,-1665
26370,27200,830,0,NTB,tá ligado,26370,27200,830,830,1.0,0,0
27200,28048,848,0,GE-Phrase,213,26572,28865,2293,848,1.0,628,-817
27200,28048,848,0,NTB,dentro da cultura,27200,28048,848,848,1.0,0,0
28048,29067,1019,0,GE-Phrase,213,26572,28865,2293,817,0.802,1476,202
28048,29067,1019,0,GE-Phrase,214,28865,30267,1402,202,0.198,-817,-1200
28048,29067,1019,0,NTB,e adequando e et cetera,28048,29067,1019,1019,1.0,0,0
69285,70269,984,0,GE-Phrase,233,69124,70078,954,793,0.806,161,191
69285,70269,984,0,GE-Phrase,234,70078,71694,1616,191,0.194,-793,-1425
69285,70269,984,0,NTB,o projeto é dela,69285,70269,984,984,1.0,0,0
123333,123678,345,0,GE-Phrase,261,123162,126484,3322,345,1.0,171,-2806
123333,123678,345,0,NTB,porque &n [/1],123333,123678,345,345,1.0,0,0
123678,123884,206,0,GE-Phrase,261,123162,126484,3322,206,1.0,516,-2600
123678,123884,206,0,NTB,né,123678,123884,206,206,1.0,0,0
123884,124797,913,0,GE-Phrase,261,123162,126484,3322,913,1.0,722,-1687
123884,124797,913,0,NTB,ia parar tudo,123884,124797,913,913,1.0,0,0
124797,126007,1210,0,GE-Phrase,261,123162,126484,3322,1210,1.0,1635,-477
124797,126007,1210,0,NTB,então vou monitorar quem,124797,126007,1210,1210,1.0,0,0
126007,127426,1419,0,GE-Phrase,261,123162,126484,3322,477,0.336,2845,942
126007,127426,1419,0,NTB,et cetera,126007,127426,1419,1419,1.0,0,0
131502,132715,1213,0,GE-Phrase,262,128821,132202,3381,700,0.577,2681,513
131502,132715,1213,0,GE-Phrase,263,132202,134077,1875,513,0.423,-700,-1362
131502,132715,1213,0,NTB,nũ tinha recebido nenhuma bolsa ainda né,131502,132715,1213,1213,1.0,0,0
132715,134762,2047,0,GE-Phrase,263,132202,134077,1875,1362,0.665,513,685
132715,134762,2047,0,GE-Phrase,264,134077,135782,1705,685,0.335,-1362,-1020
132715,134762,2047,0,NTB,tinha acabado de acontecer o processo,132715,134762,2047,2047,1.0,0,0
136371,137155,784,0,GE-Phrase,265,135782,138288,2506,784,1.0,589,-1133
136371,137155,784,0,NTB,a minha tutora,136371,137155,784,784,1.0,0,0
137155,137394,239,0,GE-Phrase,265,135782,138288,2506,239,1.0,1373,-894
137155,137394,239,0,NTB,né,137155,137394,239,239,1.0,0,0
141078,143026,1948,0,GE-Phrase,266,138288,141167,2879,89,0.046,2790,1859
141078,143026,1948,0,GE-Phrase,267,141167,142467,1300,1300,0.667,-89,559
141078,143026,1948,0,GE-Phrase,268,142467,145380,2913,559,0.287,-1389,-2354
141078,143026,1948,0,NTB,e a gente volta quando retomar a aula,141078,143026,1948,1948,1.0,0,0
149343,150432,1089,0,GE-Phrase,270,147413,149490,2077,147,0.135,1930,942
149343,150432,1089,0,GE-Phrase,271,149490,151803,2313,942,0.865,-147,-1371
149343,150432,1089,0,NTB,se cês concordarem,149343,150432,1089,1089,1.0,0,0
9631,12030,2399,0,GE-Phrase,205,9104,11228,2124,1597,0.666,527,802
9631,12030,2399,0,GE-Phrase,206,11228,13092,1864,802,0.334,-1597,-1062
9631,12030,2399,0,NTB,que inclusive tô produzindo um,9631,12030,2399,2399,1.0,0,0
12030,13506,1476,0,GE-Phrase,206,11228,13092,1864,1062,0.72,802,414
12030,13506,1476,0,GE-Phrase,207,13092,14908,1816,414,0.28,-1062,-1402
12030,13506,1476,0,NTB,p' cê ver a dubiedade da coisa,12030,13506,1476,1476,1.0,0,0
25187,26370,1183,0,GE-Phrase,212,23414,26572,3158,1183,1.0,1773,-202
25187,26370,1183,0,NTB,se eu reproduzir meu método,25187,26370,1183,1183,1.0,0,0
26370,27200,830,0,GE-Phrase,212,23414,26572,3158,202,0.243,2956,628
26370,27200,830,0,GE-Phrase,213,26572,28865,2293,628,0.757,-202,-1665
26370,27200,830,0,NTB,tá ligado,26370,27200,830,830,1.0,0,0
27200,28048,848,0,GE-Phrase,213,26572,28865,2293,848,1.0,628,-817
27200,28048,848,0,NTB,dentro da cultura,27200,28048,848,848,1.0,0,0
28048,29067,1019,0,GE-Phrase,213,26572,28865,2293,817,0.802,1476,202
28048,29067,1019,0,GE-Phrase,214,28865,30267,1402,202,0.198,-817,-1200
28048,29067,1019,0,NTB,e adequando e et cetera,28048,29067,1019,1019,1.0,0,0
69285,70269,984,0,GE-Phrase,233,69124,70078,954,793,0.806,161,191
69285,70269,984,0,GE-Phrase,234,70078,71694,1616,191,0.194,-793,-1425
69285,70269,984,0,NTB,o projeto é dela,69285,70269,984,984,1.0,0,0
123333,123678,345,0,GE-Phrase,261,123162,126484,3322,345,1.0,171,-2806
123333,123678,345,0,NTB,porque &n [/1],123333,123678,345,345,1.0,0,0
123678,123884,206,0,GE-Phrase,261,123162,126484,3322,206,1.0,516,-2600
123678,123884,206,0,NTB,né,123678,123884,206,206,1.0,0,0
123884,124797,913,0,GE-Phrase,261,123162,126484,3322,913,1.0,722,-1687
123884,124797,913,0,NTB,ia parar tudo,123884,124797,913,913,1.0,0,0
124797,126007,1210,0,GE-Phrase,261,123162,126484,3322,1210,1.0,1635,-477
124797,126007,1210,0,NTB,então vou monitorar quem,124797,126007,1210,1210,1.0,0,0
126007,127426,1419,0,GE-Phrase,261,123162,126484,3322,477,0.336,2845,942
126007,127426,1419,0,NTB,et cetera,126007,127426,1419,1419,1.0,0,0
131502,132715,1213,0,GE-Phrase,262,128821,132202,3381,700,0.577,2681,513
131502,132715,1213,0,GE-Phrase,263,132202,134077,1875,513,0.423,-700,-1362
131502,132715,1213,0,NTB,nũ tinha recebido nenhuma bolsa ainda né,131502,132715,1213,1213,1.0,0,0
132715,134762,2047,0,GE-Phrase,263,132202,134077,1875,1362,0.665,513,685
132715,134762,2047,0,GE-Phrase,264,134077,135782,1705,685,0.335,-1362,-1020
132715,134762,2047,0,NTB,tinha acabado de acontecer o processo,132715,134762,2047,2047,1.0,0,0
136371,137155,784,0,GE-Phrase,265,135782,138288,2506,784,1.0,589,-1133
136371,137155,784,0,NTB,a minha tutora,136371,137155,784,784,1.0,0,0
137155,137394,239,0,GE-Phrase,265,135782,138288,2506,239,1.0,1373,-894
137155,137394,239,0,NTB,né,137155,137394,239,239,1.0,0,0
141078,143026,1948,0,GE-Phrase,266,138288,141167,2879,89,0.046,2790,1859
141078,143026,1948,0,GE-Phrase,267,141167,142467,1300,1300,0.667,-89,559
141078,143026,1948,0,GE-Phrase,268,142467,145380,2913,559,0.287,-1389,-2354
141078,143026,1948,0,NTB,e a gente volta quando retomar a aula,141078,143026,1948,1948,1.0,0,0
149343,150432,1089,0,GE-Phrase,270,147413,149490,2077,147,0.135,1930,942
149343,150432,1089,0,GE-Phrase,271,149490,151803,2313,942,0.865,-147,-1371
149343,150432,1089,0,NTB,se cês concordarem,149343,150432,1089,1089,1.0,0,0
9631,12030,2399,0,GE-Phrase,205,9104,11228,2124,1597,0.666,527,802
9631,12030,2399,0,GE-Phrase,206,11228,13092,1864,802,0.334,-1597,-1062
9631,12030,2399,0,NTB,que inclusive tô produzindo um,9631,12030,2399,2399,1.0,0,0
12030,13506,1476,0,GE-Phrase,206,11228,13092,1864,1062,0.72,802,414
12030,13506,1476,0,GE-Phrase,207,13092,14908,1816,414,0.28,-1062,-1402
12030,13506,1476,0,NTB,p' cê ver a dubiedade da coisa,12030,13506,1476,1476,1.0,0,0
25187,26370,1183,0,GE-Phrase,212,23414,26572,3158,1183,1.0,1773,-202
25187,26370,1183,0,NTB,se eu reproduzir meu método,25187,26370,1183,1183,1.0,0,0
26370,27200,830,0,GE-Phrase,212,23414,26572,3158,202,0.243,2956,628
26370,27200,830,0,GE-Phrase,213,26572,28865,2293,628,0.757,-202,-1665
26370,27200,830,0,NTB,tá ligado,26370,27200,830,830,1.0,0,0
27200,28048,848,0,GE-Phrase,213,26572,28865,2293,848,1.0,628,-817
27200,28048,848,0,NTB,dentro da cultura,27200,28048,848,848,1.0,0,0
28048,29067,1019,0,GE-Phrase,213,26572,28865,2293,817,0.802,1476,202
28048,29067,1019,0,GE-Phrase,214,28865,30267,1402,202,0.198,-817,-1200
28048,29067,1019,0,NTB,e adequando e et cetera,28048,29067,1019,1019,1.0,0,0
69285,70269,984,0,GE-Phrase,233,69124,70078,954,793,0.806,161,191
69285,70269,984,0,GE-Phrase,234,70078,71694,1616,191,0.194,-793,-1425
69285,70269,984,0,NTB,o projeto é dela,69285,70269,984,984,1.0,0,0
123333,123678,345,0,GE-Phrase,261,123162,126484,3322,345,1.0,171,-2806
123333,123678,345,0,NTB,porque &n [/1],123333,123678,345,345,1.0,0,0
123678,123884,206,0,GE-Phrase,261,123162,126484,3322,206,1.0,516,-2600
123678,123884,206,0,NTB,né,123678,123884,206,206,1.0,0,0
123884,124797,913,0,GE-Phrase,261,123162,126484,3322,913,1.0,722,-1687
123884,124797,913,0,NTB,ia parar tudo,123884,124797,913,913,1.0,0,0
124797,126007,1210,0,GE-Phrase,261,123162,126484,3322,1210,1.0,1635,-477
124797,126007,1210,0,NTB,então vou monitorar quem,124797,126007,1210,1210,1.0,0,0
126007,127426,1419,0,GE-Phrase,261,123162,126484,3322,477,0.336,2845,942
126007,127426,1419,0,NTB,et cetera,126007,127426,1419,1419,1.0,0,0
131502,132715,1213,0,GE-Phrase,262,128821,132202,3381,700,0.577,2681,513
131502,132715,1213,0,GE-Phrase,263,132202,134077,1875,513,0.423,-700,-1362
131502,132715,1213,0,NTB,nũ tinha recebido nenhuma bolsa ainda né,131502,132715,1213,1213,1.0,0,0
132715,134762,2047,0,GE-Phrase,263,132202,134077,1875,1362,0.665,513,685
132715,134762,2047,0,GE-Phrase,264,134077,135782,1705,685,0.335,-1362,-1020
132715,134762,2047,0,NTB,tinha acabado de acontecer o processo,132715,134762,2047,2047,1.0,0,0
136371,137155,784,0,GE-Phrase,265,135782,138288,2506,784,1.0,589,-1133
136371,137155,784,0,NTB,a minha tutora,136371,137155,784,784,1.0,0,0
137155,137394,239,0,GE-Phrase,265,135782,138288,2506,239,1.0,1373,-894
137155,137394,239,0,NTB,né,137155,137394,239,239,1.0,0,0
141078,143026,1948,0,GE-Phrase,266,138288,141167,2879,89,0.046,2790,1859
141078,143026,1948,0,GE-Phrase,267,141167,142467,1300,1300,0.667,-89,559
141078,143026,1948,0,GE-Phrase,268,142467,145380,2913,559,0.287,-1389,-2354
141078,143026,1948,0,NTB,e a gente volta quando retomar a aula,141078,143026,1948,1948,1.0,0,0
149343,150432,1089,0,GE-Phrase,270,147413,149490,2077,147,0.135,1930,942
149343,150432,1089,0,GE-Phrase,271,149490,151803,2313,942,0.865,-147,-1371
149343,150432,1089,0,NTB,se cês concordarem,149343,150432,1089,1089,1.0,0,0
9631,12030,2399,0,GE-Phrase,205,9104,11228,2124,1597,0.666,527,802
9631,12030,2399,0,GE-Phrase,206,11228,13092,1864,802,0.334,-1597,-1062
9631,12030,2399,0,NTB,que inclusive tô produzindo um,9631,12030,2399,2399,1.0,0,0
12030,13506,1476,0,GE-Phrase,206,11228,13092,1864,1062,0.72,802,414
12030,13506,1476,0,GE-Phrase,207,13092,14908,1816,414,0.28,-1062,-1402
12030,13506,1476,0,NTB,p' cê ver a dubiedade da coisa,12030,13506,1476,1476,1.0,0,0
25187,26370,1183,0,GE-Phrase,212,23414,26572,3158,1183,1.0,1773,-202
25187,26370,1183,0,NTB,se eu reproduzir meu método,25187,26370,1183,1183,1.0,0,0
26370,27200,830,0,GE-Phrase,212,23414,26572,3158,202,0.243,2956,628
26370,27200,830,0,GE-Phrase,213,26572,28865,2293,628,0.757,-202,-1665
26370,27200,830,0,NTB,tá ligado,26370,27200,830,830,1.0,0,0
27200,28048,848,0,GE-Phrase,213,26572,28865,2293,848,1.0,628,-817
27200,28048,848,0,NTB,dentro da cultura,27200,28048,848,848,1.0,0,0
28048,29067,1019,0,GE-Phrase,213,26572,28865,2293,817,0.802,1476,202
28048,29067,1019,0,GE-Phrase,214,28865,30267,1402,202,0.198,-817,-1200
28048,29067,1019,0,NTB,e adequando e et cetera,28048,29067,1019,1019,1.0,0,0
69285,70269,984,0,GE-Phrase,233,69124,70078,954,793,0.806,161,191
69285,70269,984,0,GE-Phrase,234,70078,71694,1616,191,0.194,-793,-1425
69285,70269,984,0,NTB,o projeto é dela,69285,70269,984,984,1.0,0,0
123333,123678,345,0,GE-Phrase,261,123162,126484,3322,345,1.0,171,-2806
123333,123678,345,0,NTB,porque &n [/1],123333,123678,345,345,1.0,0,0
123678,123884,206,0,GE-Phrase,261,123162,126484,3322,206,1.0,516,-2600
123678,123884,206,0,NTB,né,123678,123884,206,206,1.0,0,0
123884,124797,913,0,GE-Phrase,261,123162,126484,3322,913,1.0,722,-1687
123884,124797,913,0,NTB,ia parar tudo,123884,124797,913,913,1.0,0,0
124797,126007,1210,0,GE-Phrase,261,123162,126484,3322,1210,1.0,1635,-477
124797,126007,1210,0,NTB,então vou monitorar quem,124797,126007,1210,1210,1.0,0,0
126007,127426,1419,0,GE-Phrase,261,123162,126484,3322,477,0.336,2845,942
126007,127426,1419,0,NTB,et cetera,126007,127426,1419,1419,1.0,0,0
131502,132715,1213,0,GE-Phrase,262,128821,132202,3381,700,0.577,2681,513
131502,132715,1213,0,GE-Phrase,263,132202,134077,1875,513,0.423,-700,-1362
131502,132715,1213,0,NTB,nũ tinha recebido nenhuma bolsa ainda né,131502,132715,1213,1213,1.0,0,0
132715,134762,2047,0,GE-Phrase,263,132202,134077,1875,1362,0.665,513,685
132715,134762,2047,0,GE-Phrase,264,134077,135782,1705,685,0.335,-1362,-1020
132715,134762,2047,0,NTB,tinha acabado de acontecer o processo,132715,134762,2047,2047,1.0,0,0
136371,137155,784,0,GE-Phrase,265,135782,138288,2506,784,1.0,589,-1133
136371,137155,784,0,NTB,a minha tutora,136371,137155,784,784,1.0,0,0
137155,137394,239,0,GE-Phrase,265,135782,138288,2506,239,1.0,1373,-894
137155,137394,239,0,NTB,né,137155,137394,239,239,1.0,0,0
141078,143026,1948,0,GE-Phrase,266,138288,141167,2879,89,0.046,2790,1859
141078,143026,1948,0,GE-Phrase,267,141167,142467,1300,1300,0.667,-89,559
141078,143026,1948,0,GE-Phrase,268,142467,145380,2913,559,0.287,-1389,-2354
141078,143026,1948,0,NTB,e a gente volta quando retomar a aula,141078,143026,1948,1948,1.0,0,0
149343,150432,1089,0,GE-Phrase,270,147413,149490,2077,147,0.135,1930,942
149343,150432,1089,0,GE-Phrase,271,149490,151803,2313,942,0.865,-147,-1371
149343,150432,1089,0,NTB,se cês concordarem,149343,150432,1089,1089,1.0,0,0
9631,12030,2399,0,GE-Phrase,205,9104,11228,2124,1597,0.666,527,802
9631,12030,2399,0,GE-Phrase,206,11228,13092,1864,802,0.334,-1597,-1062
9631,12030,2399,0,NTB,que inclusive tô produzindo um,9631,12030,2399,2399,1.0,0,0
12030,13506,1476,0,GE-Phrase,206,11228,13092,1864,1062,0.72,802,414
12030,13506,1476,0,GE-Phrase,207,13092,14908,1816,414,0.28,-1062,-1402
12030,13506,1476,0,NTB,p' cê ver a dubiedade da coisa,12030,13506,1476,1476,1.0,0,0
25187,26370,1183,0,GE-Phrase,212,23414,26572,3158,1183,1.0,1773,-202
25187,26370,1183,0,NTB,se eu reproduzir meu método,25187,26370,1183,1183,1.0,0,0
26370,27200,830,0,GE-Phrase,212,23414,26572,3158,202,0.243,2956,628
26370,27200,830,0,GE-Phrase,213,26572,28865,2293,628,0.757,-202,-1665
26370,27200,830,0,NTB,tá ligado,26370,27200,830,830,1.0,0,0
27200,28048,848,0,GE-Phrase,213,26572,28865,2293,848,1.0,628,-817
27200,28048,848,0,NTB,dentro da cultura,27200,28048,848,848,1.0,0,0
28048,29067,1019,0,GE-Phrase,213,26572,28865,2293,817,0.802,1476,202
28048,29067,1019,0,GE-Phrase,214,28865,30267,1402,202,0.198,-817,-1200
28048,29067,1019,0,NTB,e adequando e et cetera,28048,29067,1019,1019,1.0,0,0
69285,70269,984,0,GE-Phrase,233,69124,70078,954,793,0.806,161,191
69285,70269,984,0,GE-Phrase,234,70078,71694,1616,191,0.194,-793,-1425
69285,70269,984,0,NTB,o projeto é dela,69285,70269,984,984,1.0,0,0
123333,123678,345,0,GE-Phrase,261,123162,126484,3322,345,1.0,171,-2806
123333,123678,345,0,NTB,porque &n [/1],123333,123678,345,345,1.0,0,0
123678,123884,206,0,GE-Phrase,261,123162,126484,3322,206,1.0,516,-2600
123678,123884,206,0,NTB,né,123678,123884,206,206,1.0,0,0
123884,124797,913,0,GE-Phrase,261,123162,126484,3322,913,1.0,722,-1687
123884,124797,913,0,NTB,ia parar tudo,123884,124797,913,913,1.0,0,0
124797,126007,1210,0,GE-Phrase,261,123162,126484,3322,1210,1.0,1635,-477
124797,126007,1210,0,NTB,então vou monitorar quem,124797,126007,1210,1210,1.0,0,0
126007,127426,1419,0,GE-Phrase,261,123162,126484,3322,477,0.336,2845,942
126007,127426,1419,0,NTB,et cetera,126007,127426,1419,1419,1.0,0,0
131502,132715,1213,0,GE-Phrase,262,128821,132202,3381,700,0.577,2681,513
131502,132715,1213,0,GE-Phrase,263,132202,134077,1875,513,0.423,-700,-1362
131502,132715,1213,0,NTB,nũ tinha recebido nenhuma bolsa ainda né,131502,132715,1213,1213,1.0,0,0
132715,134762,2047,0,GE-Phrase,263,132202,134077,1875,1362,0.665,513,685
132715,134762,2047,0,GE-Phrase,264,134077,135782,1705,685,0.335,-1362,-1020
132715,134762,2047,0,NTB,tinha acabado de acontecer o processo,132715,134762,2047,2047,1.0,0,0
136371,137155,784,0,GE-Phrase,265,135782,138288,2506,784,1.0,589,-1133
136371,137155,784,0,NTB,a minha tutora,136371,137155,784,784,1.0,0,0
137155,137394,239,0,GE-Phrase,265,135782,138288,2506,239,1.0,1373,-894
137155,137394,239,0,NTB,né,137155,137394,239,239,1.0,0,0
141078,143026,1948,0,GE-Phrase,266,138288,141167,2879,89,0.046,2790,1859
141078,143026,1948,0,GE-Phrase,267,141167,142467,1300,1300,0.667,-89,559
141078,143026,1948,0,GE-Phrase,268,142467,145380,2913,559,0.287,-1389,-2354
141078,143026,1948,0,NTB,e a gente volta quando retomar a aula,141078,143026,1948,1948,1.0,0,0
149343,150432,1089,0,GE-Phrase,270,147413,149490,2077,147,0.135,1930,942
149343,150432,1089,0,GE-Phrase,271,149490,151803,2313,942,0.865,-147,-1371
149343,150432,1089,0,NTB,se cês concordarem,149343,150432,1089,1089,1.0,0,0
9631,12030,2399,0,GE-Phrase,205,9104,11228,2124,1597,0.666,527,802
9631,12030,2399,0,GE-Phrase,206,11228,13092,1864,802,0.334,-1597,-1062
9631,12030,2399,0,NTB,que inclusive tô produzindo um,9631,12030,2399,2399,1.0,0,0
12030,13506,1476,0,GE-Phrase,206,11228,13092,1864,1062,0.72,802,414
12030,13506,1476,0,GE-Phrase,207,13092,14908,1816,414,0.28,-1062,-1402
12030,13506,1476,0,NTB,p' cê ver a dubiedade da coisa,12030,13506,1476,1476,1.0,0,0
25187,26370,1183,0,GE-Phrase,212,23414,26572,3158,1183,1.0,1773,-202
25187,26370,1183,0,NTB,se eu reproduzir meu método,25187,26370,1183,1183,1.0,0,0
26370,27200,830,0,GE-Phrase,212,23414,26572,3158,202,0.243,2956,628
26370,27200,830,0,GE-Phrase,213,26572,28865,2293,628,0.757,-202,-1665
26370,27200,830,0,NTB,tá ligado,26370,27200,830,830,1.0,0,0
27200,28048,848,0,GE-Phrase,213,26572,28865,2293,848,1.0,628,-817
27200,28048,848,0,NTB,dentro da cultura,27200,28048,848,848,1.0,0,0
28048,29067,1019,0,GE-Phrase,213,26572,28865,2293,817,0.802,1476,202
28048,29067,1019,0,GE-Phrase,214,28865,30267,1402,202,0.198,-817,-1200
28048,29067,1019,0,NTB,e adequando e et cetera,28048,29067,1019,1019,1.0,0,0
69285,70269,984,0,GE-Phrase,233,69124,70078,954,793,0.806,161,191
69285,70269,984,0,GE-Phrase,234,70078,71694,1616,191,0.194,-793,-1425
69285,70269,984,0,NTB,o projeto é dela,69285,70269,984,984,1.0,0,0
123333,123678,345,0,GE-Phrase,261,123162,126484,3322,345,1.0,171,-2806
123333,123678,345,0,NTB,porque &n [/1],123333,123678,345,345,1.0,0,0
123678,123884,206,0,GE-Phrase,261,123162,126484,3322,206,1.0,516,-2600
123678,123884,206,0,NTB,né,123678,123884,206,206,1.0,0,0
123884,124797,913,0,GE-Phrase,261,123162,126484,3322,913,1.0,722,-1687
123884,124797,913,0,NTB,ia parar tudo,123884,124797,913,913,1.0,0,0
124797,126007,1210,0,GE-Phrase,261,123162,126484,3322,1210,1.0,1635,-477
124797,126007,1210,0,NTB,então vou monitorar quem,124797,126007,1210,1210,1.0,0,0
126007,127426,1419,0,GE-Phrase,261,123162,126484,3322,477,0.336,2845,942
126007,127426,1419,0,NTB,et cetera,126007,127426,1419,1419,1.0,0,0
131502,132715,1213,0,GE-Phrase,262,128821,132202,3381,700,0.577,2681,513
131502,132715,1213,0,GE-Phrase,263,132202,134077,1875,513,0.423,-700,-1362
131502,132715,1213,0,NTB,nũ tinha recebido nenhuma bolsa ainda né,131502,132715,1213,1213,1.0,0,0
132715,134762,2047,0,GE-Phrase,263,132202,134077,1875,1362,0.665,513,685
132715,134762,2047,0,GE-Phrase,264,134077,135782,1705,685,0.335,-1362,-1020
132715,134762,2047,0,NTB,tinha acabado de acontecer o processo,132715,134762,2047,2047,1.0,0,0
136371,137155,784,0,GE-Phrase,265,135782,138288,2506,784,1.0,589,-1133
136371,137155,784,0,NTB,a minha tutora,136371,137155,784,784,1.0,0,0
137155,137394,239,0,GE-Phrase,265,135782,138288,2506,239,1.0,1373,-894
137155,137394,239,0,NTB,né,137155,137394,239,239,1.0,0,0
141078,143026,1948,0,GE-Phrase,266,138288,141167,2879,89,0.046,2790,1859
141078,143026,1948,0,GE-Phrase,267,141167,142467,1300,1300,0.667,-89,559
141078,143026,1948,0,GE-Phrase,268,142467,145380,2913,559,0.287,-1389,-2354
141078,143026,1948,0,NTB,e a gente volta quando retomar a aula,141078,143026,1948,1948,1.0,0,0
149343,150432,1089,0,GE-Phrase,270,147413,149490,2077,147,0.135,1930,942
149343,150432,1089,0,GE-Phrase,271,149490,151803,2313,942,0.865,-147,-1371
149343,150432,1089,0,NTB,se cês concordarem,149343,150432,1089,1089,1.0,0,0
9631,12030,2399,0,GE-Phrase,205,9104,11228,2124,1597,0.666,527,802
9631,12030,2399,0,GE-Phrase,206,11228,13092,1864,802,0.334,-1597,-1062
9631,12030,2399,0,NTB,que inclusive tô produzindo um,9631,12030,2399,2399,1.0,0,0
12030,13506,1476,0,GE-Phrase,206,11228,13092,1864,1062,0.72,802,414
12030,13506,1476,0,GE-Phrase,207,13092,14908,1816,414,0.28,-1062,-1402
12030,13506,1476,0,NTB,p' cê ver a dubiedade da coisa,12030,13506,1476,1476,1.0,0,0
25187,26370,1183,0,GE-Phrase,212,23414,26572,3158,1183,1.0,1773,-202
25187,26370,1183,0,NTB,se eu reproduzir meu método,25187,26370,1183,1183,1.0,0,0
26370,27200,830,0,GE-Phrase,212,23414,26572,3158,202,0.243,2956,628
26370,27200,830,0,GE-Phrase,213,26572,28865,2293,628,0.757,-202,-1665
26370,27200,830,0,NTB,tá ligado,26370,27200,830,830,1.0,0,0
27200,28048,848,0,GE-Phrase,213,26572,28865,2293,848,1.0,628,-817
27200,28048,848,0,NTB,dentro da cultura,27200,28048,848,848,1.0,0,0
28048,29067,1019,0,GE-Phrase,213,26572,28865,2293,817,0.802,1476,202
28048,29067,1019,0,GE-Phrase,214,28865,30267,1402,202,0.198,-817,-1200
28048,29067,1019,0,NTB,e adequando e et cetera,28048,29067,1019,1019,1.0,0,0
69285,70269,984,0,GE-Phrase,233,69124,70078,954,793,0.806,161,191
69285,70269,984,0,GE-Phrase,234,70078,71694,1616,191,0.194,-793,-1425
69285,70269,984,0,NTB,o projeto é dela,69285,70269,984,984,1.0,0,0
123333,123678,345,0,GE-Phrase,261,123162,126484,3322,345,1.0,171,-2806
123333,123678,345,0,NTB,porque &n [/1],123333,123678,345,345,1.0,0,0
123678,123884,206,0,GE-Phrase,261,123162,126484,3322,206,1.0,516,-2600
123678,123884,206,0,NTB,né,123678,123884,206,206,1.0,0,0
123884,124797,913,0,GE-Phrase,261,123162,126484,3322,913,1.0,722,-1687
123884,124797,913,0,NTB,ia parar tudo,123884,124797,913,913,1.0,0,0
124797,126007,1210,0,GE-Phrase,261,123162,126484,3322,1210,1.0,1635,-477
124797,126007,1210,0,NTB,então vou monitorar quem,124797,126007,1210,1210,1.0,0,0
126007,127426,1419,0,GE-Phrase,261,123162,126484,3322,477,0.336,2845,942
126007,127426,1419,0,NTB,et cetera,126007,127426,1419,1419,1.0,0,0
131502,132715,1213,0,GE-Phrase,262,128821,132202,3381,700,0.577,2681,513
131502,132715,1213,0,GE-Phrase,263,132202,134077,1875,513,0.423,-700,-1362
131502,132715,1213,0,NTB,nũ tinha recebido nenhuma bolsa ainda né,131502,132715,1213,1213,1.0,0,0
132715,134762,2047,0,GE-Phrase,263,132202,134077,1875,1362,0.665,513,685
132715,134762,2047,0,GE-Phrase,264,134077,135782,1705,685,0.335,-1362,-1020
132715,134762,2047,0,NTB,tinha acabado de acontecer o processo,132715,134762,2047,2047,1.0,0,0
136371,137155,784,0,GE-Phrase,265,135782,138288,2506,784,1.0,589,-1133
136371,137155,784,0,NTB,a minha tutora,136371,137155,784,784,1.0,0,0
137155,137394,239,0,GE-Phrase,265,135782,138288,2506,239,1.0,1373,-894
137155,137394,239,0,NTB,né,137155,137394,239,239,1.0,0,0
141078,143026,1948,0,GE-Phrase,266,138288,141167,2879,89,0.046,2790,1859
141078,143026,1948,0,GE-Phrase,267,141167,142467,1300,1300,0.667,-89,559
141078,143026,1948,0,GE-Phrase,268,142467,145380,2913,559,0.287,-1389,-2354
141078,143026,1948,0,NTB,e a gente volta quando retomar a aula,141078,143026,1948,1948,1.0,0,0
149343,150432,1089,0,GE-Phrase,270,147413,149490,2077,147,0.135,1930,942
149343,150432,1089,0,GE-Phrase,271,149490,151803,2313,942,0.865,-147,-1371
149343,150432,1089,0,NTB,se cês concordarem,149343,150432,1089,1089,1.0,0,0
9631,12030,2399,0,GE-Phrase,205,9104,11228,2124,1597,0.666,527,802
9631,12030,2399,0,GE-Phrase,206,11228,13092,1864,802,0.334,-1597,-1062
9631,12030,2399,0,NTB,que inclusive tô produzindo um,9631,12030,2399,2399,1.0,0,0
12030,13506,1476,0,GE-Phrase,206,11228,13092,1864,1062,0.72,802,414
12030,13506,1476,0,GE-Phrase,207,13092,14908,1816,414,0.28,-1062,-1402
12030,13506,1476,0,NTB,p' cê ver a dubiedade da coisa,12030,13506,1476,1476,1.0,0,0
25187,26370,1183,0,GE-Phrase,212,23414,26572,3158,1183,1.0,1773,-202
25187,26370,1183,0,NTB,se eu reproduzir meu método,25187,26370,1183,1183,1.0,0,0
26370,27200,830,0,GE-Phrase,212,23414,26572,3158,202,0.243,2956,628
26370,27200,830,0,GE-Phrase,213,26572,28865,2293,628,0.757,-202,-1665
26370,27200,830,0,NTB,tá ligado,26370,27200,830,830,1.0,0,0
27200,28048,848,0,GE-Phrase,213,26572,28865,2293,848,1.0,628,-817
27200,28048,848,0,NTB,dentro da cultura,27200,28048,848,848,1.0,0,0
28048,29067,1019,0,GE-Phrase,213,26572,28865,2293,817,0.802,1476,202
28048,29067,1019,0,GE-Phrase,214,28865,30267,1402,202,0.198,-817,-1200
28048,29067,1019,0,NTB,e adequando e et cetera,28048,29067,1019,1019,1.0,0,0
69285,70269,984,0,GE-Phrase,233,69124,70078,954,793,0.806,161,191
69285,70269,984,0,GE-Phrase,234,70078,71694,1616,191,0.194,-793,-1425
69285,70269,984,0,NTB,o projeto é dela,69285,70269,984,984,1.0,0,0
123333,123678,345,0,GE-Phrase,261,123162,126484,3322,345,1.0,171,-2806
123333,123678,345,0,NTB,porque &n [/1],123333,123678,345,345,1.0,0,0
123678,123884,206,0,GE-Phrase,261,123162,126484,3322,206,1.0,516,-2600
123678,123884,206,0,NTB,né,123678,123884,206,206,1.0,0,0
123884,124797,913,0,GE-Phrase,261,123162,126484,3322,913,1.0,722,-1687
123884,124797,913,0,NTB,ia parar tudo,123884,124797,913,913,1.0,0,0
124797,126007,1210,0,GE-Phrase,261,123162,126484,3322,1210,1.0,1635,-477
124797,126007,1210,0,NTB,então vou monitorar quem,124797,126007,1210,1210,1.0,0,0
126007,127426,1419,0,GE-Phrase,261,123162,126484,3322,477,0.336,2845,942
126007,127426,1419,0,NTB,et cetera,126007,127426,1419,1419,1.0,0,0
131502,132715,1213,0,GE-Phrase,262,128821,132202,3381,700,0.577,2681,513
131502,132715,1213,0,GE-Phrase,263,132202,134077,1875,513,0.423,-700,-1362
131502,132715,1213,0,NTB,nũ tinha recebido nenhuma bolsa ainda né,131502,132715,1213,1213,1.0,0,0
132715,134762,2047,0,GE-Phrase,263,132202,134077,1875,1362,0.665,513,685
132715,134762,2047,0,GE-Phrase,264,134077,135782,1705,685,0.335,-1362,-1020
132715,134762,2047,0,NTB,tinha acabado de acontecer o processo,132715,134762,2047,2047,1.0,0,0
136371,137155,784,0,GE-Phrase,265,135782,138288,2506,784,1.0,589,-1133
136371,137155,784,0,NTB,a minha tutora,136371,137155,784,784,1.0,0,0
137155,137394,239,0,GE-Phrase,265,135782,138288,2506,239,1.0,1373,-894
137155,137394,239,0,NTB,né,137155,137394,239,239,1.0,0,0
141078,143026,1948,0,GE-Phrase,266,138288,141167,2879,89,0.046,2790,1859
141078,143026,1948,0,GE-Phrase,267,141167,142467,1300,1300,0.667,-89,559
141078,143026,1948,0,GE-Phrase,268,142467,145380,2913,559,0.287,-1389,-2354
141078,143026,1948,0,NTB,e a gente volta quando retomar a aula,141078,143026,1948,1948,1.0,0,0
149343,150432,1089,0,GE-Phrase,270,147413,149490,2077,147,0.135,1930,942
149343,150432,1089,0,GE-Phrase,271,149490,151803,2313,942,0.865,-147,-1371
149343,150432,1089,0,NTB,se cês concordarem,149343,150432,1089,1089,1.0,0,0
9631,12030,2399,0,GE-Phrase,205,9104,11228,2124,1597,0.666,527,802
9631,12030,2399,0,GE-Phrase,206,11228,13092,1864,802,0.334,-1597,-1062
9631,12030,2399,0,NTB,que inclusive tô produzindo um,9631,12030,2399,2399,1.0,0,0
12030,13506,1476,0,GE-Phrase,206,11228,13092,1864,1062,0.72,802,414
12030,13506,1476,0,GE-Phrase,207,13092,14908,1816,414,0.28,-1062,-1402
12030,13506,1476,0,NTB,p' cê ver a dubiedade da coisa,12030,13506,1476,1476,1.0,0,0
25187,26370,1183,0,GE-Phrase,212,23414,26572,3158,1183,1.0,1773,-202
25187,26370,1183,0,NTB,se eu reproduzir meu método,25187,26370,1183,1183,1.0,0,0
26370,27200,830,0,GE-Phrase,212,23414,26572,3158,202,0.243,2956,628
26370,27200,830,0,GE-Phrase,213,26572,28865,2293,628,0.757,-202,-1665
26370,27200,830,0,NTB,tá ligado,26370,27200,830,830,1.0,0,0
27200,28048,848,0,GE-Phrase,213,26572,28865,2293,848,1.0,628,-817
27200,28048,848,0,NTB,dentro da cultura,27200,28048,848,848,1.0,0,0
28048,29067,1019,0,GE-Phrase,213,26572,28865,2293,817,0.802,1476,202
28048,29067,1019,0,GE-Phrase,214,28865,30267,1402,202,0.198,-817,-1200
28048,29067,1019,0,NTB,e adequando e et cetera,28048,29067,1019,1019,1.0,0,0
69285,70269,984,0,GE-Phrase,233,69124,70078,954,793,0.806,161,191
69285,70269,984,0,GE-Phrase,234,70078,71694,1616,191,0.194,-793,-1425
69285,70269,984,0,NTB,o projeto é dela,69285,70269,984,984,1.0,0,0
123333,123678,345,0,GE-Phrase,261,123162,126484,3322,345,1.0,171,-2806
123333,123678,345,0,NTB,porque &n [/1],123333,123678,345,345,1.0,0,0
123678,123884,206,0,GE-Phrase,261,123162,126484,3322,206,1.0,516,-2600
123678,123884,206,0,NTB,né,123678,123884,206,206,1.0,0,0
123884,124797,913,0,GE-Phrase,261,123162,126484,3322,913,1.0,722,-1687
123884,124797,913,0,NTB,ia parar tudo,123884,124797,913,913,1.0,0,0
124797,126007,1210,0,GE-Phrase,261,123162,126484,3322,1210,1.0,1635,-477
124797,126007,1210,0,NTB,então vou monitorar quem,124797,126007,1210,1210,1.0,0,0
126007,127426,1419,0,GE-Phrase,261,123162,126484,3322,477,0.336,2845,942
126007,127426,1419,0,NTB,et cetera,126007,127426,1419,1419,1.0,0,0
131502,132715,1213,0,GE-Phrase,262,128821,132202,3381,700,0.577,2681,513
131502,132715,1213,0,GE-Phrase,263,132202,134077,1875,513,0.423,-700,-1362
131502,132715,1213,0,NTB,nũ tinha recebido nenhuma bolsa ainda né,131502,132715,1213,1213,1.0,0,0
132715,134762,2047,0,GE-Phrase,263,132202,134077,1875,1362,0.665,513,685
132715,134762,2047,0,GE-Phrase,264,134077,135782,1705,685,0.335,-1362,-1020
132715,134762,2047,0,NTB,tinha acabado de acontecer o processo,132715,134762,2047,2047,1.0,0,0
136371,137155,784,0,GE-Phrase,265,135782,138288,2506,784,1.0,589,-1133
136371,137155,784,0,NTB,a minha tutora,136371,137155,784,784,1.0,0,0
137155,137394,239,0,GE-Phrase,265,135782,138288,2506,239,1.0,1373,-894
137155,137394,239,0,NTB,né,137155,137394,239,239,1.0,0,0
141078,143026,1948,0,GE-Phrase,266,138288,141167,2879,89,0.046,2790,1859
141078,143026,1948,0,GE-Phrase,267,141167,142467,1300,1300,0.667,-89,559
141078,143026,1948,0,GE-Phrase,268,142467,145380,2913,559,0.287,-1389,-2354
141078,143026,1948,0,NTB,e a gente volta quando retomar a aula,141078,143026,1948,1948,1.0,0,0
149343,150432,1089,0,GE-Phrase,270,147413,149490,2077,147,0.135,1930,942
149343,150432,1089,0,GE-Phrase,271,149490,151803,2313,942,0.865,-147,-1371
149343,150432,1089,0,NTB,se cês concordarem,149343,150432,1089,1089,1.0,0,0
9631,12030,2399,0,GE-Phrase,205,9104,11228,2124,1597,0.666,527,802
9631,12030,2399,0,GE-Phrase,206,11228,13092,1864,802,0.334,-1597,-1062
9631,12030,2399,0,NTB,que inclusive tô produzindo um,9631,12030,2399,2399,1.0,0,0
12030,13506,1476,0,GE-Phrase,206,11228,13092,1864,1062,0.72,802,414
12030,13506,1476,0,GE-Phrase,207,13092,14908,1816,414,0.28,-1062,-1402
12030,13506,1476,0,NTB,p' cê ver a dubiedade da coisa,12030,13506,1476,1476,1.0,0,0
25187,26370,1183,0,GE-Phrase,212,23414,26572,3158,1183,1.0,1773,-202
25187,26370,1183,0,NTB,se eu reproduzir meu método,25187,26370,1183,1183,1.0,0,0
26370,27200,830,0,GE-Phrase,212,23414,26572,3158,202,0.243,2956,628
26370,27200,830,0,GE-Phrase,213,26572,28865,2293,628,0.757,-202,-1665
26370,27200,830,0,NTB,tá ligado,26370,27200,830,830,1.0,0,0
27200,28048,848,0,GE-Phrase,213,26572,28865,2293,848,1.0,628,-817
27200,28048,848,0,NTB,dentro da cultura,27200,28048,848,848,1.0,0,0
28048,29067,1019,0,GE-Phrase,213,26572,28865,2293,817,0.802,1476,202
28048,29067,1019,0,GE-Phrase,214,28865,30267,1402,202,0.198,-817,-1200
28048,29067,1019,0,NTB,e adequando e et cetera,28048,29067,1019,1019,1.0,0,0
69285,70269,984,0,GE-Phrase,233,69124,70078,954,793,0.806,161,191
69285,70269,984,0,GE-Phrase,234,70078,71694,1616,191,0.194,-793,-1425
69285,70269,984,0,NTB,o projeto é dela,69285,70269,984,984,1.0,0,0
123333,123678,345,0,GE-Phrase,261,123162,126484,3322,345,1.0,171,-2806
123333,123678,345,0,NTB,porque &n [/1],123333,123678,345,345,1.0,0,0
123678,123884,206,0,GE-Phrase,261,123162,126484,3322,206,1.0,516,-2600
123678,123884,206,0,NTB,né,123678,123884,206,206,1.0,0,0
123884,124797,913,0,GE-Phrase,261,123162,126484,3322,913,1.0,722,-1687
123884,124797,913,0,NTB,ia parar tudo,123884,124797,913,913,1.0,0,0
124797,126007,1210,0,GE-Phrase,261,123162,126484,3322,1210,1.0,1635,-477
124797,126007,1210,0,NTB,então vou monitorar quem,124797,126007,1210,1210,1.0,0,0
126007,127426,1419,0,GE-Phrase,261,123162,126484,3322,477,0.336,2845,942
126007,127426,1419,0,NTB,et cetera,126007,127426,1419,1419,1.0,0,0
131502,132715,1213,0,GE-Phrase,262,128821,132202,3381,700,0.577,2681,513
131502,132715,1213,0,GE-Phrase,263,132202,134077,1875,513,0.423,-700,-1362
131502,132715,1213,0,NTB,nũ tinha recebido nenhuma bolsa ainda né,131502,132715,1213,1213,1.0,0,0
132715,134762,2047,0,GE-Phrase,263,132202,134077,1875,1362,0.665,513,685
132715,134762,2047,0,GE-Phrase,264,134077,135782,1705,685,0.335,-1362,-1020
132715,134762,2047,0,NTB,tinha acabado de acontecer o processo,132715,134762,2047,2047,1.0,0,0
136371,137155,784,0,GE-Phrase,265,135782,138288,2506,784,1.0,589,-1133
136371,137155,784,0,NTB,a minha tutora,136371,137155,784,784,1.0,0,0
137155,137394,239,0,GE-Phrase,265,135782,138288,2506,239,1.0,1373,-894
137155,137394,239,0,NTB,né,137155,137394,239,239,1.0,0,0
141078,143026,1948,0,GE-Phrase,266,138288,141167,2879,89,0.046,2790,1859
141078,143026,1948,0,GE-Phrase,267,141167,142467,1300,1300,0.667,-89,559
141078,143026,1948,0,GE-Phrase,268,142467,145380,2913,559,0.287,-1389,-2354
141078,143026,1948,0,NTB,e a gente volta quando retomar a aula,141078,143026,1948,1948,1.0,0,0
149343,150432,1089,0,GE-Phrase,270,147413,149490,2077,147,0.135,1930,942
149343,150432,1089,0,GE-Phrase,271,149490,151803,2313,942,0.865,-147,-1371
149343,150432,1089,0,NTB,se cês concordarem,149343,150432,1089,1089,1.0,0,0
9631,12030,2399,0,GE-Phrase,205,9104,11228,2124,1597,0.666,527,802
9631,12030,2399,0,GE-Phrase,206,11228,13092,1864,802,0.334,-1597,-1062
9631,12030,2399,0,NTB,que inclusive tô produzindo um,9631,12030,2399,2399,1.0,0,0
12030,13506,1476,0,GE-Phrase,206,11228,13092,1864,1062,0.72,802,414
12030,13506,1476,0,GE-Phrase,207,13092,14908,1816,414,0.28,-1062,-1402
12030,13506,1476,0,NTB,p' cê ver a dubiedade da coisa,12030,13506,1476,1476,1.0,0,0
25187,26370,1183,0,GE-Phrase,212,23414,26572,3158,1183,1.0,1773,-202
25187,26370,1183,0,NTB,se eu reproduzir meu método,25187,26370,1183,1183,1.0,0,0
26370,27200,830,0,GE-Phrase,212,23414,26572,3158,202,0.243,2956,628
26370,27200,830,0,GE-Phrase,213,26572,28865,2293,628,0.757,-202,-1665
26370,27200,830,0,NTB,tá ligado,26370,27200,830,830,1.0,0,0
27200,28048,848,0,GE-Phrase,213,26572,28865,2293,848,1.0,628,-817
27200,28048,848,0,NTB,dentro da cultura,27200,28048,848,848,1.0,0,0
28048,29067,1019,0,GE-Phrase,213,26572,28865,2293,817,0.802,1476,202
28048,29067,1019,0,GE-Phrase,214,28865,30267,1402,202,0.198,-817,-1200
28048,29067,1019,0,NTB,e adequando e et cetera,28048,29067,1019,1019,1.0,0,0
69285,70269,984,0,GE-Phrase,233,69124,70078,954,793,0.806,161,191
69285,70269,984,0,GE-Phrase,234,70078,71694,1616,191,0.194,-793,-1425
69285,70269,984,0,NTB,o projeto é dela,69285,70269,984,984,1.0,0,0
123333,123678,345,0,GE-Phrase,261,123162,126484,3322,345,1.0,171,-2806
123333,123678,345,0,NTB,porque &n [/1],123333,123678,345,345,1.0,0,0
123678,123884,206,0,GE-Phrase,261,123162,126484,3322,206,1.0,516,-2600
123678,123884,206,0,NTB,né,123678,123884,206,206,1.0,0,0
123884,124797,913,0,GE-Phrase,261,123162,126484,3322,913,1.0,722,-1687
123884,124797,913,0,NTB,ia parar tudo,123884,124797,913,913,1.0,0,0
124797,126007,1210,0,GE-Phrase,261,123162,126484,3322,1210,1.0,1635,-477
124797,126007,1210,0,NTB,então vou monitorar quem,124797,126007,1210,1210,1.0,0,0
126007,127426,1419,0,GE-Phrase,261,123162,126484,3322,477,0.336,2845,942
126007,127426,1419,0,NTB,et cetera,126007,127426,1419,1419,1.0,0,0
131502,132715,1213,0,GE-Phrase,262,128821,132202,3381,700,0.577,2681,513
131502,132715,1213,0,GE-Phrase,263,132202,134077,1875,513,0.423,-700,-1362
131502,132715,1213,0,NTB,nũ tinha recebido nenhuma bolsa ainda né,131502,132715,1213,1213,1.0,0,0
132715,134762,2047,0,GE-Phrase,263,132202,134077,1875,1362,0.665,513,685
132715,134762,2047,0,GE-Phrase,264,134077,135782,1705,685,0.335,-1362,-1020
132715,134762,2047,0,NTB,tinha acabado de acontecer o processo,132715,134762,2047,2047,1.0,0,0
136371,137155,784,0,GE-Phrase,265,135782,138288,2506,784,1.0,589,-1133
136371,137155,784,0,NTB,a minha tutora,136371,137155,784,784,1.0,0,0
137155,137394,239,0,GE-Phrase,265,135782,138288,2506,239,1.0,1373,-894
137155,137394,239,0,NTB,né,137155,137394,239,239,1.0,0,0
141078,143026,1948,0,GE-Phrase,266,138288,141167,2879,89,0.046,2790,1859
141078,143026,1948,0,GE-Phrase,267,141167,142467,1300,1300,0.667,-89,559
141078,143026,1948,0,GE-Phrase,268,142467,145380,2913,559,0.287,-1389,-2354
141078,143026,1948,0,NTB,e a gente volta quando retomar a aula,141078,143026,1948,1948,1.0,0,0
149343,150432,1089,0,GE-Phrase,270,147413,149490,2077,147,0.135,1930,942
149343,150432,1089,0,GE-Phrase,271,149490,151803,2313,942,0.865,-147,-1371
149343,150432,1089,0,NTB,se cês concordarem,149343,150432,1089,1089,1.0,0,0
9631,12030,2399,0,GE-Phrase,205,9104,11228,2124,1597,0.666,527,802
9631,12030,2399,0,GE-Phrase,206,11228,13092,1864,802,0.334,-1597,-1062
9631,12030,2399,0,NTB,que inclusive tô produzindo um,9631,12030,2399,2399,1.0,0,0
12030,13506,1476,0,GE-Phrase,206,11228,13092,1864,1062,0.72,802,414
12030,13506,1476,0,GE-Phrase,207,13092,14908,1816,414,0.28,-1062,-1402
12030,13506,1476,0,NTB,p' cê ver a dubiedade da coisa,12030,13506,1476,1476,1.0,0,0
25187,26370,1183,0,GE-Phrase,212,23414,26572,3158,1183,1.0,1773,-202
25187,26370,1183,0,NTB,se eu reproduzir meu método,25187,26370,1183,1183,1.0,0,0
26370,27200,830,0,GE-Phrase,212,23414,26572,3158,202,0.243,2956,628
26370,27200,830,0,GE-Phrase,213,26572,28865,2293,628,0.757,-202,-1665
26370,27200,830,0,NTB,tá ligado,26370,27200,830,830,1.0,0,0
27200,28048,848,0,GE-Phrase,213,26572,28865,2293,848,1.0,628,-817
27200,28048,848,0,NTB,dentro da cultura,27200,28048,848,848,1.0,0,0
28048,29067,1019,0,GE-Phrase,213,26572,28865,2293,817,0.802,1476,202
28048,29067,1019,0,GE-Phrase,214,28865,30267,1402,202,0.198,-817,-1200
28048,29067,1019,0,NTB,e adequando e et cetera,28048,29067,1019,1019,1.0,0,0
69285,70269,984,0,GE-Phrase,233,69124,70078,954,793,0.806,161,191
69285,70269,984,0,GE-Phrase,234,70078,71694,1616,191,0.194,-793,-1425
69285,70269,984,0,NTB,o projeto é dela,69285,70269,984,984,1.0,0,0
123333,123678,345,0,GE-Phrase,261,123162,126484,3322,345,1.0,171,-2806
123333,123678,345,0,NTB,porque &n [/1],123333,123678,345,345,1.0,0,0
123678,123884,206,0,GE-Phrase,261,123162,126484,3322,206,1.0,516,-2600
123678,123884,206,0,NTB,né,123678,123884,206,206,1.0,0,0
123884,124797,913,0,GE-Phrase,261,123162,126484,3322,913,1.0,722,-1687
123884,124797,913,0,NTB,ia parar tudo,123884,124797,913,913,1.0,0,0
124797,126007,1210,0,GE-Phrase,261,123162,126484,3322,1210,1.0,1635,-477
124797,126007,1210,0,NTB,então vou monitorar quem,124797,126007,1210,1210,1.0,0,0
126007,127426,1419,0,GE-Phrase,261,123162,126484,3322,477,0.336,2845,942
126007,127426,1419,0,NTB,et cetera,126007,127426,1419,1419,1.0,0,0
131502,132715,1213,0,GE-Phrase,262,128821,132202,3381,700,0.577,2681,513
131502,132715,1213,0,GE-Phrase,263,132202,134077,1875,513,0.423,-700,-1362
131502,132715,1213,0,NTB,nũ tinha recebido nenhuma bolsa ainda né,131502,132715,1213,1213,1.0,0,0
132715,134762,2047,0,GE-Phrase,263,132202,134077,1875,1362,0.665,513,685
132715,134762,2047,0,GE-Phrase,264,134077,135782,1705,685,0.335,-1362,-1020
132715,134762,2047,0,NTB,tinha acabado de acontecer o processo,132715,134762,2047,2047,1.0,0,0
136371,137155,784,0,GE-Phrase,265,135782,138288,2506,784,1.0,589,-1133
136371,137155,784,0,NTB,a minha tutora,136371,137155,784,784,1.0,0,0
137155,137394,239,0,GE-Phrase,265,135782,138288,2506,239,1.0,1373,-894
137155,137394,239,0,NTB,né,137155,137394,239,239,1.0,0,0
141078,143026,1948,0,GE-Phrase,266,138288,141167,2879,89,0.046,2790,1859
141078,143026,1948,0,GE-Phrase,267,141167,142467,1300,1300,0.667,-89,559
141078,143026,1948,0,GE-Phrase,268,142467,145380,2913,559,0.287,-1389,-2354
141078,143026,1948,0,NTB,e a gente volta quando retomar a aula,141078,143026,1948,1948,1.0,0,0
149343,150432,1089,0,GE-Phrase,270,147413,149490,2077,147,0.135,1930,942
149343,150432,1089,0,GE-Phrase,271,149490,151803,2313,942,0.865,-147,-1371
149343,150432,1089,0,NTB,se cês concordarem,149343,150432,1089,1089,1.0,0,0
9631,12030,2399,0,GE-Phrase,205,9104,11228,2124,1597,0.666,527,802
9631,12030,2399,0,GE-Phrase,206,11228,13092,1864,802,0.334,-1597,-1062
9631,12030,2399,0,NTB,que inclusive tô produzindo um,9631,12030,2399,2399,1.0,0,0
12030,13506,1476,0,GE-Phrase,206,11228,13092,1864,1062,0.72,802,414
12030,13506,1476,0,GE-Phrase,207,13092,14908,1816,414,0.28,-1062,-1402
12030,13506,1476,0,NTB,p' cê ver a dubiedade da coisa,12030,13506,1476,1476,1.0,0,0
25187,26370,1183,0,GE-Phrase,212,23414,26572,3158,1183,1.0,1773,-202
25187,26370,1183,0,NTB,se eu reproduzir meu método,25187,26370,1183,1183,1.0,0,0
26370,27200,830,0,GE-Phrase,212,23414,26572,3158,202,0.243,2956,628
26370,27200,830,0,GE-Phrase,213,26572,28865,2293,628,0.757,-202,-1665
26370,27200,830,0,NTB,tá ligado,26370,27200,830,830,1.0,0,0
27200,28048,848,0,GE-Phrase,213,26572,28865,2293,848,1.0,628,-817
27200,28048,848,0,NTB,dentro da cultura,27200,28048,848,848,1.0,0,0
28048,29067,1019,0,GE-Phrase,213,26572,28865,2293,817,0.802,1476,202
28048,29067,1019,0,GE-Phrase,214,28865,30267,1402,202,0.198,-817,-1200
28048,29067,1019,0,NTB,e adequando e et cetera,28048,29067,1019,1019,1.0,0,0
69285,70269,984,0,GE-Phrase,233,69124,70078,954,793,0.806,161,191
69285,70269,984,0,GE-Phrase,234,70078,71694,1616,191,0.194,-793,-1425
69285,70269,984,0,NTB,o projeto é dela,69285,70269,984,984,1.0,0,0
123333,123678,345,0,GE-Phrase,261,123162,126484,3322,345,1.0,171,-2806
123333,123678,345,0,NTB,porque &n [/1],123333,123678,345,345,1.0,0,0
123678,123884,206,0,GE-Phrase,261,123162,126484,3322,206,1.0,516,-2600
123678,123884,206,0,NTB,né,123678,123884,206,206,1.0,0,0
123884,124797,913,0,GE-Phrase,261,123162,126484,3322,913,1.0,722,-1687
123884,124797,913,0,NTB,ia parar tudo,123884,124797,913,913,1.0,0,0
124797,126007,1210,0,GE-Phrase,261,123162,126484,3322,1210,1.0,1635,-477
124797,126007,1210,0,NTB,então vou monitorar quem,124797,126007,1210,1210,1.0,0,0
126007,127426,1419,0,GE-Phrase,261,123162,126484,3322,477,0.336,2845,942
126007,127426,1419,0,NTB,et cetera,126007,127426,1419,1419,1.0,0,0
131502,132715,1213,0,GE-Phrase,262,128821,132202,3381,700,0.577,2681,513
131502,132715,1213,0,GE-Phrase,263,132202,134077,1875,513,0.423,-700,-1362
131502,132715,1213,0,NTB,nũ tinha recebido nenhuma bolsa ainda né,131502,132715,1213,1213,1.0,0,0
132715,134762,2047,0,GE-Phrase,263,132202,134077,1875,1362,0.665,513,685
132715,134762,2047,0,GE-Phrase,264,134077,135782,1705,685,0.335,-1362,-1020
132715,134762,2047,0,NTB,tinha acabado de acontecer o processo,132715,134762,2047,2047,1.0,0,0
136371,137155,784,0,GE-Phrase,265,135782,138288,2506,784,1.0,589,-1133
136371,137155,784,0,NTB,a minha tutora,136371,137155,784,784,1.0,0,0
137155,137394,239,0,GE-Phrase,265,135782,138288,2506,239,1.0,1373,-894
137155,137394,239,0,NTB,né,137155,137394,239,239,1.0,0,0
141078,143026,1948,0,GE-Phrase,266,138288,141167,2879,89,0.046,2790,1859
141078,143026,1948,0,GE-Phrase,267,141167,142467,1300,1300,0.667,-89,559
141078,143026,1948,0,GE-Phrase,268,142467,145380,2913,559,0.287,-1389,-2354
141078,143026,1948,0,NTB,e a gente volta quando retomar a aula,141078,143026,1948,1948,1.0,0,0
149343,150432,1089,0,GE-Phrase,270,147413,149490,2077,147,0.135,1930,942
149343,150432,1089,0,GE-Phrase,271,149490,151803,2313,942,0.865,-147,-1371
149343,150432,1089,0,NTB,se cês concordarem,149343,150432,1089,1089,1.0,0,0
9631,12030,2399,0,GE-Phrase,205,9104,11228,2124,1597,0.666,527,802
9631,12030,2399,0,GE-Phrase,206,11228,13092,1864,802,0.334,-1597,-1062
9631,12030,2399,0,NTB,que inclusive tô produzindo um,9631,12030,2399,2399,1.0,0,0
12030,13506,1476,0,GE-Phrase,206,11228,13092,1864,1062,0.72,802,414
12030,13506,1476,0,GE-Phrase,207,13092,14908,1816,414,0.28,-1062,-1402
12030,13506,1476,0,NTB,p' cê ver a dubiedade da coisa,12030,13506,1476,1476,1.0,0,0
25187,26370,1183,0,GE-Phrase,212,23414,26572,3158,1183,1.0,1773,-202
25187,26370,1183,0,NTB,se eu reproduzir meu método,25187,26370,1183,1183,1.0,0,0
26370,27200,830,0,GE-Phrase,212,23414,26572,3158,202,0.243,2956,628
26370,27200,830,0,GE-Phrase,213,26572,28865,2293,628,0.757,-202,-1665
26370,27200,830,0,NTB,tá ligado,26370,27200,830,830,1.0,0,0
27200,28048,848,0,GE-Phrase,213,26572,28865,2293,848,1.0,628,-817
27200,28048,848,0,NTB,dentro da cultura,27200,28048,848,848,1.0,0,0
28048,29067,1019,0,GE-Phrase,213,26572,28865,2293,817,0.802,1476,202
28048,29067,1019,0,GE-Phrase,214,28865,30267,1402,202,0.198,-817,-1200
28048,29067,1019,0,NTB,e adequando e et cetera,28048,29067,1019,1019,1.0,0,0
69285,70269,984,0,GE-Phrase,233,69124,70078,954,793,0.806,161,191
69285,70269,984,0,GE-Phrase,234,70078,71694,1616,191,0.194,-793,-1425
69285,70269,984,0,NTB,o projeto é dela,69285,70269,984,984,1.0,0,0
123333,123678,345,0,GE-Phrase,261,123162,126484,3322,345,1.0,171,-2806
123333,123678,345,0,NTB,porque &n [/1],123333,123678,345,345,1.0,0,0
123678,123884,206,0,GE-Phrase,261,123162,126484,3322,206,1.0,516,-2600
123678,123884,206,0,NTB,né,123678,123884,206,206,1.0,0,0
123884,124797,913,0,GE-Phrase,261,123162,126484,3322,913,1.0,722,-1687
123884,124797,913,0,NTB,ia parar tudo,123884,124797,913,913,1.0,0,0
124797,126007,1210,0,GE-Phrase,261,123162,126484,3322,1210,1.0,1635,-477
124797,126007,1210,0,NTB,então vou monitorar quem,124797,126007,1210,1210,1.0,0,0
126007,127426,1419,0,GE-Phrase,261,123162,126484,3322,477,0.336,2845,942
126007,127426,1419,0,NTB,et cetera,126007,127426,1419,1419,1.0,0,0
131502,132715,1213,0,GE-Phrase,262,128821,132202,3381,700,0.577,2681,513
131502,132715,1213,0,GE-Phrase,263,132202,134077,1875,513,0.423,-700,-1362
131502,132715,1213,0,NTB,nũ tinha recebido nenhuma bolsa ainda né,131502,132715,1213,1213,1.0,0,0
132715,134762,2047,0,GE-Phrase,263,132202,134077,1875,1362,0.665,513,685
132715,134762,2047,0,GE-Phrase,264,134077,135782,1705,685,0.335,-1362,-1020
132715,134762,2047,0,NTB,tinha acabado de acontecer o processo,132715,134762,2047,2047,1.0,0,0
136371,137155,784,0,GE-Phrase,265,135782,138288,2506,784,1.0,589,-1133
136371,137155,784,0,NTB,a minha tutora,136371,137155,784,784,1.0,0,0
137155,137394,239,0,GE-Phrase,265,135782,138288,2506,239,1.0,1373,-894
137155,137394,239,0,NTB,né,137155,137394,239,239,1.0,0,0
141078,143026,1948,0,GE-Phrase,266,138288,141167,2879,89,0.046,2790,1859
141078,143026,1948,0,GE-Phrase,267,141167,142467,1300,1300,0.667,-89,559
141078,143026,1948,0,GE-Phrase,268,142467,145380,2913,559,0.287,-1389,-2354
141078,143026,1948,0,NTB,e a gente volta quando retomar a aula,141078,143026,1948,1948,1.0,0,0
149343,150432,1089,0,GE-Phrase,270,147413,149490,2077,147,0.135,1930,942
149343,150432,1089,0,GE-Phrase,271,149490,151803,2313,942,0.865,-147,-1371
149343,150432,1089,0,NTB,se cês concordarem,149343,150432,1089,1089,1.0,0,0
9631,12030,2399,0,GE-Phrase,205,9104,11228,2124,1597,0.666,527,802
9631,12030,2399,0,GE-Phrase,206,11228,13092,1864,802,0.334,-1597,-1062
9631,12030,2399,0,NTB,que inclusive tô produzindo um,9631,12030,2399,2399,1.0,0,0
12030,13506,1476,0,GE-Phrase,206,11228,13092,1864,1062,0.72,802,414
12030,13506,1476,0,GE-Phrase,207,13092,14908,1816,414,0.28,-1062,-1402
12030,13506,1476,0,NTB,p' cê ver a dubiedade da coisa,12030,13506,1476,1476,1.0,0,0
25187,26370,1183,0,GE-Phrase,212,23414,26572,3158,1183,1.0,1773,-202
25187,26370,1183,0,NTB,se eu reproduzir meu método,25187,26370,1183,1183,1.0,0,0
26370,27200,830,0,GE-Phrase,212,23414,26572,3158,202,0.243,2956,628
26370,27200,830,0,GE-Phrase,213,26572,28865,2293,628,0.757,-202,-1665
26370,27200,830,0,NTB,tá ligado,26370,27200,830,830,1.0,0,0
27200,28048,848,0,GE-Phrase,213,26572,28865,2293,848,1.0,628,-817
27200,28048,848,0,NTB,dentro da cultura,27200,28048,848,848,1.0,0,0
28048,29067,1019,0,GE-Phrase,213,26572,28865,2293,817,0.802,1476,202
28048,29067,1019,0,GE-Phrase,214,28865,30267,1402,202,0.198,-817,-1200
28048,29067,1019,0,NTB,e adequando e et cetera,28048,29067,1019,1019,1.0,0,0
69285,70269,984,0,GE-Phrase,233,69124,70078,954,793,0.806,161,191
69285,70269,984,0,GE-Phrase,234,70078,71694,1616,191,0.194,-793,-1425
69285,70269,984,0,NTB,o projeto é dela,69285,70269,984,984,1.0,0,0
123333,123678,345,0,GE-Phrase,261,123162,126484,3322,345,1.0,171,-2806
123333,123678,345,0,NTB,porque &n [/1],123333,123678,345,345,1.0,0,0
123678,123884,206,0,GE-Phrase,261,123162,126484,3322,206,1.0,516,-2600
123678,123884,206,0,NTB,né,123678,123884,206,206,1.0,0,0
123884,124797,913,0,GE-Phrase,261,123162,126484,3322,913,1.0,722,-1687
123884,124797,913,0,NTB,ia parar tudo,123884,124797,913,913,1.0,0,0
124797,126007,1210,0,GE-Phrase,261,123162,126484,3322,1210,1.0,1635,-477
124797,126007,1210,0,NTB,então vou monitorar quem,124797,126007,1210,1210,1.0,0,0
126007,127426,1419,0,GE-Phrase,261,123162,126484,3322,477,0.336,2845,942
126007,127426,1419,0,NTB,et cetera,126007,127426,1419,1419,1.0,0,0
131502,132715,1213,0,GE-Phrase,262,128821,132202,3381,700,0.577,2681,513
131502,132715,1213,0,GE-Phrase,263,132202,134077,1875,513,0.423,-700,-1362
131502,132715,1213,0,NTB,nũ tinha recebido nenhuma bolsa ainda né,131502,132715,1213,1213,1.0,0,0
132715,134762,2047,0,GE-Phrase,263,132202,134077,1875,1362,0.665,513,685
132715,134762,2047,0,GE-Phrase,264,134077,135782,1705,685,0.335,-1362,-1020
132715,134762,2047,0,NTB,tinha acabado de acontecer o processo,132715,134762,2047,2047,1.0,0,0
136371,137155,784,0,GE-Phrase,265,135782,138288,2506,784,1.0,589,-1133
136371,137155,784,0,NTB,a minha tutora,136371,137155,784,784,1.0,0,0
137155,137394,239,0,GE-Phrase,265,135782,138288,2506,239,1.0,1373,-894
137155,137394,239,0,NTB,né,137155,137394,239,239,1.0,0,0
141078,143026,1948,0,GE-Phrase,266,138288,141167,2879,89,0.046,2790,1859
141078,143026,1948,0,GE-Phrase,267,141167,142467,1300,1300,0.667,-89,559
141078,143026,1948,0,GE-Phrase,268,142467,145380,2913,559,0.287,-1389,-2354
141078,143026,1948,0,NTB,e a gente volta quando retomar a aula,141078,143026,1948,1948,1.0,0,0
149343,150432,1089,0,GE-Phrase,270,147413,149490,2077,147,0.135,1930,942
149343,150432,1089,0,GE-Phrase,271,149490,151803,2313,942,0.865,-147,-1371
149343,150432,1089,0,NTB,se cês concordarem,149343,150432,1089,1089,1.0,0,0
9631,12030,2399,0,GE-Phrase,205,9104,11228,2124,1597,0.666,527,802
9631,12030,2399,0,GE-Phrase,206,11228,13092,1864,802,0.334,-1597,-1062
9631,12030,2399,0,NTB,que inclusive tô produzindo um,9631,12030,2399,2399,1.0,0,0
12030,13506,1476,0,GE-Phrase,206,11228,13092,1864,1062,0.72,802,414
12030,13506,1476,0,GE-Phrase,207,13092,14908,1816,414,0.28,-1062,-1402
12030,13506,1476,0,NTB,p' cê ver a dubiedade da coisa,12030,13506,1476,1476,1.0,0,0
25187,26370,1183,0,GE-Phrase,212,23414,26572,3158,1183,1.0,1773,-202
25187,26370,1183,0,NTB,se eu reproduzir meu método,25187,26370,1183,1183,1.0,0,0
26370,27200,830,0,GE-Phrase,212,23414,26572,3158,202,0.243,2956,628
26370,27200,830,0,GE-Phrase,213,26572,28865,2293,628,0.757,-202,-1665
26370,27200,830,0,NTB,tá ligado,26370,27200,830,830,1.0,0,0
27200,28048,848,0,GE-Phrase,213,26572,28865,2293,848,1.0,628,-817
27200,28048,848,0,NTB,dentro da cultura,27200,28048,848,848,1.0,0,0
28048,29067,1019,0,GE-Phrase,213,26572,28865,2293,817,0.802,1476,202
28048,29067,1019,0,GE-Phrase,214,28865,30267,1402,202,0.198,-817,-1200
28048,29067,1019,0,NTB,e adequando e et cetera,28048,29067,1019,1019,1.0,0,0
69285,70269,984,0,GE-Phrase,233,69124,70078,954,793,0.806,161,191
69285,70269,984,0,GE-Phrase,234,70078,71694,1616,191,0.194,-793,-1425
69285,70269,984,0,NTB,o projeto é dela,69285,70269,984,984,1.0,0,0
123333,123678,345,0,GE-Phrase,261,123162,126484,3322,345,1.0,171,-2806
123333,123678,345,0,NTB,porque &n [/1],123333,123678,345,345,1.0,0,0
123678,123884,206,0,GE-Phrase,261,123162,126484,3322,206,1.0,516,-2600
123678,123884,206,0,NTB,né,123678,123884,206,206,1.0,0,0
123884,124797,913,0,GE-Phrase,261,123162,126484,3322,913,1.0,722,-1687
123884,124797,913,0,NTB,ia parar tudo,123884,124797,913,913,1.0,0,0
124797,126007,1210,0,GE-Phrase,261,123162,126484,3322,1210,1.0,1635,-477
124797,126007,1210,0,NTB,então vou monitorar quem,124797,126007,1210,1210,1.0,0,0
126007,127426,1419,0,GE-Phrase,261,123162,126484,3322,477,0.336,2845,942
126007,127426,1419,0,NTB,et cetera,126007,127426,1419,1419,1.0,0,0
131502,132715,1213,0,GE-Phrase,262,128821,132202,3381,700,0.577,2681,513
131502,132715,1213,0,GE-Phrase,263,132202,134077,1875,513,0.423,-700,-1362
131502,132715,1213,0,NTB,nũ tinha recebido nenhuma bolsa ainda né,131502,132715,1213,1213,1.0,0,0
132715,134762,2047,0,GE-Phrase,263,132202,134077,1875,1362,0.665,513,685
132715,134762,2047,0,GE-Phrase,264,134077,135782,1705,685,0.335,-1362,-1020
132715,134762,2047,0,NTB,tinha acabado de acontecer o processo,132715,134762,2047,2047,1.0,0,0
136371,137155,784,0,GE-Phrase,265,135782,138288,2506,784,1.0,589,-1133
136371,137155,784,0,NTB,a minha tutora,136371,137155,784,784,1.0,0,0
137155,137394,239,0,GE-Phrase,265,135782,138288,2506,239,1.0,1373,-894
137155,137394,239,0,NTB,né,137155,137394,239,239,1.0,0,0
141078,143026,1948,0,GE-Phrase,266,138288,141167,2879,89,0.046,2790,1859
141078,143026,1948,0,GE-Phrase,267,141167,142467,1300,1300,0.667,-89,559
141078,143026,1948,0,GE-Phrase,268,142467,145380,2913,559,0.287,-1389,-2354
141078,143026,1948,0,NTB,e a gente volta quando retomar a aula,141078,143026,1948,1948,1.0,0,0
149343,150432,1089,0,GE-Phrase,270,147413,149490,2077,147,0.135,1930,942
149343,150432,1089,0,GE-Phrase,271,149490,151803,2313,942,0.865,-147,-1371
149343,150432,1089,0,NTB,se cês concordarem,149343,150432,1089,1089,1.0,0,0
9631,12030,2399,0,GE-Phrase,205,9104,11228,2124,1597,0.666,527,802
9631,12030,2399,0,GE-Phrase,206,11228,13092,1864,802,0.334,-1597,-1062
9631,12030,2399,0,NTB,que inclusive tô produzindo um,9631,12030,2399,2399,1.0,0,0
12030,13506,1476,0,GE-Phrase,206,11228,13092,1864,1062,0.72,802,414
12030,13506,1476,0,GE-Phrase,207,13092,14908,1816,414,0.28,-1062,-1402
12030,13506,1476,0,NTB,p' cê ver a dubiedade da coisa,12030,13506,1476,1476,1.0,0,0
25187,26370,1183,0,GE-Phrase,212,23414,26572,3158,1183,1.0,1773,-202
25187,26370,1183,0,NTB,se eu reproduzir meu método,25187,26370,1183,1183,1.0,0,0
26370,27200,830,0,GE-Phrase,212,23414,26572,3158,202,0.243,2956,628
26370,27200,830,0,GE-Phrase,213,26572,28865,2293,628,0.757,-202,-1665
26370,27200,830,0,NTB,tá ligado,26370,27200,830,830,1.0,0,0
27200,28048,848,0,GE-Phrase,213,26572,28865,2293,848,1.0,628,-817
27200,28048,848,0,NTB,dentro da cultura,27200,28048,848,848,1.0,0,0
28048,29067,1019,0,GE-Phrase,213,26572,28865,2293,817,0.802,1476,202
28048,29067,1019,0,GE-Phrase,214,28865,30267,1402,202,0.198,-817,-1200
28048,29067,1019,0,NTB,e adequando e et cetera,28048,29067,1019,1019,1.0,0,0
69285,70269,984,0,GE-Phrase,233,69124,70078,954,793,0.806,161,191
69285,70269,984,0,GE-Phrase,234,70078,71694,1616,191,0.194,-793,-1425
69285,70269,984,0,NTB,o projeto é dela,69285,70269,984,984,1.0,0,0
123333,123678,345,0,GE-Phrase,261,123162,126484,3322,345,1.0,171,-2806
123333,123678,345,0,NTB,porque &n [/1],123333,123678,345,345,1.0,0,0
123678,123884,206,0,GE-Phrase,261,123162,126484,3322,206,1.0,516,-2600
123678,123884,206,0,NTB,né,123678,123884,206,206,1.0,0,0
123884,124797,913,0,GE-Phrase,261,123162,126484,3322,913,1.0,722,-1687
123884,124797,913,0,NTB,ia parar tudo,123884,124797,913,913,1.0,0,0
124797,126007,1210,0,GE-Phrase,261,123162,126484,3322,1210,1.0,1635,-477
124797,126007,1210,0,NTB,então vou monitorar quem,124797,126007,1210,1210,1.0,0,0
126007,127426,1419,0,GE-Phrase,261,123162,126484,3322,477,0.336,2845,942
126007,127426,1419,0,NTB,et cetera,126007,127426,1419,1419,1.0,0,0
131502,132715,1213,0,GE-Phrase,262,128821,132202,3381,700,0.577,2681,513
131502,132715,1213,0,GE-Phrase,263,132202,134077,1875,513,0.423,-700,-1362
131502,132715,1213,0,NTB,nũ tinha recebido nenhuma bolsa ainda né,131502,132715,1213,1213,1.0,0,0
132715,134762,2047,0,GE-Phrase,263,132202,134077,1875,1362,0.665,513,685
132715,134762,2047,0,GE-Phrase,264,134077,135782,1705,685,0.335,-1362,-1020
132715,134762,2047,0,NTB,tinha acabado de acontecer o processo,132715,134762,2047,2047,1.0,0,0
136371,137155,784,0,GE-Phrase,265,135782,138288,2506,784,1.0,589,-1133
136371,137155,784,0,NTB,a minha tutora,136371,137155,784,784,1.0,0,0
137155,137394,239,0,GE-Phrase,265,135782,138288,2506,239,1.0,1373,-894
137155,137394,239,0,NTB,né,137155,137394,239,239,1.0,0,0
141078,143026,1948,0,GE-Phrase,266,138288,141167,2879,89,0.046,2790,1859
141078,143026,1948,0,GE-Phrase,267,141167,142467,1300,1300,0.667,-89,559
141078,143026,1948,0,GE-Phrase,268,142467,145380,2913,559,0.287,-1389,-2354
141078,143026,1948,0,NTB,e a gente volta quando retomar a aula,141078,143026,1948,1948,1.0,0,0
149343,150432,1089,0,GE-Phrase,270,147413,149490,2077,147,0.135,1930,942
149343,150432,1089,0,GE-Phrase,271,149490,151803,2313,942,0.865,-147,-1371
149343,150432,1089,0,NTB,se cês concordarem,149343,150432,1089,1089,1.0,0,0
9631,12030,2399,0,GE-Phrase,205,9104,11228,2124,1597,0.666,527,802
9631,12030,2399,0,GE-Phrase,206,11228,13092,1864,802,0.334,-1597,-1062
9631,12030,2399,0,NTB,que inclusive tô produzindo um,9631,12030,2399,2399,1.0,0,0
12030,13506,1476,0,GE-Phrase,206,11228,13092,1864,1062,0.72,802,414
12030,13506,1476,0,GE-Phrase,207,13092,14908,1816,414,0.28,-1062,-1402
12030,13506,1476,0,NTB,p' cê ver a dubiedade da coisa,12030,13506,1476,1476,1.0,0,0
25187,26370,1183,0,GE-Phrase,212,23414,26572,3158,1183,1.0,1773,-202
25187,26370,1183,0,NTB,se eu reproduzir meu método,25187,26370,1183,1183,1.0,0,0
26370,27200,830,0,GE-Phrase,212,23414,26572,3158,202,0.243,2956,628
26370,27200,830,0,GE-Phrase,213,26572,28865,2293,628,0.757,-202,-1665
26370,27200,830,0,NTB,tá ligado,26370,27200,830,830,1.0,0,0
27200,28048,848,0,GE-Phrase,213,26572,28865,2293,848,1.0,628,-817
27200,28048,848,0,NTB,dentro da cultura,27200,28048,848,848,1.0,0,0
28048,29067,1019,0,GE-Phrase,213,26572,28865,2293,817,0.802,1476,202
28048,29067,1019,0,GE-Phrase,214,28865,30267,1402,202,0.198,-817,-1200
28048,29067,1019,0,NTB,e adequando e et cetera,28048,29067,1019,1019,1.0,0,0
69285,70269,984,0,GE-Phrase,233,69124,70078,954,793,0.806,161,191
69285,70269,984,0,GE-Phrase,234,70078,71694,1616,191,0.194,-793,-1425
69285,70269,984,0,NTB,o projeto é dela,69285,70269,984,984,1.0,0,0
123333,123678,345,0,GE-Phrase,261,123162,126484,3322,345,1.0,171,-2806
123333,123678,345,0,NTB,porque &n [/1],123333,123678,345,345,1.0,0,0
123678,123884,206,0,GE-Phrase,261,123162,126484,3322,206,1.0,516,-2600
123678,123884,206,0,NTB,né,123678,123884,206,206,1.0,0,0
123884,124797,913,0,GE-Phrase,261,123162,126484,3322,913,1.0,722,-1687
123884,124797,913,0,NTB,ia parar tudo,123884,124797,913,913,1.0,0,0
124797,126007,1210,0,GE-Phrase,261,123162,126484,3322,1210,1.0,1635,-477
124797,126007,1210,0,NTB,então vou monitorar quem,124797,126007,1210,1210,1.0,0,0
126007,127426,1419,0,GE-Phrase,261,123162,126484,3322,477,0.336,2845,942
126007,127426,1419,0,NTB,et cetera,126007,127426,1419,1419,1.0,0,0
131502,132715,1213,0,GE-Phrase,262,128821,132202,3381,700,0.577,2681,513
131502,132715,1213,0,GE-Phrase,263,132202,134077,1875,513,0.423,-700,-1362
131502,132715,1213,0,NTB,nũ tinha recebido nenhuma bolsa ainda né,131502,132715,1213,1213,1.0,0,0
132715,134762,2047,0,GE-Phrase,263,132202,134077,1875,1362,0.665,513,685
132715,134762,2047,0,GE-Phrase,264,134077,135782,1705,685,0.335,-1362,-1020
132715,134762,2047,0,NTB,tinha acabado de acontecer o processo,132715,134762,2047,2047,1.0,0,0
136371,137155,784,0,GE-Phrase,265,135782,138288,2506,784,1.0,589,-1133
136371,137155,784,0,NTB,a minha tutora,136371,137155,784,784,1.0,0,0
137155,137394,239,0,GE-Phrase,265,135782,138288,2506,239,1.0,1373,-894
137155,137394,239,0,NTB,né,137155,137394,239,239,1.0,0,0
141078,143026,1948,0,GE-Phrase,266,138288,141167,2879,89,0.046,2790,1859
141078,143026,1948,0,GE-Phrase,267,141167,142467,1300,1300,0.667,-89,559
141078,143026,1948,0,GE-Phrase,268,142467,145380,2913,559,0.287,-1389,-2354
141078,143026,1948,0,NTB,e a gente volta quando retomar a aula,141078,143026,1948,1948,1.0,0,0
149343,150432,1089,0,GE-Phrase,270,147413,149490,2077,147,0.135,1930,942
149343,150432,1089,0,GE-Phrase,271,149490,151803,2313,942,0.865,-147,-1371
149343,150432,1089,0,NTB,se cês concordarem,149343,150432,1089,1089,1.0,0,0
9631,12030,2399,0,GE-Phrase,205,9104,11228,2124,1597,0.666,527,802
9631,12030,2399,0,GE-Phrase,206,11228,13092,1864,802,0.334,-1597,-1062
9631,12030,2399,0,NTB,que inclusive tô produzindo um,9631,12030,2399,2399,1.0,0,0
12030,13506,1476,0,GE-Phrase,206,11228,13092,1864,1062,0.72,802,414
12030,13506,1476,0,GE-Phrase,207,13092,14908,1816,414,0.28,-1062,-1402
12030,13506,1476,0,NTB,p' cê ver a dubiedade da coisa,12030,13506,1476,1476,1.0,0,0
25187,26370,1183,0,GE-Phrase,212,23414,26572,3158,1183,1.0,1773,-202
25187,26370,1183,0,NTB,se eu reproduzir meu método,25187,26370,1183,1183,1.0,0,0
26370,27200,830,0,GE-Phrase,212,23414,26572,3158,202,0.243,2956,628
26370,27200,830,0,GE-Phrase,213,26572,28865,2293,628,0.757,-202,-1665
26370,27200,830,0,NTB,tá ligado,26370,27200,830,830,1.0,0,0
27200,28048,848,0,GE-Phrase,213,26572,28865,2293,848,1.0,628,-817
27200,28048,848,0,NTB,dentro da cultura,27200,28048,848,848,1.0,0,0
28048,29067,1019,0,GE-Phrase,213,26572,28865,2293,817,0.802,1476,202
28048,29067,1019,0,GE-Phrase,214,28865,30267,1402,202,0.198,-817,-1200
28048,29067,1019,0,NTB,e adequando e et cetera,28048,29067,1019,1019,1.0,0,0
69285,70269,984,0,GE-Phrase,233,69124,70078,954,793,0.806,161,191
69285,70269,984,0,GE-Phrase,234,70078,71694,1616,191,0.194,-793,-1425
69285,70269,984,0,NTB,o projeto é dela,69285,70269,984,984,1.0,0,0
123333,123678,345,0,GE-Phrase,261,123162,126484,3322,345,1.0,171,-2806
123333,123678,345,0,NTB,porque &n [/1],123333,123678,345,345,1.0,0,0
123678,123884,206,0,GE-Phrase,261,123162,126484,3322,206,1.0,516,-2600
123678,123884,206,0,NTB,né,123678,123884,206,206,1.0,0,0
123884,124797,913,0,GE-Phrase,261,123162,126484,3322,913,1.0,722,-1687
123884,124797,913,0,NTB,ia parar tudo,123884,124797,913,913,1.0,0,0
124797,126007,1210,0,GE-Phrase,261,123162,126484,3322,1210,1.0,1635,-477
124797,126007,1210,0,NTB,então vou monitorar quem,124797,126007,1210,1210,1.0,0,0
126007,127426,1419,0,GE-Phrase,261,123162,126484,3322,477,0.336,2845,942
126007,127426,1419,0,NTB,et cetera,126007,127426,1419,1419,1.0,0,0
131502,132715,1213,0,GE-Phrase,262,128821,132202,3381,700,0.577,2681,513
131502,132715,1213,0,GE-Phrase,263,132202,134077,1875,513,0.423,-700,-1362
131502,132715,1213,0,NTB,nũ tinha recebido nenhuma bolsa ainda né,131502,132715,1213,1213,1.0,0,0
132715,134762,2047,0,GE-Phrase,263,132202,134077,1875,1362,0.665,513,685
132715,134762,2047,0,GE-Phrase,264,134077,135782,1705,685,0.335,-1362,-1020
132715,134762,2047,0,NTB,tinha acabado de acontecer o processo,132715,134762,2047,2047,1.0,0,0
136371,137155,784,0,GE-Phrase,265,135782,138288,2506,784,1.0,589,-1133
136371,137155,784,0,NTB,a minha tutora,136371,137155,784,784,1.0,0,0
137155,137394,239,0,GE-Phrase,265,135782,138288,2506,239,1.0,1373,-894
137155,137394,239,0,NTB,né,137155,137394,239,239,1.0,0,0
141078,143026,1948,0,GE-Phrase,266,138288,141167,2879,89,0.046,2790,1859
141078,143026,1948,0,GE-Phrase,267,141167,142467,1300,1300,0.667,-89,559
141078,143026,1948,0,GE-Phrase,268,142467,145380,2913,559,0.287,-1389,-2354
141078,143026,1948,0,NTB,e a gente volta quando retomar a aula,141078,143026,1948,1948,1.0,0,0
149343,150432,1089,0,GE-Phrase,270,147413,149490,2077,147,0.135,1930,942
149343,150432,1089,0,GE-Phrase,271,149490,151803,2313,942,0.865,-147,-1371
149343,150432,1089,0,NTB,se cês concordarem,149343,150432,1089,1089,1.0,0,0
9631,12030,2399,0,GE-Phrase,205,9104,11228,2124,1597,0.666,527,802
9631,12030,2399,0,GE-Phrase,206,11228,13092,1864,802,0.334,-1597,-1062
9631,12030,2399,0,NTB,que inclusive tô produzindo um,9631,12030,2399,2399,1.0,0,0
12030,13506,1476,0,GE-Phrase,206,11228,13092,1864,1062,0.72,802,414
12030,13506,1476,0,GE-Phrase,207,13092,14908,1816,414,0.28,-1062,-1402
12030,13506,1476,0,NTB,p' cê ver a dubiedade da coisa,12030,13506,1476,1476,1.0,0,0
25187,26370,1183,0,GE-Phrase,212,23414,26572,3158,1183,1.0,1773,-202
25187,26370,1183,0,NTB,se eu reproduzir meu método,25187,26370,1183,1183,1.0,0,0
26370,27200,830,0,GE-Phrase,212,23414,26572,3158,202,0.243,2956,628
26370,27200,830,0,GE-Phrase,213,26572,28865,2293,628,0.757,-202,-1665
26370,27200,830,0,NTB,tá ligado,26370,27200,830,830,1.0,0,0
27200,28048,848,0,GE-Phrase,213,26572,28865,2293,848,1.0,628,-817
27200,28048,848,0,NTB,dentro da cultura,27200,28048,848,848,1.0,0,0
28048,29067,1019,0,GE-Phrase,213,26572,28865,2293,817,0.802,1476,202
28048,29067,1019,0,GE-Phrase,214,28865,30267,1402,202,0.198,-817,-1200
28048,29067,1019,0,NTB,e adequando e et cetera,28048,29067,1019,1019,1.0,0,0
69285,70269,984,0,GE-Phrase,233,69124,70078,954,793,0.806,161,191
69285,70269,984,0,GE-Phrase,234,70078,71694,1616,191,0.194,-793,-1425
69285,70269,984,0,NTB,o projeto é dela,69285,70269,984,984,1.0,0,0
123333,123678,345,0,GE-Phrase,261,123162,126484,3322,345,1.0,171,-2806
123333,123678,345,0,NTB,porque &n [/1],123333,123678,345,345,1.0,0,0
123678,123884,206,0,GE-Phrase,261,123162,126484,3322,206,1.0,516,-2600
123678,123884,206,0,NTB,né,123678,123884,206,206,1.0,0,0
123884,124797,913,0,GE-Phrase,261,123162,126484,3322,913,1.0,722,-1687
123884,124797,913,0,NTB,ia parar tudo,123884,124797,913,913,1.0,0,0
124797,126007,1210,0,GE-Phrase,261,123162,126484,3322,1210,1.0,1635,-477
124797,126007,1210,0,NTB,então vou monitorar quem,124797,126007,1210,1210,1.0,0,0
126007,127426,1419,0,GE-Phrase,261,123162,126484,3322,477,0.336,2845,942
126007,127426,1419,0,NTB,et cetera,126007,127426,1419,1419,1.0,0,0
131502,132715,1213,0,GE-Phrase,262,128821,132202,3381,700,0.577,2681,513
131502,132715,1213,0,GE-Phrase,263,132202,134077,1875,513,0.423,-700,-1362
131502,132715,1213,0,NTB,nũ tinha recebido nenhuma bolsa ainda né,131502,132715,1213,1213,1.0,0,0
132715,134762,2047,0,GE-Phrase,263,132202,134077,1875,1362,0.665,513,685
132715,134762,2047,0,GE-Phrase,264,134077,135782,1705,685,0.335,-1362,-1020
132715,134762,2047,0,NTB,tinha acabado de acontecer o processo,132715,134762,2047,2047,1.0,0,0
136371,137155,784,0,GE-Phrase,265,135782,138288,2506,784,1.0,589,-1133
136371,137155,784,0,NTB,a minha tutora,136371,137155,784,784,1.0,0,0
137155,137394,239,0,GE-Phrase,265,135782,138288,2506,239,1.0,1373,-894
137155,137394,239,0,NTB,né,137155,137394,239,239,1.0,0,0
141078,143026,1948,0,GE-Phrase,266,138288,141167,2879,89,0.046,2790,1859
141078,143026,1948,0,GE-Phrase,267,141167,142467,1300,1300,0.667,-89,559
141078,143026,1948,0,GE-Phrase,268,142467,145380,2913,559,0.287,-1389,-2354
141078,143026,1948,0,NTB,e a gente volta quando retomar a aula,141078,143026,1948,1948,1.0,0,0
149343,150432,1089,0,GE-Phrase,270,147413,149490,2077,147,0.135,1930,942
149343,150432,1089,0,GE-Phrase,271,149490,151803,2313,942,0.865,-147,-1371
149343,150432,1089,0,NTB,se cês concordarem,149343,150432,1089,1089,1.0,0,0
9631,12030,2399,0,GE-Phrase,205,9104,11228,2124,1597,0.666,527,802
9631,12030,2399,0,GE-Phrase,206,11228,13092,1864,802,0.334,-1597,-1062
9631,12030,2399,0,NTB,que inclusive tô produzindo um,9631,12030,2399,2399,1.0,0,0
12030,13506,1476,0,GE-Phrase,206,11228,13092,1864,1062,0.72,802,414
12030,13506,1476,0,GE-Phrase,207,13092,14908,1816,414,0.28,-1062,-1402
12030,13506,1476,0,NTB,p' cê ver a dubiedade da coisa,12030,13506,1476,1476,1.0,0,0
25187,26370,1183,0,GE-Phrase,212,23414,26572,3158,1183,1.0,1773,-202
25187,26370,1183,0,NTB,se eu reproduzir meu método,25187,26370,1183,1183,1.0,0,0
26370,27200,830,0,GE-Phrase,212,23414,26572,3158,202,0.243,2956,628
26370,27200,830,0,GE-Phrase,213,26572,28865,2293,628,0.757,-202,-1665
26370,27200,830,0,NTB,tá ligado,26370,27200,830,830,1.0,0,0
27200,28048,848,0,GE-Phrase,213,26572,28865,2293,848,1.0,628,-817
27200,28048,848,0,NTB,dentro da cultura,27200,28048,848,848,1.0,0,0
28048,29067,1019,0,GE-Phrase,213,26572,28865,2293,817,0.802,1476,202
28048,29067,1019,0,GE-Phrase,214,28865,30267,1402,202,0.198,-817,-1200
28048,29067,1019,0,NTB,e adequando e et cetera,28048,29067,1019,1019,1.0,0,0
69285,70269,984,0,GE-Phrase,233,69124,70078,954,793,0.806,161,191
69285,70269,984,0,GE-Phrase,234,70078,71694,1616,191,0.194,-793,-1425
69285,70269,984,0,NTB,o projeto é dela,69285,70269,984,984,1.0,0,0
123333,123678,345,0,GE-Phrase,261,123162,126484,3322,345,1.0,171,-2806
123333,123678,345,0,NTB,porque &n [/1],123333,123678,345,345,1.0,0,0
123678,123884,206,0,GE-Phrase,261,123162,126484,3322,206,1.0,516,-2600
123678,123884,206,0,NTB,né,123678,123884,206,206,1.0,0,0
123884,124797,913,0,GE-Phrase,261,123162,126484,3322,913,1.0,722,-1687
123884,124797,913,0,NTB,ia parar tudo,123884,124797,913,913,1.0,0,0
124797,126007,1210,0,GE-Phrase,261,123162,126484,3322,1210,1.0,1635,-477
124797,126007,1210,0,NTB,então vou monitorar quem,124797,126007,1210,1210,1.0,0,0
126007,127426,1419,0,GE-Phrase,261,123162,126484,3322,477,0.336,2845,942
126007,127426,1419,0,NTB,et cetera,126007,127426,1419,1419,1.0,0,0
131502,132715,1213,0,GE-Phrase,262,128821,132202,3381,700,0.577,2681,513
131502,132715,1213,0,GE-Phrase,263,132202,134077,1875,513,0.423,-700,-1362
131502,132715,1213,0,NTB,nũ tinha recebido nenhuma bolsa ainda né,131502,132715,1213,1213,1.0,0,0
132715,134762,2047,0,GE-Phrase,263,132202,134077,1875,1362,0.665,513,685
132715,134762,2047,0,GE-Phrase,264,134077,135782,1705,685,0.335,-1362,-1020
132715,134762,2047,0,NTB,tinha acabado de acontecer o processo,132715,134762,2047,2047,1.0,0,0
136371,137155,784,0,GE-Phrase,265,135782,138288,2506,784,1.0,589,-1133
136371,137155,784,0,NTB,a minha tutora,136371,137155,784,784,1.0,0,0
137155,137394,239,0,GE-Phrase,265,135782,138288,2506,239,1.0,1373,-894
137155,137394,239,0,NTB,né,137155,137394,239,239,1.0,0,0
141078,143026,1948,0,GE-Phrase,266,138288,141167,2879,89,0.046,2790,1859
141078,143026,1948,0,GE-Phrase,267,141167,142467,1300,1300,0.667,-89,559
141078,143026,1948,0,GE-Phrase,268,142467,145380,2913,559,0.287,-1389,-2354
141078,143026,1948,0,NTB,e a gente volta quando retomar a aula,141078,143026,1948,1948,1.0,0,0
149343,150432,1089,0,GE-Phrase,270,147413,149490,2077,147,0.135,1930,942
149343,150432,1089,0,GE-Phrase,271,149490,151803,2313,942,0.865,-147,-1371
149343,150432,1089,0,NTB,se cês concordarem,149343,150432,1089,1089,1.0,0,0
9631,12030,2399,0,GE-Phrase,205,9104,11228,2124,1597,0.666,527,802
9631,12030,2399,0,GE-Phrase,206,11228,13092,1864,802,0.334,-1597,-1062
9631,12030,2399,0,NTB,que inclusive tô produzindo um,9631,12030,2399,2399,1.0,0,0
12030,13506,1476,0,GE-Phrase,206,11228,13092,1864,1062,0.72,802,414
12030,13506,1476,0,GE-Phrase,207,13092,14908,1816,414,0.28,-1062,-1402
12030,13506,1476,0,NTB,p' cê ver a dubiedade da coisa,12030,13506,1476,1476,1.0,0,0
25187,26370,1183,0,GE-Phrase,212,23414,26572,3158,1183,1.0,1773,-202
25187,26370,1183,0,NTB,se eu reproduzir meu método,25187,26370,1183,1183,1.0,0,0
26370,27200,830,0,GE-Phrase,212,23414,26572,3158,202,0.243,2956,628
26370,27200,830,0,GE-Phrase,213,26572,28865,2293,628,0.757,-202,-1665
26370,27200,830,0,NTB,tá ligado,26370,27200,830,830,1.0,0,0
27200,28048,848,0,GE-Phrase,213,26572,28865,2293,848,1.0,628,-817
27200,28048,848,0,NTB,dentro da cultura,27200,28048,848,848,1.0,0,0
28048,29067,1019,0,GE-Phrase,213,26572,28865,2293,817,0.802,1476,202
28048,29067,1019,0,GE-Phrase,214,28865,30267,1402,202,0.198,-817,-1200
28048,29067,1019,0,NTB,e adequando e et cetera,28048,29067,1019,1019,1.0,0,0
69285,70269,984,0,GE-Phrase,233,69124,70078,954,793,0.806,161,191
69285,70269,984,0,GE-Phrase,234,70078,71694,1616,191,0.194,-793,-1425
69285,70269,984,0,NTB,o projeto é dela,69285,70269,984,984,1.0,0,0
123333,123678,345,0,GE-Phrase,261,123162,126484,3322,345,1.0,171,-2806
123333,123678,345,0,NTB,porque &n [/1],123333,123678,345,345,1.0,0,0
123678,123884,206,0,GE-Phrase,261,123162,126484,3322,206,1.0,516,-2600
123678,123884,206,0,NTB,né,123678,123884,206,206,1.0,0,0
123884,124797,913,0,GE-Phrase,261,123162,126484,3322,913,1.0,722,-1687
123884,124797,913,0,NTB,ia parar tudo,123884,124797,913,913,1.0,0,0
124797,126007,1210,0,GE-Phrase,261,123162,126484,3322,1210,1.0,1635,-477
124797,126007,1210,0,NTB,então vou monitorar quem,124797,126007,1210,1210,1.0,0,0
126007,127426,1419,0,GE-Phrase,261,123162,126484,3322,477,0.336,2845,942
126007,127426,1419,0,NTB,et cetera,126007,127426,1419,1419,1.0,0,0
131502,132715,1213,0,GE-Phrase,262,128821,132202,3381,700,0.577,2681,513
131502,132715,1213,0,GE-Phrase,263,132202,134077,1875,513,0.423,-700,-1362
131502,132715,1213,0,NTB,nũ tinha recebido nenhuma bolsa ainda né,131502,132715,1213,1213,1.0,0,0
132715,134762,2047,0,GE-Phrase,263,132202,134077,1875,1362,0.665,513,685
132715,134762,2047,0,GE-Phrase,264,134077,135782,1705,685,0.335,-1362,-1020
132715,134762,2047,0,NTB,tinha acabado de acontecer o processo,132715,134762,2047,2047,1.0,0,0
136371,137155,784,0,GE-Phrase,265,135782,138288,2506,784,1.0,589,-1133
136371,137155,784,0,NTB,a minha tutora,136371,137155,784,784,1.0,0,0
137155,137394,239,0,GE-Phrase,265,135782,138288,2506,239,1.0,1373,-894
137155,137394,239,0,NTB,né,137155,137394,239,239,1.0,0,0
141078,143026,1948,0,GE-Phrase,266,138288,141167,2879,89,0.046,2790,1859
141078,143026,1948,0,GE-Phrase,267,141167,142467,1300,1300,0.667,-89,559
141078,143026,1948,0,GE-Phrase,268,142467,145380,2913,559,0.287,-1389,-2354
141078,143026,1948,0,NTB,e a gente volta quando retomar a aula,141078,143026,1948,1948,1.0,0,0
149343,150432,1089,0,GE-Phrase,270,147413,149490,2077,147,0.135,1930,942
149343,150432,1089,0,GE-Phrase,271,149490,151803,2313,942,0.865,-147,-1371
149343,150432,1089,0,NTB,se cês concordarem,149343,150432,1089,1089,1.0,0,0
9631,12030,2399,0,GE-Phrase,205,9104,11228,2124,1597,0.666,527,802
9631,12030,2399,0,GE-Phrase,206,11228,13092,1864,802,0.334,-1597,-1062
9631,12030,2399,0,NTB,que inclusive tô produzindo um,9631,12030,2399,2399,1.0,0,0
12030,13506,1476,0,GE-Phrase,206,11228,13092,1864,1062,0.72,802,414
12030,13506,1476,0,GE-Phrase,207,13092,14908,1816,414,0.28,-1062,-1402
12030,13506,1476,0,NTB,p' cê ver a dubiedade da coisa,12030,13506,1476,1476,1.0,0,0
25187,26370,1183,0,GE-Phrase,212,23414,26572,3158,1183,1.0,1773,-202
25187,26370,1183,0,NTB,se eu reproduzir meu método,25187,26370,1183,1183,1.0,0,0
26370,27200,830,0,GE-Phrase,212,23414,26572,3158,202,0.243,2956,628
26370,27200,830,0,GE-Phrase,213,26572,28865,2293,628,0.757,-202,-1665
26370,27200,830,0,NTB,tá ligado,26370,27200,830,830,1.0,0,0
27200,28048,848,0,GE-Phrase,213,26572,28865,2293,848,1.0,628,-817
27200,28048,848,0,NTB,dentro da cultura,27200,28048,848,848,1.0,0,0
28048,29067,1019,0,GE-Phrase,213,26572,28865,2293,817,0.802,1476,202
28048,29067,1019,0,GE-Phrase,214,28865,30267,1402,202,0.198,-817,-1200
28048,29067,1019,0,NTB,e adequando e et cetera,28048,29067,1019,1019,1.0,0,0
69285,70269,984,0,GE-Phrase,233,69124,70078,954,793,0.806,161,191
69285,70269,984,0,GE-Phrase,234,70078,71694,1616,191,0.194,-793,-1425
69285,70269,984,0,NTB,o projeto é dela,69285,70269,984,984,1.0,0,0
123333,123678,345,0,GE-Phrase,261,123162,126484,3322,345,1.0,171,-2806
123333,123678,345,0,NTB,porque &n [/1],123333,123678,345,345,1.0,0,0
123678,123884,206,0,GE-Phrase,261,123162,126484,3322,206,1.0,516,-2600
123678,123884,206,0,NTB,né,123678,123884,206,206,1.0,0,0
123884,124797,913,0,GE-Phrase,261,123162,126484,3322,913,1.0,722,-1687
123884,124797,913,0,NTB,ia parar tudo,123884,124797,913,913,1.0,0,0
124797,126007,1210,0,GE-Phrase,261,123162,126484,3322,1210,1.0,1635,-477
124797,126007,1210,0,NTB,então vou monitorar quem,124797,126007,1210,1210,1.0,0,0
126007,127426,1419,0,GE-Phrase,261,123162,126484,3322,477,0.336,2845,942
126007,127426,1419,0,NTB,et cetera,126007,127426,1419,1419,1.0,0,0
131502,132715,1213,0,GE-Phrase,262,128821,132202,3381,700,0.577,2681,513
131502,132715,1213,0,GE-Phrase,263,132202,134077,1875,513,0.423,-700,-1362
131502,132715,1213,0,NTB,nũ tinha recebido nenhuma bolsa ainda né,131502,132715,1213,1213,1.0,0,0
132715,134762,2047,0,GE-Phrase,263,132202,134077,1875,1362,0.665,513,685
132715,134762,2047,0,GE-Phrase,264,134077,135782,1705,685,0.335,-1362,-1020
132715,134762,2047,0,NTB,tinha acabado de acontecer o processo,132715,134762,2047,2047,1.0,0,0
136371,137155,784,0,GE-Phrase,265,135782,138288,2506,784,1.0,589,-1133
136371,137155,784,0,NTB,a minha tutora,136371,137155,784,784,1.0,0,0
137155,137394,239,0,GE-Phrase,265,135782,138288,2506,239,1.0,1373,-894
137155,137394,239,0,NTB,né,137155,137394,239,239,1.0,0,0
141078,143026,1948,0,GE-Phrase,266,138288,141167,2879,89,0.046,2790,1859
141078,143026,1948,0,GE-Phrase,267,141167,142467,1300,1300,0.667,-89,559
141078,143026,1948,0,GE-Phrase,268,142467,145380,2913,559,0.287,-1389,-2354
141078,143026,1948,0,NTB,e a gente volta quando retomar a aula,141078,143026,1948,1948,1.0,0,0
149343,150432,1089,0,GE-Phrase,270,147413,149490,2077,147,0.135,1930,942
149343,150432,1089,0,GE-Phrase,271,149490,151803,2313,942,0.865,-147,-1371
149343,150432,1089,0,NTB,se cês concordarem,149343,150432,1089,1089,1.0,0,0
9631,12030,2399,0,GE-Phrase,205,9104,11228,2124,1597,0.666,527,802
9631,12030,2399,0,GE-Phrase,206,11228,13092,1864,802,0.334,-1597,-1062
9631,12030,2399,0,NTB,que inclusive tô produzindo um,9631,12030,2399,2399,1.0,0,0
12030,13506,1476,0,GE-Phrase,206,11228,13092,1864,1062,0.72,802,414
12030,13506,1476,0,GE-Phrase,207,13092,14908,1816,414,0.28,-1062,-1402
12030,13506,1476,0,NTB,p' cê ver a dubiedade da coisa,12030,13506,1476,1476,1.0,0,0
25187,26370,1183,0,GE-Phrase,212,23414,26572,3158,1183,1.0,1773,-202
25187,26370,1183,0,NTB,se eu reproduzir meu método,25187,26370,1183,1183,1.0,0,0
26370,27200,830,0,GE-Phrase,212,23414,26572,3158,202,0.243,2956,628
26370,27200,830,0,GE-Phrase,213,26572,28865,2293,628,0.757,-202,-1665
26370,27200,830,0,NTB,tá ligado,26370,27200,830,830,1.0,0,0
27200,28048,848,0,GE-Phrase,213,26572,28865,2293,848,1.0,628,-817
27200,28048,848,0,NTB,dentro da cultura,27200,28048,848,848,1.0,0,0
28048,29067,1019,0,GE-Phrase,213,26572,28865,2293,817,0.802,1476,202
28048,29067,1019,0,GE-Phrase,214,28865,30267,1402,202,0.198,-817,-1200
28048,29067,1019,0,NTB,e adequando e et cetera,28048,29067,1019,1019,1.0,0,0
69285,70269,984,0,GE-Phrase,233,69124,70078,954,793,0.806,161,191
69285,70269,984,0,GE-Phrase,234,70078,71694,1616,191,0.194,-793,-1425
69285,70269,984,0,NTB,o projeto é dela,69285,70269,984,984,1.0,0,0
123333,123678,345,0,GE-Phrase,261,123162,126484,3322,345,1.0,171,-2806
123333,123678,345,0,NTB,porque &n [/1],123333,123678,345,345,1.0,0,0
123678,123884,206,0,GE-Phrase,261,123162,126484,3322,206,1.0,516,-2600
123678,123884,206,0,NTB,né,123678,123884,206,206,1.0,0,0
123884,124797,913,0,GE-Phrase,261,123162,126484,3322,913,1.0,722,-1687
123884,124797,913,0,NTB,ia parar tudo,123884,124797,913,913,1.0,0,0
124797,126007,1210,0,GE-Phrase,261,123162,126484,3322,1210,1.0,1635,-477
124797,126007,1210,0,NTB,então vou monitorar quem,124797,126007,1210,1210,1.0,0,0
126007,127426,1419,0,GE-Phrase,261,123162,126484,3322,477,0.336,2845,942
126007,127426,1419,0,NTB,et cetera,126007,127426,1419,1419,1.0,0,0
131502,132715,1213,0,GE-Phrase,262,128821,132202,3381,700,0.577,2681,513
131502,132715,1213,0,GE-Phrase,263,132202,134077,1875,513,0.423,-700,-1362
131502,132715,1213,0,NTB,nũ tinha recebido nenhuma bolsa ainda né,131502,132715,1213,1213,1.0,0,0
132715,134762,2047,0,GE-Phrase,263,132202,134077,1875,1362,0.665,513,685
132715,134762,2047,0,GE-Phrase,264,134077,135782,1705,685,0.335,-1362,-1020
132715,134762,2047,0,NTB,tinha acabado de acontecer o processo,132715,134762,2047,2047,1.0,0,0
136371,137155,784,0,GE-Phrase,265,135782,138288,2506,784,1.0,589,-1133
136371,137155,784,0,NTB,a minha tutora,136371,137155,784,784,1.0,0,0
137155,137394,239,0,GE-Phrase,265,135782,138288,2506,239,1.0,1373,-894
137155,137394,239,0,NTB,né,137155,137394,239,239,1.0,0,0
141078,143026,1948,0,GE-Phrase,266,138288,141167,2879,89,0.046,2790,1859
141078,143026,1948,0,GE-Phrase,267,141167,142467,1300,1300,0.667,-89,559
141078,143026,1948,0,GE-Phrase,268,142467,145380,2913,559,0.287,-1389,-2354
141078,143026,1948,0,NTB,e a gente volta quando retomar a aula,141078,143026,1948,1948,1.0,0,0
149343,150432,1089,0,GE-Phrase,270,147413,149490,2077,147,0.135,1930,942
149343,150432,1089,0,GE-Phrase,271,149490,151803,2313,942,0.865,-147,-1371
149343,150432,1089,0,NTB,se cês concordarem,149343,150432,1089,1089,1.0,0,0
9631,12030,2399,0,GE-Phrase,205,9104,11228,2124,1597,0.666,527,802
9631,12030,2399,0,GE-Phrase,206,11228,13092,1864,802,0.334,-1597,-1062
9631,12030,2399,0,NTB,que inclusive tô produzindo um,9631,12030,2399,2399,1.0,0,0
12030,13506,1476,0,GE-Phrase,206,11228,13092,1864,1062,0.72,802,414
12030,13506,1476,0,GE-Phrase,207,13092,14908,1816,414,0.28,-1062,-1402
12030,13506,1476,0,NTB,p' cê ver a dubiedade da coisa,12030,13506,1476,1476,1.0,0,0
25187,26370,1183,0,GE-Phrase,212,23414,26572,3158,1183,1.0,1773,-202
25187,26370,1183,0,NTB,se eu reproduzir meu método,25187,26370,1183,1183,1.0,0,0
26370,27200,830,0,GE-Phrase,212,23414,26572,3158,202,0.243,2956,628
26370,27200,830,0,GE-Phrase,213,26572,28865,2293,628,0.757,-202,-1665
26370,27200,830,0,NTB,tá ligado,26370,27200,830,830,1.0,0,0
27200,28048,848,0,GE-Phrase,213,26572,28865,2293,848,1.0,628,-817
27200,28048,848,0,NTB,dentro da cultura,27200,28048,848,848,1.0,0,0
28048,29067,1019,0,GE-Phrase,213,26572,28865,2293,817,0.802,1476,202
28048,29067,1019,0,GE-Phrase,214,28865,30267,1402,202,0.198,-817,-1200
28048,29067,1019,0,NTB,e adequando e et cetera,28048,29067,1019,1019,1.0,0,0
69285,70269,984,0,GE-Phrase,233,69124,70078,954,793,0.806,161,191
69285,70269,984,0,GE-Phrase,234,70078,71694,1616,191,0.194,-793,-1425
69285,70269,984,0,NTB,o projeto é dela,69285,70269,984,984,1.0,0,0
123333,123678,345,0,GE-Phrase,261,123162,126484,3322,345,1.0,171,-2806
123333,123678,345,0,NTB,porque &n [/1],123333,123678,345,345,1.0,0,0
123678,123884,206,0,GE-Phrase,261,123162,126484,3322,206,1.0,516,-2600
123678,123884,206,0,NTB,né,123678,123884,206,206,1.0,0,0
123884,124797,913,0,GE-Phrase,261,123162,126484,3322,913,1.0,722,-1687
123884,124797,913,0,NTB,ia parar tudo,123884,124797,913,913,1.0,0,0
124797,126007,1210,0,GE-Phrase,261,123162,126484,3322,1210,1.0,1635,-477
124797,126007,1210,0,NTB,então vou monitorar quem,124797,126007,1210,1210,1.0,0,0
126007,127426,1419,0,GE-Phrase,261,123162,126484,3322,477,0.336,2845,942
126007,127426,1419,0,NTB,et cetera,126007,127426,1419,1419,1.0,0,0
131502,132715,1213,0,GE-Phrase,262,128821,132202,3381,700,0.577,2681,513
131502,132715,1213,0,GE-Phrase,263,132202,134077,1875,513,0.423,-700,-1362
131502,132715,1213,0,NTB,nũ tinha recebido nenhuma bolsa ainda né,131502,132715,1213,1213,1.0,0,0
132715,134762,2047,0,GE-Phrase,263,132202,134077,1875,1362,0.665,513,685
132715,134762,2047,0,GE-Phrase,264,134077,135782,1705,685,0.335,-1362,-1020
132715,134762,2047,0,NTB,tinha acabado de acontecer o processo,132715,134762,2047,2047,1.0,0,0
136371,137155,784,0,GE-Phrase,265,135782,138288,2506,784,1.0,589,-1133
136371,137155,784,0,NTB,a minha tutora,136371,137155,784,784,1.0,0,0
137155,137394,239,0,GE-Phrase,265,135782,138288,2506,239,1.0,1373,-894
137155,137394,239,0,NTB,né,137155,137394,239,239,1.0,0,0
141078,143026,1948,0,GE-Phrase,266,138288,141167,2879,89,0.046,2790,1859
141078,143026,1948,0,GE-Phrase,267,141167,142467,1300,1300,0.667,-89,559
141078,143026,1948,0,GE-Phrase,268,142467,145380,2913,559,0.287,-1389,-2354
141078,143026,1948,0,NTB,e a gente volta quando retomar a aula,141078,143026,1948,1948,1.0,0,0
149343,150432,1089,0,GE-Phrase,270,147413,149490,2077,147,0.135,1930,942
149343,150432,1089,0,GE-Phrase,271,149490,151803,2313,942,0.865,-147,-1371
149343,150432,1089,0,NTB,se cês concordarem,149343,150432,1089,1089,1.0,0,0
9631,12030,2399,0,GE-Phrase,205,9104,11228,2124,1597,0.666,527,802
9631,12030,2399,0,GE-Phrase,206,11228,13092,1864,802,0.334,-1597,-1062
9631,12030,2399,0,NTB,que inclusive tô produzindo um,9631,12030,2399,2399,1.0,0,0
12030,13506,1476,0,GE-Phrase,206,11228,13092,1864,1062,0.72,802,414
12030,13506,1476,0,GE-Phrase,207,13092,14908,1816,414,0.28,-1062,-1402
12030,13506,1476,0,NTB,p' cê ver a dubiedade da coisa,12030,13506,1476,1476,1.0,0,0
25187,26370,1183,0,GE-Phrase,212,23414,26572,3158,1183,1.0,1773,-202
25187,26370,1183,0,NTB,se eu reproduzir meu método,25187,26370,1183,1183,1.0,0,0
26370,27200,830,0,GE-Phrase,212,23414,26572,3158,202,0.243,2956,628
26370,27200,830,0,GE-Phrase,213,26572,28865,2293,628,0.757,-202,-1665
26370,27200,830,0,NTB,tá ligado,26370,27200,830,830,1.0,0,0
27200,28048,848,0,GE-Phrase,213,26572,28865,2293,848,1.0,628,-817
27200,28048,848,0,NTB,dentro da cultura,27200,28048,848,848,1.0,0,0
28048,29067,1019,0,GE-Phrase,213,26572,28865,2293,817,0.802,1476,202
28048,29067,1019,0,GE-Phrase,214,28865,30267,1402,202,0.198,-817,-1200
28048,29067,1019,0,NTB,e adequando e et cetera,28048,29067,1019,1019,1.0,0,0
69285,70269,984,0,GE-Phrase,233,69124,70078,954,793,0.806,161,191
69285,70269,984,0,GE-Phrase,234,70078,71694,1616,191,0.194,-793,-1425
69285,70269,984,0,NTB,o projeto é dela,69285,70269,984,984,1.0,0,0
123333,123678,345,0,GE-Phrase,261,123162,126484,3322,345,1.0,171,-2806
123333,123678,345,0,NTB,porque &n [/1],123333,123678,345,345,1.0,0,0
123678,123884,206,0,GE-Phrase,261,123162,126484,3322,206,1.0,516,-2600
123678,123884,206,0,NTB,né,123678,123884,206,206,1.0,0,0
123884,124797,913,0,GE-Phrase,261,123162,126484,3322,913,1.0,722,-1687
123884,124797,913,0,NTB,ia parar tudo,123884,124797,913,913,1.0,0,0
124797,126007,1210,0,GE-Phrase,261,123162,126484,3322,1210,1.0,1635,-477
124797,126007,1210,0,NTB,então vou monitorar quem,124797,126007,1210,1210,1.0,0,0
126007,127426,1419,0,GE-Phrase,261,123162,126484,3322,477,0.336,2845,942
126007,127426,1419,0,NTB,et cetera,126007,127426,1419,1419,1.0,0,0
131502,132715,1213,0,GE-Phrase,262,128821,132202,3381,700,0.577,2681,513
131502,132715,1213,0,GE-Phrase,263,132202,134077,1875,513,0.423,-700,-1362
131502,132715,1213,0,NTB,nũ tinha recebido nenhuma bolsa ainda né,131502,132715,1213,1213,1.0,0,0
132715,134762,2047,0,GE-Phrase,263,132202,134077,1875,1362,0.665,513,685
132715,134762,2047,0,GE-Phrase,264,134077,135782,1705,685,0.335,-1362,-1020
132715,134762,2047,0,NTB,tinha acabado de acontecer o processo,132715,134762,2047,2047,1.0,0,0
136371,137155,784,0,GE-Phrase,265,135782,138288,2506,784,1.0,589,-1133
136371,137155,784,0,NTB,a minha tutora,136371,137155,784,784,1.0,0,0
137155,137394,239,0,GE-Phrase,265,135782,138288,2506,239,1.0,1373,-894
137155,137394,239,0,NTB,né,137155,137394,239,239,1.0,0,0
141078,143026,1948,0,GE-Phrase,266,138288,141167,2879,89,0.046,2790,1859
141078,143026,1948,0,GE-Phrase,267,141167,142467,1300,1300,0.667,-89,559
141078,143026,1948,0,GE-Phrase,268,142467,145380,2913,559,0.287,-1389,-2354
141078,143026,1948,0,NTB,e a gente volta quando retomar a aula,141078,143026,1948,1948,1.0,0,0
149343,150432,1089,0,GE-Phrase,270,147413,149490,2077,147,0.135,1930,942
149343,150432,1089,0,GE-Phrase,271,149490,151803,2313,942,0.865,-147,-1371
149343,150432,1089,0,NTB,se cês concordarem,149343,150432,1089,1089,1.0,0,0
9631,12030,2399,0,GE-Phrase,205,9104,11228,2124,1597,0.666,527,802
9631,12030,2399,0,GE-Phrase,206,11228,13092,1864,802,0.334,-1597,-1062
9631,12030,2399,0,NTB,que inclusive tô produzindo um,9631,12030,2399,2399,1.0,0,0
12030,13506,1476,0,GE-Phrase,206,11228,13092,1864,1062,0.72,802,414
12030,13506,1476,0,GE-Phrase,207,13092,14908,1816,414,0.28,-1062,-1402
12030,13506,1476,0,NTB,p' cê ver a dubiedade da coisa,12030,13506,1476,1476,1.0,0,0
25187,26370,1183,0,GE-Phrase,212,23414,26572,3158,1183,1.0,1773,-202
25187,26370,1183,0,NTB,se eu reproduzir meu método,25187,26370,1183,1183,1.0,0,0
26370,27200,830,0,GE-Phrase,212,23414,26572,3158,202,0.243,2956,628
26370,27200,830,0,GE-Phrase,213,26572,28865,2293,628,0.757,-202,-1665
26370,27200,830,0,NTB,tá ligado,26370,27200,830,830,1.0,0,0
27200,28048,848,0,GE-Phrase,213,26572,28865,2293,848,1.0,628,-817
27200,28048,848,0,NTB,dentro da cultura,27200,28048,848,848,1.0,0,0
28048,29067,1019,0,GE-Phrase,213,26572,28865,2293,817,0.802,1476,202
28048,29067,1019,0,GE-Phrase,214,28865,30267,1402,202,0.198,-817,-1200
28048,29067,1019,0,NTB,e adequando e et cetera,28048,29067,1019,1019,1.0,0,0
69285,70269,984,0,GE-Phrase,233,69124,70078,954,793,0.806,161,191
69285,70269,984,0,GE-Phrase,234,70078,71694,1616,191,0.194,-793,-1425
69285,70269,984,0,NTB,o projeto é dela,69285,70269,984,984,1.0,0,0
123333,123678,345,0,GE-Phrase,261,123162,126484,3322,345,1.0,171,-2806
123333,123678,345,0,NTB,porque &n [/1],123333,123678,345,345,1.0,0,0
123678,123884,206,0,GE-Phrase,261,123162,126484,3322,206,1.0,516,-2600
123678,123884,206,0,NTB,né,123678,123884,206,206,1.0,0,0
123884,124797,913,0,GE-Phrase,261,123162,126484,3322,913,1.0,722,-1687
123884,124797,913,0,NTB,ia parar tudo,123884,124797,913,913,1.0,0,0
124797,126007,1210,0,GE-Phrase,261,123162,126484,3322,1210,1.0,1635,-477
124797,126007,1210,0,NTB,então vou monitorar quem,124797,126007,1210,1210,1.0,0,0
126007,127426,1419,0,GE-Phrase,261,123162,126484,3322,477,0.336,2845,942
126007,127426,1419,0,NTB,et cetera,126007,127426,1419,1419,1.0,0,0
131502,132715,1213,0,GE-Phrase,262,128821,132202,3381,700,0.577,2681,513
131502,132715,1213,0,GE-Phrase,263,132202,134077,1875,513,0.423,-700,-1362
131502,132715,1213,0,NTB,nũ tinha recebido nenhuma bolsa ainda né,131502,132715,1213,1213,1.0,0,0
132715,134762,2047,0,GE-Phrase,263,132202,134077,1875,1362,0.665,513,685
132715,134762,2047,0,GE-Phrase,264,134077,135782,1705,685,0.335,-1362,-1020
132715,134762,2047,0,NTB,tinha acabado de acontecer o processo,132715,134762,2047,2047,1.0,0,0
136371,137155,784,0,GE-Phrase,265,135782,138288,2506,784,1.0,589,-1133
136371,137155,784,0,NTB,a minha tutora,136371,137155,784,784,1.0,0,0
137155,137394,239,0,GE-Phrase,265,135782,138288,2506,239,1.0,1373,-894
137155,137394,239,0,NTB,né,137155,137394,239,239,1.0,0,0
141078,143026,1948,0,GE-Phrase,266,138288,141167,2879,89,0.046,2790,1859
141078,143026,1948,0,GE-Phrase,267,141167,142467,1300,1300,0.667,-89,559
141078,143026,1948,0,GE-Phrase,268,142467,145380,2913,559,0.287,-1389,-2354
141078,143026,1948,0,NTB,e a gente volta quando retomar a aula,141078,143026,1948,1948,1.0,0,0
149343,150432,1089,0,GE-Phrase,270,147413,149490,2077,147,0.135,1930,942
149343,150432,1089,0,GE-Phrase,271,149490,151803,2313,942,0.865,-147,-1371
149343,150432,1089,0,NTB,se cês concordarem,149343,150432,1089,1089,1.0,0,0
9631,12030,2399,0,GE-Phrase,205,9104,11228,2124,1597,0.666,527,802
9631,12030,2399,0,GE-Phrase,206,11228,13092,1864,802,0.334,-1597,-1062
9631,12030,2399,0,NTB,que inclusive tô produzindo um,9631,12030,2399,2399,1.0,0,0
12030,13506,1476,0,GE-Phrase,206,11228,13092,1864,1062,0.72,802,414
12030,13506,1476,0,GE-Phrase,207,13092,14908,1816,414,0.28,-1062,-1402
12030,13506,1476,0,NTB,p' cê ver a dubiedade da coisa,12030,13506,1476,1476,1.0,0,0
25187,26370,1183,0,GE-Phrase,212,23414,26572,3158,1183,1.0,1773,-202
25187,26370,1183,0,NTB,se eu reproduzir meu método,25187,26370,1183,1183,1.0,0,0
26370,27200,830,0,GE-Phrase,212,23414,26572,3158,202,0.243,2956,628
26370,27200,830,0,GE-Phrase,213,26572,28865,2293,628,0.757,-202,-1665
26370,27200,830,0,NTB,tá ligado,26370,27200,830,830,1.0,0,0
27200,28048,848,0,GE-Phrase,213,26572,28865,2293,848,1.0,628,-817
27200,28048,848,0,NTB,dentro da cultura,27200,28048,848,848,1.0,0,0
28048,29067,1019,0,GE-Phrase,213,26572,28865,2293,817,0.802,1476,202
28048,29067,1019,0,GE-Phrase,214,28865,30267,1402,202,0.198,-817,-1200
28048,29067,1019,0,NTB,e adequando e et cetera,28048,29067,1019,1019,1.0,0,0
69285,70269,984,0,GE-Phrase,233,69124,70078,954,793,0.806,161,191
69285,70269,984,0,GE-Phrase,234,70078,71694,1616,191,0.194,-793,-1425
69285,70269,984,0,NTB,o projeto é dela,69285,70269,984,984,1.0,0,0
123333,123678,345,0,GE-Phrase,261,123162,126484,3322,345,1.0,171,-2806
123333,123678,345,0,NTB,porque &n [/1],123333,123678,345,345,1.0,0,0
123678,123884,206,0,GE-Phrase,261,123162,126484,3322,206,1.0,516,-2600
123678,123884,206,0,NTB,né,123678,123884,206,206,1.0,0,0
123884,124797,913,0,GE-Phrase,261,123162,126484,3322,913,1.0,722,-1687
123884,124797,913,0,NTB,ia parar tudo,123884,124797,913,913,1.0,0,0
124797,126007,1210,0,GE-Phrase,261,123162,126484,3322,1210,1.0,1635,-477
124797,126007,1210,0,NTB,então vou monitorar quem,124797,126007,1210,1210,1.0,0,0
126007,127426,1419,0,GE-Phrase,261,123162,126484,3322,477,0.336,2845,942
126007,127426,1419,0,NTB,et cetera,126007,127426,1419,1419,1.0,0,0
131502,132715,1213,0,GE-Phrase,262,128821,132202,3381,700,0.577,2681,513
131502,132715,1213,0,GE-Phrase,263,132202,134077,1875,513,0.423,-700,-1362
131502,132715,1213,0,NTB,nũ tinha recebido nenhuma bolsa ainda né,131502,132715,1213,1213,1.0,0,0
132715,134762,2047,0,GE-Phrase,263,132202,134077,1875,1362,0.665,513,685
132715,134762,2047,0,GE-Phrase,264,134077,135782,1705,685,0.335,-1362,-1020
132715,134762,2047,0,NTB,tinha acabado de acontecer o processo,132715,134762,2047,2047,1.0,0,0
136371,137155,784,0,GE-Phrase,265,135782,138288,2506,784,1.0,589,-1133
136371,137155,784,0,NTB,a minha tutora,136371,137155,784,784,1.0,0,0
137155,137394,239,0,GE-Phrase,265,135782,138288,2506,239,1.0,1373,-894
137155,137394,239,0,NTB,né,137155,137394,239,239,1.0,0,0
141078,143026,1948,0,GE-Phrase,266,138288,141167,2879,89,0.046,2790,1859
141078,143026,1948,0,GE-Phrase,267,141167,142467,1300,1300,0.667,-89,559
141078,143026,1948,0,GE-Phrase,268,142467,145380,2913,559,0.287,-1389,-2354
141078,143026,1948,0,NTB,e a gente volta quando retomar a aula,141078,143026,1948,1948,1.0,0,0
149343,150432,1089,0,GE-Phrase,270,147413,149490,2077,147,0.135,1930,942
149343,150432,1089,0,GE-Phrase,271,149490,151803,2313,942,0.865,-147,-1371
149343,150432,1089,0,NTB,se cês concordarem,149343,150432,1089,1089,1.0,0,0
9631,12030,2399,0,GE-Phrase,205,9104,11228,2124,1597,0.666,527,802
9631,12030,2399,0,GE-Phrase,206,11228,13092,1864,802,0.334,-1597,-1062
9631,12030,2399,0,NTB,que inclusive tô produzindo um,9631,12030,2399,2399,1.0,0,0
12030,13506,1476,0,GE-Phrase,206,11228,13092,1864,1062,0.72,802,414
12030,13506,1476,0,GE-Phrase,207,13092,14908,1816,414,0.28,-1062,-1402
12030,13506,1476,0,NTB,p' cê ver a dubiedade da coisa,12030,13506,1476,1476,1.0,0,0
25187,26370,1183,0,GE-Phrase,212,23414,26572,3158,1183,1.0,1773,-202
25187,26370,1183,0,NTB,se eu reproduzir meu método,25187,26370,1183,1183,1.0,0,0
26370,27200,830,0,GE-Phrase,212,23414,26572,3158,202,0.243,2956,628
26370,27200,830,0,GE-Phrase,213,26572,28865,2293,628,0.757,-202,-1665
26370,27200,830,0,NTB,tá ligado,26370,27200,830,830,1.0,0,0
27200,28048,848,0,GE-Phrase,213,26572,28865,2293,848,1.0,628,-817
27200,28048,848,0,NTB,dentro da cultura,27200,28048,848,848,1.0,0,0
28048,29067,1019,0,GE-Phrase,213,26572,28865,2293,817,0.802,1476,202
28048,29067,1019,0,GE-Phrase,214,28865,30267,1402,202,0.198,-817,-1200
28048,29067,1019,0,NTB,e adequando e et cetera,28048,29067,1019,1019,1.0,0,0
69285,70269,984,0,GE-Phrase,233,69124,70078,954,793,0.806,161,191
69285,70269,984,0,GE-Phrase,234,70078,71694,1616,191,0.194,-793,-1425
69285,70269,984,0,NTB,o projeto é dela,69285,70269,984,984,1.0,0,0
123333,123678,345,0,GE-Phrase,261,123162,126484,3322,345,1.0,171,-2806
123333,123678,345,0,NTB,porque &n [/1],123333,123678,345,345,1.0,0,0
123678,123884,206,0,GE-Phrase,261,123162,126484,3322,206,1.0,516,-2600
123678,123884,206,0,NTB,né,123678,123884,206,206,1.0,0,0
123884,124797,913,0,GE-Phrase,261,123162,126484,3322,913,1.0,722,-1687
123884,124797,913,0,NTB,ia parar tudo,123884,124797,913,913,1.0,0,0
124797,126007,1210,0,GE-Phrase,261,123162,126484,3322,1210,1.0,1635,-477
124797,126007,1210,0,NTB,então vou monitorar quem,124797,126007,1210,1210,1.0,0,0
126007,127426,1419,0,GE-Phrase,261,123162,126484,3322,477,0.336,2845,942
126007,127426,1419,0,NTB,et cetera,126007,127426,1419,1419,1.0,0,0
131502,132715,1213,0,GE-Phrase,262,128821,132202,3381,700,0.577,2681,513
131502,132715,1213,0,GE-Phrase,263,132202,134077,1875,513,0.423,-700,-1362
131502,132715,1213,0,NTB,nũ tinha recebido nenhuma bolsa ainda né,131502,132715,1213,1213,1.0,0,0
132715,134762,2047,0,GE-Phrase,263,132202,134077,1875,1362,0.665,513,685
132715,134762,2047,0,GE-Phrase,264,134077,135782,1705,685,0.335,-1362,-1020
132715,134762,2047,0,NTB,tinha acabado de acontecer o processo,132715,134762,2047,2047,1.0,0,0
136371,137155,784,0,GE-Phrase,265,135782,138288,2506,784,1.0,589,-1133
136371,137155,784,0,NTB,a minha tutora,136371,137155,784,784,1.0,0,0
137155,137394,239,0,GE-Phrase,265,135782,138288,2506,239,1.0,1373,-894
137155,137394,239,0,NTB,né,137155,137394,239,239,1.0,0,0
141078,143026,1948,0,GE-Phrase,266,138288,141167,2879,89,0.046,2790,1859
141078,143026,1948,0,GE-Phrase,267,141167,142467,1300,1300,0.667,-89,559
141078,143026,1948,0,GE-Phrase,268,142467,145380,2913,559,0.287,-1389,-2354
141078,143026,1948,0,NTB,e a gente volta quando retomar a aula,141078,143026,1948,1948,1.0,0,0
149343,150432,1089,0,GE-Phrase,270,147413,149490,2077,147,0.135,1930,942
149343,150432,1089,0,GE-Phrase,271,149490,151803,2313,942,0.865,-147,-1371
149343,150432,1089,0,NTB,se cês concordarem,149343,150432,1089,1089,1.0,0,0
9631,12030,2399,0,GE-Phrase,205,9104,11228,2124,1597,0.666,527,802
9631,12030,2399,0,GE-Phrase,206,11228,13092,1864,802,0.334,-1597,-1062
9631,12030,2399,0,NTB,que inclusive tô produzindo um,9631,12030,2399,2399,1.0,0,0
12030,13506,1476,0,GE-Phrase,206,11228,13092,1864,1062,0.72,802,414
12030,13506,1476,0,GE-Phrase,207,13092,14908,1816,414,0.28,-1062,-1402
12030,13506,1476,0,NTB,p' cê ver a dubiedade da coisa,12030,13506,1476,1476,1.0,0,0
25187,26370,1183,0,GE-Phrase,212,23414,26572,3158,1183,1.0,1773,-202
25187,26370,1183,0,NTB,se eu reproduzir meu método,25187,26370,1183,1183,1.0,0,0
26370,27200,830,0,GE-Phrase,212,23414,26572,3158,202,0.243,2956,628
26370,27200,830,0,GE-Phrase,213,26572,28865,2293,628,0.757,-202,-1665
26370,27200,830,0,NTB,tá ligado,26370,27200,830,830,1.0,0,0
27200,28048,848,0,GE-Phrase,213,26572,28865,2293,848,1.0,628,-817
27200,28048,848,0,NTB,dentro da cultura,27200,28048,848,848,1.0,0,0
28048,29067,1019,0,GE-Phrase,213,26572,28865,2293,817,0.802,1476,202
28048,29067,1019,0,GE-Phrase,214,28865,30267,1402,202,0.198,-817,-1200
28048,29067,1019,0,NTB,e adequando e et cetera,28048,29067,1019,1019,1.0,0,0
69285,70269,984,0,GE-Phrase,233,69124,70078,954,793,0.806,161,191
69285,70269,984,0,GE-Phrase,234,70078,71694,1616,191,0.194,-793,-1425
69285,70269,984,0,NTB,o projeto é dela,69285,70269,984,984,1.0,0,0
123333,123678,345,0,GE-Phrase,261,123162,126484,3322,345,1.0,171,-2806
123333,123678,345,0,NTB,porque &n [/1],123333,123678,345,345,1.0,0,0
123678,123884,206,0,GE-Phrase,261,123162,126484,3322,206,1.0,516,-2600
123678,123884,206,0,NTB,né,123678,123884,206,206,1.0,0,0
123884,124797,913,0,GE-Phrase,261,123162,126484,3322,913,1.0,722,-1687
123884,124797,913,0,NTB,ia parar tudo,123884,124797,913,913,1.0,0,0
124797,126007,1210,0,GE-Phrase,261,123162,126484,3322,1210,1.0,1635,-477
124797,126007,1210,0,NTB,então vou monitorar quem,124797,126007,1210,1210,1.0,0,0
126007,127426,1419,0,GE-Phrase,261,123162,126484,3322,477,0.336,2845,942
126007,127426,1419,0,NTB,et cetera,126007,127426,1419,1419,1.0,0,0
131502,132715,1213,0,GE-Phrase,262,128821,132202,3381,700,0.577,2681,513
131502,132715,1213,0,GE-Phrase,263,132202,134077,1875,513,0.423,-700,-1362
131502,132715,1213,0,NTB,nũ tinha recebido nenhuma bolsa ainda né,131502,132715,1213,1213,1.0,0,0
132715,134762,2047,0,GE-Phrase,263,132202,134077,1875,1362,0.665,513,685
132715,134762,2047,0,GE-Phrase,264,134077,135782,1705,685,0.335,-1362,-1020
132715,134762,2047,0,NTB,tinha acabado de acontecer o processo,132715,134762,2047,2047,1.0,0,0
136371,137155,784,0,GE-Phrase,265,135782,138288,2506,784,1.0,589,-1133
136371,137155,784,0,NTB,a minha tutora,136371,137155,784,784,1.0,0,0
137155,137394,239,0,GE-Phrase,265,135782,138288,2506,239,1.0,1373,-894
137155,137394,239,0,NTB,né,137155,137394,239,239,1.0,0,0
141078,143026,1948,0,GE-Phrase,266,138288,141167,2879,89,0.046,2790,1859
141078,143026,1948,0,GE-Phrase,267,141167,142467,1300,1300,0.667,-89,559
141078,143026,1948,0,GE-Phrase,268,142467,145380,2913,559,0.287,-1389,-2354
141078,143026,1948,0,NTB,e a gente volta quando retomar a aula,141078,143026,1948,1948,1.0,0,0
149343,150432,1089,0,GE-Phrase,270,147413,149490,2077,147,0.135,1930,942
149343,150432,1089,0,GE-Phrase,271,149490,151803,2313,942,0.865,-147,-1371
149343,150432,1089,0,NTB,se cês concordarem,149343,150432,1089,1089,1.0,0,0
9631,12030,2399,0,GE-Phrase,205,9104,11228,2124,1597,0.666,527,802
9631,12030,2399,0,GE-Phrase,206,11228,13092,1864,802,0.334,-1597,-1062
9631,12030,2399,0,NTB,que inclusive tô produzindo um,9631,12030,2399,2399,1.0,0,0
12030,13506,1476,0,GE-Phrase,206,11228,13092,1864,1062,0.72,802,414
12030,13506,1476,0,GE-Phrase,207,13092,14908,1816,414,0.28,-1062,-1402
12030,13506,1476,0,NTB,p' cê ver a dubiedade da coisa,12030,13506,1476,1476,1.0,0,0
25187,26370,1183,0,GE-Phrase,212,23414,26572,3158,1183,1.0,1773,-202
25187,26370,1183,0,NTB,se eu reproduzir meu método,25187,26370,1183,1183,1.0,0,0
26370,27200,830,0,GE-Phrase,212,23414,26572,3158,202,0.243,2956,628
26370,27200,830,0,GE-Phrase,213,26572,28865,2293,628,0.757,-202,-1665
26370,27200,830,0,NTB,tá ligado,26370,27200,830,830,1.0,0,0
27200,28048,848,0,GE-Phrase,213,26572,28865,2293,848,1.0,628,-817
27200,28048,848,0,NTB,dentro da cultura,27200,28048,848,848,1.0,0,0
28048,29067,1019,0,GE-Phrase,213,26572,28865,2293,817,0.802,1476,202
28048,29067,1019,0,GE-Phrase,214,28865,30267,1402,202,0.198,-817,-1200
28048,29067,1019,0,NTB,e adequando e et cetera,28048,29067,1019,1019,1.0,0,0
69285,70269,984,0,GE-Phrase,233,69124,70078,954,793,0.806,161,191
69285,70269,984,0,GE-Phrase,234,70078,71694,1616,191,0.194,-793,-1425
69285,70269,984,0,NTB,o projeto é dela,69285,70269,984,984,1.0,0,0
123333,123678,345,0,GE-Phrase,261,123162,126484,3322,345,1.0,171,-2806
123333,123678,345,0,NTB,porque &n [/1],123333,123678,345,345,1.0,0,0
123678,123884,206,0,GE-Phrase,261,123162,126484,3322,206,1.0,516,-2600
123678,123884,206,0,NTB,né,123678,123884,206,206,1.0,0,0
123884,124797,913,0,GE-Phrase,261,123162,126484,3322,913,1.0,722,-1687
123884,124797,913,0,NTB,ia parar tudo,123884,124797,913,913,1.0,0,0
124797,126007,1210,0,GE-Phrase,261,123162,126484,3322,1210,1.0,1635,-477
124797,126007,1210,0,NTB,então vou monitorar quem,124797,126007,1210,1210,1.0,0,0
126007,127426,1419,0,GE-Phrase,261,123162,126484,3322,477,0.336,2845,942
126007,127426,1419,0,NTB,et cetera,126007,127426,1419,1419,1.0,0,0
131502,132715,1213,0,GE-Phrase,262,128821,132202,3381,700,0.577,2681,513
131502,132715,1213,0,GE-Phrase,263,132202,134077,1875,513,0.423,-700,-1362
131502,132715,1213,0,NTB,nũ tinha recebido nenhuma bolsa ainda né,131502,132715,1213,1213,1.0,0,0
132715,134762,2047,0,GE-Phrase,263,132202,134077,1875,1362,0.665,513,685
132715,134762,2047,0,GE-Phrase,264,134077,135782,1705,685,0.335,-1362,-1020
132715,134762,2047,0,NTB,tinha acabado de acontecer o processo,132715,134762,2047,2047,1.0,0,0
136371,137155,784,0,GE-Phrase,265,135782,138288,2506,784,1.0,589,-1133
136371,137155,784,0,NTB,a minha tutora,136371,137155,784,784,1.0,0,0
137155,137394,239,0,GE-Phrase,265,135782,138288,2506,239,1.0,1373,-894
137155,137394,239,0,NTB,né,137155,137394,239,239,1.0,0,0
141078,143026,1948,0,GE-Phrase,266,138288,141167,2879,89,0.046,2790,1859
141078,143026,1948,0,GE-Phrase,267,141167,142467,1300,1300,0.667,-89,559
141078,143026,1948,0,GE-Phrase,268,142467,145380,2913,559,0.287,-1389,-2354
141078,143026,1948,0,NTB,e a gente volta quando retomar a aula,141078,143026,1948,1948,1.0,0,0
149343,150432,1089,0,GE-Phrase,270,147413,149490,2077,147,0.135,1930,942
149343,150432,1089,0,GE-Phrase,271,149490,151803,2313,942,0.865,-147,-1371
149343,150432,1089,0,NTB,se cês concordarem,149343,150432,1089,1089,1.0,0,0
9631,12030,2399,0,GE-Phrase,205,9104,11228,2124,1597,0.666,527,802
9631,12030,2399,0,GE-Phrase,206,11228,13092,1864,802,0.334,-1597,-1062
9631,12030,2399,0,NTB,que inclusive tô produzindo um,9631,12030,2399,2399,1.0,0,0
12030,13506,1476,0,GE-Phrase,206,11228,13092,1864,1062,0.72,802,414
12030,13506,1476,0,GE-Phrase,207,13092,14908,1816,414,0.28,-1062,-1402
12030,13506,1476,0,NTB,p' cê ver a dubiedade da coisa,12030,13506,1476,1476,1.0,0,0
25187,26370,1183,0,GE-Phrase,212,23414,26572,3158,1183,1.0,1773,-202
25187,26370,1183,0,NTB,se eu reproduzir meu método,25187,26370,1183,1183,1.0,0,0
26370,27200,830,0,GE-Phrase,212,23414,26572,3158,202,0.243,2956,628
26370,27200,830,0,GE-Phrase,213,26572,28865,2293,628,0.757,-202,-1665
26370,27200,830,0,NTB,tá ligado,26370,27200,830,830,1.0,0,0
27200,28048,848,0,GE-Phrase,213,26572,28865,2293,848,1.0,628,-817
27200,28048,848,0,NTB,dentro da cultura,27200,28048,848,848,1.0,0,0
28048,29067,1019,0,GE-Phrase,213,26572,28865,2293,817,0.802,1476,202
28048,29067,1019,0,GE-Phrase,214,28865,30267,1402,202,0.198,-817,-1200
28048,29067,1019,0,NTB,e adequando e et cetera,28048,29067,1019,1019,1.0,0,0
69285,70269,984,0,GE-Phrase,233,69124,70078,954,793,0.806,161,191
69285,70269,984,0,GE-Phrase,234,70078,71694,1616,191,0.194,-793,-1425
69285,70269,984,0,NTB,o projeto é dela,69285,70269,984,984,1.0,0,0
123333,123678,345,0,GE-Phrase,261,123162,126484,3322,345,1.0,171,-2806
123333,123678,345,0,NTB,porque &n [/1],123333,123678,345,345,1.0,0,0
123678,123884,206,0,GE-Phrase,261,123162,126484,3322,206,1.0,516,-2600
123678,123884,206,0,NTB,né,123678,123884,206,206,1.0,0,0
123884,124797,913,0,GE-Phrase,261,123162,126484,3322,913,1.0,722,-1687
123884,124797,913,0,NTB,ia parar tudo,123884,124797,913,913,1.0,0,0
124797,126007,1210,0,GE-Phrase,261,123162,126484,3322,1210,1.0,1635,-477
124797,126007,1210,0,NTB,então vou monitorar quem,124797,126007,1210,1210,1.0,0,0
126007,127426,1419,0,GE-Phrase,261,123162,126484,3322,477,0.336,2845,942
126007,127426,1419,0,NTB,et cetera,126007,127426,1419,1419,1.0,0,0
131502,132715,1213,0,GE-Phrase,262,128821,132202,3381,700,0.577,2681,513
131502,132715,1213,0,GE-Phrase,263,132202,134077,1875,513,0.423,-700,-1362
131502,132715,1213,0,NTB,nũ tinha recebido nenhuma bolsa ainda né,131502,132715,1213,1213,1.0,0,0
132715,134762,2047,0,GE-Phrase,263,132202,134077,1875,1362,0.665,513,685
132715,134762,2047,0,GE-Phrase,264,134077,135782,1705,685,0.335,-1362,-1020
132715,134762,2047,0,NTB,tinha acabado de acontecer o processo,132715,134762,2047,2047,1.0,0,0
136371,137155,784,0,GE-Phrase,265,135782,138288,2506,784,1.0,589,-1133
136371,137155,784,0,NTB,a minha tutora,136371,137155,784,784,1.0,0,0
137155,137394,239,0,GE-Phrase,265,135782,138288,2506,239,1.0,1373,-894
137155,137394,239,0,NTB,né,137155,137394,239,239,1.0,0,0
141078,143026,1948,0,GE-Phrase,266,138288,141167,2879,89,0.046,2790,1859
141078,143026,1948,0,GE-Phrase,267,141167,142467,1300,1300,0.667,-89,559
141078,143026,1948,0,GE-Phrase,268,142467,145380,2913,559,0.287,-1389,-2354
141078,143026,1948,0,NTB,e a gente volta quando retomar a aula,141078,143026,1948,1948,1.0,0,0
149343,150432,1089,0,GE-Phrase,270,147413,149490,2077,147,0.135,1930,942
149343,150432,1089,0,GE-Phrase,271,149490,151803,2313,942,0.865,-147,-1371
149343,150432,1089,0,NTB,se cês concordarem,149343,150432,1089,1089,1.0,0,0
9631,12030,2399,0,GE-Phrase,205,9104,11228,2124,1597,0.666,527,802
9631,12030,2399,0,GE-Phrase,206,11228,13092,1864,802,0.334,-1597,-1062
9631,12030,2399,0,NTB,que inclusive tô produzindo um,9631,12030,2399,2399,1.0,0,0
12030,13506,1476,0,GE-Phrase,206,11228,13092,1864,1062,0.72,802,414
12030,13506,1476,0,GE-Phrase,207,13092,14908,1816,414,0.28,-1062,-1402
12030,13506,1476,0,NTB,p' cê ver a dubiedade da coisa,12030,13506,1476,1476,1.0,0,0
25187,26370,1183,0,GE-Phrase,212,23414,26572,3158,1183,1.0,1773,-202
25187,26370,1183,0,NTB,se eu reproduzir meu método,25187,26370,1183,1183,1.0,0,0
26370,27200,830,0,GE-Phrase,212,23414,26572,3158,202,0.243,2956,628
26370,27200,830,0,GE-Phrase,213,26572,28865,2293,628,0.757,-202,-1665
26370,27200,830,0,NTB,tá ligado,26370,27200,830,830,1.0,0,0
27200,28048,848,0,GE-Phrase,213,26572,28865,2293,848,1.0,628,-817
27200,28048,848,0,NTB,dentro da cultura,27200,28048,848,848,1.0,0,0
28048,29067,1019,0,GE-Phrase,213,26572,28865,2293,817,0.802,1476,202
28048,29067,1019,0,GE-Phrase,214,28865,30267,1402,202,0.198,-817,-1200
28048,29067,1019,0,NTB,e adequando e et cetera,28048,29067,1019,1019,1.0,0,0
69285,70269,984,0,GE-Phrase,233,69124,70078,954,793,0.806,161,191
69285,70269,984,0,GE-Phrase,234,70078,71694,1616,191,0.194,-793,-1425
69285,70269,984,0,NTB,o projeto é dela,69285,70269,984,984,1.0,0,0
123333,123678,345,0,GE-Phrase,261,123162,126484,3322,345,1.0,171,-2806
123333,123678,345,0,NTB,porque &n [/1],123333,123678,345,345,1.0,0,0
123678,123884,206,0,GE-Phrase,261,123162,126484,3322,206,1.0,516,-2600
123678,123884,206,0,NTB,né,123678,123884,206,206,1.0,0,0
123884,124797,913,0,GE-Phrase,261,123162,126484,3322,913,1.0,722,-1687
123884,124797,913,0,NTB,ia parar tudo,123884,124797,913,913,1.0,0,0
124797,126007,1210,0,GE-Phrase,261,123162,126484,3322,1210,1.0,1635,-477
124797,126007,1210,0,NTB,então vou monitorar quem,124797,126007,1210,1210,1.0,0,0
126007,127426,1419,0,GE-Phrase,261,123162,126484,3322,477,0.336,2845,942
126007,127426,1419,0,NTB,et cetera,126007,127426,1419,1419,1.0,0,0
131502,132715,1213,0,GE-Phrase,262,128821,132202,3381,700,0.577,2681,513
131502,132715,1213,0,GE-Phrase,263,132202,134077,1875,513,0.423,-700,-1362
131502,132715,1213,0,NTB,nũ tinha recebido nenhuma bolsa ainda né,131502,132715,1213,1213,1.0,0,0
132715,134762,2047,0,GE-Phrase,263,132202,134077,1875,1362,0.665,513,685
132715,134762,2047,0,GE-Phrase,264,134077,135782,1705,685,0.335,-1362,-1020
132715,134762,2047,0,NTB,tinha acabado de acontecer o processo,132715,134762,2047,2047,1.0,0,0
136371,137155,784,0,GE-Phrase,265,135782,138288,2506,784,1.0,589,-1133
136371,137155,784,0,NTB,a minha tutora,136371,137155,784,784,1.0,0,0
137155,137394,239,0,GE-Phrase,265,135782,138288,2506,239,1.0,1373,-894
137155,137394,239,0,NTB,né,137155,137394,239,239,1.0,0,0
141078,143026,1948,0,GE-Phrase,266,138288,141167,2879,89,0.046,2790,1859
141078,143026,1948,0,GE-Phrase,267,141167,142467,1300,1300,0.667,-89,559
141078,143026,1948,0,GE-Phrase,268,142467,145380,2913,559,0.287,-1389,-2354
141078,143026,1948,0,NTB,e a gente volta quando retomar a aula,141078,143026,1948,1948,1.0,0,0
149343,150432,1089,0,GE-Phrase,270,147413,149490,2077,147,0.135,1930,942
149343,150432,1089,0,GE-Phrase,271,149490,151803,2313,942,0.865,-147,-1371
149343,150432,1089,0,NTB,se cês concordarem,149343,150432,1089,1089,1.0,0,0
9631,12030,2399,0,GE-Phrase,205,9104,11228,2124,1597,0.666,527,802
9631,12030,2399,0,GE-Phrase,206,11228,13092,1864,802,0.334,-1597,-1062
9631,12030,2399,0,NTB,que inclusive tô produzindo um,9631,12030,2399,2399,1.0,0,0
12030,13506,1476,0,GE-Phrase,206,11228,13092,1864,1062,0.72,802,414
12030,13506,1476,0,GE-Phrase,207,13092,14908,1816,414,0.28,-1062,-1402
12030,13506,1476,0,NTB,p' cê ver a dubiedade da coisa,12030,13506,1476,1476,1.0,0,0
25187,26370,1183,0,GE-Phrase,212,23414,26572,3158,1183,1.0,1773,-202
25187,26370,1183,0,NTB,se eu reproduzir meu método,25187,26370,1183,1183,1.0,0,0
26370,27200,830,0,GE-Phrase,212,23414,26572,3158,202,0.243,2956,628
26370,27200,830,0,GE-Phrase,213,26572,28865,2293,628,0.757,-202,-1665
26370,27200,830,0,NTB,tá ligado,26370,27200,830,830,1.0,0,0
27200,28048,848,0,GE-Phrase,213,26572,28865,2293,848,1.0,628,-817
27200,28048,848,0,NTB,dentro da cultura,27200,28048,848,848,1.0,0,0
28048,29067,1019,0,GE-Phrase,213,26572,28865,2293,817,0.802,1476,202
28048,29067,1019,0,GE-Phrase,214,28865,30267,1402,202,0.198,-817,-1200
28048,29067,1019,0,NTB,e adequando e et cetera,28048,29067,1019,1019,1.0,0,0
69285,70269,984,0,GE-Phrase,233,69124,70078,954,793,0.806,161,191
69285,70269,984,0,GE-Phrase,234,70078,71694,1616,191,0.194,-793,-1425
69285,70269,984,0,NTB,o projeto é dela,69285,70269,984,984,1.0,0,0
123333,123678,345,0,GE-Phrase,261,123162,126484,3322,345,1.0,171,-2806
123333,123678,345,0,NTB,porque &n [/1],123333,123678,345,345,1.0,0,0
123678,123884,206,0,GE-Phrase,261,123162,126484,3322,206,1.0,516,-2600
123678,123884,206,0,NTB,né,123678,123884,206,206,1.0,0,0
123884,124797,913,0,GE-Phrase,261,123162,126484,3322,913,1.0,722,-1687
123884,124797,913,0,NTB,ia parar tudo,123884,124797,913,913,1.0,0,0
124797,126007,1210,0,GE-Phrase,261,123162,126484,3322,1210,1.0,1635,-477
124797,126007,1210,0,NTB,então vou monitorar quem,124797,126007,1210,1210,1.0,0,0
126007,127426,1419,0,GE-Phrase,261,123162,126484,3322,477,0.336,2845,942
126007,127426,1419,0,NTB,et cetera,126007,127426,1419,1419,1.0,0,0
131502,132715,1213,0,GE-Phrase,262,128821,132202,3381,700,0.577,2681,513
131502,132715,1213,0,GE-Phrase,263,132202,134077,1875,513,0.423,-700,-1362
131502,132715,1213,0,NTB,nũ tinha recebido nenhuma bolsa ainda né,131502,132715,1213,1213,1.0,0,0
132715,134762,2047,0,GE-Phrase,263,132202,134077,1875,1362,0.665,513,685
132715,134762,2047,0,GE-Phrase,264,134077,135782,1705,685,0.335,-1362,-1020
132715,134762,2047,0,NTB,tinha acabado de acontecer o processo,132715,134762,2047,2047,1.0,0,0
136371,137155,784,0,GE-Phrase,265,135782,138288,2506,784,1.0,589,-1133
136371,137155,784,0,NTB,a minha tutora,136371,137155,784,784,1.0,0,0
137155,137394,239,0,GE-Phrase,265,135782,138288,2506,239,1.0,1373,-894
137155,137394,239,0,NTB,né,137155,137394,239,239,1.0,0,0
141078,143026,1948,0,GE-Phrase,266,138288,141167,2879,89,0.046,2790,1859
141078,143026,1948,0,GE-Phrase,267,141167,142467,1300,1300,0.667,-89,559
141078,143026,1948,0,GE-Phrase,268,142467,145380,2913,559,0.287,-1389,-2354
141078,143026,1948,0,NTB,e a gente volta quando retomar a aula,141078,143026,1948,1948,1.0,0,0
149343,150432,1089,0,GE-Phrase,270,147413,149490,2077,147,0.135,1930,942
149343,150432,1089,0,GE-Phrase,271,149490,151803,2313,942,0.865,-147,-1371
149343,150432,1089,0,NTB,se cês concordarem,149343,150432,1089,1089,1.0,0,0
9631,12030,2399,0,GE-Phrase,205,9104,11228,2124,1597,0.666,527,802
9631,12030,2399,0,GE-Phrase,206,11228,13092,1864,802,0.334,-1597,-1062
9631,12030,2399,0,NTB,que inclusive tô produzindo um,9631,12030,2399,2399,1.0,0,0
12030,13506,1476,0,GE-Phrase,206,11228,13092,1864,1062,0.72,802,414
12030,13506,1476,0,GE-Phrase,207,13092,14908,1816,414,0.28,-1062,-1402
12030,13506,1476,0,NTB,p' cê ver a dubiedade da coisa,12030,13506,1476,1476,1.0,0,0
25187,26370,1183,0,GE-Phrase,212,23414,26572,3158,1183,1.0,1773,-202
25187,26370,1183,0,NTB,se eu reproduzir meu método,25187,26370,1183,1183,1.0,0,0
26370,27200,830,0,GE-Phrase,212,23414,26572,3158,202,0.243,2956,628
26370,27200,830,0,GE-Phrase,213,26572,28865,2293,628,0.757,-202,-1665
26370,27200,830,0,NTB,tá ligado,26370,27200,830,830,1.0,0,0
27200,28048,848,0,GE-Phrase,213,26572,28865,2293,848,1.0,628,-817
27200,28048,848,0,NTB,dentro da cultura,27200,28048,848,848,1.0,0,0
28048,29067,1019,0,GE-Phrase,213,26572,28865,2293,817,0.802,1476,202
28048,29067,1019,0,GE-Phrase,214,28865,30267,1402,202,0.198,-817,-1200
28048,29067,1019,0,NTB,e adequando e et cetera,28048,29067,1019,1019,1.0,0,0
69285,70269,984,0,GE-Phrase,233,69124,70078,954,793,0.806,161,191
69285,70269,984,0,GE-Phrase,234,70078,71694,1616,191,0.194,-793,-1425
69285,70269,984,0,NTB,o projeto é dela,69285,70269,984,984,1.0,0,0
123333,123678,345,0,GE-Phrase,261,123162,126484,3322,345,1.0,171,-2806
123333,123678,345,0,NTB,porque &n [/1],123333,123678,345,345,1.0,0,0
123678,123884,206,0,GE-Phrase,261,123162,126484,3322,206,1.0,516,-2600
123678,123884,206,0,NTB,né,123678,123884,206,206,1.0,0,0
123884,124797,913,0,GE-Phrase,261,123162,126484,3322,913,1.0,722,-1687
123884,124797,913,0,NTB,ia parar tudo,123884,124797,913,913,1.0,0,0
124797,126007,1210,0,GE-Phrase,261,123162,126484,3322,1210,1.0,1635,-477
124797,126007,1210,0,NTB,então vou monitorar quem,124797,126007,1210,1210,1.0,0,0
126007,127426,1419,0,GE-Phrase,261,123162,126484,3322,477,0.336,2845,942
126007,127426,1419,0,NTB,et cetera,126007,127426,1419,1419,1.0,0,0
131502,132715,1213,0,GE-Phrase,262,128821,132202,3381,700,0.577,2681,513
131502,132715,1213,0,GE-Phrase,263,132202,134077,1875,513,0.423,-700,-1362
131502,132715,1213,0,NTB,nũ tinha recebido nenhuma bolsa ainda né,131502,132715,1213,1213,1.0,0,0
132715,134762,2047,0,GE-Phrase,263,132202,134077,1875,1362,0.665,513,685
132715,134762,2047,0,GE-Phrase,264,134077,135782,1705,685,0.335,-1362,-1020
132715,134762,2047,0,NTB,tinha acabado de acontecer o processo,132715,134762,2047,2047,1.0,0,0
136371,137155,784,0,GE-Phrase,265,135782,138288,2506,784,1.0,589,-1133
136371,137155,784,0,NTB,a minha tutora,136371,137155,784,784,1.0,0,0
137155,137394,239,0,GE-Phrase,265,135782,138288,2506,239,1.0,1373,-894
137155,137394,239,0,NTB,né,137155,137394,239,239,1.0,0,0
141078,143026,1948,0,GE-Phrase,266,138288,141167,2879,89,0.046,2790,1859
141078,143026,1948,0,GE-Phrase,267,141167,142467,1300,1300,0.667,-89,559
141078,143026,1948,0,GE-Phrase,268,142467,145380,2913,559,0.287,-1389,-2354
141078,143026,1948,0,NTB,e a gente volta quando retomar a aula,141078,143026,1948,1948,1.0,0,0
149343,150432,1089,0,GE-Phrase,270,147413,149490,2077,147,0.135,1930,942
149343,150432,1089,0,GE-Phrase,271,149490,151803,2313,942,0.865,-147,-1371
149343,150432,1089,0,NTB,se cês concordarem,149343,150432,1089,1089,1.0,0,0
9631,12030,2399,0,GE-Phrase,205,9104,11228,2124,1597,0.666,527,802
9631,12030,2399,0,GE-Phrase,206,11228,13092,1864,802,0.334,-1597,-1062
9631,12030,2399,0,NTB,que inclusive tô produzindo um,9631,12030,2399,2399,1.0,0,0
12030,13506,1476,0,GE-Phrase,206,11228,13092,1864,1062,0.72,802,414
12030,13506,1476,0,GE-Phrase,207,13092,14908,1816,414,0.28,-1062,-1402
12030,13506,1476,0,NTB,p' cê ver a dubiedade da coisa,12030,13506,1476,1476,1.0,0,0
25187,26370,1183,0,GE-Phrase,212,23414,26572,3158,1183,1.0,1773,-202
25187,26370,1183,0,NTB,se eu reproduzir meu método,25187,26370,1183,1183,1.0,0,0
26370,27200,830,0,GE-Phrase,212,23414,26572,3158,202,0.243,2956,628
26370,27200,830,0,GE-Phrase,213,26572,28865,2293,628,0.757,-202,-1665
26370,27200,830,0,NTB,tá ligado,26370,27200,830,830,1.0,0,0
27200,28048,848,0,GE-Phrase,213,26572,28865,2293,848,1.0,628,-817
27200,28048,848,0,NTB,dentro da cultura,27200,28048,848,848,1.0,0,0
28048,29067,1019,0,GE-Phrase,213,26572,28865,2293,817,0.802,1476,202
28048,29067,1019,0,GE-Phrase,214,28865,30267,1402,202,0.198,-817,-1200
28048,29067,1019,0,NTB,e adequando e et cetera,28048,29067,1019,1019,1.0,0,0
69285,70269,984,0,GE-Phrase,233,69124,70078,954,793,0.806,161,191
69285,70269,984,0,GE-Phrase,234,70078,71694,1616,191,0.194,-793,-1425
69285,70269,984,0,NTB,o projeto é dela,69285,70269,984,984,1.0,0,0
123333,123678,345,0,GE-Phrase,261,123162,126484,3322,345,1.0,171,-2806
123333,123678,345,0,NTB,porque &n [/1],123333,123678,345,345,1.0,0,0
123678,123884,206,0,GE-Phrase,261,123162,126484,3322,206,1.0,516,-2600
123678,123884,206,0,NTB,né,123678,123884,206,206,1.0,0,0
123884,124797,913,0,GE-Phrase,261,123162,126484,3322,913,1.0,722,-1687
123884,124797,913,0,NTB,ia parar tudo,123884,124797,913,913,1.0,0,0
124797,126007,1210,0,GE-Phrase,261,123162,126484,3322,1210,1.0,1635,-477
124797,126007,1210,0,NTB,então vou monitorar quem,124797,126007,1210,1210,1.0,0,0
126007,127426,1419,0,GE-Phrase,261,123162,126484,3322,477,0.336,2845,942
126007,127426,1419,0,NTB,et cetera,126007,127426,1419,1419,1.0,0,0
131502,132715,1213,0,GE-Phrase,262,128821,132202,3381,700,0.577,2681,513
131502,132715,1213,0,GE-Phrase,263,132202,134077,1875,513,0.423,-700,-1362
131502,132715,1213,0,NTB,nũ tinha recebido nenhuma bolsa ainda né,131502,132715,1213,1213,1.0,0,0
132715,134762,2047,0,GE-Phrase,263,132202,134077,1875,1362,0.665,513,685
132715,134762,2047,0,GE-Phrase,264,134077,135782,1705,685,0.335,-1362,-1020
132715,134762,2047,0,NTB,tinha acabado de acontecer o processo,132715,134762,2047,2047,1.0,0,0
136371,137155,784,0,GE-Phrase,265,135782,138288,2506,784,1.0,589,-1133
136371,137155,784,0,NTB,a minha tutora,136371,137155,784,784,1.0,0,0
137155,137394,239,0,GE-Phrase,265,135782,138288,2506,239,1.0,1373,-894
137155,137394,239,0,NTB,né,137155,137394,239,239,1.0,0,0
141078,143026,1948,0,GE-Phrase,266,138288,141167,2879,89,0.046,2790,1859
141078,143026,1948,0,GE-Phrase,267,141167,142467,1300,1300,0.667,-89,559
141078,143026,1948,0,GE-Phrase,268,142467,145380,2913,559,0.287,-1389,-2354
141078,143026,1948,0,NTB,e a gente volta quando retomar a aula,141078,143026,1948,1948,1.0,0,0
149343,150432,1089,0,GE-Phrase,270,147413,149490,2077,147,0.135,1930,942
149343,150432,1089,0,GE-Phrase,271,149490,151803,2313,942,0.865,-147,-1371
149343,150432,1089,0,NTB,se cês concordarem,149343,150432,1089,1089,1.0,0,0
9631,12030,2399,0,GE-Phrase,205,9104,11228,2124,1597,0.666,527,802
9631,12030,2399,0,GE-Phrase,206,11228,13092,1864,802,0.334,-1597,-1062
9631,12030,2399,0,NTB,que inclusive tô produzindo um,9631,12030,2399,2399,1.0,0,0
12030,13506,1476,0,GE-Phrase,206,11228,13092,1864,1062,0.72,802,414
12030,13506,1476,0,GE-Phrase,207,13092,14908,1816,414,0.28,-1062,-1402
12030,13506,1476,0,NTB,p' cê ver a dubiedade da coisa,12030,13506,1476,1476,1.0,0,0
25187,26370,1183,0,GE-Phrase,212,23414,26572,3158,1183,1.0,1773,-202
25187,26370,1183,0,NTB,se eu reproduzir meu método,25187,26370,1183,1183,1.0,0,0
26370,27200,830,0,GE-Phrase,212,23414,26572,3158,202,0.243,2956,628
26370,27200,830,0,GE-Phrase,213,26572,28865,2293,628,0.757,-202,-1665
26370,27200,830,0,NTB,tá ligado,26370,27200,830,830,1.0,0,0
27200,28048,848,0,GE-Phrase,213,26572,28865,2293,848,1.0,628,-817
27200,28048,848,0,NTB,dentro da cultura,27200,28048,848,848,1.0,0,0
28048,29067,1019,0,GE-Phrase,213,26572,28865,2293,817,0.802,1476,202
28048,29067,1019,0,GE-Phrase,214,28865,30267,1402,202,0.198,-817,-1200
28048,29067,1019,0,NTB,e adequando e et cetera,28048,29067,1019,1019,1.0,0,0
69285,70269,984,0,GE-Phrase,233,69124,70078,954,793,0.806,161,191
69285,70269,984,0,GE-Phrase,234,70078,71694,1616,191,0.194,-793,-1425
69285,70269,984,0,NTB,o projeto é dela,69285,70269,984,984,1.0,0,0
123333,123678,345,0,GE-Phrase,261,123162,126484,3322,345,1.0,171,-2806
123333,123678,345,0,NTB,porque &n [/1],123333,123678,345,345,1.0,0,0
123678,123884,206,0,GE-Phrase,261,123162,126484,3322,206,1.0,516,-2600
123678,123884,206,0,NTB,né,123678,123884,206,206,1.0,0,0
123884,124797,913,0,GE-Phrase,261,123162,126484,3322,913,1.0,722,-1687
123884,124797,913,0,NTB,ia parar tudo,123884,124797,913,913,1.0,0,0
124797,126007,1210,0,GE-Phrase,261,123162,126484,3322,1210,1.0,1635,-477
124797,126007,1210,0,NTB,então vou monitorar quem,124797,126007,1210,1210,1.0,0,0
126007,127426,1419,0,GE-Phrase,261,123162,126484,3322,477,0.336,2845,942
126007,127426,1419,0,NTB,et cetera,126007,127426,1419,1419,1.0,0,0
131502,132715,1213,0,GE-Phrase,262,128821,132202,3381,700,0.577,2681,513
131502,132715,1213,0,GE-Phrase,263,132202,134077,1875,513,0.423,-700,-1362
131502,132715,1213,0,NTB,nũ tinha recebido nenhuma bolsa ainda né,131502,132715,1213,1213,1.0,0,0
132715,134762,2047,0,GE-Phrase,263,132202,134077,1875,1362,0.665,513,685
132715,134762,2047,0,GE-Phrase,264,134077,135782,1705,685,0.335,-1362,-1020
132715,134762,2047,0,NTB,tinha acabado de acontecer o processo,132715,134762,2047,2047,1.0,0,0
136371,137155,784,0,GE-Phrase,265,135782,138288,2506,784,1.0,589,-1133
136371,137155,784,0,NTB,a minha tutora,136371,137155,784,784,1.0,0,0
137155,137394,239,0,GE-Phrase,265,135782,138288,2506,239,1.0,1373,-894
137155,137394,239,0,NTB,né,137155,137394,239,239,1.0,0,0
141078,143026,1948,0,GE-Phrase,266,138288,141167,2879,89,0.046,2790,1859
141078,143026,1948,0,GE-Phrase,267,141167,142467,1300,1300,0.667,-89,559
141078,143026,1948,0,GE-Phrase,268,142467,145380,2913,559,0.287,-1389,-2354
141078,143026,1948,0,NTB,e a gente volta quando retomar a aula,141078,143026,1948,1948,1.0,0,0
149343,150432,1089,0,GE-Phrase,270,147413,149490,2077,147,0.135,1930,942
149343,150432,1089,0,GE-Phrase,271,149490,151803,2313,942,0.865,-147,-1371
149343,150432,1089,0,NTB,se cês concordarem,149343,150432,1089,1089,1.0,0,0
9631,12030,2399,0,GE-Phrase,205,9104,11228,2124,1597,0.666,527,802
9631,12030,2399,0,GE-Phrase,206,11228,13092,1864,802,0.334,-1597,-1062
9631,12030,2399,0,NTB,que inclusive tô produzindo um,9631,12030,2399,2399,1.0,0,0
12030,13506,1476,0,GE-Phrase,206,11228,13092,1864,1062,0.72,802,414
12030,13506,1476,0,GE-Phrase,207,13092,14908,1816,414,0.28,-1062,-1402
12030,13506,1476,0,NTB,p' cê ver a dubiedade da coisa,12030,13506,1476,1476,1.0,0,0
25187,26370,1183,0,GE-Phrase,212,23414,26572,3158,1183,1.0,1773,-202
25187,26370,1183,0,NTB,se eu reproduzir meu método,25187,26370,1183,1183,1.0,0,0
26370,27200,830,0,GE-Phrase,212,23414,26572,3158,202,0.243,2956,628
26370,27200,830,0,GE-Phrase,213,26572,28865,2293,628,0.757,-202,-1665
26370,27200,830,0,NTB,tá ligado,26370,27200,830,830,1.0,0,0
27200,28048,848,0,GE-Phrase,213,26572,28865,2293,848,1.0,628,-817
27200,28048,848,0,NTB,dentro da cultura,27200,28048,848,848,1.0,0,0
28048,29067,1019,0,GE-Phrase,213,26572,28865,2293,817,0.802,1476,202
28048,29067,1019,0,GE-Phrase,214,28865,30267,1402,202,0.198,-817,-1200
28048,29067,1019,0,NTB,e adequando e et cetera,28048,29067,1019,1019,1.0,0,0
69285,70269,984,0,GE-Phrase,233,69124,70078,954,793,0.806,161,191
69285,70269,984,0,GE-Phrase,234,70078,71694,1616,191,0.194,-793,-1425
69285,70269,984,0,NTB,o projeto é dela,69285,70269,984,984,1.0,0,0
123333,123678,345,0,GE-Phrase,261,123162,126484,3322,345,1.0,171,-2806
123333,123678,345,0,NTB,porque &n [/1],123333,123678,345,345,1.0,0,0
123678,123884,206,0,GE-Phrase,261,123162,126484,3322,206,1.0,516,-2600
123678,123884,206,0,NTB,né,123678,123884,206,206,1.0,0,0
123884,124797,913,0,GE-Phrase,261,123162,126484,3322,913,1.0,722,-1687
123884,124797,913,0,NTB,ia parar tudo,123884,124797,913,913,1.0,0,0
124797,126007,1210,0,GE-Phrase,261,123162,126484,3322,1210,1.0,1635,-477
124797,126007,1210,0,NTB,então vou monitorar quem,124797,126007,1210,1210,1.0,0,0
126007,127426,1419,0,GE-Phrase,261,123162,126484,3322,477,0.336,2845,942
126007,127426,1419,0,NTB,et cetera,126007,127426,1419,1419,1.0,0,0
131502,132715,1213,0,GE-Phrase,262,128821,132202,3381,700,0.577,2681,513
131502,132715,1213,0,GE-Phrase,263,132202,134077,1875,513,0.423,-700,-1362
131502,132715,1213,0,NTB,nũ tinha recebido nenhuma bolsa ainda né,131502,132715,1213,1213,1.0,0,0
132715,134762,2047,0,GE-Phrase,263,132202,134077,1875,1362,0.665,513,685
132715,134762,2047,0,GE-Phrase,264,134077,135782,1705,685,0.335,-1362,-1020
132715,134762,2047,0,NTB,tinha acabado de acontecer o processo,132715,134762,2047,2047,1.0,0,0
136371,137155,784,0,GE-Phrase,265,135782,138288,2506,784,1.0,589,-1133
136371,137155,784,0,NTB,a minha tutora,136371,137155,784,784,1.0,0,0
137155,137394,239,0,GE-Phrase,265,135782,138288,2506,239,1.0,1373,-894
137155,137394,239,0,NTB,né,137155,137394,239,239,1.0,0,0
141078,143026,1948,0,GE-Phrase,266,138288,141167,2879,89,0.046,2790,1859
141078,143026,1948,0,GE-Phrase,267,141167,142467,1300,1300,0.667,-89,559
141078,143026,1948,0,GE-Phrase,268,142467,145380,2913,559,0.287,-1389,-2354
141078,143026,1948,0,NTB,e a gente volta quando retomar a aula,141078,143026,1948,1948,1.0,0,0
149343,150432,1089,0,GE-Phrase,270,147413,149490,2077,147,0.135,1930,942
149343,150432,1089,0,GE-Phrase,271,149490,151803,2313,942,0.865,-147,-1371
149343,150432,1089,0,NTB,se cês concordarem,149343,150432,1089,1089,1.0,0,0
9631,12030,2399,0,GE-Phrase,205,9104,11228,2124,1597,0.666,527,802
9631,12030,2399,0,GE-Phrase,206,11228,13092,1864,802,0.334,-1597,-1062
9631,12030,2399,0,NTB,que inclusive tô produzindo um,9631,12030,2399,2399,1.0,0,0
12030,13506,1476,0,GE-Phrase,206,11228,13092,1864,1062,0.72,802,414
12030,13506,1476,0,GE-Phrase,207,13092,14908,1816,414,0.28,-1062,-1402
12030,13506,1476,0,NTB,p' cê ver a dubiedade da coisa,12030,13506,1476,1476,1.0,0,0
25187,26370,1183,0,GE-Phrase,212,23414,26572,3158,1183,1.0,1773,-202
25187,26370,1183,0,NTB,se eu reproduzir meu método,25187,26370,1183,1183,1.0,0,0
26370,27200,830,0,GE-Phrase,212,23414,26572,3158,202,0.243,2956,628
26370,27200,830,0,GE-Phrase,213,26572,28865,2293,628,0.757,-202,-1665
26370,27200,830,0,NTB,tá ligado,26370,27200,830,830,1.0,0,0
27200,28048,848,0,GE-Phrase,213,26572,28865,2293,848,1.0,628,-817
27200,28048,848,0,NTB,dentro da cultura,27200,28048,848,848,1.0,0,0
28048,29067,1019,0,GE-Phrase,213,26572,28865,2293,817,0.802,1476,202
28048,29067,1019,0,GE-Phrase,214,28865,30267,1402,202,0.198,-817,-1200
28048,29067,1019,0,NTB,e adequando e et cetera,28048,29067,1019,1019,1.0,0,0
69285,70269,984,0,GE-Phrase,233,69124,70078,954,793,0.806,161,191
69285,70269,984,0,GE-Phrase,234,70078,71694,1616,191,0.194,-793,-1425
69285,70269,984,0,NTB,o projeto é dela,69285,70269,984,984,1.0,0,0
123333,123678,345,0,GE-Phrase,261,123162,126484,3322,345,1.0,171,-2806
123333,123678,345,0,NTB,porque &n [/1],123333,123678,345,345,1.0,0,0
123678,123884,206,0,GE-Phrase,261,123162,126484,3322,206,1.0,516,-2600
123678,123884,206,0,NTB,né,123678,123884,206,206,1.0,0,0
123884,124797,913,0,GE-Phrase,261,123162,126484,3322,913,1.0,722,-1687
123884,124797,913,0,NTB,ia parar tudo,123884,124797,913,913,1.0,0,0
124797,126007,1210,0,GE-Phrase,261,123162,126484,3322,1210,1.0,1635,-477
124797,126007,1210,0,NTB,então vou monitorar quem,124797,126007,1210,1210,1.0,0,0
126007,127426,1419,0,GE-Phrase,261,123162,126484,3322,477,0.336,2845,942
126007,127426,1419,0,NTB,et cetera,126007,127426,1419,1419,1.0,0,0
131502,132715,1213,0,GE-Phrase,262,128821,132202,3381,700,0.577,2681,513
131502,132715,1213,0,GE-Phrase,263,132202,134077,1875,513,0.423,-700,-1362
131502,132715,1213,0,NTB,nũ tinha recebido nenhuma bolsa ainda né,131502,132715,1213,1213,1.0,0,0
132715,134762,2047,0,GE-Phrase,263,132202,134077,1875,1362,0.665,513,685
132715,134762,2047,0,GE-Phrase,264,134077,135782,1705,685,0.335,-1362,-1020
132715,134762,2047,0,NTB,tinha acabado de acontecer o processo,132715,134762,2047,2047,1.0,0,0
136371,137155,784,0,GE-Phrase,265,135782,138288,2506,784,1.0,589,-1133
136371,137155,784,0,NTB,a minha tutora,136371,137155,784,784,1.0,0,0
137155,137394,239,0,GE-Phrase,265,135782,138288,2506,239,1.0,1373,-894
137155,137394,239,0,NTB,né,137155,137394,239,239,1.0,0,0
141078,143026,1948,0,GE-Phrase,266,138288,141167,2879,89,0.046,2790,1859
141078,143026,1948,0,GE-Phrase,267,141167,142467,1300,1300,0.667,-89,559
141078,143026,1948,0,GE-Phrase,268,142467,145380,2913,559,0.287,-1389,-2354
141078,143026,1948,0,NTB,e a gente volta quando retomar a aula,141078,143026,1948,1948,1.0,0,0
149343,150432,1089,0,GE-Phrase,270,147413,149490,2077,147,0.135,1930,942
149343,150432,1089,0,GE-Phrase,271,149490,151803,2313,942,0.865,-147,-1371
149343,150432,1089,0,NTB,se cês concordarem,149343,150432,1089,1089,1.0,0,0
9631,12030,2399,0,GE-Phrase,205,9104,11228,2124,1597,0.666,527,802
9631,12030,2399,0,GE-Phrase,206,11228,13092,1864,802,0.334,-1597,-1062
9631,12030,2399,0,NTB,que inclusive tô produzindo um,9631,12030,2399,2399,1.0,0,0
12030,13506,1476,0,GE-Phrase,206,11228,13092,1864,1062,0.72,802,414
12030,13506,1476,0,GE-Phrase,207,13092,14908,1816,414,0.28,-1062,-1402
12030,13506,1476,0,NTB,p' cê ver a dubiedade da coisa,12030,13506,1476,1476,1.0,0,0
25187,26370,1183,0,GE-Phrase,212,23414,26572,3158,1183,1.0,1773,-202
25187,26370,1183,0,NTB,se eu reproduzir meu método,25187,26370,1183,1183,1.0,0,0
26370,27200,830,0,GE-Phrase,212,23414,26572,3158,202,0.243,2956,628
26370,27200,830,0,GE-Phrase,213,26572,28865,2293,628,0.757,-202,-1665
26370,27200,830,0,NTB,tá ligado,26370,27200,830,830,1.0,0,0
27200,28048,848,0,GE-Phrase,213,26572,28865,2293,848,1.0,628,-817
27200,28048,848,0,NTB,dentro da cultura,27200,28048,848,848,1.0,0,0
28048,29067,1019,0,GE-Phrase,213,26572,28865,2293,817,0.802,1476,202
28048,29067,1019,0,GE-Phrase,214,28865,30267,1402,202,0.198,-817,-1200
28048,29067,1019,0,NTB,e adequando e et cetera,28048,29067,1019,1019,1.0,0,0
69285,70269,984,0,GE-Phrase,233,69124,70078,954,793,0.806,161,191
69285,70269,984,0,GE-Phrase,234,70078,71694,1616,191,0.194,-793,-1425
69285,70269,984,0,NTB,o projeto é dela,69285,70269,984,984,1.0,0,0
123333,123678,345,0,GE-Phrase,261,123162,126484,3322,345,1.0,171,-2806
123333,123678,345,0,NTB,porque &n [/1],123333,123678,345,345,1.0,0,0
123678,123884,206,0,GE-Phrase,261,123162,126484,3322,206,1.0,516,-2600
123678,123884,206,0,NTB,né,123678,123884,206,206,1.0,0,0
123884,124797,913,0,GE-Phrase,261,123162,126484,3322,913,1.0,722,-1687
123884,124797,913,0,NTB,ia parar tudo,123884,124797,913,913,1.0,0,0
124797,126007,1210,0,GE-Phrase,261,123162,126484,3322,1210,1.0,1635,-477
124797,126007,1210,0,NTB,então vou monitorar quem,124797,126007,1210,1210,1.0,0,0
126007,127426,1419,0,GE-Phrase,261,123162,126484,3322,477,0.336,2845,942
126007,127426,1419,0,NTB,et cetera,126007,127426,1419,1419,1.0,0,0
131502,132715,1213,0,GE-Phrase,262,128821,132202,3381,700,0.577,2681,513
131502,132715,1213,0,GE-Phrase,263,132202,134077,1875,513,0.423,-700,-1362
131502,132715,1213,0,NTB,nũ tinha recebido nenhuma bolsa ainda né,131502,132715,1213,1213,1.0,0,0
132715,134762,2047,0,GE-Phrase,263,132202,134077,1875,1362,0.665,513,685
132715,134762,2047,0,GE-Phrase,264,134077,135782,1705,685,0.335,-1362,-1020
132715,134762,2047,0,NTB,tinha acabado de acontecer o processo,132715,134762,2047,2047,1.0,0,0
136371,137155,784,0,GE-Phrase,265,135782,138288,2506,784,1.0,589,-1133
136371,137155,784,0,NTB,a minha tutora,136371,137155,784,784,1.0,0,0
137155,137394,239,0,GE-Phrase,265,135782,138288,2506,239,1.0,1373,-894
137155,137394,239,0,NTB,né,137155,137394,239,239,1.0,0,0
141078,143026,1948,0,GE-Phrase,266,138288,141167,2879,89,0.046,2790,1859
141078,143026,1948,0,GE-Phrase,267,141167,142467,1300,1300,0.667,-89,559
141078,143026,1948,0,GE-Phrase,268,142467,145380,2913,559,0.287,-1389,-2354
141078,143026,1948,0,NTB,e a gente volta quando retomar a aula,141078,143026,1948,1948,1.0,0,0
149343,150432,1089,0,GE-Phrase,270,147413,149490,2077,147,0.135,1930,942
149343,150432,1089,0,GE-Phrase,271,149490,151803,2313,942,0.865,-147,-1371
149343,150432,1089,0,NTB,se cês concordarem,149343,150432,1089,1089,1.0,0,0
9631,12030,2399,0,GE-Phrase,205,9104,11228,2124,1597,0.666,527,802
9631,12030,2399,0,GE-Phrase,206,11228,13092,1864,802,0.334,-1597,-1062
9631,12030,2399,0,NTB,que inclusive tô produzindo um,9631,12030,2399,2399,1.0,0,0
12030,13506,1476,0,GE-Phrase,206,11228,13092,1864,1062,0.72,802,414
12030,13506,1476,0,GE-Phrase,207,13092,14908,1816,414,0.28,-1062,-1402
12030,13506,1476,0,NTB,p' cê ver a dubiedade da coisa,12030,13506,1476,1476,1.0,0,0
25187,26370,1183,0,GE-Phrase,212,23414,26572,3158,1183,1.0,1773,-202
25187,26370,1183,0,NTB,se eu reproduzir meu método,25187,26370,1183,1183,1.0,0,0
26370,27200,830,0,GE-Phrase,212,23414,26572,3158,202,0.243,2956,628
26370,27200,830,0,GE-Phrase,213,26572,28865,2293,628,0.757,-202,-1665
26370,27200,830,0,NTB,tá ligado,26370,27200,830,830,1.0,0,0
27200,28048,848,0,GE-Phrase,213,26572,28865,2293,848,1.0,628,-817
27200,28048,848,0,NTB,dentro da cultura,27200,28048,848,848,1.0,0,0
28048,29067,1019,0,GE-Phrase,213,26572,28865,2293,817,0.802,1476,202
28048,29067,1019,0,GE-Phrase,214,28865,30267,1402,202,0.198,-817,-1200
28048,29067,1019,0,NTB,e adequando e et cetera,28048,29067,1019,1019,1.0,0,0
69285,70269,984,0,GE-Phrase,233,69124,70078,954,793,0.806,161,191
69285,70269,984,0,GE-Phrase,234,70078,71694,1616,191,0.194,-793,-1425
69285,70269,984,0,NTB,o projeto é dela,69285,70269,984,984,1.0,0,0
123333,123678,345,0,GE-Phrase,261,123162,126484,3322,345,1.0,171,-2806
123333,123678,345,0,NTB,porque &n [/1],123333,123678,345,345,1.0,0,0
123678,123884,206,0,GE-Phrase,261,123162,126484,3322,206,1.0,516,-2600
123678,123884,206,0,NTB,né,123678,123884,206,206,1.0,0,0
123884,124797,913,0,GE-Phrase,261,123162,126484,3322,913,1.0,722,-1687
123884,124797,913,0,NTB,ia parar tudo,123884,124797,913,913,1.0,0,0
124797,126007,1210,0,GE-Phrase,261,123162,126484,3322,1210,1.0,1635,-477
124797,126007,1210,0,NTB,então vou monitorar quem,124797,126007,1210,1210,1.0,0,0
126007,127426,1419,0,GE-Phrase,261,123162,126484,3322,477,0.336,2845,942
126007,127426,1419,0,NTB,et cetera,126007,127426,1419,1419,1.0,0,0
131502,132715,1213,0,GE-Phrase,262,128821,132202,3381,700,0.577,2681,513
131502,132715,1213,0,GE-Phrase,263,132202,134077,1875,513,0.423,-700,-1362
131502,132715,1213,0,NTB,nũ tinha recebido nenhuma bolsa ainda né,131502,132715,1213,1213,1.0,0,0
132715,134762,2047,0,GE-Phrase,263,132202,134077,1875,1362,0.665,513,685
132715,134762,2047,0,GE-Phrase,264,134077,135782,1705,685,0.335,-1362,-1020
132715,134762,2047,0,NTB,tinha acabado de acontecer o processo,132715,134762,2047,2047,1.0,0,0
136371,137155,784,0,GE-Phrase,265,135782,138288,2506,784,1.0,589,-1133
136371,137155,784,0,NTB,a minha tutora,136371,137155,784,784,1.0,0,0
137155,137394,239,0,GE-Phrase,265,135782,138288,2506,239,1.0,1373,-894
137155,137394,239,0,NTB,né,137155,137394,239,239,1.0,0,0
141078,143026,1948,0,GE-Phrase,266,138288,141167,2879,89,0.046,2790,1859
141078,143026,1948,0,GE-Phrase,267,141167,142467,1300,1300,0.667,-89,559
141078,143026,1948,0,GE-Phrase,268,142467,145380,2913,559,0.287,-1389,-2354
141078,143026,1948,0,NTB,e a gente volta quando retomar a aula,141078,143026,1948,1948,1.0,0,0
149343,150432,1089,0,GE-Phrase,270,147413,149490,2077,147,0.135,1930,942
149343,150432,1089,0,GE-Phrase,271,149490,151803,2313,942,0.865,-147,-1371
149343,150432,1089,0,NTB,se cês concordarem,149343,150432,1089,1089,1.0,0,0
9631,12030,2399,0,GE-Phrase,205,9104,11228,2124,1597,0.666,527,802
9631,12030,2399,0,GE-Phrase,206,11228,13092,1864,802,0.334,-1597,-1062
9631,12030,2399,0,NTB,que inclusive tô produzindo um,9631,12030,2399,2399,1.0,0,0
12030,13506,1476,0,GE-Phrase,206,11228,13092,1864,1062,0.72,802,414
12030,13506,1476,0,GE-Phrase,207,13092,14908,1816,414,0.28,-1062,-1402
12030,13506,1476,0,NTB,p' cê ver a dubiedade da coisa,12030,13506,1476,1476,1.0,0,0
25187,26370,1183,0,GE-Phrase,212,23414,26572,3158,1183,1.0,1773,-202
25187,26370,1183,0,NTB,se eu reproduzir meu método,25187,26370,1183,1183,1.0,0,0
26370,27200,830,0,GE-Phrase,212,23414,26572,3158,202,0.243,2956,628
26370,27200,830,0,GE-Phrase,213,26572,28865,2293,628,0.757,-202,-1665
26370,27200,830,0,NTB,tá ligado,26370,27200,830,830,1.0,0,0
27200,28048,848,0,GE-Phrase,213,26572,28865,2293,848,1.0,628,-817
27200,28048,848,0,NTB,dentro da cultura,27200,28048,848,848,1.0,0,0
28048,29067,1019,0,GE-Phrase,213,26572,28865,2293,817,0.802,1476,202
28048,29067,1019,0,GE-Phrase,214,28865,30267,1402,202,0.198,-817,-1200
28048,29067,1019,0,NTB,e adequando e et cetera,28048,29067,1019,1019,1.0,0,0
69285,70269,984,0,GE-Phrase,233,69124,70078,954,793,0.806,161,191
69285,70269,984,0,GE-Phrase,234,70078,71694,1616,191,0.194,-793,-1425
69285,70269,984,0,NTB,o projeto é dela,69285,70269,984,984,1.0,0,0
123333,123678,345,0,GE-Phrase,261,123162,126484,3322,345,1.0,171,-2806
123333,123678,345,0,NTB,porque &n [/1],123333,123678,345,345,1.0,0,0
123678,123884,206,0,GE-Phrase,261,123162,126484,3322,206,1.0,516,-2600
123678,123884,206,0,NTB,né,123678,123884,206,206,1.0,0,0
123884,124797,913,0,GE-Phrase,261,123162,126484,3322,913,1.0,722,-1687
123884,124797,913,0,NTB,ia parar tudo,123884,124797,913,913,1.0,0,0
124797,126007,1210,0,GE-Phrase,261,123162,126484,3322,1210,1.0,1635,-477
124797,126007,1210,0,NTB,então vou monitorar quem,124797,126007,1210,1210,1.0,0,0
126007,127426,1419,0,GE-Phrase,261,123162,126484,3322,477,0.336,2845,942
126007,127426,1419,0,NTB,et cetera,126007,127426,1419,1419,1.0,0,0
131502,132715,1213,0,GE-Phrase,262,128821,132202,3381,700,0.577,2681,513
131502,132715,1213,0,GE-Phrase,263,132202,134077,1875,513,0.423,-700,-1362
131502,132715,1213,0,NTB,nũ tinha recebido nenhuma bolsa ainda né,131502,132715,1213,1213,1.0,0,0
132715,134762,2047,0,GE-Phrase,263,132202,134077,1875,1362,0.665,513,685
132715,134762,2047,0,GE-Phrase,264,134077,135782,1705,685,0.335,-1362,-1020
132715,134762,2047,0,NTB,tinha acabado de acontecer o processo,132715,134762,2047,2047,1.0,0,0
136371,137155,784,0,GE-Phrase,265,135782,138288,2506,784,1.0,589,-1133
136371,137155,784,0,NTB,a minha tutora,136371,137155,784,784,1.0,0,0
137155,137394,239,0,GE-Phrase,265,135782,138288,2506,239,1.0,1373,-894
137155,137394,239,0,NTB,né,137155,137394,239,239,1.0,0,0
141078,143026,1948,0,GE-Phrase,266,138288,141167,2879,89,0.046,2790,1859
141078,143026,1948,0,GE-Phrase,267,141167,142467,1300,1300,0.667,-89,559
141078,143026,1948,0,GE-Phrase,268,142467,145380,2913,559,0.287,-1389,-2354
141078,143026,1948,0,NTB,e a gente volta quando retomar a aula,141078,143026,1948,1948,1.0,0,0
149343,150432,1089,0,GE-Phrase,270,147413,149490,2077,147,0.135,1930,942
149343,150432,1089,0,GE-Phrase,271,149490,151803,2313,942,0.865,-147,-1371
149343,150432,1089,0,NTB,se cês concordarem,149343,150432,1089,1089,1.0,0,0
9631,12030,2399,0,GE-Phrase,205,9104,11228,2124,1597,0.666,527,802
9631,12030,2399,0,GE-Phrase,206,11228,13092,1864,802,0.334,-1597,-1062
9631,12030,2399,0,NTB,que inclusive tô produzindo um,9631,12030,2399,2399,1.0,0,0
12030,13506,1476,0,GE-Phrase,206,11228,13092,1864,1062,0.72,802,414
12030,13506,1476,0,GE-Phrase,207,13092,14908,1816,414,0.28,-1062,-1402
12030,13506,1476,0,NTB,p' cê ver a dubiedade da coisa,12030,13506,1476,1476,1.0,0,0
25187,26370,1183,0,GE-Phrase,212,23414,26572,3158,1183,1.0,1773,-202
25187,26370,1183,0,NTB,se eu reproduzir meu método,25187,26370,1183,1183,1.0,0,0
26370,27200,830,0,GE-Phrase,212,23414,26572,3158,202,0.243,2956,628
26370,27200,830,0,GE-Phrase,213,26572,28865,2293,628,0.757,-202,-1665
26370,27200,830,0,NTB,tá ligado,26370,27200,830,830,1.0,0,0
27200,28048,848,0,GE-Phrase,213,26572,28865,2293,848,1.0,628,-817
27200,28048,848,0,NTB,dentro da cultura,27200,28048,848,848,1.0,0,0
28048,29067,1019,0,GE-Phrase,213,26572,28865,2293,817,0.802,1476,202
28048,29067,1019,0,GE-Phrase,214,28865,30267,1402,202,0.198,-817,-1200
28048,29067,1019,0,NTB,e adequando e et cetera,28048,29067,1019,1019,1.0,0,0
69285,70269,984,0,GE-Phrase,233,69124,70078,954,793,0.806,161,191
69285,70269,984,0,GE-Phrase,234,70078,71694,1616,191,0.194,-793,-1425
69285,70269,984,0,NTB,o projeto é dela,69285,70269,984,984,1.0,0,0
123333,123678,345,0,GE-Phrase,261,123162,126484,3322,345,1.0,171,-2806
123333,123678,345,0,NTB,porque &n [/1],123333,123678,345,345,1.0,0,0
123678,123884,206,0,GE-Phrase,261,123162,126484,3322,206,1.0,516,-2600
123678,123884,206,0,NTB,né,123678,123884,206,206,1.0,0,0
123884,124797,913,0,GE-Phrase,261,123162,126484,3322,913,1.0,722,-1687
123884,124797,913,0,NTB,ia parar tudo,123884,124797,913,913,1.0,0,0
124797,126007,1210,0,GE-Phrase,261,123162,126484,3322,1210,1.0,1635,-477
124797,126007,1210,0,NTB,então vou monitorar quem,124797,126007,1210,1210,1.0,0,0
126007,127426,1419,0,GE-Phrase,261,123162,126484,3322,477,0.336,2845,942
126007,127426,1419,0,NTB,et cetera,126007,127426,1419,1419,1.0,0,0
131502,132715,1213,0,GE-Phrase,262,128821,132202,3381,700,0.577,2681,513
131502,132715,1213,0,GE-Phrase,263,132202,134077,1875,513,0.423,-700,-1362
131502,132715,1213,0,NTB,nũ tinha recebido nenhuma bolsa ainda né,131502,132715,1213,1213,1.0,0,0
132715,134762,2047,0,GE-Phrase,263,132202,134077,1875,1362,0.665,513,685
132715,134762,2047,0,GE-Phrase,264,134077,135782,1705,685,0.335,-1362,-1020
132715,134762,2047,0,NTB,tinha acabado de acontecer o processo,132715,134762,2047,2047,1.0,0,0
136371,137155,784,0,GE-Phrase,265,135782,138288,2506,784,1.0,589,-1133
136371,137155,784,0,NTB,a minha tutora,136371,137155,784,784,1.0,0,0
137155,137394,239,0,GE-Phrase,265,135782,138288,2506,239,1.0,1373,-894
137155,137394,239,0,NTB,né,137155,137394,239,239,1.0,0,0
141078,143026,1948,0,GE-Phrase,266,138288,141167,2879,89,0.046,2790,1859
141078,143026,1948,0,GE-Phrase,267,141167,142467,1300,1300,0.667,-89,559
141078,143026,1948,0,GE-Phrase,268,142467,145380,2913,559,0.287,-1389,-2354
141078,143026,1948,0,NTB,e a gente volta quando retomar a aula,141078,143026,1948,1948,1.0,0,0
149343,150432,1089,0,GE-Phrase,270,147413,149490,2077,147,0.135,1930,942
149343,150432,1089,0,GE-Phrase,271,149490,151803,2313,942,0.865,-147,-1371
149343,150432,1089,0,NTB,se cês concordarem,149343,150432,1089,1089,1.0,0,0
9631,12030,2399,0,GE-Phrase,205,9104,11228,2124,1597,0.666,527,802
9631,12030,2399,0,GE-Phrase,206,11228,13092,1864,802,0.334,-1597,-1062
9631,12030,2399,0,NTB,que inclusive tô produzindo um,9631,12030,2399,2399,1.0,0,0
12030,13506,1476,0,GE-Phrase,206,11228,13092,1864,1062,0.72,802,414
12030,13506,1476,0,GE-Phrase,207,13092,14908,1816,414,0.28,-1062,-1402
12030,13506,1476,0,NTB,p' cê ver a dubiedade da coisa,12030,13506,1476,1476,1.0,0,0
25187,26370,1183,0,GE-Phrase,212,23414,26572,3158,1183,1.0,1773,-202
25187,26370,1183,0,NTB,se eu reproduzir meu método,25187,26370,1183,1183,1.0,0,0
26370,27200,830,0,GE-Phrase,212,23414,26572,3158,202,0.243,2956,628
26370,27200,830,0,GE-Phrase,213,26572,28865,2293,628,0.757,-202,-1665
26370,27200,830,0,NTB,tá ligado,26370,27200,830,830,1.0,0,0
27200,28048,848,0,GE-Phrase,213,26572,28865,2293,848,1.0,628,-817
27200,28048,848,0,NTB,dentro da cultura,27200,28048,848,848,1.0,0,0
28048,29067,1019,0,GE-Phrase,213,26572,28865,2293,817,0.802,1476,202
28048,29067,1019,0,GE-Phrase,214,28865,30267,1402,202,0.198,-817,-1200
28048,29067,1019,0,NTB,e adequando e et cetera,28048,29067,1019,1019,1.0,0,0
69285,70269,984,0,GE-Phrase,233,69124,70078,954,793,0.806,161,191
69285,70269,984,0,GE-Phrase,234,70078,71694,1616,191,0.194,-793,-1425
69285,70269,984,0,NTB,o projeto é dela,69285,70269,984,984,1.0,0,0
123333,123678,345,0,GE-Phrase,261,123162,126484,3322,345,1.0,171,-2806
123333,123678,345,0,NTB,porque &n [/1],123333,123678,345,345,1.0,0,0
123678,123884,206,0,GE-Phrase,261,123162,126484,3322,206,1.0,516,-2600
123678,123884,206,0,NTB,né,123678,123884,206,206,1.0,0,0
123884,124797,913,0,GE-Phrase,261,123162,126484,3322,913,1.0,722,-1687
123884,124797,913,0,NTB,ia parar tudo,123884,124797,913,913,1.0,0,0
124797,126007,1210,0,GE-Phrase,261,123162,126484,3322,1210,1.0,1635,-477
124797,126007,1210,0,NTB,então vou monitorar quem,124797,126007,1210,1210,1.0,0,0
126007,127426,1419,0,GE-Phrase,261,123162,126484,3322,477,0.336,2845,942
126007,127426,1419,0,NTB,et cetera,126007,127426,1419,1419,1.0,0,0
131502,132715,1213,0,GE-Phrase,262,128821,132202,3381,700,0.577,2681,513
131502,132715,1213,0,GE-Phrase,263,132202,134077,1875,513,0.423,-700,-1362
131502,132715,1213,0,NTB,nũ tinha recebido nenhuma bolsa ainda né,131502,132715,1213,1213,1.0,0,0
132715,134762,2047,0,GE-Phrase,263,132202,134077,1875,1362,0.665,513,685
132715,134762,2047,0,GE-Phrase,264,134077,135782,1705,685,0.335,-1362,-1020
132715,134762,2047,0,NTB,tinha acabado de acontecer o processo,132715,134762,2047,2047,1.0,0,0
136371,137155,784,0,GE-Phrase,265,135782,138288,2506,784,1.0,589,-1133
136371,137155,784,0,NTB,a minha tutora,136371,137155,784,784,1.0,0,0
137155,137394,239,0,GE-Phrase,265,135782,138288,2506,239,1.0,1373,-894
137155,137394,239,0,NTB,né,137155,137394,239,239,1.0,0,0
141078,143026,1948,0,GE-Phrase,266,138288,141167,2879,89,0.046,2790,1859
141078,143026,1948,0,GE-Phrase,267,141167,142467,1300,1300,0.667,-89,559
141078,143026,1948,0,GE-Phrase,268,142467,145380,2913,559,0.287,-1389,-2354
141078,143026,1948,0,NTB,e a gente volta quando retomar a aula,141078,143026,1948,1948,1.0,0,0
149343,150432,1089,0,GE-Phrase,270,147413,149490,2077,147,0.135,1930,942
149343,150432,1089,0,GE-Phrase,271,149490,151803,2313,942,0.865,-147,-1371
149343,150432,1089,0,NTB,se cês concordarem,149343,150432,1089,1089,1.0,0,0
9631,12030,2399,0,GE-Phrase,205,9104,11228,2124,1597,0.666,527,802
9631,12030,2399,0,GE-Phrase,206,11228,13092,1864,802,0.334,-1597,-1062
9631,12030,2399,0,NTB,que inclusive tô produzindo um,9631,12030,2399,2399,1.0,0,0
12030,13506,1476,0,GE-Phrase,206,11228,13092,1864,1062,0.72,802,414
12030,13506,1476,0,GE-Phrase,207,13092,14908,1816,414,0.28,-1062,-1402
12030,13506,1476,0,NTB,p' cê ver a dubiedade da coisa,12030,13506,1476,1476,1.0,0,0
25187,26370,1183,0,GE-Phrase,212,23414,26572,3158,1183,1.0,1773,-202
25187,26370,1183,0,NTB,se eu reproduzir meu método,25187,26370,1183,1183,1.0,0,0
26370,27200,830,0,GE-Phrase,212,23414,26572,3158,202,0.243,2956,628
26370,27200,830,0,GE-Phrase,213,26572,28865,2293,628,0.757,-202,-1665
26370,27200,830,0,NTB,tá ligado,26370,27200,830,830,1.0,0,0
27200,28048,848,0,GE-Phrase,213,26572,28865,2293,848,1.0,628,-817
27200,28048,848,0,NTB,dentro da cultura,27200,28048,848,848,1.0,0,0
28048,29067,1019,0,GE-Phrase,213,26572,28865,2293,817,0.802,1476,202
28048,29067,1019,0,GE-Phrase,214,28865,30267,1402,202,0.198,-817,-1200
28048,29067,1019,0,NTB,e adequando e et cetera,28048,29067,1019,1019,1.0,0,0
69285,70269,984,0,GE-Phrase,233,69124,70078,954,793,0.806,161,191
69285,70269,984,0,GE-Phrase,234,70078,71694,1616,191,0.194,-793,-1425
69285,70269,984,0,NTB,o projeto é dela,69285,70269,984,984,1.0,0,0
123333,123678,345,0,GE-Phrase,261,123162,126484,3322,345,1.0,171,-2806
123333,123678,345,0,NTB,porque &n [/1],123333,123678,345,345,1.0,0,0
123678,123884,206,0,GE-Phrase,261,123162,126484,3322,206,1.0,516,-2600
123678,123884,206,0,NTB,né,123678,123884,206,206,1.0,0,0
123884,124797,913,0,GE-Phrase,261,123162,126484,3322,913,1.0,722,-1687
123884,124797,913,0,NTB,ia parar tudo,123884,124797,913,913,1.0,0,0
124797,126007,1210,0,GE-Phrase,261,123162,126484,3322,1210,1.0,1635,-477
124797,126007,1210,0,NTB,então vou monitorar quem,124797,126007,1210,1210,1.0,0,0
126007,127426,1419,0,GE-Phrase,261,123162,126484,3322,477,0.336,2845,942
126007,127426,1419,0,NTB,et cetera,126007,127426,1419,1419,1.0,0,0
131502,132715,1213,0,GE-Phrase,262,128821,132202,3381,700,0.577,2681,513
131502,132715,1213,0,GE-Phrase,263,132202,134077,1875,513,0.423,-700,-1362
131502,132715,1213,0,NTB,nũ tinha recebido nenhuma bolsa ainda né,131502,132715,1213,1213,1.0,0,0
132715,134762,2047,0,GE-Phrase,263,132202,134077,1875,1362,0.665,513,685
132715,134762,2047,0,GE-Phrase,264,134077,135782,1705,685,0.335,-1362,-1020
132715,134762,2047,0,NTB,tinha acabado de acontecer o processo,132715,134762,2047,2047,1.0,0,0
136371,137155,784,0,GE-Phrase,265,135782,138288,2506,784,1.0,589,-1133
136371,137155,784,0,NTB,a minha tutora,136371,137155,784,784,1.0,0,0
137155,137394,239,0,GE-Phrase,265,135782,138288,2506,239,1.0,1373,-894
137155,137394,239,0,NTB,né,137155,137394,239,239,1.0,0,0
141078,143026,1948,0,GE-Phrase,266,138288,141167,2879,89,0.046,2790,1859
141078,143026,1948,0,GE-Phrase,267,141167,142467,1300,1300,0.667,-89,559
141078,143026,1948,0,GE-Phrase,268,142467,145380,2913,559,0.287,-1389,-2354
141078,143026,1948,0,NTB,e a gente volta quando retomar a aula,141078,143026,1948,1948,1.0,0,0
149343,150432,1089,0,GE-Phrase,270,147413,149490,2077,147,0.135,1930,942
149343,150432,1089,0,GE-Phrase,271,149490,151803,2313,942,0.865,-147,-1371
149343,150432,1089,0,NTB,se cês concordarem,149343,150432,1089,1089,1.0,0,0
9631,12030,2399,0,GE-Phrase,205,9104,11228,2124,1597,0.666,527,802
9631,12030,2399,0,GE-Phrase,206,11228,13092,1864,802,0.334,-1597,-1062
9631,12030,2399,0,NTB,que inclusive tô produzindo um,9631,12030,2399,2399,1.0,0,0
12030,13506,1476,0,GE-Phrase,206,11228,13092,1864,1062,0.72,802,414
12030,13506,1476,0,GE-Phrase,207,13092,14908,1816,414,0.28,-1062,-1402
12030,13506,1476,0,NTB,p' cê ver a dubiedade da coisa,12030,13506,1476,1476,1.0,0,0
25187,26370,1183,0,GE-Phrase,212,23414,26572,3158,1183,1.0,1773,-202
25187,26370,1183,0,NTB,se eu reproduzir meu método,25187,26370,1183,1183,1.0,0,0
26370,27200,830,0,GE-Phrase,212,23414,26572,3158,202,0.243,2956,628
26370,27200,830,0,GE-Phrase,213,26572,28865,2293,628,0.757,-202,-1665
26370,27200,830,0,NTB,tá ligado,26370,27200,830,830,1.0,0,0
27200,28048,848,0,GE-Phrase,213,26572,28865,2293,848,1.0,628,-817
27200,28048,848,0,NTB,dentro da cultura,27200,28048,848,848,1.0,0,0
28048,29067,1019,0,GE-Phrase,213,26572,28865,2293,817,0.802,1476,202
28048,29067,1019,0,GE-Phrase,214,28865,30267,1402,202,0.198,-817,-1200
28048,29067,1019,0,NTB,e adequando e et cetera,28048,29067,1019,1019,1.0,0,0
69285,70269,984,0,GE-Phrase,233,69124,70078,954,793,0.806,161,191
69285,70269,984,0,GE-Phrase,234,70078,71694,1616,191,0.194,-793,-1425
69285,70269,984,0,NTB,o projeto é dela,69285,70269,984,984,1.0,0,0
123333,123678,345,0,GE-Phrase,261,123162,126484,3322,345,1.0,171,-2806
123333,123678,345,0,NTB,porque &n [/1],123333,123678,345,345,1.0,0,0
123678,123884,206,0,GE-Phrase,261,123162,126484,3322,206,1.0,516,-2600
123678,123884,206,0,NTB,né,123678,123884,206,206,1.0,0,0
123884,124797,913,0,GE-Phrase,261,123162,126484,3322,913,1.0,722,-1687
123884,124797,913,0,NTB,ia parar tudo,123884,124797,913,913,1.0,0,0
124797,126007,1210,0,GE-Phrase,261,123162,126484,3322,1210,1.0,1635,-477
124797,126007,1210,0,NTB,então vou monitorar quem,124797,126007,1210,1210,1.0,0,0
126007,127426,1419,0,GE-Phrase,261,123162,126484,3322,477,0.336,2845,942
126007,127426,1419,0,NTB,et cetera,126007,127426,1419,1419,1.0,0,0
131502,132715,1213,0,GE-Phrase,262,128821,132202,3381,700,0.577,2681,513
131502,132715,1213,0,GE-Phrase,263,132202,134077,1875,513,0.423,-700,-1362
131502,132715,1213,0,NTB,nũ tinha recebido nenhuma bolsa ainda né,131502,132715,1213,1213,1.0,0,0
132715,134762,2047,0,GE-Phrase,263,132202,134077,1875,1362,0.665,513,685
132715,134762,2047,0,GE-Phrase,264,134077,135782,1705,685,0.335,-1362,-1020
132715,134762,2047,0,NTB,tinha acabado de acontecer o processo,132715,134762,2047,2047,1.0,0,0
136371,137155,784,0,GE-Phrase,265,135782,138288,2506,784,1.0,589,-1133
136371,137155,784,0,NTB,a minha tutora,136371,137155,784,784,1.0,0,0
137155,137394,239,0,GE-Phrase,265,135782,138288,2506,239,1.0,1373,-894
137155,137394,239,0,NTB,né,137155,137394,239,239,1.0,0,0
141078,143026,1948,0,GE-Phrase,266,138288,141167,2879,89,0.046,2790,1859
141078,143026,1948,0,GE-Phrase,267,141167,142467,1300,1300,0.667,-89,559
141078,143026,1948,0,GE-Phrase,268,142467,145380,2913,559,0.287,-1389,-2354
141078,143026,1948,0,NTB,e a gente volta quando retomar a aula,141078,143026,1948,1948,1.0,0,0
149343,150432,1089,0,GE-Phrase,270,147413,149490,2077,147,0.135,1930,942
149343,150432,1089,0,GE-Phrase,271,149490,151803,2313,942,0.865,-147,-1371
149343,150432,1089,0,NTB,se cês concordarem,149343,150432,1089,1089,1.0,0,0
9631,12030,2399,0,GE-Phrase,205,9104,11228,2124,1597,0.666,527,802
9631,12030,2399,0,GE-Phrase,206,11228,13092,1864,802,0.334,-1597,-1062
9631,12030,2399,0,NTB,que inclusive tô produzindo um,9631,12030,2399,2399,1.0,0,0
12030,13506,1476,0,GE-Phrase,206,11228,13092,1864,1062,0.72,802,414
12030,13506,1476,0,GE-Phrase,207,13092,14908,1816,414,0.28,-1062,-1402
12030,13506,1476,0,NTB,p' cê ver a dubiedade da coisa,12030,13506,1476,1476,1.0,0,0
25187,26370,1183,0,GE-Phrase,212,23414,26572,3158,1183,1.0,1773,-202
25187,26370,1183,0,NTB,se eu reproduzir meu método,25187,26370,1183,1183,1.0,0,0
26370,27200,830,0,GE-Phrase,212,23414,26572,3158,202,0.243,2956,628
26370,27200,830,0,GE-Phrase,213,26572,28865,2293,628,0.757,-202,-1665
26370,27200,830,0,NTB,tá ligado,26370,27200,830,830,1.0,0,0
27200,28048,848,0,GE-Phrase,213,26572,28865,2293,848,1.0,628,-817
27200,28048,848,0,NTB,dentro da cultura,27200,28048,848,848,1.0,0,0
28048,29067,1019,0,GE-Phrase,213,26572,28865,2293,817,0.802,1476,202
28048,29067,1019,0,GE-Phrase,214,28865,30267,1402,202,0.198,-817,-1200
28048,29067,1019,0,NTB,e adequando e et cetera,28048,29067,1019,1019,1.0,0,0
69285,70269,984,0,GE-Phrase,233,69124,70078,954,793,0.806,161,191
69285,70269,984,0,GE-Phrase,234,70078,71694,1616,191,0.194,-793,-1425
69285,70269,984,0,NTB,o projeto é dela,69285,70269,984,984,1.0,0,0
123333,123678,345,0,GE-Phrase,261,123162,126484,3322,345,1.0,171,-2806
123333,123678,345,0,NTB,porque &n [/1],123333,123678,345,345,1.0,0,0
123678,123884,206,0,GE-Phrase,261,123162,126484,3322,206,1.0,516,-2600
123678,123884,206,0,NTB,né,123678,123884,206,206,1.0,0,0
123884,124797,913,0,GE-Phrase,261,123162,126484,3322,913,1.0,722,-1687
123884,124797,913,0,NTB,ia parar tudo,123884,124797,913,913,1.0,0,0
124797,126007,1210,0,GE-Phrase,261,123162,126484,3322,1210,1.0,1635,-477
124797,126007,1210,0,NTB,então vou monitorar quem,124797,126007,1210,1210,1.0,0,0
126007,127426,1419,0,GE-Phrase,261,123162,126484,3322,477,0.336,2845,942
126007,127426,1419,0,NTB,et cetera,126007,127426,1419,1419,1.0,0,0
131502,132715,1213,0,GE-Phrase,262,128821,132202,3381,700,0.577,2681,513
131502,132715,1213,0,GE-Phrase,263,132202,134077,1875,513,0.423,-700,-1362
131502,132715,1213,0,NTB,nũ tinha recebido nenhuma bolsa ainda né,131502,132715,1213,1213,1.0,0,0
132715,134762,2047,0,GE-Phrase,263,132202,134077,1875,1362,0.665,513,685
132715,134762,2047,0,GE-Phrase,264,134077,135782,1705,685,0.335,-1362,-1020
132715,134762,2047,0,NTB,tinha acabado de acontecer o processo,132715,134762,2047,2047,1.0,0,0
136371,137155,784,0,GE-Phrase,265,135782,138288,2506,784,1.0,589,-1133
136371,137155,784,0,NTB,a minha tutora,136371,137155,784,784,1.0,0,0
137155,137394,239,0,GE-Phrase,265,135782,138288,2506,239,1.0,1373,-894
137155,137394,239,0,NTB,né,137155,137394,239,239,1.0,0,0
141078,143026,1948,0,GE-Phrase,266,138288,141167,2879,89,0.046,2790,1859
141078,143026,1948,0,GE-Phrase,267,141167,142467,1300,1300,0.667,-89,559
141078,143026,1948,0,GE-Phrase,268,142467,145380,2913,559,0.287,-1389,-2354
141078,143026,1948,0,NTB,e a gente volta quando retomar a aula,141078,143026,1948,1948,1.0,0,0
149343,150432,1089,0,GE-Phrase,270,147413,149490,2077,147,0.135,1930,942
149343,150432,1089,0,GE-Phrase,271,149490,151803,2313,942,0.865,-147,-1371
149343,150432,1089,0,NTB,se cês concordarem,149343,150432,1089,1089,1.0,0,0
9631,12030,2399,0,GE-Phrase,205,9104,11228,2124,1597,0.666,527,802
9631,12030,2399,0,GE-Phrase,206,11228,13092,1864,802,0.334,-1597,-1062
9631,12030,2399,0,NTB,que inclusive tô produzindo um,9631,12030,2399,2399,1.0,0,0
12030,13506,1476,0,GE-Phrase,206,11228,13092,1864,1062,0.72,802,414
12030,13506,1476,0,GE-Phrase,207,13092,14908,1816,414,0.28,-1062,-1402
12030,13506,1476,0,NTB,p' cê ver a dubiedade da coisa,12030,13506,1476,1476,1.0,0,0
25187,26370,1183,0,GE-Phrase,212,23414,26572,3158,1183,1.0,1773,-202
25187,26370,1183,0,NTB,se eu reproduzir meu método,25187,26370,1183,1183,1.0,0,0
26370,27200,830,0,GE-Phrase,212,23414,26572,3158,202,0.243,2956,628
26370,27200,830,0,GE-Phrase,213,26572,28865,2293,628,0.757,-202,-1665
26370,27200,830,0,NTB,tá ligado,26370,27200,830,830,1.0,0,0
27200,28048,848,0,GE-Phrase,213,26572,28865,2293,848,1.0,628,-817
27200,28048,848,0,NTB,dentro da cultura,27200,28048,848,848,1.0,0,0
28048,29067,1019,0,GE-Phrase,213,26572,28865,2293,817,0.802,1476,202
28048,29067,1019,0,GE-Phrase,214,28865,30267,1402,202,0.198,-817,-1200
28048,29067,1019,0,NTB,e adequando e et cetera,28048,29067,1019,1019,1.0,0,0
69285,70269,984,0,GE-Phrase,233,69124,70078,954,793,0.806,161,191
69285,70269,984,0,GE-Phrase,234,70078,71694,1616,191,0.194,-793,-1425
69285,70269,984,0,NTB,o projeto é dela,69285,70269,984,984,1.0,0,0
123333,123678,345,0,GE-Phrase,261,123162,126484,3322,345,1.0,171,-2806
123333,123678,345,0,NTB,porque &n [/1],123333,123678,345,345,1.0,0,0
123678,123884,206,0,GE-Phrase,261,123162,126484,3322,206,1.0,516,-2600
123678,123884,206,0,NTB,né,123678,123884,206,206,1.0,0,0
123884,124797,913,0,GE-Phrase,261,123162,126484,3322,913,1.0,722,-1687
123884,124797,913,0,NTB,ia parar tudo,123884,124797,913,913,1.0,0,0
124797,126007,1210,0,GE-Phrase,261,123162,126484,3322,1210,1.0,1635,-477
124797,126007,1210,0,NTB,então vou monitorar quem,124797,126007,1210,1210,1.0,0,0
126007,127426,1419,0,GE-Phrase,261,123162,126484,3322,477,0.336,2845,942
126007,127426,1419,0,NTB,et cetera,126007,127426,1419,1419,1.0,0,0
131502,132715,1213,0,GE-Phrase,262,128821,132202,3381,700,0.577,2681,513
131502,132715,1213,0,GE-Phrase,263,132202,134077,1875,513,0.423,-700,-1362
131502,132715,1213,0,NTB,nũ tinha recebido nenhuma bolsa ainda né,131502,132715,1213,1213,1.0,0,0
132715,134762,2047,0,GE-Phrase,263,132202,134077,1875,1362,0.665,513,685
132715,134762,2047,0,GE-Phrase,264,134077,135782,1705,685,0.335,-1362,-1020
132715,134762,2047,0,NTB,tinha acabado de acontecer o processo,132715,134762,2047,2047,1.0,0,0
136371,137155,784,0,GE-Phrase,265,135782,138288,2506,784,1.0,589,-1133
136371,137155,784,0,NTB,a minha tutora,136371,137155,784,784,1.0,0,0
137155,137394,239,0,GE-Phrase,265,135782,138288,2506,239,1.0,1373,-894
137155,137394,239,0,NTB,né,137155,137394,239,239,1.0,0,0
141078,143026,1948,0,GE-Phrase,266,138288,141167,2879,89,0.046,2790,1859
141078,143026,1948,0,GE-Phrase,267,141167,142467,1300,1300,0.667,-89,559
141078,143026,1948,0,GE-Phrase,268,142467,145380,2913,559,0.287,-1389,-2354
141078,143026,1948,0,NTB,e a gente volta quando retomar a aula,141078,143026,1948,1948,1.0,0,0
149343,150432,1089,0,GE-Phrase,270,147413,149490,2077,147,0.135,1930,942
149343,150432,1089,0,GE-Phrase,271,149490,151803,2313,942,0.865,-147,-1371
149343,150432,1089,0,NTB,se cês concordarem,149343,150432,1089,1089,1.0,0,0
9631,12030,2399,0,GE-Phrase,205,9104,11228,2124,1597,0.666,527,802
9631,12030,2399,0,GE-Phrase,206,11228,13092,1864,802,0.334,-1597,-1062
9631,12030,2399,0,NTB,que inclusive tô produzindo um,9631,12030,2399,2399,1.0,0,0
12030,13506,1476,0,GE-Phrase,206,11228,13092,1864,1062,0.72,802,414
12030,13506,1476,0,GE-Phrase,207,13092,14908,1816,414,0.28,-1062,-1402
12030,13506,1476,0,NTB,p' cê ver a dubiedade da coisa,12030,13506,1476,1476,1.0,0,0
25187,26370,1183,0,GE-Phrase,212,23414,26572,3158,1183,1.0,1773,-202
25187,26370,1183,0,NTB,se eu reproduzir meu método,25187,26370,1183,1183,1.0,0,0
26370,27200,830,0,GE-Phrase,212,23414,26572,3158,202,0.243,2956,628
26370,27200,830,0,GE-Phrase,213,26572,28865,2293,628,0.757,-202,-1665
26370,27200,830,0,NTB,tá ligado,26370,27200,830,830,1.0,0,0
27200,28048,848,0,GE-Phrase,213,26572,28865,2293,848,1.0,628,-817
27200,28048,848,0,NTB,dentro da cultura,27200,28048,848,848,1.0,0,0
28048,29067,1019,0,GE-Phrase,213,26572,28865,2293,817,0.802,1476,202
28048,29067,1019,0,GE-Phrase,214,28865,30267,1402,202,0.198,-817,-1200
28048,29067,1019,0,NTB,e adequando e et cetera,28048,29067,1019,1019,1.0,0,0
69285,70269,984,0,GE-Phrase,233,69124,70078,954,793,0.806,161,191
69285,70269,984,0,GE-Phrase,234,70078,71694,1616,191,0.194,-793,-1425
69285,70269,984,0,NTB,o projeto é dela,69285,70269,984,984,1.0,0,0
123333,123678,345,0,GE-Phrase,261,123162,126484,3322,345,1.0,171,-2806
123333,123678,345,0,NTB,porque &n [/1],123333,123678,345,345,1.0,0,0
123678,123884,206,0,GE-Phrase,261,123162,126484,3322,206,1.0,516,-2600
123678,123884,206,0,NTB,né,123678,123884,206,206,1.0,0,0
123884,124797,913,0,GE-Phrase,261,123162,126484,3322,913,1.0,722,-1687
123884,124797,913,0,NTB,ia parar tudo,123884,124797,913,913,1.0,0,0
124797,126007,1210,0,GE-Phrase,261,123162,126484,3322,1210,1.0,1635,-477
124797,126007,1210,0,NTB,então vou monitorar quem,124797,126007,1210,1210,1.0,0,0
126007,127426,1419,0,GE-Phrase,261,123162,126484,3322,477,0.336,2845,942
126007,127426,1419,0,NTB,et cetera,126007,127426,1419,1419,1.0,0,0
131502,132715,1213,0,GE-Phrase,262,128821,132202,3381,700,0.577,2681,513
131502,132715,1213,0,GE-Phrase,263,132202,134077,1875,513,0.423,-700,-1362
131502,132715,1213,0,NTB,nũ tinha recebido nenhuma bolsa ainda né,131502,132715,1213,1213,1.0,0,0
132715,134762,2047,0,GE-Phrase,263,132202,134077,1875,1362,0.665,513,685
132715,134762,2047,0,GE-Phrase,264,134077,135782,1705,685,0.335,-1362,-1020
132715,134762,2047,0,NTB,tinha acabado de acontecer o processo,132715,134762,2047,2047,1.0,0,0
136371,137155,784,0,GE-Phrase,265,135782,138288,2506,784,1.0,589,-1133
136371,137155,784,0,NTB,a minha tutora,136371,137155,784,784,1.0,0,0
137155,137394,239,0,GE-Phrase,265,135782,138288,2506,239,1.0,1373,-894
137155,137394,239,0,NTB,né,137155,137394,239,239,1.0,0,0
141078,143026,1948,0,GE-Phrase,266,138288,141167,2879,89,0.046,2790,1859
141078,143026,1948,0,GE-Phrase,267,141167,142467,1300,1300,0.667,-89,559
141078,143026,1948,0,GE-Phrase,268,142467,145380,2913,559,0.287,-1389,-2354
141078,143026,1948,0,NTB,e a gente volta quando retomar a aula,141078,143026,1948,1948,1.0,0,0
149343,150432,1089,0,GE-Phrase,270,147413,149490,2077,147,0.135,1930,942
149343,150432,1089,0,GE-Phrase,271,149490,151803,2313,942,0.865,-147,-1371
149343,150432,1089,0,NTB,se cês concordarem,149343,150432,1089,1089,1.0,0,0
9631,12030,2399,0,GE-Phrase,205,9104,11228,2124,1597,0.666,527,802
9631,12030,2399,0,GE-Phrase,206,11228,13092,1864,802,0.334,-1597,-1062
9631,12030,2399,0,NTB,que inclusive tô produzindo um,9631,12030,2399,2399,1.0,0,0
12030,13506,1476,0,GE-Phrase,206,11228,13092,1864,1062,0.72,802,414
12030,13506,1476,0,GE-Phrase,207,13092,14908,1816,414,0.28,-1062,-1402
12030,13506,1476,0,NTB,p' cê ver a dubiedade da coisa,12030,13506,1476,1476,1.0,0,0
25187,26370,1183,0,GE-Phrase,212,23414,26572,3158,1183,1.0,1773,-202
25187,26370,1183,0,NTB,se eu reproduzir meu método,25187,26370,1183,1183,1.0,0,0
26370,27200,830,0,GE-Phrase,212,23414,26572,3158,202,0.243,2956,628
26370,27200,830,0,GE-Phrase,213,26572,28865,2293,628,0.757,-202,-1665
26370,27200,830,0,NTB,tá ligado,26370,27200,830,830,1.0,0,0
27200,28048,848,0,GE-Phrase,213,26572,28865,2293,848,1.0,628,-817
27200,28048,848,0,NTB,dentro da cultura,27200,28048,848,848,1.0,0,0
28048,29067,1019,0,GE-Phrase,213,26572,28865,2293,817,0.802,1476,202
28048,29067,1019,0,GE-Phrase,214,28865,30267,1402,202,0.198,-817,-1200
28048,29067,1019,0,NTB,e adequando e et cetera,28048,29067,1019,1019,1.0,0,0
69285,70269,984,0,GE-Phrase,233,69124,70078,954,793,0.806,161,191
69285,70269,984,0,GE-Phrase,234,70078,71694,1616,191,0.194,-793,-1425
69285,70269,984,0,NTB,o projeto é dela,69285,70269,984,984,1.0,0,0
123333,123678,345,0,GE-Phrase,261,123162,126484,3322,345,1.0,171,-2806
123333,123678,345,0,NTB,porque &n [/1],123333,123678,345,345,1.0,0,0
123678,123884,206,0,GE-Phrase,261,123162,126484,3322,206,1.0,516,-2600
123678,123884,206,0,NTB,né,123678,123884,206,206,1.0,0,0
123884,124797,913,0,GE-Phrase,261,123162,126484,3322,913,1.0,722,-1687
123884,124797,913,0,NTB,ia parar tudo,123884,124797,913,913,1.0,0,0
124797,126007,1210,0,GE-Phrase,261,123162,126484,3322,1210,1.0,1635,-477
124797,126007,1210,0,NTB,então vou monitorar quem,124797,126007,1210,1210,1.0,0,0
126007,127426,1419,0,GE-Phrase,261,123162,126484,3322,477,0.336,2845,942
126007,127426,1419,0,NTB,et cetera,126007,127426,1419,1419,1.0,0,0
131502,132715,1213,0,GE-Phrase,262,128821,132202,3381,700,0.577,2681,513
131502,132715,1213,0,GE-Phrase,263,132202,134077,1875,513,0.423,-700,-1362
131502,132715,1213,0,NTB,nũ tinha recebido nenhuma bolsa ainda né,131502,132715,1213,1213,1.0,0,0
132715,134762,2047,0,GE-Phrase,263,132202,134077,1875,1362,0.665,513,685
132715,134762,2047,0,GE-Phrase,264,134077,135782,1705,685,0.335,-1362,-1020
132715,134762,2047,0,NTB,tinha acabado de acontecer o processo,132715,134762,2047,2047,1.0,0,0
136371,137155,784,0,GE-Phrase,265,135782,138288,2506,784,1.0,589,-1133
136371,137155,784,0,NTB,a minha tutora,136371,137155,784,784,1.0,0,0
137155,137394,239,0,GE-Phrase,265,135782,138288,2506,239,1.0,1373,-894
137155,137394,239,0,NTB,né,137155,137394,239,239,1.0,0,0
141078,143026,1948,0,GE-Phrase,266,138288,141167,2879,89,0.046,2790,1859
141078,143026,1948,0,GE-Phrase,267,141167,142467,1300,1300,0.667,-89,559
141078,143026,1948,0,GE-Phrase,268,142467,145380,2913,559,0.287,-1389,-2354
141078,143026,1948,0,NTB,e a gente volta quando retomar a aula,141078,143026,1948,1948,1.0,0,0
149343,150432,1089,0,GE-Phrase,270,147413,149490,2077,147,0.135,1930,942
149343,150432,1089,0,GE-Phrase,271,149490,151803,2313,942,0.865,-147,-1371
149343,150432,1089,0,NTB,se cês concordarem,149343,150432,1089,1089,1.0,0,0
9631,12030,2399,0,GE-Phrase,205,9104,11228,2124,1597,0.666,527,802
9631,12030,2399,0,GE-Phrase,206,11228,13092,1864,802,0.334,-1597,-1062
9631,12030,2399,0,NTB,que inclusive tô produzindo um,9631,12030,2399,2399,1.0,0,0
12030,13506,1476,0,GE-Phrase,206,11228,13092,1864,1062,0.72,802,414
12030,13506,1476,0,GE-Phrase,207,13092,14908,1816,414,0.28,-1062,-1402
12030,13506,1476,0,NTB,p' cê ver a dubiedade da coisa,12030,13506,1476,1476,1.0,0,0
25187,26370,1183,0,GE-Phrase,212,23414,26572,3158,1183,1.0,1773,-202
25187,26370,1183,0,NTB,se eu reproduzir meu método,25187,26370,1183,1183,1.0,0,0
26370,27200,830,0,GE-Phrase,212,23414,26572,3158,202,0.243,2956,628
26370,27200,830,0,GE-Phrase,213,26572,28865,2293,628,0.757,-202,-1665
26370,27200,830,0,NTB,tá ligado,26370,27200,830,830,1.0,0,0
27200,28048,848,0,GE-Phrase,213,26572,28865,2293,848,1.0,628,-817
27200,28048,848,0,NTB,dentro da cultura,27200,28048,848,848,1.0,0,0
28048,29067,1019,0,GE-Phrase,213,26572,28865,2293,817,0.802,1476,202
28048,29067,1019,0,GE-Phrase,214,28865,30267,1402,202,0.198,-817,-1200
28048,29067,1019,0,NTB,e adequando e et cetera,28048,29067,1019,1019,1.0,0,0
69285,70269,984,0,GE-Phrase,233,69124,70078,954,793,0.806,161,191
69285,70269,984,0,GE-Phrase,234,70078,71694,1616,191,0.194,-793,-1425
69285,70269,984,0,NTB,o projeto é dela,69285,70269,984,984,1.0,0,0
123333,123678,345,0,GE-Phrase,261,123162,126484,3322,345,1.0,171,-2806
123333,123678,345,0,NTB,porque &n [/1],123333,123678,345,345,1.0,0,0
123678,123884,206,0,GE-Phrase,261,123162,126484,3322,206,1.0,516,-2600
123678,123884,206,0,NTB,né,123678,123884,206,206,1.0,0,0
123884,124797,913,0,GE-Phrase,261,123162,126484,3322,913,1.0,722,-1687
123884,124797,913,0,NTB,ia parar tudo,123884,124797,913,913,1.0,0,0
124797,126007,1210,0,GE-Phrase,261,123162,126484,3322,1210,1.0,1635,-477
124797,126007,1210,0,NTB,então vou monitorar quem,124797,126007,1210,1210,1.0,0,0
126007,127426,1419,0,GE-Phrase,261,123162,126484,3322,477,0.336,2845,942
126007,127426,1419,0,NTB,et cetera,126007,127426,1419,1419,1.0,0,0
131502,132715,1213,0,GE-Phrase,262,128821,132202,3381,700,0.577,2681,513
131502,132715,1213,0,GE-Phrase,263,132202,134077,1875,513,0.423,-700,-1362
131502,132715,1213,0,NTB,nũ tinha recebido nenhuma bolsa ainda né,131502,132715,1213,1213,1.0,0,0
132715,134762,2047,0,GE-Phrase,263,132202,134077,1875,1362,0.665,513,685
132715,134762,2047,0,GE-Phrase,264,134077,135782,1705,685,0.335,-1362,-1020
132715,134762,2047,0,NTB,tinha acabado de acontecer o processo,132715,134762,2047,2047,1.0,0,0
136371,137155,784,0,GE-Phrase,265,135782,138288,2506,784,1.0,589,-1133
136371,137155,784,0,NTB,a minha tutora,136371,137155,784,784,1.0,0,0
137155,137394,239,0,GE-Phrase,265,135782,138288,2506,239,1.0,1373,-894
137155,137394,239,0,NTB,né,137155,137394,239,239,1.0,0,0
141078,143026,1948,0,GE-Phrase,266,138288,141167,2879,89,0.046,2790,1859
141078,143026,1948,0,GE-Phrase,267,141167,142467,1300,1300,0.667,-89,559
141078,143026,1948,0,GE-Phrase,268,142467,145380,2913,559,0.287,-1389,-2354
141078,143026,1948,0,NTB,e a gente volta quando retomar a aula,141078,143026,1948,1948,1.0,0,0
149343,150432,1089,0,GE-Phrase,270,147413,149490,2077,147,0.135,1930,942
149343,150432,1089,0,GE-Phrase,271,149490,151803,2313,942,0.865,-147,-1371
149343,150432,1089,0,NTB,se cês concordarem,149343,150432,1089,1089,1.0,0,0
9631,12030,2399,0,GE-Phrase,205,9104,11228,2124,1597,0.666,527,802
9631,12030,2399,0,GE-Phrase,206,11228,13092,1864,802,0.334,-1597,-1062
9631,12030,2399,0,NTB,que inclusive tô produzindo um,9631,12030,2399,2399,1.0,0,0
12030,13506,1476,0,GE-Phrase,206,11228,13092,1864,1062,0.72,802,414
12030,13506,1476,0,GE-Phrase,207,13092,14908,1816,414,0.28,-1062,-1402
12030,13506,1476,0,NTB,p' cê ver a dubiedade da coisa,12030,13506,1476,1476,1.0,0,0
25187,26370,1183,0,GE-Phrase,212,23414,26572,3158,1183,1.0,1773,-202
25187,26370,1183,0,NTB,se eu reproduzir meu método,25187,26370,1183,1183,1.0,0,0
26370,27200,830,0,GE-Phrase,212,23414,26572,3158,202,0.243,2956,628
26370,27200,830,0,GE-Phrase,213,26572,28865,2293,628,0.757,-202,-1665
26370,27200,830,0,NTB,tá ligado,26370,27200,830,830,1.0,0,0
27200,28048,848,0,GE-Phrase,213,26572,28865,2293,848,1.0,628,-817
27200,28048,848,0,NTB,dentro da cultura,27200,28048,848,848,1.0,0,0
28048,29067,1019,0,GE-Phrase,213,26572,28865,2293,817,0.802,1476,202
28048,29067,1019,0,GE-Phrase,214,28865,30267,1402,202,0.198,-817,-1200
28048,29067,1019,0,NTB,e adequando e et cetera,28048,29067,1019,1019,1.0,0,0
69285,70269,984,0,GE-Phrase,233,69124,70078,954,793,0.806,161,191
69285,70269,984,0,GE-Phrase,234,70078,71694,1616,191,0.194,-793,-1425
69285,70269,984,0,NTB,o projeto é dela,69285,70269,984,984,1.0,0,0
123333,123678,345,0,GE-Phrase,261,123162,126484,3322,345,1.0,171,-2806
123333,123678,345,0,NTB,porque &n [/1],123333,123678,345,345,1.0,0,0
123678,123884,206,0,GE-Phrase,261,123162,126484,3322,206,1.0,516,-2600
123678,123884,206,0,NTB,né,123678,123884,206,206,1.0,0,0
123884,124797,913,0,GE-Phrase,261,123162,126484,3322,913,1.0,722,-1687
123884,124797,913,0,NTB,ia parar tudo,123884,124797,913,913,1.0,0,0
124797,126007,1210,0,GE-Phrase,261,123162,126484,3322,1210,1.0,1635,-477
124797,126007,1210,0,NTB,então vou monitorar quem,124797,126007,1210,1210,1.0,0,0
126007,127426,1419,0,GE-Phrase,261,123162,126484,3322,477,0.336,2845,942
126007,127426,1419,0,NTB,et cetera,126007,127426,1419,1419,1.0,0,0
131502,132715,1213,0,GE-Phrase,262,128821,132202,3381,700,0.577,2681,513
131502,132715,1213,0,GE-Phrase,263,132202,134077,1875,513,0.423,-700,-1362
131502,132715,1213,0,NTB,nũ tinha recebido nenhuma bolsa ainda né,131502,132715,1213,1213,1.0,0,0
132715,134762,2047,0,GE-Phrase,263,132202,134077,1875,1362,0.665,513,685
132715,134762,2047,0,GE-Phrase,264,134077,135782,1705,685,0.335,-1362,-1020
132715,134762,2047,0,NTB,tinha acabado de acontecer o processo,132715,134762,2047,2047,1.0,0,0
136371,137155,784,0,GE-Phrase,265,135782,138288,2506,784,1.0,589,-1133
136371,137155,784,0,NTB,a minha tutora,136371,137155,784,784,1.0,0,0
137155,137394,239,0,GE-Phrase,265,135782,138288,2506,239,1.0,1373,-894
137155,137394,239,0,NTB,né,137155,137394,239,239,1.0,0,0
141078,143026,1948,0,GE-Phrase,266,138288,141167,2879,89,0.046,2790,1859
141078,143026,1948,0,GE-Phrase,267,141167,142467,1300,1300,0.667,-89,559
141078,143026,1948,0,GE-Phrase,268,142467,145380,2913,559,0.287,-1389,-2354
141078,143026,1948,0,NTB,e a gente volta quando retomar a aula,141078,143026,1948,1948,1.0,0,0
149343,150432,1089,0,GE-Phrase,270,147413,149490,2077,147,0.135,1930,942
149343,150432,1089,0,GE-Phrase,271,149490,151803,2313,942,0.865,-147,-1371
149343,150432,1089,0,NTB,se cês concordarem,149343,150432,1089,1089,1.0,0,0
9631,12030,2399,0,GE-Phrase,205,9104,11228,2124,1597,0.666,527,802
9631,12030,2399,0,GE-Phrase,206,11228,13092,1864,802,0.334,-1597,-1062
9631,12030,2399,0,NTB,que inclusive tô produzindo um,9631,12030,2399,2399,1.0,0,0
12030,13506,1476,0,GE-Phrase,206,11228,13092,1864,1062,0.72,802,414
12030,13506,1476,0,GE-Phrase,207,13092,14908,1816,414,0.28,-1062,-1402
12030,13506,1476,0,NTB,p' cê ver a dubiedade da coisa,12030,13506,1476,1476,1.0,0,0
25187,26370,1183,0,GE-Phrase,212,23414,26572,3158,1183,1.0,1773,-202
25187,26370,1183,0,NTB,se eu reproduzir meu método,25187,26370,1183,1183,1.0,0,0
26370,27200,830,0,GE-Phrase,212,23414,26572,3158,202,0.243,2956,628
26370,27200,830,0,GE-Phrase,213,26572,28865,2293,628,0.757,-202,-1665
26370,27200,830,0,NTB,tá ligado,26370,27200,830,830,1.0,0,0
27200,28048,848,0,GE-Phrase,213,26572,28865,2293,848,1.0,628,-817
27200,28048,848,0,NTB,dentro da cultura,27200,28048,848,848,1.0,0,0
28048,29067,1019,0,GE-Phrase,213,26572,28865,2293,817,0.802,1476,202
28048,29067,1019,0,GE-Phrase,214,28865,30267,1402,202,0.198,-817,-1200
28048,29067,1019,0,NTB,e adequando e et cetera,28048,29067,1019,1019,1.0,0,0
69285,70269,984,0,GE-Phrase,233,69124,70078,954,793,0.806,161,191
69285,70269,984,0,GE-Phrase,234,70078,71694,1616,191,0.194,-793,-1425
69285,70269,984,0,NTB,o projeto é dela,69285,70269,984,984,1.0,0,0
123333,123678,345,0,GE-Phrase,261,123162,126484,3322,345,1.0,171,-2806
123333,123678,345,0,NTB,porque &n [/1],123333,123678,345,345,1.0,0,0
123678,123884,206,0,GE-Phrase,261,123162,126484,3322,206,1.0,516,-2600
123678,123884,206,0,NTB,né,123678,123884,206,206,1.0,0,0
123884,124797,913,0,GE-Phrase,261,123162,126484,3322,913,1.0,722,-1687
123884,124797,913,0,NTB,ia parar tudo,123884,124797,913,913,1.0,0,0
124797,126007,1210,0,GE-Phrase,261,123162,126484,3322,1210,1.0,1635,-477
124797,126007,1210,0,NTB,então vou monitorar quem,124797,126007,1210,1210,1.0,0,0
126007,127426,1419,0,GE-Phrase,261,123162,126484,3322,477,0.336,2845,942
126007,127426,1419,0,NTB,et cetera,126007,127426,1419,1419,1.0,0,0
131502,132715,1213,0,GE-Phrase,262,128821,132202,3381,700,0.577,2681,513
131502,132715,1213,0,GE-Phrase,263,132202,134077,1875,513,0.423,-700,-1362
131502,132715,1213,0,NTB,nũ tinha recebido nenhuma bolsa ainda né,131502,132715,1213,1213,1.0,0,0
132715,134762,2047,0,GE-Phrase,263,132202,134077,1875,1362,0.665,513,685
132715,134762,2047,0,GE-Phrase,264,134077,135782,1705,685,0.335,-1362,-1020
132715,134762,2047,0,NTB,tinha acabado de acontecer o processo,132715,134762,2047,2047,1.0,0,0
136371,137155,784,0,GE-Phrase,265,135782,138288,2506,784,1.0,589,-1133
136371,137155,784,0,NTB,a minha tutora,136371,137155,784,784,1.0,0,0
137155,137394,239,0,GE-Phrase,265,135782,138288,2506,239,1.0,1373,-894
137155,137394,239,0,NTB,né,137155,137394,239,239,1.0,0,0
141078,143026,1948,0,GE-Phrase,266,138288,141167,2879,89,0.046,2790,1859
141078,143026,1948,0,GE-Phrase,267,141167,142467,1300,1300,0.667,-89,559
141078,143026,1948,0,GE-Phrase,268,142467,145380,2913,559,0.287,-1389,-2354
141078,143026,1948,0,NTB,e a gente volta quando retomar a aula,141078,143026,1948,1948,1.0,0,0
149343,150432,1089,0,GE-Phrase,270,147413,149490,2077,147,0.135,1930,942
149343,150432,1089,0,GE-Phrase,271,149490,151803,2313,942,0.865,-147,-1371
149343,150432,1089,0,NTB,se cês concordarem,149343,150432,1089,1089,1.0,0,0
9631,12030,2399,0,GE-Phrase,205,9104,11228,2124,1597,0.666,527,802
9631,12030,2399,0,GE-Phrase,206,11228,13092,1864,802,0.334,-1597,-1062
9631,12030,2399,0,NTB,que inclusive tô produzindo um,9631,12030,2399,2399,1.0,0,0
12030,13506,1476,0,GE-Phrase,206,11228,13092,1864,1062,0.72,802,414
12030,13506,1476,0,GE-Phrase,207,13092,14908,1816,414,0.28,-1062,-1402
12030,13506,1476,0,NTB,p' cê ver a dubiedade da coisa,12030,13506,1476,1476,1.0,0,0
25187,26370,1183,0,GE-Phrase,212,23414,26572,3158,1183,1.0,1773,-202
25187,26370,1183,0,NTB,se eu reproduzir meu método,25187,26370,1183,1183,1.0,0,0
26370,27200,830,0,GE-Phrase,212,23414,26572,3158,202,0.243,2956,628
26370,27200,830,0,GE-Phrase,213,26572,28865,2293,628,0.757,-202,-1665
26370,27200,830,0,NTB,tá ligado,26370,27200,830,830,1.0,0,0
27200,28048,848,0,GE-Phrase,213,26572,28865,2293,848,1.0,628,-817
27200,28048,848,0,NTB,dentro da cultura,27200,28048,848,848,1.0,0,0
28048,29067,1019,0,GE-Phrase,213,26572,28865,2293,817,0.802,1476,202
28048,29067,1019,0,GE-Phrase,214,28865,30267,1402,202,0.198,-817,-1200
28048,29067,1019,0,NTB,e adequando e et cetera,28048,29067,1019,1019,1.0,0,0
69285,70269,984,0,GE-Phrase,233,69124,70078,954,793,0.806,161,191
69285,70269,984,0,GE-Phrase,234,70078,71694,1616,191,0.194,-793,-1425
69285,70269,984,0,NTB,o projeto é dela,69285,70269,984,984,1.0,0,0
123333,123678,345,0,GE-Phrase,261,123162,126484,3322,345,1.0,171,-2806
123333,123678,345,0,NTB,porque &n [/1],123333,123678,345,345,1.0,0,0
123678,123884,206,0,GE-Phrase,261,123162,126484,3322,206,1.0,516,-2600
123678,123884,206,0,NTB,né,123678,123884,206,206,1.0,0,0
123884,124797,913,0,GE-Phrase,261,123162,126484,3322,913,1.0,722,-1687
123884,124797,913,0,NTB,ia parar tudo,123884,124797,913,913,1.0,0,0
124797,126007,1210,0,GE-Phrase,261,123162,126484,3322,1210,1.0,1635,-477
124797,126007,1210,0,NTB,então vou monitorar quem,124797,126007,1210,1210,1.0,0,0
126007,127426,1419,0,GE-Phrase,261,123162,126484,3322,477,0.336,2845,942
126007,127426,1419,0,NTB,et cetera,126007,127426,1419,1419,1.0,0,0
131502,132715,1213,0,GE-Phrase,262,128821,132202,3381,700,0.577,2681,513
131502,132715,1213,0,GE-Phrase,263,132202,134077,1875,513,0.423,-700,-1362
131502,132715,1213,0,NTB,nũ tinha recebido nenhuma bolsa ainda né,131502,132715,1213,1213,1.0,0,0
132715,134762,2047,0,GE-Phrase,263,132202,134077,1875,1362,0.665,513,685
132715,134762,2047,0,GE-Phrase,264,134077,135782,1705,685,0.335,-1362,-1020
132715,134762,2047,0,NTB,tinha acabado de acontecer o processo,132715,134762,2047,2047,1.0,0,0
136371,137155,784,0,GE-Phrase,265,135782,138288,2506,784,1.0,589,-1133
136371,137155,784,0,NTB,a minha tutora,136371,137155,784,784,1.0,0,0
137155,137394,239,0,GE-Phrase,265,135782,138288,2506,239,1.0,1373,-894
137155,137394,239,0,NTB,né,137155,137394,239,239,1.0,0,0
141078,143026,1948,0,GE-Phrase,266,138288,141167,2879,89,0.046,2790,1859
141078,143026,1948,0,GE-Phrase,267,141167,142467,1300,1300,0.667,-89,559
141078,143026,1948,0,GE-Phrase,268,142467,145380,2913,559,0.287,-1389,-2354
141078,143026,1948,0,NTB,e a gente volta quando retomar a aula,141078,143026,1948,1948,1.0,0,0
149343,150432,1089,0,GE-Phrase,270,147413,149490,2077,147,0.135,1930,942
149343,150432,1089,0,GE-Phrase,271,149490,151803,2313,942,0.865,-147,-1371
149343,150432,1089,0,NTB,se cês concordarem,149343,150432,1089,1089,1.0,0,0
9631,12030,2399,0,GE-Phrase,205,9104,11228,2124,1597,0.666,527,802
9631,12030,2399,0,GE-Phrase,206,11228,13092,1864,802,0.334,-1597,-1062
9631,12030,2399,0,NTB,que inclusive tô produzindo um,9631,12030,2399,2399,1.0,0,0
12030,13506,1476,0,GE-Phrase,206,11228,13092,1864,1062,0.72,802,414
12030,13506,1476,0,GE-Phrase,207,13092,14908,1816,414,0.28,-1062,-1402
12030,13506,1476,0,NTB,p' cê ver a dubiedade da coisa,12030,13506,1476,1476,1.0,0,0
25187,26370,1183,0,GE-Phrase,212,23414,26572,3158,1183,1.0,1773,-202
25187,26370,1183,0,NTB,se eu reproduzir meu método,25187,26370,1183,1183,1.0,0,0
26370,27200,830,0,GE-Phrase,212,23414,26572,3158,202,0.243,2956,628
26370,27200,830,0,GE-Phrase,213,26572,28865,2293,628,0.757,-202,-1665
26370,27200,830,0,NTB,tá ligado,26370,27200,830,830,1.0,0,0
27200,28048,848,0,GE-Phrase,213,26572,28865,2293,848,1.0,628,-817
27200,28048,848,0,NTB,dentro da cultura,27200,28048,848,848,1.0,0,0
28048,29067,1019,0,GE-Phrase,213,26572,28865,2293,817,0.802,1476,202
28048,29067,1019,0,GE-Phrase,214,28865,30267,1402,202,0.198,-817,-1200
28048,29067,1019,0,NTB,e adequando e et cetera,28048,29067,1019,1019,1.0,0,0
69285,70269,984,0,GE-Phrase,233,69124,70078,954,793,0.806,161,191
69285,70269,984,0,GE-Phrase,234,70078,71694,1616,191,0.194,-793,-1425
69285,70269,984,0,NTB,o projeto é dela,69285,70269,984,984,1.0,0,0
123333,123678,345,0,GE-Phrase,261,123162,126484,3322,345,1.0,171,-2806
123333,123678,345,0,NTB,porque &n [/1],123333,123678,345,345,1.0,0,0
123678,123884,206,0,GE-Phrase,261,123162,126484,3322,206,1.0,516,-2600
123678,123884,206,0,NTB,né,123678,123884,206,206,1.0,0,0
123884,124797,913,0,GE-Phrase,261,123162,126484,3322,913,1.0,722,-1687
123884,124797,913,0,NTB,ia parar tudo,123884,124797,913,913,1.0,0,0
124797,126007,1210,0,GE-Phrase,261,123162,126484,3322,1210,1.0,1635,-477
124797,126007,1210,0,NTB,então vou monitorar quem,124797,126007,1210,1210,1.0,0,0
126007,127426,1419,0,GE-Phrase,261,123162,126484,3322,477,0.336,2845,942
126007,127426,1419,0,NTB,et cetera,126007,127426,1419,1419,1.0,0,0
131502,132715,1213,0,GE-Phrase,262,128821,132202,3381,700,0.577,2681,513
131502,132715,1213,0,GE-Phrase,263,132202,134077,1875,513,0.423,-700,-1362
131502,132715,1213,0,NTB,nũ tinha recebido nenhuma bolsa ainda né,131502,132715,1213,1213,1.0,0,0
132715,134762,2047,0,GE-Phrase,263,132202,134077,1875,1362,0.665,513,685
132715,134762,2047,0,GE-Phrase,264,134077,135782,1705,685,0.335,-1362,-1020
132715,134762,2047,0,NTB,tinha acabado de acontecer o processo,132715,134762,2047,2047,1.0,0,0
136371,137155,784,0,GE-Phrase,265,135782,138288,2506,784,1.0,589,-1133
136371,137155,784,0,NTB,a minha tutora,136371,137155,784,784,1.0,0,0
137155,137394,239,0,GE-Phrase,265,135782,138288,2506,239,1.0,1373,-894
137155,137394,239,0,NTB,né,137155,137394,239,239,1.0,0,0
141078,143026,1948,0,GE-Phrase,266,138288,141167,2879,89,0.046,2790,1859
141078,143026,1948,0,GE-Phrase,267,141167,142467,1300,1300,0.667,-89,559
141078,143026,1948,0,GE-Phrase,268,142467,145380,2913,559,0.287,-1389,-2354
141078,143026,1948,0,NTB,e a gente volta quando retomar a aula,141078,143026,1948,1948,1.0,0,0
149343,150432,1089,0,GE-Phrase,270,147413,149490,2077,147,0.135,1930,942
149343,150432,1089,0,GE-Phrase,271,149490,151803,2313,942,0.865,-147,-1371
149343,150432,1089,0,NTB,se cês concordarem,149343,150432,1089,1089,1.0,0,0
9631,12030,2399,0,GE-Phrase,205,9104,11228,2124,1597,0.666,527,802
9631,12030,2399,0,GE-Phrase,206,11228,13092,1864,802,0.334,-1597,-1062
9631,12030,2399,0,NTB,que inclusive tô produzindo um,9631,12030,2399,2399,1.0,0,0
12030,13506,1476,0,GE-Phrase,206,11228,13092,1864,1062,0.72,802,414
12030,13506,1476,0,GE-Phrase,207,13092,14908,1816,414,0.28,-1062,-1402
12030,13506,1476,0,NTB,p' cê ver a dubiedade da coisa,12030,13506,1476,1476,1.0,0,0
25187,26370,1183,0,GE-Phrase,212,23414,26572,3158,1183,1.0,1773,-202
25187,26370,1183,0,NTB,se eu reproduzir meu método,25187,26370,1183,1183,1.0,0,0
26370,27200,830,0,GE-Phrase,212,23414,26572,3158,202,0.243,2956,628
26370,27200,830,0,GE-Phrase,213,26572,28865,2293,628,0.757,-202,-1665
26370,27200,830,0,NTB,tá ligado,26370,27200,830,830,1.0,0,0
27200,28048,848,0,GE-Phrase,213,26572,28865,2293,848,1.0,628,-817
27200,28048,848,0,NTB,dentro da cultura,27200,28048,848,848,1.0,0,0
28048,29067,1019,0,GE-Phrase,213,26572,28865,2293,817,0.802,1476,202
28048,29067,1019,0,GE-Phrase,214,28865,30267,1402,202,0.198,-817,-1200
28048,29067,1019,0,NTB,e adequando e et cetera,28048,29067,1019,1019,1.0,0,0
69285,70269,984,0,GE-Phrase,233,69124,70078,954,793,0.806,161,191
69285,70269,984,0,GE-Phrase,234,70078,71694,1616,191,0.194,-793,-1425
69285,70269,984,0,NTB,o projeto é dela,69285,70269,984,984,1.0,0,0
123333,123678,345,0,GE-Phrase,261,123162,126484,3322,345,1.0,171,-2806
123333,123678,345,0,NTB,porque &n [/1],123333,123678,345,345,1.0,0,0
123678,123884,206,0,GE-Phrase,261,123162,126484,3322,206,1.0,516,-2600
123678,123884,206,0,NTB,né,123678,123884,206,206,1.0,0,0
123884,124797,913,0,GE-Phrase,261,123162,126484,3322,913,1.0,722,-1687
123884,124797,913,0,NTB,ia parar tudo,123884,124797,913,913,1.0,0,0
124797,126007,1210,0,GE-Phrase,261,123162,126484,3322,1210,1.0,1635,-477
124797,126007,1210,0,NTB,então vou monitorar quem,124797,126007,1210,1210,1.0,0,0
126007,127426,1419,0,GE-Phrase,261,123162,126484,3322,477,0.336,2845,942
126007,127426,1419,0,NTB,et cetera,126007,127426,1419,1419,1.0,0,0
131502,132715,1213,0,GE-Phrase,262,128821,132202,3381,700,0.577,2681,513
131502,132715,1213,0,GE-Phrase,263,132202,134077,1875,513,0.423,-700,-1362
131502,132715,1213,0,NTB,nũ tinha recebido nenhuma bolsa ainda né,131502,132715,1213,1213,1.0,0,0
132715,134762,2047,0,GE-Phrase,263,132202,134077,1875,1362,0.665,513,685
132715,134762,2047,0,GE-Phrase,264,134077,135782,1705,685,0.335,-1362,-1020
132715,134762,2047,0,NTB,tinha acabado de acontecer o processo,132715,134762,2047,2047,1.0,0,0
136371,137155,784,0,GE-Phrase,265,135782,138288,2506,784,1.0,589,-1133
136371,137155,784,0,NTB,a minha tutora,136371,137155,784,784,1.0,0,0
137155,137394,239,0,GE-Phrase,265,135782,138288,2506,239,1.0,1373,-894
137155,137394,239,0,NTB,né,137155,137394,239,239,1.0,0,0
141078,143026,1948,0,GE-Phrase,266,138288,141167,2879,89,0.046,2790,1859
141078,143026,1948,0,GE-Phrase,267,141167,142467,1300,1300,0.667,-89,559
141078,143026,1948,0,GE-Phrase,268,142467,145380,2913,559,0.287,-1389,-2354
141078,143026,1948,0,NTB,e a gente volta quando retomar a aula,141078,143026,1948,1948,1.0,0,0
149343,150432,1089,0,GE-Phrase,270,147413,149490,2077,147,0.135,1930,942
149343,150432,1089,0,GE-Phrase,271,149490,151803,2313,942,0.865,-147,-1371
149343,150432,1089,0,NTB,se cês concordarem,149343,150432,1089,1089,1.0,0,0
9631,12030,2399,0,GE-Phrase,205,9104,11228,2124,1597,0.666,527,802
9631,12030,2399,0,GE-Phrase,206,11228,13092,1864,802,0.334,-1597,-1062
9631,12030,2399,0,NTB,que inclusive tô produzindo um,9631,12030,2399,2399,1.0,0,0
12030,13506,1476,0,GE-Phrase,206,11228,13092,1864,1062,0.72,802,414
12030,13506,1476,0,GE-Phrase,207,13092,14908,1816,414,0.28,-1062,-1402
12030,13506,1476,0,NTB,p' cê ver a dubiedade da coisa,12030,13506,1476,1476,1.0,0,0
25187,26370,1183,0,GE-Phrase,212,23414,26572,3158,1183,1.0,1773,-202
25187,26370,1183,0,NTB,se eu reproduzir meu método,25187,26370,1183,1183,1.0,0,0
26370,27200,830,0,GE-Phrase,212,23414,26572,3158,202,0.243,2956,628
26370,27200,830,0,GE-Phrase,213,26572,28865,2293,628,0.757,-202,-1665
26370,27200,830,0,NTB,tá ligado,26370,27200,830,830,1.0,0,0
27200,28048,848,0,GE-Phrase,213,26572,28865,2293,848,1.0,628,-817
27200,28048,848,0,NTB,dentro da cultura,27200,28048,848,848,1.0,0,0
28048,29067,1019,0,GE-Phrase,213,26572,28865,2293,817,0.802,1476,202
28048,29067,1019,0,GE-Phrase,214,28865,30267,1402,202,0.198,-817,-1200
28048,29067,1019,0,NTB,e adequando e et cetera,28048,29067,1019,1019,1.0,0,0
69285,70269,984,0,GE-Phrase,233,69124,70078,954,793,0.806,161,191
69285,70269,984,0,GE-Phrase,234,70078,71694,1616,191,0.194,-793,-1425
69285,70269,984,0,NTB,o projeto é dela,69285,70269,984,984,1.0,0,0
123333,123678,345,0,GE-Phrase,261,123162,126484,3322,345,1.0,171,-2806
123333,123678,345,0,NTB,porque &n [/1],123333,123678,345,345,1.0,0,0
123678,123884,206,0,GE-Phrase,261,123162,126484,3322,206,1.0,516,-2600
123678,123884,206,0,NTB,né,123678,123884,206,206,1.0,0,0
123884,124797,913,0,GE-Phrase,261,123162,126484,3322,913,1.0,722,-1687
123884,124797,913,0,NTB,ia parar tudo,123884,124797,913,913,1.0,0,0
124797,126007,1210,0,GE-Phrase,261,123162,126484,3322,1210,1.0,1635,-477
124797,126007,1210,0,NTB,então vou monitorar quem,124797,126007,1210,1210,1.0,0,0
126007,127426,1419,0,GE-Phrase,261,123162,126484,3322,477,0.336,2845,942
126007,127426,1419,0,NTB,et cetera,126007,127426,1419,1419,1.0,0,0
131502,132715,1213,0,GE-Phrase,262,128821,132202,3381,700,0.577,2681,513
131502,132715,1213,0,GE-Phrase,263,132202,134077,1875,513,0.423,-700,-1362
131502,132715,1213,0,NTB,nũ tinha recebido nenhuma bolsa ainda né,131502,132715,1213,1213,1.0,0,0
132715,134762,2047,0,GE-Phrase,263,132202,134077,1875,1362,0.665,513,685
132715,134762,2047,0,GE-Phrase,264,134077,135782,1705,685,0.335,-1362,-1020
132715,134762,2047,0,NTB,tinha acabado de acontecer o processo,132715,134762,2047,2047,1.0,0,0
136371,137155,784,0,GE-Phrase,265,135782,138288,2506,784,1.0,589,-1133
136371,137155,784,0,NTB,a minha tutora,136371,137155,784,784,1.0,0,0
137155,137394,239,0,GE-Phrase,265,135782,138288,2506,239,1.0,1373,-894
137155,137394,239,0,NTB,né,137155,137394,239,239,1.0,0,0
141078,143026,1948,0,GE-Phrase,266,138288,141167,2879,89,0.046,2790,1859
141078,143026,1948,0,GE-Phrase,267,141167,142467,1300,1300,0.667,-89,559
141078,143026,1948,0,GE-Phrase,268,142467,145380,2913,559,0.287,-1389,-2354
141078,143026,1948,0,NTB,e a gente volta quando retomar a aula,141078,143026,1948,1948,1.0,0,0
149343,150432,1089,0,GE-Phrase,270,147413,149490,2077,147,0.135,1930,942
149343,150432,1089,0,GE-Phrase,271,149490,151803,2313,942,0.865,-147,-1371
149343,150432,1089,0,NTB,se cês concordarem,149343,150432,1089,1089,1.0,0,0
9631,12030,2399,0,GE-Phrase,205,9104,11228,2124,1597,0.666,527,802
9631,12030,2399,0,GE-Phrase,206,11228,13092,1864,802,0.334,-1597,-1062
9631,12030,2399,0,NTB,que inclusive tô produzindo um,9631,12030,2399,2399,1.0,0,0
12030,13506,1476,0,GE-Phrase,206,11228,13092,1864,1062,0.72,802,414
12030,13506,1476,0,GE-Phrase,207,13092,14908,1816,414,0.28,-1062,-1402
12030,13506,1476,0,NTB,p' cê ver a dubiedade da coisa,12030,13506,1476,1476,1.0,0,0
25187,26370,1183,0,GE-Phrase,212,23414,26572,3158,1183,1.0,1773,-202
25187,26370,1183,0,NTB,se eu reproduzir meu método,25187,26370,1183,1183,1.0,0,0
26370,27200,830,0,GE-Phrase,212,23414,26572,3158,202,0.243,2956,628
26370,27200,830,0,GE-Phrase,213,26572,28865,2293,628,0.757,-202,-1665
26370,27200,830,0,NTB,tá ligado,26370,27200,830,830,1.0,0,0
27200,28048,848,0,GE-Phrase,213,26572,28865,2293,848,1.0,628,-817
27200,28048,848,0,NTB,dentro da cultura,27200,28048,848,848,1.0,0,0
28048,29067,1019,0,GE-Phrase,213,26572,28865,2293,817,0.802,1476,202
28048,29067,1019,0,GE-Phrase,214,28865,30267,1402,202,0.198,-817,-1200
28048,29067,1019,0,NTB,e adequando e et cetera,28048,29067,1019,1019,1.0,0,0
69285,70269,984,0,GE-Phrase,233,69124,70078,954,793,0.806,161,191
69285,70269,984,0,GE-Phrase,234,70078,71694,1616,191,0.194,-793,-1425
69285,70269,984,0,NTB,o projeto é dela,69285,70269,984,984,1.0,0,0
123333,123678,345,0,GE-Phrase,261,123162,126484,3322,345,1.0,171,-2806
123333,123678,345,0,NTB,porque &n [/1],123333,123678,345,345,1.0,0,0
123678,123884,206,0,GE-Phrase,261,123162,126484,3322,206,1.0,516,-2600
123678,123884,206,0,NTB,né,123678,123884,206,206,1.0,0,0
123884,124797,913,0,GE-Phrase,261,123162,126484,3322,913,1.0,722,-1687
123884,124797,913,0,NTB,ia parar tudo,123884,124797,913,913,1.0,0,0
124797,126007,1210,0,GE-Phrase,261,123162,126484,3322,1210,1.0,1635,-477
124797,126007,1210,0,NTB,então vou monitorar quem,124797,126007,1210,1210,1.0,0,0
126007,127426,1419,0,GE-Phrase,261,123162,126484,3322,477,0.336,2845,942
126007,127426,1419,0,NTB,et cetera,126007,127426,1419,1419,1.0,0,0
131502,132715,1213,0,GE-Phrase,262,128821,132202,3381,700,0.577,2681,513
131502,132715,1213,0,GE-Phrase,263,132202,134077,1875,513,0.423,-700,-1362
131502,132715,1213,0,NTB,nũ tinha recebido nenhuma bolsa ainda né,131502,132715,1213,1213,1.0,0,0
132715,134762,2047,0,GE-Phrase,263,132202,134077,1875,1362,0.665,513,685
132715,134762,2047,0,GE-Phrase,264,134077,135782,1705,685,0.335,-1362,-1020
132715,134762,2047,0,NTB,tinha acabado de acontecer o processo,132715,134762,2047,2047,1.0,0,0
136371,137155,784,0,GE-Phrase,265,135782,138288,2506,784,1.0,589,-1133
136371,137155,784,0,NTB,a minha tutora,136371,137155,784,784,1.0,0,0
137155,137394,239,0,GE-Phrase,265,135782,138288,2506,239,1.0,1373,-894
137155,137394,239,0,NTB,né,137155,137394,239,239,1.0,0,0
141078,143026,1948,0,GE-Phrase,266,138288,141167,2879,89,0.046,2790,1859
141078,143026,1948,0,GE-Phrase,267,141167,142467,1300,1300,0.667,-89,559
141078,143026,1948,0,GE-Phrase,268,142467,145380,2913,559,0.287,-1389,-2354
141078,143026,1948,0,NTB,e a gente volta quando retomar a aula,141078,143026,1948,1948,1.0,0,0
149343,150432,1089,0,GE-Phrase,270,147413,149490,2077,147,0.135,1930,942
149343,150432,1089,0,GE-Phrase,271,149490,151803,2313,942,0.865,-147,-1371
149343,150432,1089,0,NTB,se cês concordarem,149343,150432,1089,1089,1.0,0,0
9631,12030,2399,0,GE-Phrase,205,9104,11228,2124,1597,0.666,527,802
9631,12030,2399,0,GE-Phrase,206,11228,13092,1864,802,0.334,-1597,-1062
9631,12030,2399,0,NTB,que inclusive tô produzindo um,9631,12030,2399,2399,1.0,0,0
12030,13506,1476,0,GE-Phrase,206,11228,13092,1864,1062,0.72,802,414
12030,13506,1476,0,GE-Phrase,207,13092,14908,1816,414,0.28,-1062,-1402
12030,13506,1476,0,NTB,p' cê ver a dubiedade da coisa,12030,13506,1476,1476,1.0,0,0
25187,26370,1183,0,GE-Phrase,212,23414,26572,3158,1183,1.0,1773,-202
25187,26370,1183,0,NTB,se eu reproduzir meu método,25187,26370,1183,1183,1.0,0,0
26370,27200,830,0,GE-Phrase,212,23414,26572,3158,202,0.243,2956,628
26370,27200,830,0,GE-Phrase,213,26572,28865,2293,628,0.757,-202,-1665
26370,27200,830,0,NTB,tá ligado,26370,27200,830,830,1.0,0,0
27200,28048,848,0,GE-Phrase,213,26572,28865,2293,848,1.0,628,-817
27200,28048,848,0,NTB,dentro da cultura,27200,28048,848,848,1.0,0,0
28048,29067,1019,0,GE-Phrase,213,26572,28865,2293,817,0.802,1476,202
28048,29067,1019,0,GE-Phrase,214,28865,30267,1402,202,0.198,-817,-1200
28048,29067,1019,0,NTB,e adequando e et cetera,28048,29067,1019,1019,1.0,0,0
69285,70269,984,0,GE-Phrase,233,69124,70078,954,793,0.806,161,191
69285,70269,984,0,GE-Phrase,234,70078,71694,1616,191,0.194,-793,-1425
69285,70269,984,0,NTB,o projeto é dela,69285,70269,984,984,1.0,0,0
123333,123678,345,0,GE-Phrase,261,123162,126484,3322,345,1.0,171,-2806
123333,123678,345,0,NTB,porque &n [/1],123333,123678,345,345,1.0,0,0
123678,123884,206,0,GE-Phrase,261,123162,126484,3322,206,1.0,516,-2600
123678,123884,206,0,NTB,né,123678,123884,206,206,1.0,0,0
123884,124797,913,0,GE-Phrase,261,123162,126484,3322,913,1.0,722,-1687
123884,124797,913,0,NTB,ia parar tudo,123884,124797,913,913,1.0,0,0
124797,126007,1210,0,GE-Phrase,261,123162,126484,3322,1210,1.0,1635,-477
124797,126007,1210,0,NTB,então vou monitorar quem,124797,126007,1210,1210,1.0,0,0
126007,127426,1419,0,GE-Phrase,261,123162,126484,3322,477,0.336,2845,942
126007,127426,1419,0,NTB,et cetera,126007,127426,1419,1419,1.0,0,0
131502,132715,1213,0,GE-Phrase,262,128821,132202,3381,700,0.577,2681,513
131502,132715,1213,0,GE-Phrase,263,132202,134077,1875,513,0.423,-700,-1362
131502,132715,1213,0,NTB,nũ tinha recebido nenhuma bolsa ainda né,131502,132715,1213,1213,1.0,0,0
132715,134762,2047,0,GE-Phrase,263,132202,134077,1875,1362,0.665,513,685
132715,134762,2047,0,GE-Phrase,264,134077,135782,1705,685,0.335,-1362,-1020
132715,134762,2047,0,NTB,tinha acabado de acontecer o processo,132715,134762,2047,2047,1.0,0,0
136371,137155,784,0,GE-Phrase,265,135782,138288,2506,784,1.0,589,-1133
136371,137155,784,0,NTB,a minha tutora,136371,137155,784,784,1.0,0,0
137155,137394,239,0,GE-Phrase,265,135782,138288,2506,239,1.0,1373,-894
137155,137394,239,0,NTB,né,137155,137394,239,239,1.0,0,0
141078,143026,1948,0,GE-Phrase,266,138288,141167,2879,89,0.046,2790,1859
141078,143026,1948,0,GE-Phrase,267,141167,142467,1300,1300,0.667,-89,559
141078,143026,1948,0,GE-Phrase,268,142467,145380,2913,559,0.287,-1389,-2354
141078,143026,1948,0,NTB,e a gente volta quando retomar a aula,141078,143026,1948,1948,1.0,0,0
149343,150432,1089,0,GE-Phrase,270,147413,149490,2077,147,0.135,1930,942
149343,150432,1089,0,GE-Phrase,271,149490,151803,2313,942,0.865,-147,-1371
149343,150432,1089,0,NTB,se cês concordarem,149343,150432,1089,1089,1.0,0,0
9631,12030,2399,0,GE-Phrase,205,9104,11228,2124,1597,0.666,527,802
9631,12030,2399,0,GE-Phrase,206,11228,13092,1864,802,0.334,-1597,-1062
9631,12030,2399,0,NTB,que inclusive tô produzindo um,9631,12030,2399,2399,1.0,0,0
12030,13506,1476,0,GE-Phrase,206,11228,13092,1864,1062,0.72,802,414
12030,13506,1476,0,GE-Phrase,207,13092,14908,1816,414,0.28,-1062,-1402
12030,13506,1476,0,NTB,p' cê ver a dubiedade da coisa,12030,13506,1476,1476,1.0,0,0
25187,26370,1183,0,GE-Phrase,212,23414,26572,3158,1183,1.0,1773,-202
25187,26370,1183,0,NTB,se eu reproduzir meu método,25187,26370,1183,1183,1.0,0,0
26370,27200,830,0,GE-Phrase,212,23414,26572,3158,202,0.243,2956,628
26370,27200,830,0,GE-Phrase,213,26572,28865,2293,628,0.757,-202,-1665
26370,27200,830,0,NTB,tá ligado,26370,27200,830,830,1.0,0,0
27200,28048,848,0,GE-Phrase,213,26572,28865,2293,848,1.0,628,-817
27200,28048,848,0,NTB,dentro da cultura,27200,28048,848,848,1.0,0,0
28048,29067,1019,0,GE-Phrase,213,26572,28865,2293,817,0.802,1476,202
28048,29067,1019,0,GE-Phrase,214,28865,30267,1402,202,0.198,-817,-1200
28048,29067,1019,0,NTB,e adequando e et cetera,28048,29067,1019,1019,1.0,0,0
69285,70269,984,0,GE-Phrase,233,69124,70078,954,793,0.806,161,191
69285,70269,984,0,GE-Phrase,234,70078,71694,1616,191,0.194,-793,-1425
69285,70269,984,0,NTB,o projeto é dela,69285,70269,984,984,1.0,0,0
123333,123678,345,0,GE-Phrase,261,123162,126484,3322,345,1.0,171,-2806
123333,123678,345,0,NTB,porque &n [/1],123333,123678,345,345,1.0,0,0
123678,123884,206,0,GE-Phrase,261,123162,126484,3322,206,1.0,516,-2600
123678,123884,206,0,NTB,né,123678,123884,206,206,1.0,0,0
123884,124797,913,0,GE-Phrase,261,123162,126484,3322,913,1.0,722,-1687
123884,124797,913,0,NTB,ia parar tudo,123884,124797,913,913,1.0,0,0
124797,126007,1210,0,GE-Phrase,261,123162,126484,3322,1210,1.0,1635,-477
124797,126007,1210,0,NTB,então vou monitorar quem,124797,126007,1210,1210,1.0,0,0
126007,127426,1419,0,GE-Phrase,261,123162,126484,3322,477,0.336,2845,942
126007,127426,1419,0,NTB,et cetera,126007,127426,1419,1419,1.0,0,0
131502,132715,1213,0,GE-Phrase,262,128821,132202,3381,700,0.577,2681,513
131502,132715,1213,0,GE-Phrase,263,132202,134077,1875,513,0.423,-700,-1362
131502,132715,1213,0,NTB,nũ tinha recebido nenhuma bolsa ainda né,131502,132715,1213,1213,1.0,0,0
132715,134762,2047,0,GE-Phrase,263,132202,134077,1875,1362,0.665,513,685
132715,134762,2047,0,GE-Phrase,264,134077,135782,1705,685,0.335,-1362,-1020
132715,134762,2047,0,NTB,tinha acabado de acontecer o processo,132715,134762,2047,2047,1.0,0,0
136371,137155,784,0,GE-Phrase,265,135782,138288,2506,784,1.0,589,-1133
136371,137155,784,0,NTB,a minha tutora,136371,137155,784,784,1.0,0,0
137155,137394,239,0,GE-Phrase,265,135782,138288,2506,239,1.0,1373,-894
137155,137394,239,0,NTB,né,137155,137394,239,239,1.0,0,0
141078,143026,1948,0,GE-Phrase,266,138288,141167,2879,89,0.046,2790,1859
141078,143026,1948,0,GE-Phrase,267,141167,142467,1300,1300,0.667,-89,559
141078,143026,1948,0,GE-Phrase,268,142467,145380,2913,559,0.287,-1389,-2354
141078,143026,1948,0,NTB,e a gente volta quando retomar a aula,141078,143026,1948,1948,1.0,0,0
149343,150432,1089,0,GE-Phrase,270,147413,149490,2077,147,0.135,1930,942
149343,150432,1089,0,GE-Phrase,271,149490,151803,2313,942,0.865,-147,-1371
149343,150432,1089,0,NTB,se cês concordarem,149343,150432,1089,1089,1.0,0,0
9631,12030,2399,0,GE-Phrase,205,9104,11228,2124,1597,0.666,527,802
9631,12030,2399,0,GE-Phrase,206,11228,13092,1864,802,0.334,-1597,-1062
9631,12030,2399,0,NTB,que inclusive tô produzindo um,9631,12030,2399,2399,1.0,0,0
12030,13506,1476,0,GE-Phrase,206,11228,13092,1864,1062,0.72,802,414
12030,13506,1476,0,GE-Phrase,207,13092,14908,1816,414,0.28,-1062,-1402
12030,13506,1476,0,NTB,p' cê ver a dubiedade da coisa,12030,13506,1476,1476,1.0,0,0
25187,26370,1183,0,GE-Phrase,212,23414,26572,3158,1183,1.0,1773,-202
25187,26370,1183,0,NTB,se eu reproduzir meu método,25187,26370,1183,1183,1.0,0,0
26370,27200,830,0,GE-Phrase,212,23414,26572,3158,202,0.243,2956,628
26370,27200,830,0,GE-Phrase,213,26572,28865,2293,628,0.757,-202,-1665
26370,27200,830,0,NTB,tá ligado,26370,27200,830,830,1.0,0,0
27200,28048,848,0,GE-Phrase,213,26572,28865,2293,848,1.0,628,-817
27200,28048,848,0,NTB,dentro da cultura,27200,28048,848,848,1.0,0,0
28048,29067,1019,0,GE-Phrase,213,26572,28865,2293,817,0.802,1476,202
28048,29067,1019,0,GE-Phrase,214,28865,30267,1402,202,0.198,-817,-1200
28048,29067,1019,0,NTB,e adequando e et cetera,28048,29067,1019,1019,1.0,0,0
69285,70269,984,0,GE-Phrase,233,69124,70078,954,793,0.806,161,191
69285,70269,984,0,GE-Phrase,234,70078,71694,1616,191,0.194,-793,-1425
69285,70269,984,0,NTB,o projeto é dela,69285,70269,984,984,1.0,0,0
123333,123678,345,0,GE-Phrase,261,123162,126484,3322,345,1.0,171,-2806
123333,123678,345,0,NTB,porque &n [/1],123333,123678,345,345,1.0,0,0
123678,123884,206,0,GE-Phrase,261,123162,126484,3322,206,1.0,516,-2600
123678,123884,206,0,NTB,né,123678,123884,206,206,1.0,0,0
123884,124797,913,0,GE-Phrase,261,123162,126484,3322,913,1.0,722,-1687
123884,124797,913,0,NTB,ia parar tudo,123884,124797,913,913,1.0,0,0
124797,126007,1210,0,GE-Phrase,261,123162,126484,3322,1210,1.0,1635,-477
124797,126007,1210,0,NTB,então vou monitorar quem,124797,126007,1210,1210,1.0,0,0
126007,127426,1419,0,GE-Phrase,261,123162,126484,3322,477,0.336,2845,942
126007,127426,1419,0,NTB,et cetera,126007,127426,1419,1419,1.0,0,0
131502,132715,1213,0,GE-Phrase,262,128821,132202,3381,700,0.577,2681,513
131502,132715,1213,0,GE-Phrase,263,132202,134077,1875,513,0.423,-700,-1362
131502,132715,1213,0,NTB,nũ tinha recebido nenhuma bolsa ainda né,131502,132715,1213,1213,1.0,0,0
132715,134762,2047,0,GE-Phrase,263,132202,134077,1875,1362,0.665,513,685
132715,134762,2047,0,GE-Phrase,264,134077,135782,1705,685,0.335,-1362,-1020
132715,134762,2047,0,NTB,tinha acabado de acontecer o processo,132715,134762,2047,2047,1.0,0,0
136371,137155,784,0,GE-Phrase,265,135782,138288,2506,784,1.0,589,-1133
136371,137155,784,0,NTB,a minha tutora,136371,137155,784,784,1.0,0,0
137155,137394,239,0,GE-Phrase,265,135782,138288,2506,239,1.0,1373,-894
137155,137394,239,0,NTB,né,137155,137394,239,239,1.0,0,0
141078,143026,1948,0,GE-Phrase,266,138288,141167,2879,89,0.046,2790,1859
141078,143026,1948,0,GE-Phrase,267,141167,142467,1300,1300,0.667,-89,559
141078,143026,1948,0,GE-Phrase,268,142467,145380,2913,559,0.287,-1389,-2354
141078,143026,1948,0,NTB,e a gente volta quando retomar a aula,141078,143026,1948,1948,1.0,0,0
149343,150432,1089,0,GE-Phrase,270,147413,149490,2077,147,0.135,1930,942
149343,150432,1089,0,GE-Phrase,271,149490,151803,2313,942,0.865,-147,-1371
149343,150432,1089,0,NTB,se cês concordarem,149343,150432,1089,1089,1.0,0,0
9631,12030,2399,0,GE-Phrase,205,9104,11228,2124,1597,0.666,527,802
9631,12030,2399,0,GE-Phrase,206,11228,13092,1864,802,0.334,-1597,-1062
9631,12030,2399,0,NTB,que inclusive tô produzindo um,9631,12030,2399,2399,1.0,0,0
12030,13506,1476,0,GE-Phrase,206,11228,13092,1864,1062,0.72,802,414
12030,13506,1476,0,GE-Phrase,207,13092,14908,1816,414,0.28,-1062,-1402
12030,13506,1476,0,NTB,p' cê ver a dubiedade da coisa,12030,13506,1476,1476,1.0,0,0
25187,26370,1183,0,GE-Phrase,212,23414,26572,3158,1183,1.0,1773,-202
25187,26370,1183,0,NTB,se eu reproduzir meu método,25187,26370,1183,1183,1.0,0,0
26370,27200,830,0,GE-Phrase,212,23414,26572,3158,202,0.243,2956,628
26370,27200,830,0,GE-Phrase,213,26572,28865,2293,628,0.757,-202,-1665
26370,27200,830,0,NTB,tá ligado,26370,27200,830,830,1.0,0,0
27200,28048,848,0,GE-Phrase,213,26572,28865,2293,848,1.0,628,-817
27200,28048,848,0,NTB,dentro da cultura,27200,28048,848,848,1.0,0,0
28048,29067,1019,0,GE-Phrase,213,26572,28865,2293,817,0.802,1476,202
28048,29067,1019,0,GE-Phrase,214,28865,30267,1402,202,0.198,-817,-1200
28048,29067,1019,0,NTB,e adequando e et cetera,28048,29067,1019,1019,1.0,0,0
69285,70269,984,0,GE-Phrase,233,69124,70078,954,793,0.806,161,191
69285,70269,984,0,GE-Phrase,234,70078,71694,1616,191,0.194,-793,-1425
69285,70269,984,0,NTB,o projeto é dela,69285,70269,984,984,1.0,0,0
123333,123678,345,0,GE-Phrase,261,123162,126484,3322,345,1.0,171,-2806
123333,123678,345,0,NTB,porque &n [/1],123333,123678,345,345,1.0,0,0
123678,123884,206,0,GE-Phrase,261,123162,126484,3322,206,1.0,516,-2600
123678,123884,206,0,NTB,né,123678,123884,206,206,1.0,0,0
123884,124797,913,0,GE-Phrase,261,123162,126484,3322,913,1.0,722,-1687
123884,124797,913,0,NTB,ia parar tudo,123884,124797,913,913,1.0,0,0
124797,126007,1210,0,GE-Phrase,261,123162,126484,3322,1210,1.0,1635,-477
124797,126007,1210,0,NTB,então vou monitorar quem,124797,126007,1210,1210,1.0,0,0
126007,127426,1419,0,GE-Phrase,261,123162,126484,3322,477,0.336,2845,942
126007,127426,1419,0,NTB,et cetera,126007,127426,1419,1419,1.0,0,0
131502,132715,1213,0,GE-Phrase,262,128821,132202,3381,700,0.577,2681,513
131502,132715,1213,0,GE-Phrase,263,132202,134077,1875,513,0.423,-700,-1362
131502,132715,1213,0,NTB,nũ tinha recebido nenhuma bolsa ainda né,131502,132715,1213,1213,1.0,0,0
132715,134762,2047,0,GE-Phrase,263,132202,134077,1875,1362,0.665,513,685
132715,134762,2047,0,GE-Phrase,264,134077,135782,1705,685,0.335,-1362,-1020
132715,134762,2047,0,NTB,tinha acabado de acontecer o processo,132715,134762,2047,2047,1.0,0,0
136371,137155,784,0,GE-Phrase,265,135782,138288,2506,784,1.0,589,-1133
136371,137155,784,0,NTB,a minha tutora,136371,137155,784,784,1.0,0,0
137155,137394,239,0,GE-Phrase,265,135782,138288,2506,239,1.0,1373,-894
137155,137394,239,0,NTB,né,137155,137394,239,239,1.0,0,0
141078,143026,1948,0,GE-Phrase,266,138288,141167,2879,89,0.046,2790,1859
141078,143026,1948,0,GE-Phrase,267,141167,142467,1300,1300,0.667,-89,559
141078,143026,1948,0,GE-Phrase,268,142467,145380,2913,559,0.287,-1389,-2354
141078,143026,1948,0,NTB,e a gente volta quando retomar a aula,141078,143026,1948,1948,1.0,0,0
149343,150432,1089,0,GE-Phrase,270,147413,149490,2077,147,0.135,1930,942
149343,150432,1089,0,GE-Phrase,271,149490,151803,2313,942,0.865,-147,-1371
149343,150432,1089,0,NTB,se cês concordarem,149343,150432,1089,1089,1.0,0,0
9631,12030,2399,0,GE-Phrase,205,9104,11228,2124,1597,0.666,527,802
9631,12030,2399,0,GE-Phrase,206,11228,13092,1864,802,0.334,-1597,-1062
9631,12030,2399,0,NTB,que inclusive tô produzindo um,9631,12030,2399,2399,1.0,0,0
12030,13506,1476,0,GE-Phrase,206,11228,13092,1864,1062,0.72,802,414
12030,13506,1476,0,GE-Phrase,207,13092,14908,1816,414,0.28,-1062,-1402
12030,13506,1476,0,NTB,p' cê ver a dubiedade da coisa,12030,13506,1476,1476,1.0,0,0
25187,26370,1183,0,GE-Phrase,212,23414,26572,3158,1183,1.0,1773,-202
25187,26370,1183,0,NTB,se eu reproduzir meu método,25187,26370,1183,1183,1.0,0,0
26370,27200,830,0,GE-Phrase,212,23414,26572,3158,202,0.243,2956,628
26370,27200,830,0,GE-Phrase,213,26572,28865,2293,628,0.757,-202,-1665
26370,27200,830,0,NTB,tá ligado,26370,27200,830,830,1.0,0,0
27200,28048,848,0,GE-Phrase,213,26572,28865,2293,848,1.0,628,-817
27200,28048,848,0,NTB,dentro da cultura,27200,28048,848,848,1.0,0,0
28048,29067,1019,0,GE-Phrase,213,26572,28865,2293,817,0.802,1476,202
28048,29067,1019,0,GE-Phrase,214,28865,30267,1402,202,0.198,-817,-1200
28048,29067,1019,0,NTB,e adequando e et cetera,28048,29067,1019,1019,1.0,0,0
69285,70269,984,0,GE-Phrase,233,69124,70078,954,793,0.806,161,191
69285,70269,984,0,GE-Phrase,234,70078,71694,1616,191,0.194,-793,-1425
69285,70269,984,0,NTB,o projeto é dela,69285,70269,984,984,1.0,0,0
123333,123678,345,0,GE-Phrase,261,123162,126484,3322,345,1.0,171,-2806
123333,123678,345,0,NTB,porque &n [/1],123333,123678,345,345,1.0,0,0
123678,123884,206,0,GE-Phrase,261,123162,126484,3322,206,1.0,516,-2600
123678,123884,206,0,NTB,né,123678,123884,206,206,1.0,0,0
123884,124797,913,0,GE-Phrase,261,123162,126484,3322,913,1.0,722,-1687
123884,124797,913,0,NTB,ia parar tudo,123884,124797,913,913,1.0,0,0
124797,126007,1210,0,GE-Phrase,261,123162,126484,3322,1210,1.0,1635,-477
124797,126007,1210,0,NTB,então vou monitorar quem,124797,126007,1210,1210,1.0,0,0
126007,127426,1419,0,GE-Phrase,261,123162,126484,3322,477,0.336,2845,942
126007,127426,1419,0,NTB,et cetera,126007,127426,1419,1419,1.0,0,0
131502,132715,1213,0,GE-Phrase,262,128821,132202,3381,700,0.577,2681,513
131502,132715,1213,0,GE-Phrase,263,132202,134077,1875,513,0.423,-700,-1362
131502,132715,1213,0,NTB,nũ tinha recebido nenhuma bolsa ainda né,131502,132715,1213,1213,1.0,0,0
132715,134762,2047,0,GE-Phrase,263,132202,134077,1875,1362,0.665,513,685
132715,134762,2047,0,GE-Phrase,264,134077,135782,1705,685,0.335,-1362,-1020
132715,134762,2047,0,NTB,tinha acabado de acontecer o processo,132715,134762,2047,2047,1.0,0,0
136371,137155,784,0,GE-Phrase,265,135782,138288,2506,784,1.0,589,-1133
136371,137155,784,0,NTB,a minha tutora,136371,137155,784,784,1.0,0,0
137155,137394,239,0,GE-Phrase,265,135782,138288,2506,239,1.0,1373,-894
137155,137394,239,0,NTB,né,137155,137394,239,239,1.0,0,0
141078,143026,1948,0,GE-Phrase,266,138288,141167,2879,89,0.046,2790,1859
141078,143026,1948,0,GE-Phrase,267,141167,142467,1300,1300,0.667,-89,559
141078,143026,1948,0,GE-Phrase,268,142467,145380,2913,559,0.287,-1389,-2354
141078,143026,1948,0,NTB,e a gente volta quando retomar a aula,141078,143026,1948,1948,1.0,0,0
149343,150432,1089,0,GE-Phrase,270,147413,149490,2077,147,0.135,1930,942
149343,150432,1089,0,GE-Phrase,271,149490,151803,2313,942,0.865,-147,-1371
149343,150432,1089,0,NTB,se cês concordarem,149343,150432,1089,1089,1.0,0,0
9631,12030,2399,0,GE-Phrase,205,9104,11228,2124,1597,0.666,527,802
9631,12030,2399,0,GE-Phrase,206,11228,13092,1864,802,0.334,-1597,-1062
9631,12030,2399,0,NTB,que inclusive tô produzindo um,9631,12030,2399,2399,1.0,0,0
12030,13506,1476,0,GE-Phrase,206,11228,13092,1864,1062,0.72,802,414
12030,13506,1476,0,GE-Phrase,207,13092,14908,1816,414,0.28,-1062,-1402
12030,13506,1476,0,NTB,p' cê ver a dubiedade da coisa,12030,13506,1476,1476,1.0,0,0
25187,26370,1183,0,GE-Phrase,212,23414,26572,3158,1183,1.0,1773,-202
25187,26370,1183,0,NTB,se eu reproduzir meu método,25187,26370,1183,1183,1.0,0,0
26370,27200,830,0,GE-Phrase,212,23414,26572,3158,202,0.243,2956,628
26370,27200,830,0,GE-Phrase,213,26572,28865,2293,628,0.757,-202,-1665
26370,27200,830,0,NTB,tá ligado,26370,27200,830,830,1.0,0,0
27200,28048,848,0,GE-Phrase,213,26572,28865,2293,848,1.0,628,-817
27200,28048,848,0,NTB,dentro da cultura,27200,28048,848,848,1.0,0,0
28048,29067,1019,0,GE-Phrase,213,26572,28865,2293,817,0.802,1476,202
28048,29067,1019,0,GE-Phrase,214,28865,30267,1402,202,0.198,-817,-1200
28048,29067,1019,0,NTB,e adequando e et cetera,28048,29067,1019,1019,1.0,0,0
69285,70269,984,0,GE-Phrase,233,69124,70078,954,793,0.806,161,191
69285,70269,984,0,GE-Phrase,234,70078,71694,1616,191,0.194,-793,-1425
69285,70269,984,0,NTB,o projeto é dela,69285,70269,984,984,1.0,0,0
123333,123678,345,0,GE-Phrase,261,123162,126484,3322,345,1.0,171,-2806
123333,123678,345,0,NTB,porque &n [/1],123333,123678,345,345,1.0,0,0
123678,123884,206,0,GE-Phrase,261,123162,126484,3322,206,1.0,516,-2600
123678,123884,206,0,NTB,né,123678,123884,206,206,1.0,0,0
123884,124797,913,0,GE-Phrase,261,123162,126484,3322,913,1.0,722,-1687
123884,124797,913,0,NTB,ia parar tudo,123884,124797,913,913,1.0,0,0
124797,126007,1210,0,GE-Phrase,261,123162,126484,3322,1210,1.0,1635,-477
124797,126007,1210,0,NTB,então vou monitorar quem,124797,126007,1210,1210,1.0,0,0
126007,127426,1419,0,GE-Phrase,261,123162,126484,3322,477,0.336,2845,942
126007,127426,1419,0,NTB,et cetera,126007,127426,1419,1419,1.0,0,0
131502,132715,1213,0,GE-Phrase,262,128821,132202,3381,700,0.577,2681,513
131502,132715,1213,0,GE-Phrase,263,132202,134077,1875,513,0.423,-700,-1362
131502,132715,1213,0,NTB,nũ tinha recebido nenhuma bolsa ainda né,131502,132715,1213,1213,1.0,0,0
132715,134762,2047,0,GE-Phrase,263,132202,134077,1875,1362,0.665,513,685
132715,134762,2047,0,GE-Phrase,264,134077,135782,1705,685,0.335,-1362,-1020
132715,134762,2047,0,NTB,tinha acabado de acontecer o processo,132715,134762,2047,2047,1.0,0,0
136371,137155,784,0,GE-Phrase,265,135782,138288,2506,784,1.0,589,-1133
136371,137155,784,0,NTB,a minha tutora,136371,137155,784,784,1.0,0,0
137155,137394,239,0,GE-Phrase,265,135782,138288,2506,239,1.0,1373,-894
137155,137394,239,0,NTB,né,137155,137394,239,239,1.0,0,0
141078,143026,1948,0,GE-Phrase,266,138288,141167,2879,89,0.046,2790,1859
141078,143026,1948,0,GE-Phrase,267,141167,142467,1300,1300,0.667,-89,559
141078,143026,1948,0,GE-Phrase,268,142467,145380,2913,559,0.287,-1389,-2354
141078,143026,1948,0,NTB,e a gente volta quando retomar a aula,141078,143026,1948,1948,1.0,0,0
149343,150432,1089,0,GE-Phrase,270,147413,149490,2077,147,0.135,1930,942
149343,150432,1089,0,GE-Phrase,271,149490,151803,2313,942,0.865,-147,-1371
149343,150432,1089,0,NTB,se cês concordarem,149343,150432,1089,1089,1.0,0,0
