GE-Phase_stroke_start_ms,GE-Phase_stroke_end_ms,GE-Phase_stroke_duration,Buffer_ms,Tier,Value,Begin_ms,End_ms,Duration
5497,5597,100,0,GE-Phrase,201,5298,6216,918
5497,5597,100,0,InfoStructure,COB,5486,6644,1158
6762,7229,467,0,GE-Phrase,202,6216,7612,1396
6762,7229,467,0,InfoStructure,COB,6644,7782,1138
8445,8879,434,0,GE-Phrase,203,7612,9471,1859
8445,8879,434,0,InfoStructure,SCA,8039,9626,1587
9938,11306,1368,0,GE-Phrase,204,9471,12020,2549
9938,11306,1368,0,InfoStructure,SCA,9626,10619,993
9938,11306,1368,0,InfoStructure,COB,10619,11522,903
15034,15468,434,0,GE-Phrase,205,13467,16449,2982
15034,15468,434,0,InfoStructure,TOP,14475,17254,2779
17115,17983,868,0,GE-Phrase,206,16449,17983,1534
17115,17983,868,0,InfoStructure,TOP,14475,17254,2779
17115,17983,868,0,InfoStructure,TOP,17254,18257,1003
18550,19317,767,0,GE-Phrase,207,17983,19317,1334
18550,19317,767,0,InfoStructure,SCA,18257,18986,729
18550,19317,767,0,InfoStructure,TOP,18986,21358,2372
19817,20417,600,0,GE-Phrase,208,19317,20687,1370
19817,20417,600,0,InfoStructure,TOP,18986,21358,2372
23638,24372,734,0,GE-Phrase,209,23217,24642,1425
23638,24372,734,0,InfoStructure,PAR,23217,24876,1659
25190,25844,654,0,GE-Phrase,210,24642,25844,1202
25190,25844,654,0,InfoStructure,TOP,24876,26224,1348
25844,26986,1142,0,GE-Phrase,211,25844,28868,3024
25844,26986,1142,0,InfoStructure,TOP,24876,26224,1348
25844,26986,1142,0,InfoStructure,EMP,26224,26615,391
25844,26986,1142,0,InfoStructure,COM,26615,29137,2522
29246,29529,283,0,GE-Phrase,212,28868,30163,1295
29246,29529,283,0,InfoStructure,SCA,29137,32623,3486
34333,35024,691,0,GE-Phrase,213,33633,35467,1834
34333,35024,691,0,InfoStructure,COB,34199,35962,1763
35633,36100,467,0,GE-Phrase,214,35467,36402,935
35633,36100,467,0,InfoStructure,COB,34199,35962,1763
35633,36100,467,0,InfoStructure,SCA,35962,36289,327
41211,41745,534,0,GE-Phrase,215,40911,42170,1259
41211,41745,534,0,InfoStructure,SCA,40668,41332,664
41211,41745,534,0,InfoStructure,COM,41332,42909,1577
46903,47304,401,0,GE-Phrase,216,46604,47703,1099
46903,47304,401,0,InfoStructure,COM,46583,48256,1673
54274,54908,634,0,GE-Phrase,217,53807,55335,1528
54274,54908,634,0,InfoStructure,COM,53575,55454,1879
60507,60941,434,0,GE-Phrase,218,59974,60941,967
60507,60941,434,0,InfoStructure,COB,59567,60769,1202
60507,60941,434,0,InfoStructure,AUX,60769,61119,350
61141,61538,397,0,GE-Phrase,219,60941,62246,1305
61141,61538,397,0,InfoStructure,SCA,61119,61878,759
64222,64522,300,0,GE-Phrase,220,63655,64929,1274
64222,64522,300,0,InfoStructure,COB,62775,65247,2472
65362,66609,1247,0,GE-Phrase,221,64929,67032,2103
65362,66609,1247,0,InfoStructure,COM,65247,66284,1037
65362,66609,1247,0,InfoStructure,SCA,66284,67570,1286
72750,73497,747,0,GE-Phrase,222,72217,74052,1835
72750,73497,747,0,InfoStructure,COB,71939,72978,1039
72750,73497,747,0,InfoStructure,EMP,72978,73497,519
77928,78329,401,0,GE-Phrase,223,76839,78607,1768
77928,78329,401,0,InfoStructure,COB,76970,79218,2248
88703,89371,668,0,GE-Phrase,224,88270,90113,1843
88703,89371,668,0,InfoStructure,COM,88568,89410,842
90446,91281,835,0,GE-Phrase,225,90113,92132,2019
90446,91281,835,0,InfoStructure,SCA,90328,91366,1038
92266,93453,1187,0,GE-Phrase,226,92132,94618,2486
92266,93453,1187,0,InfoStructure,COB,91366,92825,1459
92266,93453,1187,0,InfoStructure,COB,92825,94401,1576
95085,96453,1368,0,GE-Phrase,227,94618,96453,1835
95085,96453,1368,0,InfoStructure,COB,94401,95942,1541
95085,96453,1368,0,InfoStructure,COB,95942,96835,893
96719,97046,327,0,GE-Phrase,228,96453,97547,1094
96719,97046,327,0,InfoStructure,COB,95942,96835,893
96719,97046,327,0,InfoStructure,COM,96835,97540,705
100226,100434,208,0,GE-Phrase,229,99759,100667,908
100226,100434,208,0,InfoStructure,COM,100303,101138,835
105966,106513,547,0,GE-Phrase,230,105600,106722,1122
105966,106513,547,0,InfoStructure,COB,105821,106851,1030
109397,110395,998,0,GE-Phrase,232,108708,110395,1687
109397,110395,998,0,InfoStructure,TOP,109300,111080,1780
110561,111156,595,0,GE-Phrase,233,110395,111156,761
110561,111156,595,0,InfoStructure,TOP,109300,111080,1780
110561,111156,595,0,InfoStructure,PAR,111080,111933,853
111611,111929,318,0,GE-Phrase,234,111156,111929,773
111611,111929,318,0,InfoStructure,PAR,111080,111933,853
112681,113499,818,0,GE-Phrase,236,112681,114133,1452
112681,113499,818,0,InfoStructure,TOP,111933,112746,813
112681,113499,818,0,InfoStructure,EMP,112746,114643,1897
114766,115598,832,0,GE-Phrase,237,114133,116060,1927
114766,115598,832,0,InfoStructure,COB,114643,116238,1595
116060,116561,501,0,GE-Phrase,238,116060,116561,501
116060,116561,501,0,InfoStructure,COB,114643,116238,1595
116060,116561,501,0,InfoStructure,UNC,116238,116571,333
116827,117311,484,0,GE-Phrase,239,116561,117311,750
116827,117311,484,0,InfoStructure,SCA,116571,117341,770
117311,118074,763,0,GE-Phrase,240,117311,118321,1010
117311,118074,763,0,InfoStructure,SCA,116571,117341,770
117311,118074,763,0,InfoStructure,CMM,117341,118182,841
118751,119133,382,0,GE-Phrase,241,118321,119455,1134
118751,119133,382,0,InfoStructure,CMM,118182,118917,735
118751,119133,382,0,InfoStructure,CMM,118917,119457,540
120222,120587,365,0,GE-Phrase,242,119455,120587,1132
120222,120587,365,0,InfoStructure,SCA,119457,120726,1269
121087,121688,601,0,GE-Phrase,243,120587,121688,1101
121087,121688,601,0,InfoStructure,COB,120726,122483,1757
122321,122525,204,0,GE-Phrase,244,121688,123689,2001
122321,122525,204,0,InfoStructure,COB,120726,122483,1757
122321,122525,204,0,InfoStructure,COB,122483,123738,1255
124156,124823,667,0,GE-Phrase,245,123689,125019,1330
124156,124823,667,0,InfoStructure,COM,123738,124858,1120
126854,127187,333,0,GE-Phrase,246,126588,127438,850
126854,127187,333,0,InfoStructure,COB,126614,127898,1284
14903,15374,471,0,GE-Phrase,201,14551,15962,1411
14903,15374,471,0,InfoStructure,PAR,14522,15590,1068
19801,20304,503,0,GE-Phrase,202,19225,21244,2019
19801,20304,503,0,InfoStructure,COM,19206,20615,1409
21244,22444,1200,0,GE-Phrase,203,21244,23590,2346
21244,22444,1200,0,InfoStructure,TOP,21560,22015,455
21244,22444,1200,0,InfoStructure,COB,22015,23045,1030
23590,24657,1067,0,GE-Phrase,204,23590,25583,1993
23590,24657,1067,0,InfoStructure,PAR,23045,24645,1600
23590,24657,1067,0,InfoStructure,PAR,24645,25227,582
26149,26650,501,0,GE-Phrase,205,25583,27102,1519
26149,26650,501,0,InfoStructure,PAR,25227,26200,973
26149,26650,501,0,InfoStructure,PAR,26200,26302,102
26149,26650,501,0,InfoStructure,PAR,26302,27144,842
27102,27573,471,0,GE-Phrase,206,27102,28175,1073
27102,27573,471,0,InfoStructure,PAR,26302,27144,842
27102,27573,471,0,InfoStructure,PAR,27144,28520,1376
29662,30211,549,0,GE-Phrase,207,28909,30211,1302
29662,30211,549,0,InfoStructure,COM,29239,29821,582
29662,30211,549,0,InfoStructure,CMM,29821,31127,1306
30535,31227,692,0,GE-Phrase,208,30211,31227,1016
30535,31227,692,0,InfoStructure,CMM,29821,31127,1306
30535,31227,692,0,InfoStructure,CMM,31127,32422,1295
31227,31563,336,0,GE-Phrase,209,31227,32180,953
31227,31563,336,0,InfoStructure,CMM,31127,32422,1295
34420,35220,800,0,GE-Phrase,210,33386,35977,2591
34420,35220,800,0,InfoStructure,COM,34139,35470,1331
35977,36656,679,0,GE-Phrase,211,35977,36656,679
35977,36656,679,0,InfoStructure,TOP,35923,36395,472
35977,36656,679,0,InfoStructure,APT,36395,36691,296
37311,37748,437,0,GE-Phrase,212,36656,38111,1455
37311,37748,437,0,InfoStructure,TOP,36691,37919,1228
38578,39165,587,0,GE-Phrase,213,38111,40273,2162
38578,39165,587,0,InfoStructure,COM,37919,40341,2422
40749,41072,323,0,GE-Phrase,214,40273,41072,799
40749,41072,323,0,InfoStructure,SCA,40341,41383,1042
41478,41994,516,0,GE-Phrase,215,41072,41994,922
41478,41994,516,0,InfoStructure,COB,41383,43541,2158
42181,43134,953,0,GE-Phrase,216,41994,43251,1257
42181,43134,953,0,InfoStructure,COB,41383,43541,2158
43910,44383,473,0,GE-Phrase,217,43251,44383,1132
43910,44383,473,0,InfoStructure,PAR,43541,44810,1269
44772,47057,2285,0,GE-Phrase,218,44383,47057,2674
44772,47057,2285,0,InfoStructure,PAR,43541,44810,1269
44772,47057,2285,0,InfoStructure,PAR,44810,45700,890
44772,47057,2285,0,InfoStructure,PAR,45700,46309,609
44772,47057,2285,0,InfoStructure,PAR,46309,47266,957
47057,47597,540,0,GE-Phrase,219,47057,48898,1841
47057,47597,540,0,InfoStructure,PAR,46309,47266,957
47057,47597,540,0,InfoStructure,COM,47266,47986,720
49364,51790,2426,0,GE-Phrase,220,48898,51790,2892
49364,51790,2426,0,InfoStructure,COM,48470,50460,1990
49364,51790,2426,0,InfoStructure,AUX,50460,50682,222
49364,51790,2426,0,InfoStructure,COM,50682,53234,2552
52195,52715,520,0,GE-Phrase,221,51790,54858,3068
52195,52715,520,0,InfoStructure,COM,50682,53234,2552
54858,56163,1305,0,GE-Phrase,222,54858,56457,1599
54858,56163,1305,0,InfoStructure,TOP,54779,57526,2747
59862,60458,596,0,GE-Phrase,223,58999,60458,1459
59862,60458,596,0,InfoStructure,TOP,58812,60426,1614
59862,60458,596,0,InfoStructure,COM,60426,62199,1773
60458,61351,893,0,GE-Phrase,224,60458,61917,1459
60458,61351,893,0,InfoStructure,COM,60426,62199,1773
62688,63532,844,0,GE-Phrase,225,62325,63532,1207
62688,63532,844,0,InfoStructure,COM,62199,65120,2921
63532,64608,1076,0,GE-Phrase,226,63532,65097,1565
63532,64608,1076,0,InfoStructure,COM,62199,65120,2921
65513,65945,432,0,GE-Phrase,227,65097,66460,1363
65513,65945,432,0,InfoStructure,COB,65446,66585,1139
69674,70150,476,0,GE-Phrase,228,69194,71142,1948
69674,70150,476,0,InfoStructure,COB,69277,69701,424
69674,70150,476,0,InfoStructure,COM,69701,70723,1022
72169,73817,1648,0,GE-Phrase,229,71142,73817,2675
72169,73817,1648,0,InfoStructure,CMM,71559,72826,1267
72169,73817,1648,0,InfoStructure,CMM,72826,73776,950
74276,74781,505,0,GE-Phrase,230,73817,75411,1594
74276,74781,505,0,InfoStructure,COM,74202,75455,1253
90723,91096,373,0,GE-Phrase,231,90374,91461,1087
90723,91096,373,0,InfoStructure,CMM,90513,91807,1294
91820,92300,480,0,GE-Phrase,232,91461,93385,1924
91820,92300,480,0,InfoStructure,SCA,91807,92060,253
91820,92300,480,0,InfoStructure,CMM,92060,92852,792
137959,138132,173,0,GE-Phrase,233,137568,138392,824
137959,138132,173,0,InfoStructure,CMM,137618,138505,887
138392,138993,601,0,GE-Phrase,234,138392,139746,1354
138392,138993,601,0,InfoStructure,CMM,137618,138505,887
138392,138993,601,0,InfoStructure,COM,138505,139374,869
142010,143130,1120,0,GE-Phrase,235,141650,143730,2080
142010,143130,1120,0,InfoStructure,COB,141963,142950,987
142010,143130,1120,0,InfoStructure,COM,142950,143993,1043
44631,45605,974,0,GE-Phrase,201,43285,46196,2911
44631,45605,974,0,InfoStructure,COB,44405,45843,1438
47482,50132,2650,0,GE-Phrase,202,46196,50278,4082
47482,50132,2650,0,InfoStructure,PAR,46185,48237,2052
47482,50132,2650,0,InfoStructure,SCA,48237,48982,745
47482,50132,2650,0,InfoStructure,PAR,48982,50259,1277
50744,51271,527,0,GE-Phrase,203,50278,51271,993
50744,51271,527,0,InfoStructure,CMM,50259,51271,1012
51271,52394,1123,0,GE-Phrase,204,51271,53518,2247
51271,52394,1123,0,InfoStructure,CMM,51271,52642,1371
54284,54753,469,0,GE-Phrase,205,53518,55040,1522
54284,54753,469,0,InfoStructure,COB,53942,54947,1005
55792,58003,2211,0,GE-Phrase,206,55040,58003,2963
55792,58003,2211,0,InfoStructure,COB,54947,55821,874
55792,58003,2211,0,InfoStructure,COB,55821,56890,1069
55792,58003,2211,0,InfoStructure,COB,56890,58110,1220
58322,59925,1603,0,GE-Phrase,207,58003,59925,1922
58322,59925,1603,0,InfoStructure,SCA,58110,59074,964
58322,59925,1603,0,InfoStructure,COB,59074,59981,907
59925,61026,1101,0,GE-Phrase,208,59925,61026,1101
59925,61026,1101,0,InfoStructure,COB,59074,59981,907
59925,61026,1101,0,InfoStructure,COB,59981,61771,1790
61425,62083,658,0,GE-Phrase,209,61026,62083,1057
61425,62083,658,0,InfoStructure,COB,59981,61771,1790
61425,62083,658,0,InfoStructure,SCA,61771,63790,2019
62698,63623,925,0,GE-Phrase,210,62083,63623,1540
62698,63623,925,0,InfoStructure,SCA,61771,63790,2019
64705,65766,1061,0,GE-Phrase,211,63623,66401,2778
64705,65766,1061,0,InfoStructure,AUX,64155,64831,676
64705,65766,1061,0,InfoStructure,COM,64831,66124,1293
66401,67067,666,0,GE-Phrase,212,66401,68193,1792
66401,67067,666,0,InfoStructure,INT,66498,66888,390
66401,67067,666,0,InfoStructure,EMP,66888,68043,1155
68193,69230,1037,0,GE-Phrase,213,68193,69655,1462
68193,69230,1037,0,InfoStructure,EMP,68043,68208,165
68193,69230,1037,0,InfoStructure,COM,68208,69184,976
68193,69230,1037,0,InfoStructure,COB,69184,69893,709
69955,70863,908,0,GE-Phrase,214,69655,70863,1208
69955,70863,908,0,InfoStructure,AUX,69893,70203,310
69955,70863,908,0,InfoStructure,SCA,70203,71406,1203
71163,72000,837,0,GE-Phrase,215,70863,72000,1137
71163,72000,837,0,InfoStructure,SCA,70203,71406,1203
71163,72000,837,0,InfoStructure,COB,71406,71934,528
71163,72000,837,0,InfoStructure,SCA,71934,73731,1797
72000,73157,1157,0,GE-Phrase,216,72000,73608,1608
72000,73157,1157,0,InfoStructure,SCA,71934,73731,1797
74399,76198,1799,0,GE-Phrase,217,73608,76500,2892
74399,76198,1799,0,InfoStructure,COB,73731,75149,1418
74399,76198,1799,0,InfoStructure,COB,75149,76387,1238
76500,76849,349,0,GE-Phrase,218,76500,76849,349
76500,76849,349,0,InfoStructure,EMP,76387,76633,246
76500,76849,349,0,InfoStructure,COM,76633,76873,240
80988,82104,1116,0,GE-Phrase,219,79726,83210,3484
80988,82104,1116,0,InfoStructure,SCA,80088,82648,2560
84794,85160,366,0,GE-Phrase,220,84115,87494,3379
84794,85160,366,0,InfoStructure,COB,84712,85912,1200
87494,88651,1157,0,GE-Phrase,221,87494,88651,1157
87494,88651,1157,0,InfoStructure,TMT,86937,87743,806
87494,88651,1157,0,InfoStructure,COB,87743,88708,965
88651,89435,784,0,GE-Phrase,222,88651,89435,784
88651,89435,784,0,InfoStructure,COB,87743,88708,965
88651,89435,784,0,InfoStructure,COM,88708,89733,1025
89435,90262,827,0,GE-Phrase,223,89435,91263,1828
89435,90262,827,0,InfoStructure,COM,88708,89733,1025
89435,90262,827,0,InfoStructure,PAR,89733,90527,794
94886,96186,1300,0,GE-Phrase,224,94242,96652,2410
94886,96186,1300,0,InfoStructure,SCA,94457,95603,1146
94886,96186,1300,0,InfoStructure,COM,95603,96958,1355
100023,101601,1578,0,GE-Phrase,225,99263,101601,2338
100023,101601,1578,0,InfoStructure,EMP,99310,100379,1069
100023,101601,1578,0,InfoStructure,TMT,100379,100723,344
100023,101601,1578,0,InfoStructure,COM,100723,101430,707
100023,101601,1578,0,InfoStructure,TMT,101430,101775,345
101601,102234,633,0,GE-Phrase,226,101601,103369,1768
101601,102234,633,0,InfoStructure,TMT,101430,101775,345
101601,102234,633,0,InfoStructure,PAR,101775,103364,1589
103369,103770,401,0,GE-Phrase,227,103369,104184,815
103369,103770,401,0,InfoStructure,COM,103364,104271,907
104584,104918,334,0,GE-Phrase,228,104184,105764,1580
104584,104918,334,0,InfoStructure,TOP,104500,105269,769
105764,107960,2196,0,GE-Phrase,229,105764,107960,2196
105764,107960,2196,0,InfoStructure,COB,105269,106867,1598
105764,107960,2196,0,InfoStructure,PAR,106867,108194,1327
107960,110406,2446,0,GE-Phrase,230,107960,110406,2446
107960,110406,2446,0,InfoStructure,PAR,106867,108194,1327
107960,110406,2446,0,InfoStructure,PAR,108194,108671,477
107960,110406,2446,0,InfoStructure,PAR,108671,109369,698
107960,110406,2446,0,InfoStructure,PAR,109369,110382,1013
107960,110406,2446,0,InfoStructure,EMP,110382,111370,988
110406,111344,938,0,GE-Phrase,231,110406,111344,938
110406,111344,938,0,InfoStructure,EMP,110382,111370,988
111344,112091,747,0,GE-Phrase,232,111344,112091,747
111344,112091,747,0,InfoStructure,EMP,110382,111370,988
111344,112091,747,0,InfoStructure,PAR,111370,113448,2078
112091,112627,536,0,GE-Phrase,233,112091,112627,536
112091,112627,536,0,InfoStructure,PAR,111370,113448,2078
113297,113705,408,0,GE-Phrase,234,112627,113705,1078
113297,113705,408,0,InfoStructure,PAR,111370,113448,2078
113297,113705,408,0,InfoStructure,COM,113448,115859,2411
114029,114639,610,0,GE-Phrase,235,113705,116309,2604
114029,114639,610,0,InfoStructure,COM,113448,115859,2411
116693,117316,623,0,GE-Phrase,236,116309,117316,1007
116693,117316,623,0,InfoStructure,COM,116340,117593,1253
117916,118895,979,0,GE-Phrase,237,117316,119130,1814
117916,118895,979,0,InfoStructure,COM,117974,119138,1164
119432,119946,514,0,GE-Phrase,238,119130,119946,816
119432,119946,514,0,InfoStructure,COB,119138,119876,738
119432,119946,514,0,InfoStructure,COM,119876,120820,944
120181,120781,600,0,GE-Phrase,239,119946,121040,1094
120181,120781,600,0,InfoStructure,COM,119876,120820,944
121354,121878,524,0,GE-Phrase,240,121040,121878,838
121354,121878,524,0,InfoStructure,AUX,121144,121940,796
122442,125705,3263,0,GE-Phrase,241,121878,125705,3827
122442,125705,3263,0,InfoStructure,SCA,121940,122922,982
122442,125705,3263,0,InfoStructure,COB,122922,123827,905
122442,125705,3263,0,InfoStructure,SCA,123827,124510,683
122442,125705,3263,0,InfoStructure,PAR,124510,125198,688
122442,125705,3263,0,InfoStructure,PAR,125198,125513,315
122442,125705,3263,0,InfoStructure,INT,125513,125980,467
126365,127379,1014,0,GE-Phrase,242,125705,127850,2145
126365,127379,1014,0,InfoStructure,COM,125980,127823,1843
128237,128749,512,0,GE-Phrase,243,127850,129473,1623
128237,128749,512,0,InfoStructure,COB,128259,129412,1153
130308,131437,1129,0,GE-Phrase,244,129473,132311,2838
130308,131437,1129,0,InfoStructure,COB,130180,132230,2050
133011,134284,1273,0,GE-Phrase,245,132311,134865,2554
133011,134284,1273,0,InfoStructure,COM,132837,134624,1787
135806,137083,1277,0,GE-Phrase,246,134865,137083,2218
135806,137083,1277,0,InfoStructure,CMM,135857,137069,1212
135806,137083,1277,0,InfoStructure,CMM,137069,138608,1539
137516,138318,802,0,GE-Phrase,247,137083,138775,1692
137516,138318,802,0,InfoStructure,CMM,137069,138608,1539
138775,139626,851,0,GE-Phrase,248,138775,139626,851
138775,139626,851,0,InfoStructure,TOP,139010,139630,620
139626,140595,969,0,GE-Phrase,249,139626,140827,1201
139626,140595,969,0,InfoStructure,TOP,139010,139630,620
139626,140595,969,0,InfoStructure,COB,139630,140668,1038
141843,142545,702,0,GE-Phrase,250,140827,143453,2626
141843,142545,702,0,InfoStructure,SCA,141300,142049,749
141843,142545,702,0,InfoStructure,COB,142049,143133,1084
144186,144811,625,0,GE-Phrase,251,143453,144811,1358
144186,144811,625,0,InfoStructure,SCA,143133,144211,1078
144186,144811,625,0,InfoStructure,COB,144211,145463,1252
144811,145384,573,0,GE-Phrase,252,144811,145384,573
144811,145384,573,0,InfoStructure,COB,144211,145463,1252
145702,149873,4171,0,GE-Phrase,253,145384,150461,5077
145702,149873,4171,0,InfoStructure,COB,145463,146445,982
145702,149873,4171,0,InfoStructure,AUX,146445,146643,198
145702,149873,4171,0,InfoStructure,EMP,146643,147356,713
145702,149873,4171,0,InfoStructure,COB,147356,148829,1473
145702,149873,4171,0,InfoStructure,COB,148829,150179,1350
151007,152765,1758,0,GE-Phrase,254,150461,153224,2763
151007,152765,1758,0,InfoStructure,APC,150179,151170,991
151007,152765,1758,0,InfoStructure,AUX,151170,151697,527
151007,152765,1758,0,InfoStructure,COB,151697,152875,1178
153224,154190,966,0,GE-Phrase,255,153224,154757,1533
153224,154190,966,0,InfoStructure,AUX,152875,153346,471
153224,154190,966,0,InfoStructure,SCA,153346,154881,1535
157557,157877,320,0,GE-Phrase,256,156947,158316,1369
157557,157877,320,0,InfoStructure,SCA,156262,158049,1787
158758,159358,600,0,GE-Phrase,257,158316,159967,1651
600,1160,560,0,GE-Phrase,201,0,2350,2350
600,1160,560,0,InfoStructure,EMP,366,784,418
600,1160,560,0,InfoStructure,COM,784,1953,1169
10681,11709,1028,0,GE-Phrase,204,10681,11709,1028
10681,11709,1028,0,InfoStructure,TMT,10148,10765,617
10681,11709,1028,0,InfoStructure,PAR,10765,11888,1123
11709,12745,1036,0,GE-Phrase,205,11709,12745,1036
11709,12745,1036,0,InfoStructure,PAR,10765,11888,1123
11709,12745,1036,0,InfoStructure,COB,11888,12998,1110
12745,14308,1563,0,GE-Phrase,206,12745,15828,3083
12745,14308,1563,0,InfoStructure,COB,11888,12998,1110
12745,14308,1563,0,InfoStructure,COB,12998,14587,1589
16148,17061,913,0,GE-Phrase,207,15828,17061,1233
16148,17061,913,0,InfoStructure,COB,15964,17041,1077
16148,17061,913,0,InfoStructure,COM,17041,19014,1973
17061,18579,1518,0,GE-Phrase,208,17061,19196,2135
17061,18579,1518,0,InfoStructure,COM,17041,19014,1973
23133,23986,853,0,GE-Phrase,209,23133,25933,2800
23133,23986,853,0,InfoStructure,PAR,22557,25674,3117
26485,27493,1008,0,GE-Phrase,210,25933,27493,1560
26485,27493,1008,0,InfoStructure,PAR,26022,27563,1541
27493,28197,704,0,GE-Phrase,211,27493,29702,2209
27493,28197,704,0,InfoStructure,PAR,26022,27563,1541
27493,28197,704,0,InfoStructure,SCA,27563,29529,1966
31886,32366,480,0,GE-Phrase,212,31566,32366,800
31886,32366,480,0,InfoStructure,SCA,31755,33285,1530
32790,33932,1142,0,GE-Phrase,213,32366,34665,2299
32790,33932,1142,0,InfoStructure,SCA,31755,33285,1530
32790,33932,1142,0,InfoStructure,PAR,33285,34491,1206
34665,35145,480,0,GE-Phrase,214,34665,35637,972
34665,35145,480,0,InfoStructure,COM,34491,35254,763
36814,37938,1124,0,GE-Phrase,215,35637,38692,3055
36814,37938,1124,0,InfoStructure,COB,36443,38901,2458
39460,40198,738,0,GE-Phrase,216,38692,40783,2091
39460,40198,738,0,InfoStructure,EMP,38901,39682,781
39460,40198,738,0,InfoStructure,COM,39682,40532,850
41183,41503,320,0,GE-Phrase,217,40783,41811,1028
41183,41503,320,0,InfoStructure,COB,41039,42329,1290
42630,43055,425,0,GE-Phrase,218,41811,44649,2838
42630,43055,425,0,InfoStructure,COB,42329,42953,624
42630,43055,425,0,InfoStructure,EMP,42953,44028,1075
45632,46266,634,0,GE-Phrase,219,44649,47269,2620
45632,46266,634,0,InfoStructure,COB,45402,47445,2043
48014,49804,1790,0,GE-Phrase,220,47269,49804,2535
48014,49804,1790,0,InfoStructure,COB,47981,49490,1509
48014,49804,1790,0,InfoStructure,EMP,49490,50217,727
50351,51136,785,0,GE-Phrase,221,49804,51662,1858
50351,51136,785,0,InfoStructure,PAR,50217,51572,1355
52379,53217,838,0,GE-Phrase,222,51662,55065,3403
52379,53217,838,0,InfoStructure,COM,52345,54476,2131
61609,62322,713,0,GE-Phrase,223,61143,62322,1179
61609,62322,713,0,InfoStructure,COB,60966,61939,973
61609,62322,713,0,InfoStructure,SCA,61939,62628,689
62322,63055,733,0,GE-Phrase,224,62322,63789,1467
62322,63055,733,0,InfoStructure,SCA,61939,62628,689
62322,63055,733,0,InfoStructure,PAR,62628,63778,1150
63789,64277,488,0,GE-Phrase,225,63789,64734,945
63789,64277,488,0,InfoStructure,PAR,63778,65033,1255
65047,65779,732,0,GE-Phrase,226,64734,66622,1888
65047,65779,732,0,InfoStructure,EMP,65033,65263,230
65047,65779,732,0,InfoStructure,COM,65263,66249,986
66622,66991,369,0,GE-Phrase,227,66622,70088,3466
66622,66991,369,0,InfoStructure,SCA,66249,66641,392
66622,66991,369,0,InfoStructure,COB,66641,67102,461
72665,74619,1954,0,GE-Phrase,228,72112,75445,3333
72665,74619,1954,0,InfoStructure,AUX,72569,73163,594
72665,74619,1954,0,InfoStructure,CMM,73163,73975,812
72665,74619,1954,0,InfoStructure,CMM,73975,74796,821
76355,76666,311,0,GE-Phrase,229,75445,76666,1221
76355,76666,311,0,InfoStructure,COB,75817,76679,862
76746,77538,792,0,GE-Phrase,230,76666,77782,1116
76746,77538,792,0,InfoStructure,COB,76679,78053,1374
77782,78471,689,0,GE-Phrase,231,77782,80361,2579
77782,78471,689,0,InfoStructure,COB,76679,78053,1374
77782,78471,689,0,InfoStructure,COB,78053,79895,1842
85578,86171,593,0,GE-Phrase,232,85578,87969,2391
85578,86171,593,0,InfoStructure,CMM,85234,85979,745
85578,86171,593,0,InfoStructure,CMM,85979,86506,527
91368,91784,416,0,GE-Phrase,233,91106,92493,1387
91368,91784,416,0,InfoStructure,AUX,91250,92348,1098
97699,99143,1444,0,GE-Phrase,234,97206,100372,3166
97699,99143,1444,0,InfoStructure,COM,97535,99953,2418
104141,105648,1507,0,GE-Phrase,235,102686,107303,4617
104141,105648,1507,0,InfoStructure,TMT,103589,104361,772
104141,105648,1507,0,InfoStructure,TOP,104361,105278,917
104141,105648,1507,0,InfoStructure,COB,105278,106627,1349
108397,109081,684,0,GE-Phrase,236,107303,109081,1778
108397,109081,684,0,InfoStructure,SCA,108188,109699,1511
109081,109991,910,0,GE-Phrase,237,109081,109991,910
109081,109991,910,0,InfoStructure,SCA,108188,109699,1511
109081,109991,910,0,InfoStructure,COB,109699,110335,636
110491,111061,570,0,GE-Phrase,238,109991,111631,1640
110491,111061,570,0,InfoStructure,COM,110335,113134,2799
112044,112727,683,0,GE-Phrase,239,111631,113339,1708
112044,112727,683,0,InfoStructure,COM,110335,113134,2799
113339,114490,1151,0,GE-Phrase,240,113339,116596,3257
113339,114490,1151,0,InfoStructure,AUX,113614,114223,609
113339,114490,1151,0,InfoStructure,SCA,114223,115156,933
116596,117920,1324,0,GE-Phrase,241,116596,118636,2040
116596,117920,1324,0,InfoStructure,EMP,116531,117077,546
116596,117920,1324,0,InfoStructure,SCA,117077,118337,1260
122293,122865,572,0,GE-Phrase,242,121769,123750,1981
122293,122865,572,0,InfoStructure,SCA,121573,124169,2596
129073,131306,2233,0,GE-Phrase,243,128206,131306,3100
129073,131306,2233,0,InfoStructure,COM,127207,130079,2872
129073,131306,2233,0,InfoStructure,COM,130079,131307,1228
786,1695,909,0,GE-Phrase,201,258,1695,1437
786,1695,909,0,InfoStructure,COM,0,1635,1635
786,1695,909,0,InfoStructure,SCA,1635,3936,2301
2557,4292,1735,0,GE-Phrase,202,1695,5261,3566
2557,4292,1735,0,InfoStructure,SCA,1635,3936,2301
2557,4292,1735,0,InfoStructure,SCA,3936,4993,1057
6655,7722,1067,0,GE-Phrase,203,5261,8664,3403
6655,7722,1067,0,InfoStructure,INT,6027,6750,723
6655,7722,1067,0,InfoStructure,COB,6750,7466,716
6655,7722,1067,0,InfoStructure,SCA,7466,9883,2417
9704,10705,1001,0,GE-Phrase,204,8664,11402,2738
9704,10705,1001,0,InfoStructure,SCA,7466,9883,2417
9704,10705,1001,0,InfoStructure,COM,9883,10694,811
9704,10705,1001,0,InfoStructure,APC,10694,11246,552
15773,16407,634,0,GE-Phrase,205,14806,22678,7872
15773,16407,634,0,InfoStructure,COB,14726,18122,3396
23045,23578,533,0,GE-Phrase,206,22678,24234,1556
23045,23578,533,0,InfoStructure,TOP,22614,24066,1452
24500,25034,534,0,GE-Phrase,207,24234,26587,2353
24500,25034,534,0,InfoStructure,APT,24066,25382,1316
27221,28154,933,0,GE-Phrase,208,26587,29024,2437
27221,28154,933,0,InfoStructure,COM,26587,28404,1817
29318,30251,933,0,GE-Phrase,209,29024,30453,1429
29318,30251,933,0,InfoStructure,COM,29130,31483,2353
30453,30987,534,0,GE-Phrase,210,30453,32756,2303
30453,30987,534,0,InfoStructure,COM,29130,31483,2353
33792,34358,566,0,GE-Phrase,211,33507,35358,1851
33792,34358,566,0,InfoStructure,SCA,33648,34712,1064
35995,36728,733,0,GE-Phrase,212,35358,37130,1772
35995,36728,733,0,InfoStructure,SCA,35901,36747,846
39239,40340,1101,0,GE-Phrase,213,38622,41036,2414
39239,40340,1101,0,InfoStructure,COM,38657,40016,1359
39239,40340,1101,0,InfoStructure,AUX,40016,40391,375
50413,50747,334,0,GE-Phrase,214,49516,51760,2244
50413,50747,334,0,InfoStructure,COB,49741,51380,1639
52966,53582,616,0,GE-Phrase,215,52378,53582,1204
52966,53582,616,0,InfoStructure,COB,51768,53249,1481
52966,53582,616,0,InfoStructure,SCA,53249,54343,1094
53972,54796,824,0,GE-Phrase,216,53582,55190,1608
53972,54796,824,0,InfoStructure,SCA,53249,54343,1094
53972,54796,824,0,InfoStructure,COB,54343,55214,871
55414,55754,340,0,GE-Phrase,217,55190,55949,759
55414,55754,340,0,InfoStructure,CMM,55214,57143,1929
56479,57312,833,0,GE-Phrase,218,55949,57977,2028
56479,57312,833,0,InfoStructure,CMM,55214,57143,1929
56479,57312,833,0,InfoStructure,CMM,57143,57849,706
58621,59021,400,0,GE-Phrase,219,57977,59440,1463
58621,59021,400,0,InfoStructure,INT,58201,59518,1317
59608,59973,365,0,GE-Phrase,220,59440,59973,533
59608,59973,365,0,InfoStructure,COB,59518,59868,350
59608,59973,365,0,InfoStructure,COB,59868,61292,1424
61305,62453,1148,0,GE-Phrase,221,59973,62901,2928
61305,62453,1148,0,InfoStructure,COM,61292,62612,1320
64568,66234,1666,0,GE-Phrase,222,62901,66856,3955
64568,66234,1666,0,InfoStructure,COM,64567,65627,1060
67355,68586,1231,0,GE-Phrase,223,66856,69432,2576
67355,68586,1231,0,InfoStructure,SCA,66447,68239,1792
67355,68586,1231,0,InfoStructure,COB,68239,69144,905
69432,70051,619,0,GE-Phrase,224,69432,70574,1142
69432,70051,619,0,InfoStructure,COM,69144,70181,1037
71689,72289,600,0,GE-Phrase,225,70574,72859,2285
71689,72289,600,0,InfoStructure,COM,71434,72924,1490
76709,77480,771,0,GE-Phrase,226,75818,77480,1662
76709,77480,771,0,InfoStructure,COB,75973,77016,1043
76709,77480,771,0,InfoStructure,SCA,77016,78670,1654
77480,78353,873,0,GE-Phrase,227,77480,78739,1259
77480,78353,873,0,InfoStructure,SCA,77016,78670,1654
78739,79601,862,0,GE-Phrase,228,78739,80038,1299
78739,79601,862,0,InfoStructure,SCA,78670,80109,1439
80371,80702,331,0,GE-Phrase,229,80038,81632,1594
80371,80702,331,0,InfoStructure,COM,80109,80651,542
80371,80702,331,0,InfoStructure,AUX,80651,81026,375
82053,82703,650,0,GE-Phrase,230,81632,82920,1288
82053,82703,650,0,InfoStructure,COB,81779,83284,1505
84210,84544,334,0,GE-Phrase,231,82920,84544,1624
84210,84544,334,0,InfoStructure,,83284,85329,2045
84544,85300,756,0,GE-Phrase,232,84544,85300,756
84544,85300,756,0,InfoStructure,,83284,85329,2045
85900,86352,452,0,GE-Phrase,233,85300,86352,1052
85900,86352,452,0,InfoStructure,PAR,85824,88041,2217
86779,87587,808,0,GE-Phrase,234,86352,87587,1235
86779,87587,808,0,InfoStructure,PAR,85824,88041,2217
88111,88480,369,0,GE-Phrase,235,87587,88868,1281
88111,88480,369,0,InfoStructure,PAR,88041,89282,1241
92027,92778,751,0,GE-Phrase,236,91524,93287,1763
92027,92778,751,0,InfoStructure,COM,91550,92684,1134
92027,92778,751,0,InfoStructure,AUX,92684,93078,394
94521,95832,1311,0,GE-Phrase,237,93287,97522,4235
94521,95832,1311,0,InfoStructure,SCA,94142,97359,3217
97522,98230,708,0,GE-Phrase,238,97522,99461,1939
97522,98230,708,0,InfoStructure,COB,97359,98828,1469
100037,101131,1094,0,GE-Phrase,239,99461,102171,2710
100037,101131,1094,0,InfoStructure,EMP,99868,100294,426
100037,101131,1094,0,InfoStructure,PAR,100294,101506,1212
102490,102813,323,0,GE-Phrase,240,102171,104002,1831
102490,102813,323,0,InfoStructure,PAR,102256,103393,1137
112566,113292,726,0,GE-Phrase,241,111522,113521,1999
112566,113292,726,0,InfoStructure,PAR,112081,113696,1615
113978,114582,604,0,GE-Phrase,242,113521,115411,1890
113978,114582,604,0,InfoStructure,PAR,113696,114860,1164
2772,9088,6316,0,GE-Phrase,201,2608,9088,6480
2772,9088,6316,0,InfoStructure,TOP,2600,4370,1770
2772,9088,6316,0,InfoStructure,PAR,4370,5588,1218
2772,9088,6316,0,InfoStructure,PAR,5588,7444,1856
2772,9088,6316,0,InfoStructure,SCA,7444,9404,1960
9568,10128,560,0,GE-Phrase,202,9088,10347,1259
9568,10128,560,0,InfoStructure,COM,9404,10345,941
10667,11194,527,0,GE-Phrase,203,10347,12187,1840
10667,11194,527,0,InfoStructure,COM,10345,12203,1858
12827,13507,680,0,GE-Phrase,204,12187,14987,2800
12827,13507,680,0,InfoStructure,SCA,12592,13870,1278
17277,18017,740,0,GE-Phrase,205,16652,18017,1365
17277,18017,740,0,InfoStructure,TOP,16715,18080,1365
18497,20037,1540,0,GE-Phrase,206,18017,22757,4740
18497,20037,1540,0,InfoStructure,COM,18080,20601,2521
31993,32742,749,0,GE-Phrase,207,30475,33515,3040
31993,32742,749,0,InfoStructure,TOP,31904,33622,1718
34142,35491,1349,0,GE-Phrase,208,33515,35835,2320
34142,35491,1349,0,InfoStructure,COM,33622,35306,1684
34142,35491,1349,0,InfoStructure,AUX,35306,35953,647
35835,37108,1273,0,GE-Phrase,209,35835,38235,2400
35835,37108,1273,0,InfoStructure,AUX,35306,35953,647
35835,37108,1273,0,InfoStructure,SCA,35953,36583,630
35835,37108,1273,0,InfoStructure,EMP,36583,36783,200
35835,37108,1273,0,InfoStructure,COM,36783,37971,1188
38615,39488,873,0,GE-Phrase,210,38235,40635,2400
38615,39488,873,0,InfoStructure,COM,38286,40078,1792
41029,42087,1058,0,GE-Phrase,211,40635,42555,1920
41029,42087,1058,0,InfoStructure,TOP,40934,43434,2500
43681,44506,825,0,GE-Phrase,212,42555,45475,2920
43681,44506,825,0,InfoStructure,COB,43434,44780,1346
46947,47595,648,0,GE-Phrase,213,46515,47595,1080
46947,47595,648,0,InfoStructure,TOP,46572,47773,1201
48675,49209,534,0,GE-Phrase,214,47595,50235,2640
48675,49209,534,0,InfoStructure,SCA,48556,49370,814
55119,55997,878,0,GE-Phrase,215,54565,55997,1432
55119,55997,878,0,InfoStructure,COB,54643,56227,1584
56247,56756,509,0,GE-Phrase,216,55997,57367,1370
56247,56756,509,0,InfoStructure,COM,56227,57050,823
58061,58501,440,0,GE-Phrase,217,57367,58501,1134
58061,58501,440,0,InfoStructure,EMP,57832,58837,1005
58821,59087,266,0,GE-Phrase,218,58501,59087,586
58821,59087,266,0,InfoStructure,EMP,57832,58837,1005
58821,59087,266,0,InfoStructure,COB,58837,60272,1435
59247,59407,160,0,GE-Phrase,219,59087,59727,640
59247,59407,160,0,InfoStructure,COB,58837,60272,1435
60397,60927,530,0,GE-Phrase,220,59727,60927,1200
60397,60927,530,0,InfoStructure,COB,60272,61330,1058
61831,63287,1456,0,GE-Phrase,221,60927,63287,2360
61831,63287,1456,0,InfoStructure,COM,61499,63128,1629
61831,63287,1456,0,InfoStructure,INT,63128,63798,670
63767,64327,560,0,GE-Phrase,222,63287,64327,1040
63767,64327,560,0,InfoStructure,INT,63128,63798,670
63767,64327,560,0,InfoStructure,COM,63798,64320,522
63767,64327,560,0,InfoStructure,COM,64320,65270,950
64607,64927,320,0,GE-Phrase,223,64327,65287,960
64607,64927,320,0,InfoStructure,COM,64320,65270,950
65527,66007,480,0,GE-Phrase,224,65287,66967,1680
65527,66007,480,0,InfoStructure,SCA,65270,66759,1489
74950,75616,666,0,GE-Phrase,225,74390,76279,1889
74950,75616,666,0,InfoStructure,TOP,74495,76336,1841
76512,76980,468,0,GE-Phrase,226,76279,77639,1360
76512,76980,468,0,InfoStructure,PAR,76336,77920,1584
77999,78319,320,0,GE-Phrase,227,77639,79279,1640
77999,78319,320,0,InfoStructure,PAR,77920,79367,1447
79501,79868,367,0,GE-Phrase,228,79279,80954,1675
79501,79868,367,0,InfoStructure,PAR,79367,79692,325
79501,79868,367,0,InfoStructure,PAR,79692,81357,1665
81451,81891,440,0,GE-Phrase,229,80954,82638,1684
81451,81891,440,0,InfoStructure,SCA,81357,82056,699
98286,98526,240,0,GE-Phrase,230,97846,98708,862
98286,98526,240,0,InfoStructure,PAR,98199,98848,649
98708,99217,509,0,GE-Phrase,231,98708,100412,1704
98708,99217,509,0,InfoStructure,PAR,98199,98848,649
98708,99217,509,0,InfoStructure,PAR,98848,100935,2087
116319,116792,473,0,GE-Phrase,232,115758,117322,1564
116319,116792,473,0,InfoStructure,COB,116021,117131,1110
131479,132039,560,0,GE-Phrase,233,130801,133593,2792
131479,132039,560,0,InfoStructure,COB,131417,132728,1311
134473,136803,2330,0,GE-Phrase,234,133993,136803,2810
134473,136803,2330,0,InfoStructure,COB,134099,137105,3006
136963,137483,520,0,GE-Phrase,235,136803,138001,1198
136963,137483,520,0,InfoStructure,COB,134099,137105,3006
136963,137483,520,0,InfoStructure,PAR,137105,138339,1234
138475,139096,621,0,GE-Phrase,236,138001,139371,1370
138475,139096,621,0,InfoStructure,PAR,138339,139647,1308
140340,143181,2841,0,GE-Phrase,237,139371,143181,3810
140340,143181,2841,0,InfoStructure,SCA,139647,141245,1598
140340,143181,2841,0,InfoStructure,SCA,141245,142082,837
140340,143181,2841,0,InfoStructure,COM,142082,143110,1028
143181,143901,720,0,GE-Phrase,238,143181,145083,1902
143181,143901,720,0,InfoStructure,EMP,143309,144587,1278
147434,148267,833,0,GE-Phrase,239,147434,149980,2546
147434,148267,833,0,InfoStructure,COM,147432,148736,1304
149980,150503,523,0,GE-Phrase,240,149980,151218,1238
149980,150503,523,0,InfoStructure,COM,150117,150998,881
151218,151583,365,0,GE-Phrase,241,151218,154074,2856
151218,151583,365,0,InfoStructure,COM,151274,151974,700
3473,4043,570,0,GE-Phrase,201,2987,4043,1056
4966,6126,1160,0,GE-Phrase,202,4043,6740,2697
8514,9547,1033,0,GE-Phrase,203,7703,9547,1844
9547,10299,752,0,GE-Phrase,204,9547,12780,3233
12780,13179,399,0,GE-Phrase,205,12780,13614,834
15197,15933,736,0,GE-Phrase,206,14778,16398,1620
16398,16860,462,0,GE-Phrase,207,16398,17231,833
17381,18116,735,0,GE-Phrase,208,17231,18613,1382
18879,19412,533,0,GE-Phrase,209,18613,20081,1468
22933,23366,433,0,GE-Phrase,210,22182,24153,1971
24534,24856,322,0,GE-Phrase,211,24153,25283,1130
25283,25826,543,0,GE-Phrase,212,25283,26449,1166
26682,27124,442,0,GE-Phrase,213,26449,27441,992
31495,31925,430,0,GE-Phrase,214,31036,31925,889
33731,34268,537,0,GE-Phrase,215,33357,34268,911
34566,35333,767,0,GE-Phrase,216,34268,35727,1459
44550,45037,487,0,GE-Phrase,217,44209,45219,1010
45613,46633,1020,0,GE-Phrase,218,45219,47221,2002
49529,49973,444,0,GE-Phrase,219,49185,50170,985
50260,50783,523,0,GE-Phrase,220,50170,51020,850
51373,52022,649,0,GE-Phrase,221,51020,53094,2074
53850,55066,1216,0,GE-Phrase,222,53094,56433,3339
56631,57097,466,0,GE-Phrase,223,56433,58070,1637
58849,59433,584,0,GE-Phrase,224,58070,60019,1949
60642,61088,446,0,GE-Phrase,225,60019,61392,1373
61691,62699,1008,0,GE-Phrase,226,61392,64369,2977
64693,65356,663,0,GE-Phrase,227,64369,65566,1197
66200,66669,469,0,GE-Phrase,228,65566,66900,1334
66900,67670,770,0,GE-Phrase,229,66900,68445,1545
71207,71542,335,0,GE-Phrase,230,70945,72104,1159
75999,77003,1004,0,GE-Phrase,231,75468,77678,2210
80593,81366,773,0,GE-Phrase,232,79771,82089,2318
82489,83144,655,0,GE-Phrase,233,82089,84065,1976
87966,88805,839,0,GE-Phrase,234,87258,90062,2804
90626,91369,743,0,GE-Phrase,235,90062,91831,1769
92504,93217,713,0,GE-Phrase,236,91831,93333,1502
93706,94140,434,0,GE-Phrase,237,93333,94899,1566
96556,97599,1043,0,GE-Phrase,238,94899,98304,3405
101064,101966,902,0,GE-Phrase,239,98304,102783,4479
103036,103303,267,0,GE-Phrase,240,102783,103625,842
105638,105992,354,0,GE-Phrase,241,105023,105992,969
106195,106491,296,0,GE-Phrase,242,105992,107233,1241
107466,110658,3192,0,GE-Phrase,243,107233,113333,6100
117153,117595,442,0,GE-Phrase,244,116617,117595,978
117926,119980,2054,0,GE-Phrase,245,117595,120666,3071
121480,121831,351,0,GE-Phrase,246,120666,122158,1492
122302,122668,366,0,GE-Phrase,247,122158,123368,1210
123632,124086,454,0,GE-Phrase,248,123368,124547,1179
126026,126462,436,0,GE-Phrase,249,124547,127723,3176
128017,128638,621,0,GE-Phrase,250,127723,129004,1281
129237,129866,629,0,GE-Phrase,251,129004,130404,1400
131184,132799,1615,0,GE-Phrase,252,130404,133766,3362
134275,134866,591,0,GE-Phrase,253,133766,135577,1811
137917,138451,534,0,GE-Phrase,254,137516,139540,2024
140821,142191,1370,0,GE-Phrase,255,139540,142191,2651
143063,144529,1466,0,GE-Phrase,256,142191,146166,3975
152749,153501,752,0,GE-Phrase,257,152032,153501,1469
153501,154819,1318,0,GE-Phrase,258,153501,155679,2178
22200,23600,1400,0,GE-Phrase,201,21741,26246,4505
26818,29753,2935,0,GE-Phrase,202,26246,31776,5530
32291,32731,440,0,GE-Phrase,203,31776,33450,1674
33641,34081,440,0,GE-Phrase,204,33450,34467,1017
41773,42216,443,0,GE-Phrase,205,40919,42682,1763
43876,44676,800,0,GE-Phrase,206,42682,45633,2951
46548,49633,3085,0,GE-Phrase,207,45633,50262,4629
52696,53456,760,0,GE-Phrase,208,50262,54168,3906
54168,55768,1600,0,GE-Phrase,209,54168,56339,2171
56339,58435,2096,0,GE-Phrase,210,56339,59062,2723
60180,63144,2964,0,GE-Phrase,211,59062,63144,4082
63144,63674,530,0,GE-Phrase,212,63144,63674,530
63674,64625,951,0,GE-Phrase,213,63674,65469,1795
65727,66647,920,0,GE-Phrase,214,65469,68076,2607
69881,71172,1291,0,GE-Phrase,215,69547,71964,2417
72585,73344,759,0,GE-Phrase,216,71964,74244,2280
75204,76804,1600,0,GE-Phrase,217,74244,77654,3410
77991,80271,2280,0,GE-Phrase,218,77654,80791,3137
81431,83136,1705,0,GE-Phrase,219,80791,83136,2345
83136,84139,1003,0,GE-Phrase,220,83136,84139,1003
84939,88042,3103,0,GE-Phrase,221,84139,91180,7041
97221,98036,815,0,GE-Phrase,222,96160,99128,2968
101935,103091,1156,0,GE-Phrase,223,101257,103759,2502
105018,106316,1298,0,GE-Phrase,224,103759,109504,5745
111054,111811,757,0,GE-Phrase,225,109504,112551,3047
113880,116577,2697,0,GE-Phrase,226,112551,117231,4680
117856,118997,1141,0,GE-Phrase,227,117231,119677,2446
120757,122037,1280,0,GE-Phrase,228,119677,124094,4417
1415,1838,423,0,GE-Phrase,201,775,3090,2315
1415,1838,423,0,InfoStructure,SCA,837,2050,1213
3689,4649,960,0,GE-Phrase,202,3090,5147,2057
3689,4649,960,0,InfoStructure,INT,3382,5062,1680
5793,6814,1021,0,GE-Phrase,203,5147,7548,2401
5793,6814,1021,0,InfoStructure,,5062,5907,845
5793,6814,1021,0,InfoStructure,INT,5907,6341,434
5793,6814,1021,0,InfoStructure,TOP,6341,6928,587
8353,8753,400,0,GE-Phrase,204,7548,9104,1556
8353,8753,400,0,InfoStructure,COM,7884,8935,1051
10503,10898,395,0,GE-Phrase,205,9104,11228,2124
10503,10898,395,0,InfoStructure,PAR,9631,12030,2399
11616,12216,600,0,GE-Phrase,206,11228,13092,1864
11616,12216,600,0,InfoStructure,PAR,9631,12030,2399
11616,12216,600,0,InfoStructure,PAR,12030,13506,1476
13708,14576,868,0,GE-Phrase,207,13092,14908,1816
13708,14576,868,0,InfoStructure,COM,13506,16418,2912
15081,15761,680,0,GE-Phrase,208,14908,16388,1480
15081,15761,680,0,InfoStructure,COM,13506,16418,2912
17273,18214,941,0,GE-Phrase,209,16388,18214,1826
17273,18214,941,0,InfoStructure,COM,16418,18201,1783
18881,20041,1160,0,GE-Phrase,210,18214,21954,3740
18881,20041,1160,0,InfoStructure,SCA,18727,19439,712
18881,20041,1160,0,InfoStructure,CMM,19439,21320,1881
22725,23109,384,0,GE-Phrase,211,21954,23414,1460
22725,23109,384,0,InfoStructure,CMM,21953,23636,1683
23890,25250,1360,0,GE-Phrase,212,23414,26572,3158
23890,25250,1360,0,InfoStructure,CMM,23636,25187,1551
23890,25250,1360,0,InfoStructure,PAR,25187,26370,1183
27305,28425,1120,0,GE-Phrase,213,26572,28865,2293
27305,28425,1120,0,InfoStructure,PAR,27200,28048,848
27305,28425,1120,0,InfoStructure,PAR,28048,29067,1019
29147,29347,200,0,GE-Phrase,214,28865,30267,1402
29147,29347,200,0,InfoStructure,CMM,29067,29721,654
31027,32067,1040,0,GE-Phrase,215,30267,32498,2231
31027,32067,1040,0,InfoStructure,COB,30583,32769,2186
32498,33005,507,0,GE-Phrase,216,32498,33698,1200
32498,33005,507,0,InfoStructure,COB,30583,32769,2186
32498,33005,507,0,InfoStructure,SCA,32769,33965,1196
33892,35750,1858,0,GE-Phrase,217,33698,35750,2052
33892,35750,1858,0,InfoStructure,SCA,32769,33965,1196
33892,35750,1858,0,InfoStructure,INT,33965,34582,617
33892,35750,1858,0,InfoStructure,COB,34582,35920,1338
36123,37119,996,0,GE-Phrase,218,35750,37119,1369
36123,37119,996,0,InfoStructure,AUX,35920,36331,411
36123,37119,996,0,InfoStructure,COB,36331,37360,1029
37119,37515,396,0,GE-Phrase,219,37119,38166,1047
37119,37515,396,0,InfoStructure,COB,36331,37360,1029
37119,37515,396,0,InfoStructure,COM,37360,38258,898
39080,41856,2776,0,GE-Phrase,220,38166,41856,3690
39080,41856,2776,0,InfoStructure,COB,38701,39703,1002
39080,41856,2776,0,InfoStructure,COB,39703,40576,873
39080,41856,2776,0,InfoStructure,COB,40576,41972,1396
41856,42668,812,0,GE-Phrase,221,41856,43989,2133
41856,42668,812,0,InfoStructure,COB,40576,41972,1396
41856,42668,812,0,InfoStructure,COB,41972,42354,382
41856,42668,812,0,InfoStructure,SCA,42354,43456,1102
45035,46490,1455,0,GE-Phrase,222,43989,47684,3695
45035,46490,1455,0,InfoStructure,SCA,43456,45850,2394
45035,46490,1455,0,InfoStructure,,45850,46653,803
51557,52801,1244,0,GE-Phrase,223,51145,53707,2562
51557,52801,1244,0,InfoStructure,TOP,51048,52497,1449
51557,52801,1244,0,InfoStructure,COM,52497,53402,905
56362,57457,1095,0,GE-Phrase,224,53707,59015,5308
56362,57457,1095,0,InfoStructure,COB,55679,57555,1876
60245,60773,528,0,GE-Phrase,225,59015,60773,1758
60245,60773,528,0,InfoStructure,COM,59821,61678,1857
60773,61487,714,0,GE-Phrase,226,60773,61487,714
60773,61487,714,0,InfoStructure,COM,59821,61678,1857
61487,62271,784,0,GE-Phrase,227,61487,62271,784
61487,62271,784,0,InfoStructure,COM,59821,61678,1857
61487,62271,784,0,InfoStructure,TOP,61678,62426,748
62271,63151,880,0,GE-Phrase,228,62271,63151,880
62271,63151,880,0,InfoStructure,TOP,61678,62426,748
62271,63151,880,0,InfoStructure,INT,62426,62814,388
62271,63151,880,0,InfoStructure,COM,62814,63449,635
64021,64941,920,0,GE-Phrase,229,63151,64941,1790
64021,64941,920,0,InfoStructure,COB,63449,64387,938
64021,64941,920,0,InfoStructure,APC,64387,65316,929
65429,66067,638,0,GE-Phrase,230,64941,66067,1126
65429,66067,638,0,InfoStructure,COB,65316,66257,941
66358,67075,717,0,GE-Phrase,231,66067,67075,1008
66358,67075,717,0,InfoStructure,INT,66257,66429,172
66358,67075,717,0,InfoStructure,COM,66429,66980,551
67722,69124,1402,0,GE-Phrase,232,67075,69124,2049
67722,69124,1402,0,InfoStructure,COB,67548,69028,1480
67722,69124,1402,0,InfoStructure,AUX,69028,69285,257
69404,70078,674,0,GE-Phrase,233,69124,70078,954
69404,70078,674,0,InfoStructure,PAR,69285,70269,984
70626,71415,789,0,GE-Phrase,234,70078,71694,1616
70626,71415,789,0,InfoStructure,COB,70269,72901,2632
71694,72912,1218,0,GE-Phrase,235,71694,73762,2068
71694,72912,1218,0,InfoStructure,COB,70269,72901,2632
71694,72912,1218,0,InfoStructure,COM,72901,73414,513
74303,75009,706,0,GE-Phrase,236,73762,75009,1247
74303,75009,706,0,InfoStructure,COB,73865,74742,877
74303,75009,706,0,InfoStructure,INT,74742,75653,911
75009,75819,810,0,GE-Phrase,237,75009,75819,810
75009,75819,810,0,InfoStructure,INT,74742,75653,911
75009,75819,810,0,InfoStructure,COM,75653,76513,860
75819,76484,665,0,GE-Phrase,238,75819,77216,1397
75819,76484,665,0,InfoStructure,COM,75653,76513,860
78759,81294,2535,0,GE-Phrase,239,78317,81294,2977
78759,81294,2535,0,InfoStructure,COB,78503,78989,486
78759,81294,2535,0,InfoStructure,COB,78989,80561,1572
78759,81294,2535,0,InfoStructure,COB,80561,83244,2683
81849,82796,947,0,GE-Phrase,240,81294,83492,2198
81849,82796,947,0,InfoStructure,COB,80561,83244,2683
84721,87460,2739,0,GE-Phrase,241,83492,88086,4594
84721,87460,2739,0,InfoStructure,COB,83244,85110,1866
84721,87460,2739,0,InfoStructure,COM,85110,87543,2433
88086,90150,2064,0,GE-Phrase,242,88086,90150,2064
88086,90150,2064,0,InfoStructure,TOP,89047,89913,866
88086,90150,2064,0,InfoStructure,COB,89913,91343,1430
90527,91106,579,0,GE-Phrase,243,90150,91779,1629
90527,91106,579,0,InfoStructure,COB,89913,91343,1430
92219,92767,548,0,GE-Phrase,244,91779,92767,988
92219,92767,548,0,InfoStructure,COM,92140,92888,748
93320,94054,734,0,GE-Phrase,245,92767,94054,1287
93320,94054,734,0,InfoStructure,COM,92888,94180,1292
94677,95892,1215,0,GE-Phrase,246,94054,96105,2051
94677,95892,1215,0,InfoStructure,COB,94623,96254,1631
96105,97004,899,0,GE-Phrase,247,96105,97925,1820
96105,97004,899,0,InfoStructure,COB,94623,96254,1631
96105,97004,899,0,InfoStructure,SCA,96254,97376,1122
101856,102665,809,0,GE-Phrase,248,99999,102665,2666
101856,102665,809,0,InfoStructure,COB,100915,102900,1985
103225,105016,1791,0,GE-Phrase,249,102665,105016,2351
103225,105016,1791,0,InfoStructure,INT,102900,103344,444
103225,105016,1791,0,InfoStructure,COB,103344,103679,335
103225,105016,1791,0,InfoStructure,COB,103679,104757,1078
103225,105016,1791,0,InfoStructure,COB,104757,106130,1373
105016,106042,1026,0,GE-Phrase,250,105016,106042,1026
105016,106042,1026,0,InfoStructure,COB,104757,106130,1373
106466,107751,1285,0,GE-Phrase,251,106042,107751,1709
106466,107751,1285,0,InfoStructure,SCA,106130,106712,582
106466,107751,1285,0,InfoStructure,COB,106712,107141,429
106466,107751,1285,0,InfoStructure,CMM,107141,107721,580
106466,107751,1285,0,InfoStructure,CMM,107721,108332,611
107751,108288,537,0,GE-Phrase,252,107751,108288,537
107751,108288,537,0,InfoStructure,CMM,107721,108332,611
108288,108743,455,0,GE-Phrase,253,108288,109302,1014
108288,108743,455,0,InfoStructure,CMM,107721,108332,611
108288,108743,455,0,InfoStructure,COM,108332,108795,463
109847,110838,991,0,GE-Phrase,254,109302,110838,1536
109847,110838,991,0,InfoStructure,COB,109324,111392,2068
111271,112665,1394,0,GE-Phrase,255,110838,112804,1966
111271,112665,1394,0,InfoStructure,COB,109324,111392,2068
111271,112665,1394,0,InfoStructure,COB,111392,112120,728
111271,112665,1394,0,InfoStructure,,112120,112547,427
111271,112665,1394,0,InfoStructure,AUX,112547,112850,303
113158,113509,351,0,GE-Phrase,256,112804,115094,2290
113158,113509,351,0,InfoStructure,COB,112850,114072,1222
115734,116783,1049,0,GE-Phrase,257,115094,116783,1689
115734,116783,1049,0,InfoStructure,AUX,115690,116850,1160
117353,118033,680,0,GE-Phrase,258,116783,118584,1801
117353,118033,680,0,InfoStructure,COM,116850,118470,1620
119278,120248,970,0,GE-Phrase,259,118584,120891,2307
119278,120248,970,0,InfoStructure,COM,118470,120327,1857
121408,122859,1451,0,GE-Phrase,260,120891,123162,2271
121408,122859,1451,0,InfoStructure,TOP,120955,123333,2378
123543,125275,1732,0,GE-Phrase,261,123162,126484,3322
123543,125275,1732,0,InfoStructure,PAR,123333,123678,345
123543,125275,1732,0,InfoStructure,PAR,123678,123884,206
123543,125275,1732,0,InfoStructure,PAR,123884,124797,913
123543,125275,1732,0,InfoStructure,PAR,124797,126007,1210
131270,132202,932,0,GE-Phrase,262,128821,132202,3381
131270,132202,932,0,InfoStructure,COB,130503,131502,999
131270,132202,932,0,InfoStructure,PAR,131502,132715,1213
132712,133300,588,0,GE-Phrase,263,132202,134077,1875
132712,133300,588,0,InfoStructure,PAR,131502,132715,1213
132712,133300,588,0,InfoStructure,PAR,132715,134762,2047
134927,135782,855,0,GE-Phrase,264,134077,135782,1705
134927,135782,855,0,InfoStructure,COB,134762,136371,1609
136557,137175,618,0,GE-Phrase,265,135782,138288,2506
136557,137175,618,0,InfoStructure,PAR,136371,137155,784
136557,137175,618,0,InfoStructure,PAR,137155,137394,239
139895,141167,1272,0,GE-Phrase,266,138288,141167,2879
139895,141167,1272,0,InfoStructure,COB,139845,141078,1233
139895,141167,1272,0,InfoStructure,PAR,141078,143026,1948
141167,142045,878,0,GE-Phrase,267,141167,142467,1300
141167,142045,878,0,InfoStructure,PAR,141078,143026,1948
143704,144762,1058,0,GE-Phrase,268,142467,145380,2913
143704,144762,1058,0,InfoStructure,COB,143026,145482,2456
145380,146062,682,0,GE-Phrase,269,145380,147413,2033
145380,146062,682,0,InfoStructure,COB,143026,145482,2456
145380,146062,682,0,InfoStructure,COM,145482,147406,1924
147967,148742,775,0,GE-Phrase,270,147413,149490,2077
147967,148742,775,0,InfoStructure,COB,147685,149343,1658
150125,151219,1094,0,GE-Phrase,271,149490,151803,2313
150125,151219,1094,0,InfoStructure,PAR,149343,150432,1089
150125,151219,1094,0,InfoStructure,COM,150838,152126,1288
152269,152957,688,0,GE-Phrase,272,151803,152957,1154
152269,152957,688,0,InfoStructure,COM,152126,152802,676
153754,154804,1050,0,GE-Phrase,273,152957,155850,2893
153754,154804,1050,0,InfoStructure,COM,153731,154046,315
153754,154804,1050,0,InfoStructure,COM,154046,155515,1469
156577,158207,1630,0,GE-Phrase,274,155850,158207,2357
156577,158207,1630,0,InfoStructure,SCA,156081,157470,1389
156577,158207,1630,0,InfoStructure,COM,157470,158208,738
12418,13226,808,0,GE-Phrase,201,10096,15895,5799
16645,17651,1006,0,GE-Phrase,202,15895,18456,2561
18456,19037,581,0,GE-Phrase,203,18456,20099,1643
21238,24524,3286,0,GE-Phrase,204,20099,25335,5236
25972,26716,744,0,GE-Phrase,205,25335,28020,2685
36785,37576,791,0,GE-Phrase,206,35999,40113,4114
41560,42418,858,0,GE-Phrase,207,40113,42418,2305
42418,43624,1206,0,GE-Phrase,208,42418,44412,1994
46121,46251,130,0,GE-Phrase,209,44412,46251,1839
46251,47867,1616,0,GE-Phrase,210,46251,51709,5458
63328,64370,1042,0,GE-Phrase,211,62257,65386,3129
81436,82836,1400,0,GE-Phrase,212,80290,82836,2546
82836,84829,1993,0,GE-Phrase,213,82836,85414,2578
85414,86507,1093,0,GE-Phrase,214,85414,86507,1093
87662,88250,588,0,GE-Phrase,215,86507,88778,2271
89329,90131,802,0,GE-Phrase,216,88778,90860,2082
91989,93966,1977,0,GE-Phrase,217,90860,95040,4180
95874,96212,338,0,GE-Phrase,218,95040,96841,1801
98451,99474,1023,0,GE-Phrase,219,96841,99474,2633
100224,100638,414,0,GE-Phrase,220,99474,101052,1578
101341,102117,776,0,GE-Phrase,221,101052,102768,1716
103257,103943,686,0,GE-Phrase,222,102768,103943,1175
103943,104750,807,0,GE-Phrase,223,103943,105912,1969
109435,110415,980,0,GE-Phrase,224,108166,110415,2249
110739,111504,765,0,GE-Phrase,225,110415,111999,1584
111999,112384,385,0,GE-Phrase,226,111999,113239,1240
126183,127695,1512,0,GE-Phrase,227,125225,128489,3264
128634,128800,166,0,GE-Phrase,228,128489,129290,801
129782,130588,806,0,GE-Phrase,229,129290,131192,1902
131192,132802,1610,0,GE-Phrase,230,131192,135194,4002
143636,144245,609,0,GE-Phrase,231,143032,144677,1645
145434,146175,741,0,GE-Phrase,232,144677,147741,3064
