InfoStructure_PAR_start_ms,InfoStructure_PAR_end_ms,InfoStructure_PAR_duration,Buffer_ms,Tier,Value,Begin_ms,End_ms,Duration
7782,8039,257,0,GE-Phrase,203,7612,9471,1859
7782,8039,257,0,NTB,assim,7782,8039,257
12059,14017,1958,0,GE-Phrase,205,13467,16449,2982
12059,14017,1958,0,NTB,a rua do poste,12059,14017,1958
23217,24876,1659,0,GE-Phrase,210,24642,25844,1202
23217,24876,1659,0,NTB,eu acho,23217,24876,1659
52845,53049,204,0,NTB,assim,52845,53049,204
73497,74483,986,0,NTB,nũ sei por quê,73497,74483,986
74483,76614,2131,0,NTB,nũ sei aonde,74483,76614,2131
79218,79472,254,0,NTB,sei lá,79218,79472,254
82970,83529,559,0,NTB,nũ sei,82970,83529,559
89410,90328,918,0,GE-Phrase,225,90113,92132,2019
89410,90328,918,0,NTB,na verdade,89410,90328,918
111080,111933,853,0,GE-Phrase,235,111929,112681,752
111080,111933,853,0,NTB,do anterior,111080,111933,853
138505,140133,1628,0,NTB,pouco mais,138505,140133,1628
7782,8039,257,0,GE-Phrase,203,7612,9471,1859
7782,8039,257,0,NTB,assim,7782,8039,257
12059,14017,1958,0,GE-Phrase,205,13467,16449,2982
12059,14017,1958,0,NTB,a rua do poste,12059,14017,1958
23217,24876,1659,0,GE-Phrase,210,24642,25844,1202
23217,24876,1659,0,NTB,eu acho,23217,24876,1659
52845,53049,204,0,NTB,assim,52845,53049,204
73497,74483,986,0,NTB,nũ sei por quê,73497,74483,986
74483,76614,2131,0,NTB,nũ sei aonde,74483,76614,2131
79218,79472,254,0,NTB,sei lá,79218,79472,254
82970,83529,559,0,NTB,nũ sei,82970,83529,559
89410,90328,918,0,GE-Phrase,225,90113,92132,2019
89410,90328,918,0,NTB,na verdade,89410,90328,918
111080,111933,853,0,GE-Phrase,235,111929,112681,752
111080,111933,853,0,NTB,do anterior,111080,111933,853
138505,140133,1628,0,NTB,pouco mais,138505,140133,1628
7782,8039,257,0,GE-Phrase,203,7612,9471,1859
7782,8039,257,0,NTB,assim,7782,8039,257
12059,14017,1958,0,GE-Phrase,205,13467,16449,2982
12059,14017,1958,0,NTB,a rua do poste,12059,14017,1958
23217,24876,1659,0,GE-Phrase,210,24642,25844,1202
23217,24876,1659,0,NTB,eu acho,23217,24876,1659
52845,53049,204,0,NTB,assim,52845,53049,204
73497,74483,986,0,NTB,nũ sei por quê,73497,74483,986
74483,76614,2131,0,NTB,nũ sei aonde,74483,76614,2131
79218,79472,254,0,NTB,sei lá,79218,79472,254
82970,83529,559,0,NTB,nũ sei,82970,83529,559
89410,90328,918,0,GE-Phrase,225,90113,92132,2019
89410,90328,918,0,NTB,na verdade,89410,90328,918
111080,111933,853,0,GE-Phrase,235,111929,112681,752
111080,111933,853,0,NTB,do anterior,111080,111933,853
138505,140133,1628,0,NTB,pouco mais,138505,140133,1628
7782,8039,257,0,GE-Phrase,203,7612,9471,1859
7782,8039,257,0,NTB,assim,7782,8039,257
12059,14017,1958,0,GE-Phrase,205,13467,16449,2982
12059,14017,1958,0,NTB,a rua do poste,12059,14017,1958
23217,24876,1659,0,GE-Phrase,210,24642,25844,1202
23217,24876,1659,0,NTB,eu acho,23217,24876,1659
52845,53049,204,0,NTB,assim,52845,53049,204
73497,74483,986,0,NTB,nũ sei por quê,73497,74483,986
74483,76614,2131,0,NTB,nũ sei aonde,74483,76614,2131
79218,79472,254,0,NTB,sei lá,79218,79472,254
82970,83529,559,0,NTB,nũ sei,82970,83529,559
89410,90328,918,0,GE-Phrase,225,90113,92132,2019
89410,90328,918,0,NTB,na verdade,89410,90328,918
111080,111933,853,0,GE-Phrase,235,111929,112681,752
111080,111933,853,0,NTB,do anterior,111080,111933,853
138505,140133,1628,0,NTB,pouco mais,138505,140133,1628
7782,8039,257,0,GE-Phrase,203,7612,9471,1859
7782,8039,257,0,NTB,assim,7782,8039,257
12059,14017,1958,0,GE-Phrase,205,13467,16449,2982
12059,14017,1958,0,NTB,a rua do poste,12059,14017,1958
23217,24876,1659,0,GE-Phrase,210,24642,25844,1202
23217,24876,1659,0,NTB,eu acho,23217,24876,1659
52845,53049,204,0,NTB,assim,52845,53049,204
73497,74483,986,0,NTB,nũ sei por quê,73497,74483,986
74483,76614,2131,0,NTB,nũ sei aonde,74483,76614,2131
79218,79472,254,0,NTB,sei lá,79218,79472,254
82970,83529,559,0,NTB,nũ sei,82970,83529,559
89410,90328,918,0,GE-Phrase,225,90113,92132,2019
89410,90328,918,0,NTB,na verdade,89410,90328,918
111080,111933,853,0,GE-Phrase,235,111929,112681,752
111080,111933,853,0,NTB,do anterior,111080,111933,853
138505,140133,1628,0,NTB,pouco mais,138505,140133,1628
7782,8039,257,0,GE-Phrase,203,7612,9471,1859
7782,8039,257,0,NTB,assim,7782,8039,257
12059,14017,1958,0,GE-Phrase,205,13467,16449,2982
12059,14017,1958,0,NTB,a rua do poste,12059,14017,1958
23217,24876,1659,0,GE-Phrase,210,24642,25844,1202
23217,24876,1659,0,NTB,eu acho,23217,24876,1659
52845,53049,204,0,NTB,assim,52845,53049,204
73497,74483,986,0,NTB,nũ sei por quê,73497,74483,986
74483,76614,2131,0,NTB,nũ sei aonde,74483,76614,2131
79218,79472,254,0,NTB,sei lá,79218,79472,254
82970,83529,559,0,NTB,nũ sei,82970,83529,559
89410,90328,918,0,GE-Phrase,225,90113,92132,2019
89410,90328,918,0,NTB,na verdade,89410,90328,918
111080,111933,853,0,GE-Phrase,235,111929,112681,752
111080,111933,853,0,NTB,do anterior,111080,111933,853
138505,140133,1628,0,NTB,pouco mais,138505,140133,1628
7782,8039,257,0,GE-Phrase,203,7612,9471,1859
7782,8039,257,0,NTB,assim,7782,8039,257
12059,14017,1958,0,GE-Phrase,205,13467,16449,2982
12059,14017,1958,0,NTB,a rua do poste,12059,14017,1958
23217,24876,1659,0,GE-Phrase,210,24642,25844,1202
23217,24876,1659,0,NTB,eu acho,23217,24876,1659
52845,53049,204,0,NTB,assim,52845,53049,204
73497,74483,986,0,NTB,nũ sei por quê,73497,74483,986
74483,76614,2131,0,NTB,nũ sei aonde,74483,76614,2131
79218,79472,254,0,NTB,sei lá,79218,79472,254
82970,83529,559,0,NTB,nũ sei,82970,83529,559
89410,90328,918,0,GE-Phrase,225,90113,92132,2019
89410,90328,918,0,NTB,na verdade,89410,90328,918
111080,111933,853,0,GE-Phrase,235,111929,112681,752
111080,111933,853,0,NTB,do anterior,111080,111933,853
138505,140133,1628,0,NTB,pouco mais,138505,140133,1628
7782,8039,257,0,GE-Phrase,203,7612,9471,1859
7782,8039,257,0,NTB,assim,7782,8039,257
12059,14017,1958,0,GE-Phrase,205,13467,16449,2982
12059,14017,1958,0,NTB,a rua do poste,12059,14017,1958
23217,24876,1659,0,GE-Phrase,210,24642,25844,1202
23217,24876,1659,0,NTB,eu acho,23217,24876,1659
52845,53049,204,0,NTB,assim,52845,53049,204
73497,74483,986,0,NTB,nũ sei por quê,73497,74483,986
74483,76614,2131,0,NTB,nũ sei aonde,74483,76614,2131
79218,79472,254,0,NTB,sei lá,79218,79472,254
82970,83529,559,0,NTB,nũ sei,82970,83529,559
89410,90328,918,0,GE-Phrase,225,90113,92132,2019
89410,90328,918,0,NTB,na verdade,89410,90328,918
111080,111933,853,0,GE-Phrase,235,111929,112681,752
111080,111933,853,0,NTB,do anterior,111080,111933,853
138505,140133,1628,0,NTB,pouco mais,138505,140133,1628
7782,8039,257,0,GE-Phrase,203,7612,9471,1859
7782,8039,257,0,NTB,assim,7782,8039,257
12059,14017,1958,0,GE-Phrase,205,13467,16449,2982
12059,14017,1958,0,NTB,a rua do poste,12059,14017,1958
23217,24876,1659,0,GE-Phrase,210,24642,25844,1202
23217,24876,1659,0,NTB,eu acho,23217,24876,1659
52845,53049,204,0,NTB,assim,52845,53049,204
73497,74483,986,0,NTB,nũ sei por quê,73497,74483,986
74483,76614,2131,0,NTB,nũ sei aonde,74483,76614,2131
79218,79472,254,0,NTB,sei lá,79218,79472,254
82970,83529,559,0,NTB,nũ sei,82970,83529,559
89410,90328,918,0,GE-Phrase,225,90113,92132,2019
89410,90328,918,0,NTB,na verdade,89410,90328,918
111080,111933,853,0,GE-Phrase,235,111929,112681,752
111080,111933,853,0,NTB,do anterior,111080,111933,853
138505,140133,1628,0,NTB,pouco mais,138505,140133,1628
7782,8039,257,0,GE-Phrase,203,7612,9471,1859
7782,8039,257,0,NTB,assim,7782,8039,257
12059,14017,1958,0,GE-Phrase,205,13467,16449,2982
12059,14017,1958,0,NTB,a rua do poste,12059,14017,1958
23217,24876,1659,0,GE-Phrase,210,24642,25844,1202
23217,24876,1659,0,NTB,eu acho,23217,24876,1659
52845,53049,204,0,NTB,assim,52845,53049,204
73497,74483,986,0,NTB,nũ sei por quê,73497,74483,986
74483,76614,2131,0,NTB,nũ sei aonde,74483,76614,2131
79218,79472,254,0,NTB,sei lá,79218,79472,254
82970,83529,559,0,NTB,nũ sei,82970,83529,559
89410,90328,918,0,GE-Phrase,225,90113,92132,2019
89410,90328,918,0,NTB,na verdade,89410,90328,918
111080,111933,853,0,GE-Phrase,235,111929,112681,752
111080,111933,853,0,NTB,do anterior,111080,111933,853
138505,140133,1628,0,NTB,pouco mais,138505,140133,1628
7782,8039,257,0,GE-Phrase,203,7612,9471,1859
7782,8039,257,0,NTB,assim,7782,8039,257
12059,14017,1958,0,GE-Phrase,205,13467,16449,2982
12059,14017,1958,0,NTB,a rua do poste,12059,14017,1958
23217,24876,1659,0,GE-Phrase,210,24642,25844,1202
23217,24876,1659,0,NTB,eu acho,23217,24876,1659
52845,53049,204,0,NTB,assim,52845,53049,204
73497,74483,986,0,NTB,nũ sei por quê,73497,74483,986
74483,76614,2131,0,NTB,nũ sei aonde,74483,76614,2131
79218,79472,254,0,NTB,sei lá,79218,79472,254
82970,83529,559,0,NTB,nũ sei,82970,83529,559
89410,90328,918,0,GE-Phrase,225,90113,92132,2019
89410,90328,918,0,NTB,na verdade,89410,90328,918
111080,111933,853,0,GE-Phrase,235,111929,112681,752
111080,111933,853,0,NTB,do anterior,111080,111933,853
138505,140133,1628,0,NTB,pouco mais,138505,140133,1628
7782,8039,257,0,GE-Phrase,203,7612,9471,1859
7782,8039,257,0,NTB,assim,7782,8039,257
12059,14017,1958,0,GE-Phrase,205,13467,16449,2982
12059,14017,1958,0,NTB,a rua do poste,12059,14017,1958
23217,24876,1659,0,GE-Phrase,210,24642,25844,1202
23217,24876,1659,0,NTB,eu acho,23217,24876,1659
52845,53049,204,0,NTB,assim,52845,53049,204
73497,74483,986,0,NTB,nũ sei por quê,73497,74483,986
74483,76614,2131,0,NTB,nũ sei aonde,74483,76614,2131
79218,79472,254,0,NTB,sei lá,79218,79472,254
82970,83529,559,0,NTB,nũ sei,82970,83529,559
89410,90328,918,0,GE-Phrase,225,90113,92132,2019
89410,90328,918,0,NTB,na verdade,89410,90328,918
111080,111933,853,0,GE-Phrase,235,111929,112681,752
111080,111933,853,0,NTB,do anterior,111080,111933,853
138505,140133,1628,0,NTB,pouco mais,138505,140133,1628
7782,8039,257,0,GE-Phrase,203,7612,9471,1859
7782,8039,257,0,NTB,assim,7782,8039,257
12059,14017,1958,0,GE-Phrase,205,13467,16449,2982
12059,14017,1958,0,NTB,a rua do poste,12059,14017,1958
23217,24876,1659,0,GE-Phrase,210,24642,25844,1202
23217,24876,1659,0,NTB,eu acho,23217,24876,1659
52845,53049,204,0,NTB,assim,52845,53049,204
73497,74483,986,0,NTB,nũ sei por quê,73497,74483,986
74483,76614,2131,0,NTB,nũ sei aonde,74483,76614,2131
79218,79472,254,0,NTB,sei lá,79218,79472,254
82970,83529,559,0,NTB,nũ sei,82970,83529,559
89410,90328,918,0,GE-Phrase,225,90113,92132,2019
89410,90328,918,0,NTB,na verdade,89410,90328,918
111080,111933,853,0,GE-Phrase,235,111929,112681,752
111080,111933,853,0,NTB,do anterior,111080,111933,853
138505,140133,1628,0,NTB,pouco mais,138505,140133,1628
7782,8039,257,0,GE-Phrase,203,7612,9471,1859
7782,8039,257,0,NTB,assim,7782,8039,257
12059,14017,1958,0,GE-Phrase,205,13467,16449,2982
12059,14017,1958,0,NTB,a rua do poste,12059,14017,1958
23217,24876,1659,0,GE-Phrase,210,24642,25844,1202
23217,24876,1659,0,NTB,eu acho,23217,24876,1659
52845,53049,204,0,NTB,assim,52845,53049,204
73497,74483,986,0,NTB,nũ sei por quê,73497,74483,986
74483,76614,2131,0,NTB,nũ sei aonde,74483,76614,2131
79218,79472,254,0,NTB,sei lá,79218,79472,254
82970,83529,559,0,NTB,nũ sei,82970,83529,559
89410,90328,918,0,GE-Phrase,225,90113,92132,2019
89410,90328,918,0,NTB,na verdade,89410,90328,918
111080,111933,853,0,GE-Phrase,235,111929,112681,752
111080,111933,853,0,NTB,do anterior,111080,111933,853
138505,140133,1628,0,NTB,pouco mais,138505,140133,1628
7782,8039,257,0,GE-Phrase,203,7612,9471,1859
7782,8039,257,0,NTB,assim,7782,8039,257
12059,14017,1958,0,GE-Phrase,205,13467,16449,2982
12059,14017,1958,0,NTB,a rua do poste,12059,14017,1958
23217,24876,1659,0,GE-Phrase,210,24642,25844,1202
23217,24876,1659,0,NTB,eu acho,23217,24876,1659
52845,53049,204,0,NTB,assim,52845,53049,204
73497,74483,986,0,NTB,nũ sei por quê,73497,74483,986
74483,76614,2131,0,NTB,nũ sei aonde,74483,76614,2131
79218,79472,254,0,NTB,sei lá,79218,79472,254
82970,83529,559,0,NTB,nũ sei,82970,83529,559
89410,90328,918,0,GE-Phrase,225,90113,92132,2019
89410,90328,918,0,NTB,na verdade,89410,90328,918
111080,111933,853,0,GE-Phrase,235,111929,112681,752
111080,111933,853,0,NTB,do anterior,111080,111933,853
138505,140133,1628,0,NTB,pouco mais,138505,140133,1628
7782,8039,257,0,GE-Phrase,203,7612,9471,1859
7782,8039,257,0,NTB,assim,7782,8039,257
12059,14017,1958,0,GE-Phrase,205,13467,16449,2982
12059,14017,1958,0,NTB,a rua do poste,12059,14017,1958
23217,24876,1659,0,GE-Phrase,210,24642,25844,1202
23217,24876,1659,0,NTB,eu acho,23217,24876,1659
52845,53049,204,0,NTB,assim,52845,53049,204
73497,74483,986,0,NTB,nũ sei por quê,73497,74483,986
74483,76614,2131,0,NTB,nũ sei aonde,74483,76614,2131
79218,79472,254,0,NTB,sei lá,79218,79472,254
82970,83529,559,0,NTB,nũ sei,82970,83529,559
89410,90328,918,0,GE-Phrase,225,90113,92132,2019
89410,90328,918,0,NTB,na verdade,89410,90328,918
111080,111933,853,0,GE-Phrase,235,111929,112681,752
111080,111933,853,0,NTB,do anterior,111080,111933,853
138505,140133,1628,0,NTB,pouco mais,138505,140133,1628
7782,8039,257,0,GE-Phrase,203,7612,9471,1859
7782,8039,257,0,NTB,assim,7782,8039,257
12059,14017,1958,0,GE-Phrase,205,13467,16449,2982
12059,14017,1958,0,NTB,a rua do poste,12059,14017,1958
23217,24876,1659,0,GE-Phrase,210,24642,25844,1202
23217,24876,1659,0,NTB,eu acho,23217,24876,1659
52845,53049,204,0,NTB,assim,52845,53049,204
73497,74483,986,0,NTB,nũ sei por quê,73497,74483,986
74483,76614,2131,0,NTB,nũ sei aonde,74483,76614,2131
79218,79472,254,0,NTB,sei lá,79218,79472,254
82970,83529,559,0,NTB,nũ sei,82970,83529,559
89410,90328,918,0,GE-Phrase,225,90113,92132,2019
89410,90328,918,0,NTB,na verdade,89410,90328,918
111080,111933,853,0,GE-Phrase,235,111929,112681,752
111080,111933,853,0,NTB,do anterior,111080,111933,853
138505,140133,1628,0,NTB,pouco mais,138505,140133,1628
7782,8039,257,0,GE-Phrase,203,7612,9471,1859
7782,8039,257,0,NTB,assim,7782,8039,257
12059,14017,1958,0,GE-Phrase,205,13467,16449,2982
12059,14017,1958,0,NTB,a rua do poste,12059,14017,1958
23217,24876,1659,0,GE-Phrase,210,24642,25844,1202
23217,24876,1659,0,NTB,eu acho,23217,24876,1659
52845,53049,204,0,NTB,assim,52845,53049,204
73497,74483,986,0,NTB,nũ sei por quê,73497,74483,986
74483,76614,2131,0,NTB,nũ sei aonde,74483,76614,2131
79218,79472,254,0,NTB,sei lá,79218,79472,254
82970,83529,559,0,NTB,nũ sei,82970,83529,559
89410,90328,918,0,GE-Phrase,225,90113,92132,2019
89410,90328,918,0,NTB,na verdade,89410,90328,918
111080,111933,853,0,GE-Phrase,235,111929,112681,752
111080,111933,853,0,NTB,do anterior,111080,111933,853
138505,140133,1628,0,NTB,pouco mais,138505,140133,1628
7782,8039,257,0,GE-Phrase,203,7612,9471,1859
7782,8039,257,0,NTB,assim,7782,8039,257
12059,14017,1958,0,GE-Phrase,205,13467,16449,2982
12059,14017,1958,0,NTB,a rua do poste,12059,14017,1958
23217,24876,1659,0,GE-Phrase,210,24642,25844,1202
23217,24876,1659,0,NTB,eu acho,23217,24876,1659
52845,53049,204,0,NTB,assim,52845,53049,204
73497,74483,986,0,NTB,nũ sei por quê,73497,74483,986
74483,76614,2131,0,NTB,nũ sei aonde,74483,76614,2131
79218,79472,254,0,NTB,sei lá,79218,79472,254
82970,83529,559,0,NTB,nũ sei,82970,83529,559
89410,90328,918,0,GE-Phrase,225,90113,92132,2019
89410,90328,918,0,NTB,na verdade,89410,90328,918
111080,111933,853,0,GE-Phrase,235,111929,112681,752
111080,111933,853,0,NTB,do anterior,111080,111933,853
138505,140133,1628,0,NTB,pouco mais,138505,140133,1628
7782,8039,257,0,GE-Phrase,203,7612,9471,1859
7782,8039,257,0,NTB,assim,7782,8039,257
12059,14017,1958,0,GE-Phrase,205,13467,16449,2982
12059,14017,1958,0,NTB,a rua do poste,12059,14017,1958
23217,24876,1659,0,GE-Phrase,210,24642,25844,1202
23217,24876,1659,0,NTB,eu acho,23217,24876,1659
52845,53049,204,0,NTB,assim,52845,53049,204
73497,74483,986,0,NTB,nũ sei por quê,73497,74483,986
74483,76614,2131,0,NTB,nũ sei aonde,74483,76614,2131
79218,79472,254,0,NTB,sei lá,79218,79472,254
82970,83529,559,0,NTB,nũ sei,82970,83529,559
89410,90328,918,0,GE-Phrase,225,90113,92132,2019
89410,90328,918,0,NTB,na verdade,89410,90328,918
111080,111933,853,0,GE-Phrase,235,111929,112681,752
111080,111933,853,0,NTB,do anterior,111080,111933,853
138505,140133,1628,0,NTB,pouco mais,138505,140133,1628
7782,8039,257,0,GE-Phrase,203,7612,9471,1859
7782,8039,257,0,NTB,assim,7782,8039,257
12059,14017,1958,0,GE-Phrase,205,13467,16449,2982
12059,14017,1958,0,NTB,a rua do poste,12059,14017,1958
23217,24876,1659,0,GE-Phrase,210,24642,25844,1202
23217,24876,1659,0,NTB,eu acho,23217,24876,1659
52845,53049,204,0,NTB,assim,52845,53049,204
73497,74483,986,0,NTB,nũ sei por quê,73497,74483,986
74483,76614,2131,0,NTB,nũ sei aonde,74483,76614,2131
79218,79472,254,0,NTB,sei lá,79218,79472,254
82970,83529,559,0,NTB,nũ sei,82970,83529,559
89410,90328,918,0,GE-Phrase,225,90113,92132,2019
89410,90328,918,0,NTB,na verdade,89410,90328,918
111080,111933,853,0,GE-Phrase,235,111929,112681,752
111080,111933,853,0,NTB,do anterior,111080,111933,853
138505,140133,1628,0,NTB,pouco mais,138505,140133,1628
7782,8039,257,0,GE-Phrase,203,7612,9471,1859
7782,8039,257,0,NTB,assim,7782,8039,257
12059,14017,1958,0,GE-Phrase,205,13467,16449,2982
12059,14017,1958,0,NTB,a rua do poste,12059,14017,1958
23217,24876,1659,0,GE-Phrase,210,24642,25844,1202
23217,24876,1659,0,NTB,eu acho,23217,24876,1659
52845,53049,204,0,NTB,assim,52845,53049,204
73497,74483,986,0,NTB,nũ sei por quê,73497,74483,986
74483,76614,2131,0,NTB,nũ sei aonde,74483,76614,2131
79218,79472,254,0,NTB,sei lá,79218,79472,254
82970,83529,559,0,NTB,nũ sei,82970,83529,559
89410,90328,918,0,GE-Phrase,225,90113,92132,2019
89410,90328,918,0,NTB,na verdade,89410,90328,918
111080,111933,853,0,GE-Phrase,235,111929,112681,752
111080,111933,853,0,NTB,do anterior,111080,111933,853
138505,140133,1628,0,NTB,pouco mais,138505,140133,1628
7782,8039,257,0,GE-Phrase,203,7612,9471,1859
7782,8039,257,0,NTB,assim,7782,8039,257
12059,14017,1958,0,GE-Phrase,205,13467,16449,2982
12059,14017,1958,0,NTB,a rua do poste,12059,14017,1958
23217,24876,1659,0,GE-Phrase,210,24642,25844,1202
23217,24876,1659,0,NTB,eu acho,23217,24876,1659
52845,53049,204,0,NTB,assim,52845,53049,204
73497,74483,986,0,NTB,nũ sei por quê,73497,74483,986
74483,76614,2131,0,NTB,nũ sei aonde,74483,76614,2131
79218,79472,254,0,NTB,sei lá,79218,79472,254
82970,83529,559,0,NTB,nũ sei,82970,83529,559
89410,90328,918,0,GE-Phrase,225,90113,92132,2019
89410,90328,918,0,NTB,na verdade,89410,90328,918
111080,111933,853,0,GE-Phrase,235,111929,112681,752
111080,111933,853,0,NTB,do anterior,111080,111933,853
138505,140133,1628,0,NTB,pouco mais,138505,140133,1628
7782,8039,257,0,GE-Phrase,203,7612,9471,1859
7782,8039,257,0,NTB,assim,7782,8039,257
12059,14017,1958,0,GE-Phrase,205,13467,16449,2982
12059,14017,1958,0,NTB,a rua do poste,12059,14017,1958
23217,24876,1659,0,GE-Phrase,210,24642,25844,1202
23217,24876,1659,0,NTB,eu acho,23217,24876,1659
52845,53049,204,0,NTB,assim,52845,53049,204
73497,74483,986,0,NTB,nũ sei por quê,73497,74483,986
74483,76614,2131,0,NTB,nũ sei aonde,74483,76614,2131
79218,79472,254,0,NTB,sei lá,79218,79472,254
82970,83529,559,0,NTB,nũ sei,82970,83529,559
89410,90328,918,0,GE-Phrase,225,90113,92132,2019
89410,90328,918,0,NTB,na verdade,89410,90328,918
111080,111933,853,0,GE-Phrase,235,111929,112681,752
111080,111933,853,0,NTB,do anterior,111080,111933,853
138505,140133,1628,0,NTB,pouco mais,138505,140133,1628
7782,8039,257,0,GE-Phrase,203,7612,9471,1859
7782,8039,257,0,NTB,assim,7782,8039,257
12059,14017,1958,0,GE-Phrase,205,13467,16449,2982
12059,14017,1958,0,NTB,a rua do poste,12059,14017,1958
23217,24876,1659,0,GE-Phrase,210,24642,25844,1202
23217,24876,1659,0,NTB,eu acho,23217,24876,1659
52845,53049,204,0,NTB,assim,52845,53049,204
73497,74483,986,0,NTB,nũ sei por quê,73497,74483,986
74483,76614,2131,0,NTB,nũ sei aonde,74483,76614,2131
79218,79472,254,0,NTB,sei lá,79218,79472,254
82970,83529,559,0,NTB,nũ sei,82970,83529,559
89410,90328,918,0,GE-Phrase,225,90113,92132,2019
89410,90328,918,0,NTB,na verdade,89410,90328,918
111080,111933,853,0,GE-Phrase,235,111929,112681,752
111080,111933,853,0,NTB,do anterior,111080,111933,853
138505,140133,1628,0,NTB,pouco mais,138505,140133,1628
7782,8039,257,0,GE-Phrase,203,7612,9471,1859
7782,8039,257,0,NTB,assim,7782,8039,257
12059,14017,1958,0,GE-Phrase,205,13467,16449,2982
12059,14017,1958,0,NTB,a rua do poste,12059,14017,1958
23217,24876,1659,0,GE-Phrase,210,24642,25844,1202
23217,24876,1659,0,NTB,eu acho,23217,24876,1659
52845,53049,204,0,NTB,assim,52845,53049,204
73497,74483,986,0,NTB,nũ sei por quê,73497,74483,986
74483,76614,2131,0,NTB,nũ sei aonde,74483,76614,2131
79218,79472,254,0,NTB,sei lá,79218,79472,254
82970,83529,559,0,NTB,nũ sei,82970,83529,559
89410,90328,918,0,GE-Phrase,225,90113,92132,2019
89410,90328,918,0,NTB,na verdade,89410,90328,918
111080,111933,853,0,GE-Phrase,235,111929,112681,752
111080,111933,853,0,NTB,do anterior,111080,111933,853
138505,140133,1628,0,NTB,pouco mais,138505,140133,1628
7782,8039,257,0,GE-Phrase,203,7612,9471,1859
7782,8039,257,0,NTB,assim,7782,8039,257
12059,14017,1958,0,GE-Phrase,205,13467,16449,2982
12059,14017,1958,0,NTB,a rua do poste,12059,14017,1958
23217,24876,1659,0,GE-Phrase,210,24642,25844,1202
23217,24876,1659,0,NTB,eu acho,23217,24876,1659
52845,53049,204,0,NTB,assim,52845,53049,204
73497,74483,986,0,NTB,nũ sei por quê,73497,74483,986
74483,76614,2131,0,NTB,nũ sei aonde,74483,76614,2131
79218,79472,254,0,NTB,sei lá,79218,79472,254
82970,83529,559,0,NTB,nũ sei,82970,83529,559
89410,90328,918,0,GE-Phrase,225,90113,92132,2019
89410,90328,918,0,NTB,na verdade,89410,90328,918
111080,111933,853,0,GE-Phrase,235,111929,112681,752
111080,111933,853,0,NTB,do anterior,111080,111933,853
138505,140133,1628,0,NTB,pouco mais,138505,140133,1628
7782,8039,257,0,GE-Phrase,203,7612,9471,1859
7782,8039,257,0,NTB,assim,7782,8039,257
12059,14017,1958,0,GE-Phrase,205,13467,16449,2982
12059,14017,1958,0,NTB,a rua do poste,12059,14017,1958
23217,24876,1659,0,GE-Phrase,210,24642,25844,1202
23217,24876,1659,0,NTB,eu acho,23217,24876,1659
52845,53049,204,0,NTB,assim,52845,53049,204
73497,74483,986,0,NTB,nũ sei por quê,73497,74483,986
74483,76614,2131,0,NTB,nũ sei aonde,74483,76614,2131
79218,79472,254,0,NTB,sei lá,79218,79472,254
82970,83529,559,0,NTB,nũ sei,82970,83529,559
89410,90328,918,0,GE-Phrase,225,90113,92132,2019
89410,90328,918,0,NTB,na verdade,89410,90328,918
111080,111933,853,0,GE-Phrase,235,111929,112681,752
111080,111933,853,0,NTB,do anterior,111080,111933,853
138505,140133,1628,0,NTB,pouco mais,138505,140133,1628
7782,8039,257,0,GE-Phrase,203,7612,9471,1859
7782,8039,257,0,NTB,assim,7782,8039,257
12059,14017,1958,0,GE-Phrase,205,13467,16449,2982
12059,14017,1958,0,NTB,a rua do poste,12059,14017,1958
23217,24876,1659,0,GE-Phrase,210,24642,25844,1202
23217,24876,1659,0,NTB,eu acho,23217,24876,1659
52845,53049,204,0,NTB,assim,52845,53049,204
73497,74483,986,0,NTB,nũ sei por quê,73497,74483,986
74483,76614,2131,0,NTB,nũ sei aonde,74483,76614,2131
79218,79472,254,0,NTB,sei lá,79218,79472,254
82970,83529,559,0,NTB,nũ sei,82970,83529,559
89410,90328,918,0,GE-Phrase,225,90113,92132,2019
89410,90328,918,0,NTB,na verdade,89410,90328,918
111080,111933,853,0,GE-Phrase,235,111929,112681,752
111080,111933,853,0,NTB,do anterior,111080,111933,853
138505,140133,1628,0,NTB,pouco mais,138505,140133,1628
7782,8039,257,0,GE-Phrase,203,7612,9471,1859
7782,8039,257,0,NTB,assim,7782,8039,257
12059,14017,1958,0,GE-Phrase,205,13467,16449,2982
12059,14017,1958,0,NTB,a rua do poste,12059,14017,1958
23217,24876,1659,0,GE-Phrase,210,24642,25844,1202
23217,24876,1659,0,NTB,eu acho,23217,24876,1659
52845,53049,204,0,NTB,assim,52845,53049,204
73497,74483,986,0,NTB,nũ sei por quê,73497,74483,986
74483,76614,2131,0,NTB,nũ sei aonde,74483,76614,2131
79218,79472,254,0,NTB,sei lá,79218,79472,254
82970,83529,559,0,NTB,nũ sei,82970,83529,559
89410,90328,918,0,GE-Phrase,225,90113,92132,2019
89410,90328,918,0,NTB,na verdade,89410,90328,918
111080,111933,853,0,GE-Phrase,235,111929,112681,752
111080,111933,853,0,NTB,do anterior,111080,111933,853
138505,140133,1628,0,NTB,pouco mais,138505,140133,1628
7782,8039,257,0,GE-Phrase,203,7612,9471,1859
7782,8039,257,0,NTB,assim,7782,8039,257
12059,14017,1958,0,GE-Phrase,205,13467,16449,2982
12059,14017,1958,0,NTB,a rua do poste,12059,14017,1958
23217,24876,1659,0,GE-Phrase,210,24642,25844,1202
23217,24876,1659,0,NTB,eu acho,23217,24876,1659
52845,53049,204,0,NTB,assim,52845,53049,204
73497,74483,986,0,NTB,nũ sei por quê,73497,74483,986
74483,76614,2131,0,NTB,nũ sei aonde,74483,76614,2131
79218,79472,254,0,NTB,sei lá,79218,79472,254
82970,83529,559,0,NTB,nũ sei,82970,83529,559
89410,90328,918,0,GE-Phrase,225,90113,92132,2019
89410,90328,918,0,NTB,na verdade,89410,90328,918
111080,111933,853,0,GE-Phrase,235,111929,112681,752
111080,111933,853,0,NTB,do anterior,111080,111933,853
138505,140133,1628,0,NTB,pouco mais,138505,140133,1628
7782,8039,257,0,GE-Phrase,203,7612,9471,1859
7782,8039,257,0,NTB,assim,7782,8039,257
12059,14017,1958,0,GE-Phrase,205,13467,16449,2982
12059,14017,1958,0,NTB,a rua do poste,12059,14017,1958
23217,24876,1659,0,GE-Phrase,210,24642,25844,1202
23217,24876,1659,0,NTB,eu acho,23217,24876,1659
52845,53049,204,0,NTB,assim,52845,53049,204
73497,74483,986,0,NTB,nũ sei por quê,73497,74483,986
74483,76614,2131,0,NTB,nũ sei aonde,74483,76614,2131
79218,79472,254,0,NTB,sei lá,79218,79472,254
82970,83529,559,0,NTB,nũ sei,82970,83529,559
89410,90328,918,0,GE-Phrase,225,90113,92132,2019
89410,90328,918,0,NTB,na verdade,89410,90328,918
111080,111933,853,0,GE-Phrase,235,111929,112681,752
111080,111933,853,0,NTB,do anterior,111080,111933,853
138505,140133,1628,0,NTB,pouco mais,138505,140133,1628
7782,8039,257,0,GE-Phrase,203,7612,9471,1859
7782,8039,257,0,NTB,assim,7782,8039,257
12059,14017,1958,0,GE-Phrase,205,13467,16449,2982
12059,14017,1958,0,NTB,a rua do poste,12059,14017,1958
23217,24876,1659,0,GE-Phrase,210,24642,25844,1202
23217,24876,1659,0,NTB,eu acho,23217,24876,1659
52845,53049,204,0,NTB,assim,52845,53049,204
73497,74483,986,0,NTB,nũ sei por quê,73497,74483,986
74483,76614,2131,0,NTB,nũ sei aonde,74483,76614,2131
79218,79472,254,0,NTB,sei lá,79218,79472,254
82970,83529,559,0,NTB,nũ sei,82970,83529,559
89410,90328,918,0,GE-Phrase,225,90113,92132,2019
89410,90328,918,0,NTB,na verdade,89410,90328,918
111080,111933,853,0,GE-Phrase,235,111929,112681,752
111080,111933,853,0,NTB,do anterior,111080,111933,853
138505,140133,1628,0,NTB,pouco mais,138505,140133,1628
7782,8039,257,0,GE-Phrase,203,7612,9471,1859
7782,8039,257,0,NTB,assim,7782,8039,257
12059,14017,1958,0,GE-Phrase,205,13467,16449,2982
12059,14017,1958,0,NTB,a rua do poste,12059,14017,1958
23217,24876,1659,0,GE-Phrase,210,24642,25844,1202
23217,24876,1659,0,NTB,eu acho,23217,24876,1659
52845,53049,204,0,NTB,assim,52845,53049,204
73497,74483,986,0,NTB,nũ sei por quê,73497,74483,986
74483,76614,2131,0,NTB,nũ sei aonde,74483,76614,2131
79218,79472,254,0,NTB,sei lá,79218,79472,254
82970,83529,559,0,NTB,nũ sei,82970,83529,559
89410,90328,918,0,GE-Phrase,225,90113,92132,2019
89410,90328,918,0,NTB,na verdade,89410,90328,918
111080,111933,853,0,GE-Phrase,235,111929,112681,752
111080,111933,853,0,NTB,do anterior,111080,111933,853
138505,140133,1628,0,NTB,pouco mais,138505,140133,1628
7782,8039,257,0,GE-Phrase,203,7612,9471,1859
7782,8039,257,0,NTB,assim,7782,8039,257
12059,14017,1958,0,GE-Phrase,205,13467,16449,2982
12059,14017,1958,0,NTB,a rua do poste,12059,14017,1958
23217,24876,1659,0,GE-Phrase,210,24642,25844,1202
23217,24876,1659,0,NTB,eu acho,23217,24876,1659
52845,53049,204,0,NTB,assim,52845,53049,204
73497,74483,986,0,NTB,nũ sei por quê,73497,74483,986
74483,76614,2131,0,NTB,nũ sei aonde,74483,76614,2131
79218,79472,254,0,NTB,sei lá,79218,79472,254
82970,83529,559,0,NTB,nũ sei,82970,83529,559
89410,90328,918,0,GE-Phrase,225,90113,92132,2019
89410,90328,918,0,NTB,na verdade,89410,90328,918
111080,111933,853,0,GE-Phrase,235,111929,112681,752
111080,111933,853,0,NTB,do anterior,111080,111933,853
138505,140133,1628,0,NTB,pouco mais,138505,140133,1628
7782,8039,257,0,GE-Phrase,203,7612,9471,1859
7782,8039,257,0,NTB,assim,7782,8039,257
12059,14017,1958,0,GE-Phrase,205,13467,16449,2982
12059,14017,1958,0,NTB,a rua do poste,12059,14017,1958
23217,24876,1659,0,GE-Phrase,210,24642,25844,1202
23217,24876,1659,0,NTB,eu acho,23217,24876,1659
52845,53049,204,0,NTB,assim,52845,53049,204
73497,74483,986,0,NTB,nũ sei por quê,73497,74483,986
74483,76614,2131,0,NTB,nũ sei aonde,74483,76614,2131
79218,79472,254,0,NTB,sei lá,79218,79472,254
82970,83529,559,0,NTB,nũ sei,82970,83529,559
89410,90328,918,0,GE-Phrase,225,90113,92132,2019
89410,90328,918,0,NTB,na verdade,89410,90328,918
111080,111933,853,0,GE-Phrase,235,111929,112681,752
111080,111933,853,0,NTB,do anterior,111080,111933,853
138505,140133,1628,0,NTB,pouco mais,138505,140133,1628
7782,8039,257,0,GE-Phrase,203,7612,9471,1859
7782,8039,257,0,NTB,assim,7782,8039,257
12059,14017,1958,0,GE-Phrase,205,13467,16449,2982
12059,14017,1958,0,NTB,a rua do poste,12059,14017,1958
23217,24876,1659,0,GE-Phrase,210,24642,25844,1202
23217,24876,1659,0,NTB,eu acho,23217,24876,1659
52845,53049,204,0,NTB,assim,52845,53049,204
73497,74483,986,0,NTB,nũ sei por quê,73497,74483,986
74483,76614,2131,0,NTB,nũ sei aonde,74483,76614,2131
79218,79472,254,0,NTB,sei lá,79218,79472,254
82970,83529,559,0,NTB,nũ sei,82970,83529,559
89410,90328,918,0,GE-Phrase,225,90113,92132,2019
89410,90328,918,0,NTB,na verdade,89410,90328,918
111080,111933,853,0,GE-Phrase,235,111929,112681,752
111080,111933,853,0,NTB,do anterior,111080,111933,853
138505,140133,1628,0,NTB,pouco mais,138505,140133,1628
7782,8039,257,0,GE-Phrase,203,7612,9471,1859
7782,8039,257,0,NTB,assim,7782,8039,257
12059,14017,1958,0,GE-Phrase,205,13467,16449,2982
12059,14017,1958,0,NTB,a rua do poste,12059,14017,1958
23217,24876,1659,0,GE-Phrase,210,24642,25844,1202
23217,24876,1659,0,NTB,eu acho,23217,24876,1659
52845,53049,204,0,NTB,assim,52845,53049,204
73497,74483,986,0,NTB,nũ sei por quê,73497,74483,986
74483,76614,2131,0,NTB,nũ sei aonde,74483,76614,2131
79218,79472,254,0,NTB,sei lá,79218,79472,254
82970,83529,559,0,NTB,nũ sei,82970,83529,559
89410,90328,918,0,GE-Phrase,225,90113,92132,2019
89410,90328,918,0,NTB,na verdade,89410,90328,918
111080,111933,853,0,GE-Phrase,235,111929,112681,752
111080,111933,853,0,NTB,do anterior,111080,111933,853
138505,140133,1628,0,NTB,pouco mais,138505,140133,1628
7782,8039,257,0,GE-Phrase,203,7612,9471,1859
7782,8039,257,0,NTB,assim,7782,8039,257
12059,14017,1958,0,GE-Phrase,205,13467,16449,2982
12059,14017,1958,0,NTB,a rua do poste,12059,14017,1958
23217,24876,1659,0,GE-Phrase,210,24642,25844,1202
23217,24876,1659,0,NTB,eu acho,23217,24876,1659
52845,53049,204,0,NTB,assim,52845,53049,204
73497,74483,986,0,NTB,nũ sei por quê,73497,74483,986
74483,76614,2131,0,NTB,nũ sei aonde,74483,76614,2131
79218,79472,254,0,NTB,sei lá,79218,79472,254
82970,83529,559,0,NTB,nũ sei,82970,83529,559
89410,90328,918,0,GE-Phrase,225,90113,92132,2019
89410,90328,918,0,NTB,na verdade,89410,90328,918
111080,111933,853,0,GE-Phrase,235,111929,112681,752
111080,111933,853,0,NTB,do anterior,111080,111933,853
138505,140133,1628,0,NTB,pouco mais,138505,140133,1628
7782,8039,257,0,GE-Phrase,203,7612,9471,1859
7782,8039,257,0,NTB,assim,7782,8039,257
12059,14017,1958,0,GE-Phrase,205,13467,16449,2982
12059,14017,1958,0,NTB,a rua do poste,12059,14017,1958
23217,24876,1659,0,GE-Phrase,210,24642,25844,1202
23217,24876,1659,0,NTB,eu acho,23217,24876,1659
52845,53049,204,0,NTB,assim,52845,53049,204
73497,74483,986,0,NTB,nũ sei por quê,73497,74483,986
74483,76614,2131,0,NTB,nũ sei aonde,74483,76614,2131
79218,79472,254,0,NTB,sei lá,79218,79472,254
82970,83529,559,0,NTB,nũ sei,82970,83529,559
89410,90328,918,0,GE-Phrase,225,90113,92132,2019
89410,90328,918,0,NTB,na verdade,89410,90328,918
111080,111933,853,0,GE-Phrase,235,111929,112681,752
111080,111933,853,0,NTB,do anterior,111080,111933,853
138505,140133,1628,0,NTB,pouco mais,138505,140133,1628
7782,8039,257,0,GE-Phrase,203,7612,9471,1859
7782,8039,257,0,NTB,assim,7782,8039,257
12059,14017,1958,0,GE-Phrase,205,13467,16449,2982
12059,14017,1958,0,NTB,a rua do poste,12059,14017,1958
23217,24876,1659,0,GE-Phrase,210,24642,25844,1202
23217,24876,1659,0,NTB,eu acho,23217,24876,1659
52845,53049,204,0,NTB,assim,52845,53049,204
73497,74483,986,0,NTB,nũ sei por quê,73497,74483,986
74483,76614,2131,0,NTB,nũ sei aonde,74483,76614,2131
79218,79472,254,0,NTB,sei lá,79218,79472,254
82970,83529,559,0,NTB,nũ sei,82970,83529,559
89410,90328,918,0,GE-Phrase,225,90113,92132,2019
89410,90328,918,0,NTB,na verdade,89410,90328,918
111080,111933,853,0,GE-Phrase,235,111929,112681,752
111080,111933,853,0,NTB,do anterior,111080,111933,853
138505,140133,1628,0,NTB,pouco mais,138505,140133,1628
7782,8039,257,0,GE-Phrase,203,7612,9471,1859
7782,8039,257,0,NTB,assim,7782,8039,257
12059,14017,1958,0,GE-Phrase,205,13467,16449,2982
12059,14017,1958,0,NTB,a rua do poste,12059,14017,1958
23217,24876,1659,0,GE-Phrase,210,24642,25844,1202
23217,24876,1659,0,NTB,eu acho,23217,24876,1659
52845,53049,204,0,NTB,assim,52845,53049,204
73497,74483,986,0,NTB,nũ sei por quê,73497,74483,986
74483,76614,2131,0,NTB,nũ sei aonde,74483,76614,2131
79218,79472,254,0,NTB,sei lá,79218,79472,254
82970,83529,559,0,NTB,nũ sei,82970,83529,559
89410,90328,918,0,GE-Phrase,225,90113,92132,2019
89410,90328,918,0,NTB,na verdade,89410,90328,918
111080,111933,853,0,GE-Phrase,235,111929,112681,752
111080,111933,853,0,NTB,do anterior,111080,111933,853
138505,140133,1628,0,NTB,pouco mais,138505,140133,1628
7782,8039,257,0,GE-Phrase,203,7612,9471,1859
7782,8039,257,0,NTB,assim,7782,8039,257
12059,14017,1958,0,GE-Phrase,205,13467,16449,2982
12059,14017,1958,0,NTB,a rua do poste,12059,14017,1958
23217,24876,1659,0,GE-Phrase,210,24642,25844,1202
23217,24876,1659,0,NTB,eu acho,23217,24876,1659
52845,53049,204,0,NTB,assim,52845,53049,204
73497,74483,986,0,NTB,nũ sei por quê,73497,74483,986
74483,76614,2131,0,NTB,nũ sei aonde,74483,76614,2131
79218,79472,254,0,NTB,sei lá,79218,79472,254
82970,83529,559,0,NTB,nũ sei,82970,83529,559
89410,90328,918,0,GE-Phrase,225,90113,92132,2019
89410,90328,918,0,NTB,na verdade,89410,90328,918
111080,111933,853,0,GE-Phrase,235,111929,112681,752
111080,111933,853,0,NTB,do anterior,111080,111933,853
138505,140133,1628,0,NTB,pouco mais,138505,140133,1628
7782,8039,257,0,GE-Phrase,203,7612,9471,1859
7782,8039,257,0,NTB,assim,7782,8039,257
12059,14017,1958,0,GE-Phrase,205,13467,16449,2982
12059,14017,1958,0,NTB,a rua do poste,12059,14017,1958
23217,24876,1659,0,GE-Phrase,210,24642,25844,1202
23217,24876,1659,0,NTB,eu acho,23217,24876,1659
52845,53049,204,0,NTB,assim,52845,53049,204
73497,74483,986,0,NTB,nũ sei por quê,73497,74483,986
74483,76614,2131,0,NTB,nũ sei aonde,74483,76614,2131
79218,79472,254,0,NTB,sei lá,79218,79472,254
82970,83529,559,0,NTB,nũ sei,82970,83529,559
89410,90328,918,0,GE-Phrase,225,90113,92132,2019
89410,90328,918,0,NTB,na verdade,89410,90328,918
111080,111933,853,0,GE-Phrase,235,111929,112681,752
111080,111933,853,0,NTB,do anterior,111080,111933,853
138505,140133,1628,0,NTB,pouco mais,138505,140133,1628
7782,8039,257,0,GE-Phrase,203,7612,9471,1859
7782,8039,257,0,NTB,assim,7782,8039,257
12059,14017,1958,0,GE-Phrase,205,13467,16449,2982
12059,14017,1958,0,NTB,a rua do poste,12059,14017,1958
23217,24876,1659,0,GE-Phrase,210,24642,25844,1202
23217,24876,1659,0,NTB,eu acho,23217,24876,1659
52845,53049,204,0,NTB,assim,52845,53049,204
73497,74483,986,0,NTB,nũ sei por quê,73497,74483,986
74483,76614,2131,0,NTB,nũ sei aonde,74483,76614,2131
79218,79472,254,0,NTB,sei lá,79218,79472,254
82970,83529,559,0,NTB,nũ sei,82970,83529,559
89410,90328,918,0,GE-Phrase,225,90113,92132,2019
89410,90328,918,0,NTB,na verdade,89410,90328,918
111080,111933,853,0,GE-Phrase,235,111929,112681,752
111080,111933,853,0,NTB,do anterior,111080,111933,853
138505,140133,1628,0,NTB,pouco mais,138505,140133,1628
7782,8039,257,0,GE-Phrase,203,7612,9471,1859
7782,8039,257,0,NTB,assim,7782,8039,257
12059,14017,1958,0,GE-Phrase,205,13467,16449,2982
12059,14017,1958,0,NTB,a rua do poste,12059,14017,1958
23217,24876,1659,0,GE-Phrase,210,24642,25844,1202
23217,24876,1659,0,NTB,eu acho,23217,24876,1659
52845,53049,204,0,NTB,assim,52845,53049,204
73497,74483,986,0,NTB,nũ sei por quê,73497,74483,986
74483,76614,2131,0,NTB,nũ sei aonde,74483,76614,2131
79218,79472,254,0,NTB,sei lá,79218,79472,254
82970,83529,559,0,NTB,nũ sei,82970,83529,559
89410,90328,918,0,GE-Phrase,225,90113,92132,2019
89410,90328,918,0,NTB,na verdade,89410,90328,918
111080,111933,853,0,GE-Phrase,235,111929,112681,752
111080,111933,853,0,NTB,do anterior,111080,111933,853
138505,140133,1628,0,NTB,pouco mais,138505,140133,1628
7782,8039,257,0,GE-Phrase,203,7612,9471,1859
7782,8039,257,0,NTB,assim,7782,8039,257
12059,14017,1958,0,GE-Phrase,205,13467,16449,2982
12059,14017,1958,0,NTB,a rua do poste,12059,14017,1958
23217,24876,1659,0,GE-Phrase,210,24642,25844,1202
23217,24876,1659,0,NTB,eu acho,23217,24876,1659
52845,53049,204,0,NTB,assim,52845,53049,204
73497,74483,986,0,NTB,nũ sei por quê,73497,74483,986
74483,76614,2131,0,NTB,nũ sei aonde,74483,76614,2131
79218,79472,254,0,NTB,sei lá,79218,79472,254
82970,83529,559,0,NTB,nũ sei,82970,83529,559
89410,90328,918,0,GE-Phrase,225,90113,92132,2019
89410,90328,918,0,NTB,na verdade,89410,90328,918
111080,111933,853,0,GE-Phrase,235,111929,112681,752
111080,111933,853,0,NTB,do anterior,111080,111933,853
138505,140133,1628,0,NTB,pouco mais,138505,140133,1628
7782,8039,257,0,GE-Phrase,203,7612,9471,1859
7782,8039,257,0,NTB,assim,7782,8039,257
12059,14017,1958,0,GE-Phrase,205,13467,16449,2982
12059,14017,1958,0,NTB,a rua do poste,12059,14017,1958
23217,24876,1659,0,GE-Phrase,210,24642,25844,1202
23217,24876,1659,0,NTB,eu acho,23217,24876,1659
52845,53049,204,0,NTB,assim,52845,53049,204
73497,74483,986,0,NTB,nũ sei por quê,73497,74483,986
74483,76614,2131,0,NTB,nũ sei aonde,74483,76614,2131
79218,79472,254,0,NTB,sei lá,79218,79472,254
82970,83529,559,0,NTB,nũ sei,82970,83529,559
89410,90328,918,0,GE-Phrase,225,90113,92132,2019
89410,90328,918,0,NTB,na verdade,89410,90328,918
111080,111933,853,0,GE-Phrase,235,111929,112681,752
111080,111933,853,0,NTB,do anterior,111080,111933,853
138505,140133,1628,0,NTB,pouco mais,138505,140133,1628
7782,8039,257,0,GE-Phrase,203,7612,9471,1859
7782,8039,257,0,NTB,assim,7782,8039,257
12059,14017,1958,0,GE-Phrase,205,13467,16449,2982
12059,14017,1958,0,NTB,a rua do poste,12059,14017,1958
23217,24876,1659,0,GE-Phrase,210,24642,25844,1202
23217,24876,1659,0,NTB,eu acho,23217,24876,1659
52845,53049,204,0,NTB,assim,52845,53049,204
73497,74483,986,0,NTB,nũ sei por quê,73497,74483,986
74483,76614,2131,0,NTB,nũ sei aonde,74483,76614,2131
79218,79472,254,0,NTB,sei lá,79218,79472,254
82970,83529,559,0,NTB,nũ sei,82970,83529,559
89410,90328,918,0,GE-Phrase,225,90113,92132,2019
89410,90328,918,0,NTB,na verdade,89410,90328,918
111080,111933,853,0,GE-Phrase,235,111929,112681,752
111080,111933,853,0,NTB,do anterior,111080,111933,853
138505,140133,1628,0,NTB,pouco mais,138505,140133,1628
7782,8039,257,0,GE-Phrase,203,7612,9471,1859
7782,8039,257,0,NTB,assim,7782,8039,257
12059,14017,1958,0,GE-Phrase,205,13467,16449,2982
12059,14017,1958,0,NTB,a rua do poste,12059,14017,1958
23217,24876,1659,0,GE-Phrase,210,24642,25844,1202
23217,24876,1659,0,NTB,eu acho,23217,24876,1659
52845,53049,204,0,NTB,assim,52845,53049,204
73497,74483,986,0,NTB,nũ sei por quê,73497,74483,986
74483,76614,2131,0,NTB,nũ sei aonde,74483,76614,2131
79218,79472,254,0,NTB,sei lá,79218,79472,254
82970,83529,559,0,NTB,nũ sei,82970,83529,559
89410,90328,918,0,GE-Phrase,225,90113,92132,2019
89410,90328,918,0,NTB,na verdade,89410,90328,918
111080,111933,853,0,GE-Phrase,235,111929,112681,752
111080,111933,853,0,NTB,do anterior,111080,111933,853
138505,140133,1628,0,NTB,pouco mais,138505,140133,1628
7782,8039,257,0,GE-Phrase,203,7612,9471,1859
7782,8039,257,0,NTB,assim,7782,8039,257
12059,14017,1958,0,GE-Phrase,205,13467,16449,2982
12059,14017,1958,0,NTB,a rua do poste,12059,14017,1958
23217,24876,1659,0,GE-Phrase,210,24642,25844,1202
23217,24876,1659,0,NTB,eu acho,23217,24876,1659
52845,53049,204,0,NTB,assim,52845,53049,204
73497,74483,986,0,NTB,nũ sei por quê,73497,74483,986
74483,76614,2131,0,NTB,nũ sei aonde,74483,76614,2131
79218,79472,254,0,NTB,sei lá,79218,79472,254
82970,83529,559,0,NTB,nũ sei,82970,83529,559
89410,90328,918,0,GE-Phrase,225,90113,92132,2019
89410,90328,918,0,NTB,na verdade,89410,90328,918
111080,111933,853,0,GE-Phrase,235,111929,112681,752
111080,111933,853,0,NTB,do anterior,111080,111933,853
138505,140133,1628,0,NTB,pouco mais,138505,140133,1628
7782,8039,257,0,GE-Phrase,203,7612,9471,1859
7782,8039,257,0,NTB,assim,7782,8039,257
12059,14017,1958,0,GE-Phrase,205,13467,16449,2982
12059,14017,1958,0,NTB,a rua do poste,12059,14017,1958
23217,24876,1659,0,GE-Phrase,210,24642,25844,1202
23217,24876,1659,0,NTB,eu acho,23217,24876,1659
52845,53049,204,0,NTB,assim,52845,53049,204
73497,74483,986,0,NTB,nũ sei por quê,73497,74483,986
74483,76614,2131,0,NTB,nũ sei aonde,74483,76614,2131
79218,79472,254,0,NTB,sei lá,79218,79472,254
82970,83529,559,0,NTB,nũ sei,82970,83529,559
89410,90328,918,0,GE-Phrase,225,90113,92132,2019
89410,90328,918,0,NTB,na verdade,89410,90328,918
111080,111933,853,0,GE-Phrase,235,111929,112681,752
111080,111933,853,0,NTB,do anterior,111080,111933,853
138505,140133,1628,0,NTB,pouco mais,138505,140133,1628
7782,8039,257,0,GE-Phrase,203,7612,9471,1859
7782,8039,257,0,NTB,assim,7782,8039,257
12059,14017,1958,0,GE-Phrase,205,13467,16449,2982
12059,14017,1958,0,NTB,a rua do poste,12059,14017,1958
23217,24876,1659,0,GE-Phrase,210,24642,25844,1202
23217,24876,1659,0,NTB,eu acho,23217,24876,1659
52845,53049,204,0,NTB,assim,52845,53049,204
73497,74483,986,0,NTB,nũ sei por quê,73497,74483,986
74483,76614,2131,0,NTB,nũ sei aonde,74483,76614,2131
79218,79472,254,0,NTB,sei lá,79218,79472,254
82970,83529,559,0,NTB,nũ sei,82970,83529,559
89410,90328,918,0,GE-Phrase,225,90113,92132,2019
89410,90328,918,0,NTB,na verdade,89410,90328,918
111080,111933,853,0,GE-Phrase,235,111929,112681,752
111080,111933,853,0,NTB,do anterior,111080,111933,853
138505,140133,1628,0,NTB,pouco mais,138505,140133,1628
7782,8039,257,0,GE-Phrase,203,7612,9471,1859
7782,8039,257,0,NTB,assim,7782,8039,257
12059,14017,1958,0,GE-Phrase,205,13467,16449,2982
12059,14017,1958,0,NTB,a rua do poste,12059,14017,1958
23217,24876,1659,0,GE-Phrase,210,24642,25844,1202
23217,24876,1659,0,NTB,eu acho,23217,24876,1659
52845,53049,204,0,NTB,assim,52845,53049,204
73497,74483,986,0,NTB,nũ sei por quê,73497,74483,986
74483,76614,2131,0,NTB,nũ sei aonde,74483,76614,2131
79218,79472,254,0,NTB,sei lá,79218,79472,254
82970,83529,559,0,NTB,nũ sei,82970,83529,559
89410,90328,918,0,GE-Phrase,225,90113,92132,2019
89410,90328,918,0,NTB,na verdade,89410,90328,918
111080,111933,853,0,GE-Phrase,235,111929,112681,752
111080,111933,853,0,NTB,do anterior,111080,111933,853
138505,140133,1628,0,NTB,pouco mais,138505,140133,1628
7782,8039,257,0,GE-Phrase,203,7612,9471,1859
7782,8039,257,0,NTB,assim,7782,8039,257
12059,14017,1958,0,GE-Phrase,205,13467,16449,2982
12059,14017,1958,0,NTB,a rua do poste,12059,14017,1958
23217,24876,1659,0,GE-Phrase,210,24642,25844,1202
23217,24876,1659,0,NTB,eu acho,23217,24876,1659
52845,53049,204,0,NTB,assim,52845,53049,204
73497,74483,986,0,NTB,nũ sei por quê,73497,74483,986
74483,76614,2131,0,NTB,nũ sei aonde,74483,76614,2131
79218,79472,254,0,NTB,sei lá,79218,79472,254
82970,83529,559,0,NTB,nũ sei,82970,83529,559
89410,90328,918,0,GE-Phrase,225,90113,92132,2019
89410,90328,918,0,NTB,na verdade,89410,90328,918
111080,111933,853,0,GE-Phrase,235,111929,112681,752
111080,111933,853,0,NTB,do anterior,111080,111933,853
138505,140133,1628,0,NTB,pouco mais,138505,140133,1628
7782,8039,257,0,GE-Phrase,203,7612,9471,1859
7782,8039,257,0,NTB,assim,7782,8039,257
12059,14017,1958,0,GE-Phrase,205,13467,16449,2982
12059,14017,1958,0,NTB,a rua do poste,12059,14017,1958
23217,24876,1659,0,GE-Phrase,210,24642,25844,1202
23217,24876,1659,0,NTB,eu acho,23217,24876,1659
52845,53049,204,0,NTB,assim,52845,53049,204
73497,74483,986,0,NTB,nũ sei por quê,73497,74483,986
74483,76614,2131,0,NTB,nũ sei aonde,74483,76614,2131
79218,79472,254,0,NTB,sei lá,79218,79472,254
82970,83529,559,0,NTB,nũ sei,82970,83529,559
89410,90328,918,0,GE-Phrase,225,90113,92132,2019
89410,90328,918,0,NTB,na verdade,89410,90328,918
111080,111933,853,0,GE-Phrase,235,111929,112681,752
111080,111933,853,0,NTB,do anterior,111080,111933,853
138505,140133,1628,0,NTB,pouco mais,138505,140133,1628
7782,8039,257,0,GE-Phrase,203,7612,9471,1859
7782,8039,257,0,NTB,assim,7782,8039,257
12059,14017,1958,0,GE-Phrase,205,13467,16449,2982
12059,14017,1958,0,NTB,a rua do poste,12059,14017,1958
23217,24876,1659,0,GE-Phrase,210,24642,25844,1202
23217,24876,1659,0,NTB,eu acho,23217,24876,1659
52845,53049,204,0,NTB,assim,52845,53049,204
73497,74483,986,0,NTB,nũ sei por quê,73497,74483,986
74483,76614,2131,0,NTB,nũ sei aonde,74483,76614,2131
79218,79472,254,0,NTB,sei lá,79218,79472,254
82970,83529,559,0,NTB,nũ sei,82970,83529,559
89410,90328,918,0,GE-Phrase,225,90113,92132,2019
89410,90328,918,0,NTB,na verdade,89410,90328,918
111080,111933,853,0,GE-Phrase,235,111929,112681,752
111080,111933,853,0,NTB,do anterior,111080,111933,853
138505,140133,1628,0,NTB,pouco mais,138505,140133,1628
7782,8039,257,0,GE-Phrase,203,7612,9471,1859
7782,8039,257,0,NTB,assim,7782,8039,257
12059,14017,1958,0,GE-Phrase,205,13467,16449,2982
12059,14017,1958,0,NTB,a rua do poste,12059,14017,1958
23217,24876,1659,0,GE-Phrase,210,24642,25844,1202
23217,24876,1659,0,NTB,eu acho,23217,24876,1659
52845,53049,204,0,NTB,assim,52845,53049,204
73497,74483,986,0,NTB,nũ sei por quê,73497,74483,986
74483,76614,2131,0,NTB,nũ sei aonde,74483,76614,2131
79218,79472,254,0,NTB,sei lá,79218,79472,254
82970,83529,559,0,NTB,nũ sei,82970,83529,559
89410,90328,918,0,GE-Phrase,225,90113,92132,2019
89410,90328,918,0,NTB,na verdade,89410,90328,918
111080,111933,853,0,GE-Phrase,235,111929,112681,752
111080,111933,853,0,NTB,do anterior,111080,111933,853
138505,140133,1628,0,NTB,pouco mais,138505,140133,1628
7782,8039,257,0,GE-Phrase,203,7612,9471,1859
7782,8039,257,0,NTB,assim,7782,8039,257
12059,14017,1958,0,GE-Phrase,205,13467,16449,2982
12059,14017,1958,0,NTB,a rua do poste,12059,14017,1958
23217,24876,1659,0,GE-Phrase,210,24642,25844,1202
23217,24876,1659,0,NTB,eu acho,23217,24876,1659
52845,53049,204,0,NTB,assim,52845,53049,204
73497,74483,986,0,NTB,nũ sei por quê,73497,74483,986
74483,76614,2131,0,NTB,nũ sei aonde,74483,76614,2131
79218,79472,254,0,NTB,sei lá,79218,79472,254
82970,83529,559,0,NTB,nũ sei,82970,83529,559
89410,90328,918,0,GE-Phrase,225,90113,92132,2019
89410,90328,918,0,NTB,na verdade,89410,90328,918
111080,111933,853,0,GE-Phrase,235,111929,112681,752
111080,111933,853,0,NTB,do anterior,111080,111933,853
138505,140133,1628,0,NTB,pouco mais,138505,140133,1628
7782,8039,257,0,GE-Phrase,203,7612,9471,1859
7782,8039,257,0,NTB,assim,7782,8039,257
12059,14017,1958,0,GE-Phrase,205,13467,16449,2982
12059,14017,1958,0,NTB,a rua do poste,12059,14017,1958
23217,24876,1659,0,GE-Phrase,210,24642,25844,1202
23217,24876,1659,0,NTB,eu acho,23217,24876,1659
52845,53049,204,0,NTB,assim,52845,53049,204
73497,74483,986,0,NTB,nũ sei por quê,73497,74483,986
74483,76614,2131,0,NTB,nũ sei aonde,74483,76614,2131
79218,79472,254,0,NTB,sei lá,79218,79472,254
82970,83529,559,0,NTB,nũ sei,82970,83529,559
89410,90328,918,0,GE-Phrase,225,90113,92132,2019
89410,90328,918,0,NTB,na verdade,89410,90328,918
111080,111933,853,0,GE-Phrase,235,111929,112681,752
111080,111933,853,0,NTB,do anterior,111080,111933,853
138505,140133,1628,0,NTB,pouco mais,138505,140133,1628
7782,8039,257,0,GE-Phrase,203,7612,9471,1859
7782,8039,257,0,NTB,assim,7782,8039,257
12059,14017,1958,0,GE-Phrase,205,13467,16449,2982
12059,14017,1958,0,NTB,a rua do poste,12059,14017,1958
23217,24876,1659,0,GE-Phrase,210,24642,25844,1202
23217,24876,1659,0,NTB,eu acho,23217,24876,1659
52845,53049,204,0,NTB,assim,52845,53049,204
73497,74483,986,0,NTB,nũ sei por quê,73497,74483,986
74483,76614,2131,0,NTB,nũ sei aonde,74483,76614,2131
79218,79472,254,0,NTB,sei lá,79218,79472,254
82970,83529,559,0,NTB,nũ sei,82970,83529,559
89410,90328,918,0,GE-Phrase,225,90113,92132,2019
89410,90328,918,0,NTB,na verdade,89410,90328,918
111080,111933,853,0,GE-Phrase,235,111929,112681,752
111080,111933,853,0,NTB,do anterior,111080,111933,853
138505,140133,1628,0,NTB,pouco mais,138505,140133,1628
7782,8039,257,0,GE-Phrase,203,7612,9471,1859
7782,8039,257,0,NTB,assim,7782,8039,257
12059,14017,1958,0,GE-Phrase,205,13467,16449,2982
12059,14017,1958,0,NTB,a rua do poste,12059,14017,1958
23217,24876,1659,0,GE-Phrase,210,24642,25844,1202
23217,24876,1659,0,NTB,eu acho,23217,24876,1659
52845,53049,204,0,NTB,assim,52845,53049,204
73497,74483,986,0,NTB,nũ sei por quê,73497,74483,986
74483,76614,2131,0,NTB,nũ sei aonde,74483,76614,2131
79218,79472,254,0,NTB,sei lá,79218,79472,254
82970,83529,559,0,NTB,nũ sei,82970,83529,559
89410,90328,918,0,GE-Phrase,225,90113,92132,2019
89410,90328,918,0,NTB,na verdade,89410,90328,918
111080,111933,853,0,GE-Phrase,235,111929,112681,752
111080,111933,853,0,NTB,do anterior,111080,111933,853
138505,140133,1628,0,NTB,pouco mais,138505,140133,1628
7782,8039,257,0,GE-Phrase,203,7612,9471,1859
7782,8039,257,0,NTB,assim,7782,8039,257
12059,14017,1958,0,GE-Phrase,205,13467,16449,2982
12059,14017,1958,0,NTB,a rua do poste,12059,14017,1958
23217,24876,1659,0,GE-Phrase,210,24642,25844,1202
23217,24876,1659,0,NTB,eu acho,23217,24876,1659
52845,53049,204,0,NTB,assim,52845,53049,204
73497,74483,986,0,NTB,nũ sei por quê,73497,74483,986
74483,76614,2131,0,NTB,nũ sei aonde,74483,76614,2131
79218,79472,254,0,NTB,sei lá,79218,79472,254
82970,83529,559,0,NTB,nũ sei,82970,83529,559
89410,90328,918,0,GE-Phrase,225,90113,92132,2019
89410,90328,918,0,NTB,na verdade,89410,90328,918
111080,111933,853,0,GE-Phrase,235,111929,112681,752
111080,111933,853,0,NTB,do anterior,111080,111933,853
138505,140133,1628,0,NTB,pouco mais,138505,140133,1628
7782,8039,257,0,GE-Phrase,203,7612,9471,1859
7782,8039,257,0,NTB,assim,7782,8039,257
12059,14017,1958,0,GE-Phrase,205,13467,16449,2982
12059,14017,1958,0,NTB,a rua do poste,12059,14017,1958
23217,24876,1659,0,GE-Phrase,210,24642,25844,1202
23217,24876,1659,0,NTB,eu acho,23217,24876,1659
52845,53049,204,0,NTB,assim,52845,53049,204
73497,74483,986,0,NTB,nũ sei por quê,73497,74483,986
74483,76614,2131,0,NTB,nũ sei aonde,74483,76614,2131
79218,79472,254,0,NTB,sei lá,79218,79472,254
82970,83529,559,0,NTB,nũ sei,82970,83529,559
89410,90328,918,0,GE-Phrase,225,90113,92132,2019
89410,90328,918,0,NTB,na verdade,89410,90328,918
111080,111933,853,0,GE-Phrase,235,111929,112681,752
111080,111933,853,0,NTB,do anterior,111080,111933,853
138505,140133,1628,0,NTB,pouco mais,138505,140133,1628
7782,8039,257,0,GE-Phrase,203,7612,9471,1859
7782,8039,257,0,NTB,assim,7782,8039,257
12059,14017,1958,0,GE-Phrase,205,13467,16449,2982
12059,14017,1958,0,NTB,a rua do poste,12059,14017,1958
23217,24876,1659,0,GE-Phrase,210,24642,25844,1202
23217,24876,1659,0,NTB,eu acho,23217,24876,1659
52845,53049,204,0,NTB,assim,52845,53049,204
73497,74483,986,0,NTB,nũ sei por quê,73497,74483,986
74483,76614,2131,0,NTB,nũ sei aonde,74483,76614,2131
79218,79472,254,0,NTB,sei lá,79218,79472,254
82970,83529,559,0,NTB,nũ sei,82970,83529,559
89410,90328,918,0,GE-Phrase,225,90113,92132,2019
89410,90328,918,0,NTB,na verdade,89410,90328,918
111080,111933,853,0,GE-Phrase,235,111929,112681,752
111080,111933,853,0,NTB,do anterior,111080,111933,853
138505,140133,1628,0,NTB,pouco mais,138505,140133,1628
7782,8039,257,0,GE-Phrase,203,7612,9471,1859
7782,8039,257,0,NTB,assim,7782,8039,257
12059,14017,1958,0,GE-Phrase,205,13467,16449,2982
12059,14017,1958,0,NTB,a rua do poste,12059,14017,1958
23217,24876,1659,0,GE-Phrase,210,24642,25844,1202
23217,24876,1659,0,NTB,eu acho,23217,24876,1659
52845,53049,204,0,NTB,assim,52845,53049,204
73497,74483,986,0,NTB,nũ sei por quê,73497,74483,986
74483,76614,2131,0,NTB,nũ sei aonde,74483,76614,2131
79218,79472,254,0,NTB,sei lá,79218,79472,254
82970,83529,559,0,NTB,nũ sei,82970,83529,559
89410,90328,918,0,GE-Phrase,225,90113,92132,2019
89410,90328,918,0,NTB,na verdade,89410,90328,918
111080,111933,853,0,GE-Phrase,235,111929,112681,752
111080,111933,853,0,NTB,do anterior,111080,111933,853
138505,140133,1628,0,NTB,pouco mais,138505,140133,1628
7782,8039,257,0,GE-Phrase,203,7612,9471,1859
7782,8039,257,0,NTB,assim,7782,8039,257
12059,14017,1958,0,GE-Phrase,205,13467,16449,2982
12059,14017,1958,0,NTB,a rua do poste,12059,14017,1958
23217,24876,1659,0,GE-Phrase,210,24642,25844,1202
23217,24876,1659,0,NTB,eu acho,23217,24876,1659
52845,53049,204,0,NTB,assim,52845,53049,204
73497,74483,986,0,NTB,nũ sei por quê,73497,74483,986
74483,76614,2131,0,NTB,nũ sei aonde,74483,76614,2131
79218,79472,254,0,NTB,sei lá,79218,79472,254
82970,83529,559,0,NTB,nũ sei,82970,83529,559
89410,90328,918,0,GE-Phrase,225,90113,92132,2019
89410,90328,918,0,NTB,na verdade,89410,90328,918
111080,111933,853,0,GE-Phrase,235,111929,112681,752
111080,111933,853,0,NTB,do anterior,111080,111933,853
138505,140133,1628,0,NTB,pouco mais,138505,140133,1628
7782,8039,257,0,GE-Phrase,203,7612,9471,1859
7782,8039,257,0,NTB,assim,7782,8039,257
12059,14017,1958,0,GE-Phrase,205,13467,16449,2982
12059,14017,1958,0,NTB,a rua do poste,12059,14017,1958
23217,24876,1659,0,GE-Phrase,210,24642,25844,1202
23217,24876,1659,0,NTB,eu acho,23217,24876,1659
52845,53049,204,0,NTB,assim,52845,53049,204
73497,74483,986,0,NTB,nũ sei por quê,73497,74483,986
74483,76614,2131,0,NTB,nũ sei aonde,74483,76614,2131
79218,79472,254,0,NTB,sei lá,79218,79472,254
82970,83529,559,0,NTB,nũ sei,82970,83529,559
89410,90328,918,0,GE-Phrase,225,90113,92132,2019
89410,90328,918,0,NTB,na verdade,89410,90328,918
111080,111933,853,0,GE-Phrase,235,111929,112681,752
111080,111933,853,0,NTB,do anterior,111080,111933,853
138505,140133,1628,0,NTB,pouco mais,138505,140133,1628
7782,8039,257,0,GE-Phrase,203,7612,9471,1859
7782,8039,257,0,NTB,assim,7782,8039,257
12059,14017,1958,0,GE-Phrase,205,13467,16449,2982
12059,14017,1958,0,NTB,a rua do poste,12059,14017,1958
23217,24876,1659,0,GE-Phrase,210,24642,25844,1202
23217,24876,1659,0,NTB,eu acho,23217,24876,1659
52845,53049,204,0,NTB,assim,52845,53049,204
73497,74483,986,0,NTB,nũ sei por quê,73497,74483,986
74483,76614,2131,0,NTB,nũ sei aonde,74483,76614,2131
79218,79472,254,0,NTB,sei lá,79218,79472,254
82970,83529,559,0,NTB,nũ sei,82970,83529,559
89410,90328,918,0,GE-Phrase,225,90113,92132,2019
89410,90328,918,0,NTB,na verdade,89410,90328,918
111080,111933,853,0,GE-Phrase,235,111929,112681,752
111080,111933,853,0,NTB,do anterior,111080,111933,853
138505,140133,1628,0,NTB,pouco mais,138505,140133,1628
7782,8039,257,0,GE-Phrase,203,7612,9471,1859
7782,8039,257,0,NTB,assim,7782,8039,257
12059,14017,1958,0,GE-Phrase,205,13467,16449,2982
12059,14017,1958,0,NTB,a rua do poste,12059,14017,1958
23217,24876,1659,0,GE-Phrase,210,24642,25844,1202
23217,24876,1659,0,NTB,eu acho,23217,24876,1659
52845,53049,204,0,NTB,assim,52845,53049,204
73497,74483,986,0,NTB,nũ sei por quê,73497,74483,986
74483,76614,2131,0,NTB,nũ sei aonde,74483,76614,2131
79218,79472,254,0,NTB,sei lá,79218,79472,254
82970,83529,559,0,NTB,nũ sei,82970,83529,559
89410,90328,918,0,GE-Phrase,225,90113,92132,2019
89410,90328,918,0,NTB,na verdade,89410,90328,918
111080,111933,853,0,GE-Phrase,235,111929,112681,752
111080,111933,853,0,NTB,do anterior,111080,111933,853
138505,140133,1628,0,NTB,pouco mais,138505,140133,1628
7782,8039,257,0,GE-Phrase,203,7612,9471,1859
7782,8039,257,0,NTB,assim,7782,8039,257
12059,14017,1958,0,GE-Phrase,205,13467,16449,2982
12059,14017,1958,0,NTB,a rua do poste,12059,14017,1958
23217,24876,1659,0,GE-Phrase,210,24642,25844,1202
23217,24876,1659,0,NTB,eu acho,23217,24876,1659
52845,53049,204,0,NTB,assim,52845,53049,204
73497,74483,986,0,NTB,nũ sei por quê,73497,74483,986
74483,76614,2131,0,NTB,nũ sei aonde,74483,76614,2131
79218,79472,254,0,NTB,sei lá,79218,79472,254
82970,83529,559,0,NTB,nũ sei,82970,83529,559
89410,90328,918,0,GE-Phrase,225,90113,92132,2019
89410,90328,918,0,NTB,na verdade,89410,90328,918
111080,111933,853,0,GE-Phrase,235,111929,112681,752
111080,111933,853,0,NTB,do anterior,111080,111933,853
138505,140133,1628,0,NTB,pouco mais,138505,140133,1628
7782,8039,257,0,GE-Phrase,203,7612,9471,1859
7782,8039,257,0,NTB,assim,7782,8039,257
12059,14017,1958,0,GE-Phrase,205,13467,16449,2982
12059,14017,1958,0,NTB,a rua do poste,12059,14017,1958
23217,24876,1659,0,GE-Phrase,210,24642,25844,1202
23217,24876,1659,0,NTB,eu acho,23217,24876,1659
52845,53049,204,0,NTB,assim,52845,53049,204
73497,74483,986,0,NTB,nũ sei por quê,73497,74483,986
74483,76614,2131,0,NTB,nũ sei aonde,74483,76614,2131
79218,79472,254,0,NTB,sei lá,79218,79472,254
82970,83529,559,0,NTB,nũ sei,82970,83529,559
89410,90328,918,0,GE-Phrase,225,90113,92132,2019
89410,90328,918,0,NTB,na verdade,89410,90328,918
111080,111933,853,0,GE-Phrase,235,111929,112681,752
111080,111933,853,0,NTB,do anterior,111080,111933,853
138505,140133,1628,0,NTB,pouco mais,138505,140133,1628
7782,8039,257,0,GE-Phrase,203,7612,9471,1859
7782,8039,257,0,NTB,assim,7782,8039,257
12059,14017,1958,0,GE-Phrase,205,13467,16449,2982
12059,14017,1958,0,NTB,a rua do poste,12059,14017,1958
23217,24876,1659,0,GE-Phrase,210,24642,25844,1202
23217,24876,1659,0,NTB,eu acho,23217,24876,1659
52845,53049,204,0,NTB,assim,52845,53049,204
73497,74483,986,0,NTB,nũ sei por quê,73497,74483,986
74483,76614,2131,0,NTB,nũ sei aonde,74483,76614,2131
79218,79472,254,0,NTB,sei lá,79218,79472,254
82970,83529,559,0,NTB,nũ sei,82970,83529,559
89410,90328,918,0,GE-Phrase,225,90113,92132,2019
89410,90328,918,0,NTB,na verdade,89410,90328,918
111080,111933,853,0,GE-Phrase,235,111929,112681,752
111080,111933,853,0,NTB,do anterior,111080,111933,853
138505,140133,1628,0,NTB,pouco mais,138505,140133,1628
7782,8039,257,0,GE-Phrase,203,7612,9471,1859
7782,8039,257,0,NTB,assim,7782,8039,257
12059,14017,1958,0,GE-Phrase,205,13467,16449,2982
12059,14017,1958,0,NTB,a rua do poste,12059,14017,1958
23217,24876,1659,0,GE-Phrase,210,24642,25844,1202
23217,24876,1659,0,NTB,eu acho,23217,24876,1659
52845,53049,204,0,NTB,assim,52845,53049,204
73497,74483,986,0,NTB,nũ sei por quê,73497,74483,986
74483,76614,2131,0,NTB,nũ sei aonde,74483,76614,2131
79218,79472,254,0,NTB,sei lá,79218,79472,254
82970,83529,559,0,NTB,nũ sei,82970,83529,559
89410,90328,918,0,GE-Phrase,225,90113,92132,2019
89410,90328,918,0,NTB,na verdade,89410,90328,918
111080,111933,853,0,GE-Phrase,235,111929,112681,752
111080,111933,853,0,NTB,do anterior,111080,111933,853
138505,140133,1628,0,NTB,pouco mais,138505,140133,1628
7782,8039,257,0,GE-Phrase,203,7612,9471,1859
7782,8039,257,0,NTB,assim,7782,8039,257
12059,14017,1958,0,GE-Phrase,205,13467,16449,2982
12059,14017,1958,0,NTB,a rua do poste,12059,14017,1958
23217,24876,1659,0,GE-Phrase,210,24642,25844,1202
23217,24876,1659,0,NTB,eu acho,23217,24876,1659
52845,53049,204,0,NTB,assim,52845,53049,204
73497,74483,986,0,NTB,nũ sei por quê,73497,74483,986
74483,76614,2131,0,NTB,nũ sei aonde,74483,76614,2131
79218,79472,254,0,NTB,sei lá,79218,79472,254
82970,83529,559,0,NTB,nũ sei,82970,83529,559
89410,90328,918,0,GE-Phrase,225,90113,92132,2019
89410,90328,918,0,NTB,na verdade,89410,90328,918
111080,111933,853,0,GE-Phrase,235,111929,112681,752
111080,111933,853,0,NTB,do anterior,111080,111933,853
138505,140133,1628,0,NTB,pouco mais,138505,140133,1628
7782,8039,257,0,GE-Phrase,203,7612,9471,1859
7782,8039,257,0,NTB,assim,7782,8039,257
12059,14017,1958,0,GE-Phrase,205,13467,16449,2982
12059,14017,1958,0,NTB,a rua do poste,12059,14017,1958
23217,24876,1659,0,GE-Phrase,210,24642,25844,1202
23217,24876,1659,0,NTB,eu acho,23217,24876,1659
52845,53049,204,0,NTB,assim,52845,53049,204
73497,74483,986,0,NTB,nũ sei por quê,73497,74483,986
74483,76614,2131,0,NTB,nũ sei aonde,74483,76614,2131
79218,79472,254,0,NTB,sei lá,79218,79472,254
82970,83529,559,0,NTB,nũ sei,82970,83529,559
89410,90328,918,0,GE-Phrase,225,90113,92132,2019
89410,90328,918,0,NTB,na verdade,89410,90328,918
111080,111933,853,0,GE-Phrase,235,111929,112681,752
111080,111933,853,0,NTB,do anterior,111080,111933,853
138505,140133,1628,0,NTB,pouco mais,138505,140133,1628
7782,8039,257,0,GE-Phrase,203,7612,9471,1859
7782,8039,257,0,NTB,assim,7782,8039,257
12059,14017,1958,0,GE-Phrase,205,13467,16449,2982
12059,14017,1958,0,NTB,a rua do poste,12059,14017,1958
23217,24876,1659,0,GE-Phrase,210,24642,25844,1202
23217,24876,1659,0,NTB,eu acho,23217,24876,1659
52845,53049,204,0,NTB,assim,52845,53049,204
73497,74483,986,0,NTB,nũ sei por quê,73497,74483,986
74483,76614,2131,0,NTB,nũ sei aonde,74483,76614,2131
79218,79472,254,0,NTB,sei lá,79218,79472,254
82970,83529,559,0,NTB,nũ sei,82970,83529,559
89410,90328,918,0,GE-Phrase,225,90113,92132,2019
89410,90328,918,0,NTB,na verdade,89410,90328,918
111080,111933,853,0,GE-Phrase,235,111929,112681,752
111080,111933,853,0,NTB,do anterior,111080,111933,853
138505,140133,1628,0,NTB,pouco mais,138505,140133,1628
7782,8039,257,0,GE-Phrase,203,7612,9471,1859
7782,8039,257,0,NTB,assim,7782,8039,257
12059,14017,1958,0,GE-Phrase,205,13467,16449,2982
12059,14017,1958,0,NTB,a rua do poste,12059,14017,1958
23217,24876,1659,0,GE-Phrase,210,24642,25844,1202
23217,24876,1659,0,NTB,eu acho,23217,24876,1659
52845,53049,204,0,NTB,assim,52845,53049,204
73497,74483,986,0,NTB,nũ sei por quê,73497,74483,986
74483,76614,2131,0,NTB,nũ sei aonde,74483,76614,2131
79218,79472,254,0,NTB,sei lá,79218,79472,254
82970,83529,559,0,NTB,nũ sei,82970,83529,559
89410,90328,918,0,GE-Phrase,225,90113,92132,2019
89410,90328,918,0,NTB,na verdade,89410,90328,918
111080,111933,853,0,GE-Phrase,235,111929,112681,752
111080,111933,853,0,NTB,do anterior,111080,111933,853
138505,140133,1628,0,NTB,pouco mais,138505,140133,1628
7782,8039,257,0,GE-Phrase,203,7612,9471,1859
7782,8039,257,0,NTB,assim,7782,8039,257
12059,14017,1958,0,GE-Phrase,205,13467,16449,2982
12059,14017,1958,0,NTB,a rua do poste,12059,14017,1958
23217,24876,1659,0,GE-Phrase,210,24642,25844,1202
23217,24876,1659,0,NTB,eu acho,23217,24876,1659
52845,53049,204,0,NTB,assim,52845,53049,204
73497,74483,986,0,NTB,nũ sei por quê,73497,74483,986
74483,76614,2131,0,NTB,nũ sei aonde,74483,76614,2131
79218,79472,254,0,NTB,sei lá,79218,79472,254
82970,83529,559,0,NTB,nũ sei,82970,83529,559
89410,90328,918,0,GE-Phrase,225,90113,92132,2019
89410,90328,918,0,NTB,na verdade,89410,90328,918
111080,111933,853,0,GE-Phrase,235,111929,112681,752
111080,111933,853,0,NTB,do anterior,111080,111933,853
138505,140133,1628,0,NTB,pouco mais,138505,140133,1628
7782,8039,257,0,GE-Phrase,203,7612,9471,1859
7782,8039,257,0,NTB,assim,7782,8039,257
12059,14017,1958,0,GE-Phrase,205,13467,16449,2982
12059,14017,1958,0,NTB,a rua do poste,12059,14017,1958
23217,24876,1659,0,GE-Phrase,210,24642,25844,1202
23217,24876,1659,0,NTB,eu acho,23217,24876,1659
52845,53049,204,0,NTB,assim,52845,53049,204
73497,74483,986,0,NTB,nũ sei por quê,73497,74483,986
74483,76614,2131,0,NTB,nũ sei aonde,74483,76614,2131
79218,79472,254,0,NTB,sei lá,79218,79472,254
82970,83529,559,0,NTB,nũ sei,82970,83529,559
89410,90328,918,0,GE-Phrase,225,90113,92132,2019
89410,90328,918,0,NTB,na verdade,89410,90328,918
111080,111933,853,0,GE-Phrase,235,111929,112681,752
111080,111933,853,0,NTB,do anterior,111080,111933,853
138505,140133,1628,0,NTB,pouco mais,138505,140133,1628
7782,8039,257,0,GE-Phrase,203,7612,9471,1859
7782,8039,257,0,NTB,assim,7782,8039,257
12059,14017,1958,0,GE-Phrase,205,13467,16449,2982
12059,14017,1958,0,NTB,a rua do poste,12059,14017,1958
23217,24876,1659,0,GE-Phrase,210,24642,25844,1202
23217,24876,1659,0,NTB,eu acho,23217,24876,1659
52845,53049,204,0,NTB,assim,52845,53049,204
73497,74483,986,0,NTB,nũ sei por quê,73497,74483,986
74483,76614,2131,0,NTB,nũ sei aonde,74483,76614,2131
79218,79472,254,0,NTB,sei lá,79218,79472,254
82970,83529,559,0,NTB,nũ sei,82970,83529,559
89410,90328,918,0,GE-Phrase,225,90113,92132,2019
89410,90328,918,0,NTB,na verdade,89410,90328,918
111080,111933,853,0,GE-Phrase,235,111929,112681,752
111080,111933,853,0,NTB,do anterior,111080,111933,853
138505,140133,1628,0,NTB,pouco mais,138505,140133,1628
7782,8039,257,0,GE-Phrase,203,7612,9471,1859
7782,8039,257,0,NTB,assim,7782,8039,257
12059,14017,1958,0,GE-Phrase,205,13467,16449,2982
12059,14017,1958,0,NTB,a rua do poste,12059,14017,1958
23217,24876,1659,0,GE-Phrase,210,24642,25844,1202
23217,24876,1659,0,NTB,eu acho,23217,24876,1659
52845,53049,204,0,NTB,assim,52845,53049,204
73497,74483,986,0,NTB,nũ sei por quê,73497,74483,986
74483,76614,2131,0,NTB,nũ sei aonde,74483,76614,2131
79218,79472,254,0,NTB,sei lá,79218,79472,254
82970,83529,559,0,NTB,nũ sei,82970,83529,559
89410,90328,918,0,GE-Phrase,225,90113,92132,2019
89410,90328,918,0,NTB,na verdade,89410,90328,918
111080,111933,853,0,GE-Phrase,235,111929,112681,752
111080,111933,853,0,NTB,do anterior,111080,111933,853
138505,140133,1628,0,NTB,pouco mais,138505,140133,1628
7782,8039,257,0,GE-Phrase,203,7612,9471,1859
7782,8039,257,0,NTB,assim,7782,8039,257
12059,14017,1958,0,GE-Phrase,205,13467,16449,2982
12059,14017,1958,0,NTB,a rua do poste,12059,14017,1958
23217,24876,1659,0,GE-Phrase,210,24642,25844,1202
23217,24876,1659,0,NTB,eu acho,23217,24876,1659
52845,53049,204,0,NTB,assim,52845,53049,204
73497,74483,986,0,NTB,nũ sei por quê,73497,74483,986
74483,76614,2131,0,NTB,nũ sei aonde,74483,76614,2131
79218,79472,254,0,NTB,sei lá,79218,79472,254
82970,83529,559,0,NTB,nũ sei,82970,83529,559
89410,90328,918,0,GE-Phrase,225,90113,92132,2019
89410,90328,918,0,NTB,na verdade,89410,90328,918
111080,111933,853,0,GE-Phrase,235,111929,112681,752
111080,111933,853,0,NTB,do anterior,111080,111933,853
138505,140133,1628,0,NTB,pouco mais,138505,140133,1628
7782,8039,257,0,GE-Phrase,203,7612,9471,1859
7782,8039,257,0,NTB,assim,7782,8039,257
12059,14017,1958,0,GE-Phrase,205,13467,16449,2982
12059,14017,1958,0,NTB,a rua do poste,12059,14017,1958
23217,24876,1659,0,GE-Phrase,210,24642,25844,1202
23217,24876,1659,0,NTB,eu acho,23217,24876,1659
52845,53049,204,0,NTB,assim,52845,53049,204
73497,74483,986,0,NTB,nũ sei por quê,73497,74483,986
74483,76614,2131,0,NTB,nũ sei aonde,74483,76614,2131
79218,79472,254,0,NTB,sei lá,79218,79472,254
82970,83529,559,0,NTB,nũ sei,82970,83529,559
89410,90328,918,0,GE-Phrase,225,90113,92132,2019
89410,90328,918,0,NTB,na verdade,89410,90328,918
111080,111933,853,0,GE-Phrase,235,111929,112681,752
111080,111933,853,0,NTB,do anterior,111080,111933,853
138505,140133,1628,0,NTB,pouco mais,138505,140133,1628
7782,8039,257,0,GE-Phrase,203,7612,9471,1859
7782,8039,257,0,NTB,assim,7782,8039,257
12059,14017,1958,0,GE-Phrase,205,13467,16449,2982
12059,14017,1958,0,NTB,a rua do poste,12059,14017,1958
23217,24876,1659,0,GE-Phrase,210,24642,25844,1202
23217,24876,1659,0,NTB,eu acho,23217,24876,1659
52845,53049,204,0,NTB,assim,52845,53049,204
73497,74483,986,0,NTB,nũ sei por quê,73497,74483,986
74483,76614,2131,0,NTB,nũ sei aonde,74483,76614,2131
79218,79472,254,0,NTB,sei lá,79218,79472,254
82970,83529,559,0,NTB,nũ sei,82970,83529,559
89410,90328,918,0,GE-Phrase,225,90113,92132,2019
89410,90328,918,0,NTB,na verdade,89410,90328,918
111080,111933,853,0,GE-Phrase,235,111929,112681,752
111080,111933,853,0,NTB,do anterior,111080,111933,853
138505,140133,1628,0,NTB,pouco mais,138505,140133,1628
7782,8039,257,0,GE-Phrase,203,7612,9471,1859
7782,8039,257,0,NTB,assim,7782,8039,257
12059,14017,1958,0,GE-Phrase,205,13467,16449,2982
12059,14017,1958,0,NTB,a rua do poste,12059,14017,1958
23217,24876,1659,0,GE-Phrase,210,24642,25844,1202
23217,24876,1659,0,NTB,eu acho,23217,24876,1659
52845,53049,204,0,NTB,assim,52845,53049,204
73497,74483,986,0,NTB,nũ sei por quê,73497,74483,986
74483,76614,2131,0,NTB,nũ sei aonde,74483,76614,2131
79218,79472,254,0,NTB,sei lá,79218,79472,254
82970,83529,559,0,NTB,nũ sei,82970,83529,559
89410,90328,918,0,GE-Phrase,225,90113,92132,2019
89410,90328,918,0,NTB,na verdade,89410,90328,918
111080,111933,853,0,GE-Phrase,235,111929,112681,752
111080,111933,853,0,NTB,do anterior,111080,111933,853
138505,140133,1628,0,NTB,pouco mais,138505,140133,1628
7782,8039,257,0,GE-Phrase,203,7612,9471,1859
7782,8039,257,0,NTB,assim,7782,8039,257
12059,14017,1958,0,GE-Phrase,205,13467,16449,2982
12059,14017,1958,0,NTB,a rua do poste,12059,14017,1958
23217,24876,1659,0,GE-Phrase,210,24642,25844,1202
23217,24876,1659,0,NTB,eu acho,23217,24876,1659
52845,53049,204,0,NTB,assim,52845,53049,204
73497,74483,986,0,NTB,nũ sei por quê,73497,74483,986
74483,76614,2131,0,NTB,nũ sei aonde,74483,76614,2131
79218,79472,254,0,NTB,sei lá,79218,79472,254
82970,83529,559,0,NTB,nũ sei,82970,83529,559
89410,90328,918,0,GE-Phrase,225,90113,92132,2019
89410,90328,918,0,NTB,na verdade,89410,90328,918
111080,111933,853,0,GE-Phrase,235,111929,112681,752
111080,111933,853,0,NTB,do anterior,111080,111933,853
138505,140133,1628,0,NTB,pouco mais,138505,140133,1628
7782,8039,257,0,GE-Phrase,203,7612,9471,1859
7782,8039,257,0,NTB,assim,7782,8039,257
12059,14017,1958,0,GE-Phrase,205,13467,16449,2982
12059,14017,1958,0,NTB,a rua do poste,12059,14017,1958
23217,24876,1659,0,GE-Phrase,210,24642,25844,1202
23217,24876,1659,0,NTB,eu acho,23217,24876,1659
52845,53049,204,0,NTB,assim,52845,53049,204
73497,74483,986,0,NTB,nũ sei por quê,73497,74483,986
74483,76614,2131,0,NTB,nũ sei aonde,74483,76614,2131
79218,79472,254,0,NTB,sei lá,79218,79472,254
82970,83529,559,0,NTB,nũ sei,82970,83529,559
89410,90328,918,0,GE-Phrase,225,90113,92132,2019
89410,90328,918,0,NTB,na verdade,89410,90328,918
111080,111933,853,0,GE-Phrase,235,111929,112681,752
111080,111933,853,0,NTB,do anterior,111080,111933,853
138505,140133,1628,0,NTB,pouco mais,138505,140133,1628
7782,8039,257,0,GE-Phrase,203,7612,9471,1859
7782,8039,257,0,NTB,assim,7782,8039,257
12059,14017,1958,0,GE-Phrase,205,13467,16449,2982
12059,14017,1958,0,NTB,a rua do poste,12059,14017,1958
23217,24876,1659,0,GE-Phrase,210,24642,25844,1202
23217,24876,1659,0,NTB,eu acho,23217,24876,1659
52845,53049,204,0,NTB,assim,52845,53049,204
73497,74483,986,0,NTB,nũ sei por quê,73497,74483,986
74483,76614,2131,0,NTB,nũ sei aonde,74483,76614,2131
79218,79472,254,0,NTB,sei lá,79218,79472,254
82970,83529,559,0,NTB,nũ sei,82970,83529,559
89410,90328,918,0,GE-Phrase,225,90113,92132,2019
89410,90328,918,0,NTB,na verdade,89410,90328,918
111080,111933,853,0,GE-Phrase,235,111929,112681,752
111080,111933,853,0,NTB,do anterior,111080,111933,853
138505,140133,1628,0,NTB,pouco mais,138505,140133,1628
7782,8039,257,0,GE-Phrase,203,7612,9471,1859
7782,8039,257,0,NTB,assim,7782,8039,257
12059,14017,1958,0,GE-Phrase,205,13467,16449,2982
12059,14017,1958,0,NTB,a rua do poste,12059,14017,1958
23217,24876,1659,0,GE-Phrase,210,24642,25844,1202
23217,24876,1659,0,NTB,eu acho,23217,24876,1659
52845,53049,204,0,NTB,assim,52845,53049,204
73497,74483,986,0,NTB,nũ sei por quê,73497,74483,986
74483,76614,2131,0,NTB,nũ sei aonde,74483,76614,2131
79218,79472,254,0,NTB,sei lá,79218,79472,254
82970,83529,559,0,NTB,nũ sei,82970,83529,559
89410,90328,918,0,GE-Phrase,225,90113,92132,2019
89410,90328,918,0,NTB,na verdade,89410,90328,918
111080,111933,853,0,GE-Phrase,235,111929,112681,752
111080,111933,853,0,NTB,do anterior,111080,111933,853
138505,140133,1628,0,NTB,pouco mais,138505,140133,1628
7782,8039,257,0,GE-Phrase,203,7612,9471,1859
7782,8039,257,0,NTB,assim,7782,8039,257
12059,14017,1958,0,GE-Phrase,205,13467,16449,2982
12059,14017,1958,0,NTB,a rua do poste,12059,14017,1958
23217,24876,1659,0,GE-Phrase,210,24642,25844,1202
23217,24876,1659,0,NTB,eu acho,23217,24876,1659
52845,53049,204,0,NTB,assim,52845,53049,204
73497,74483,986,0,NTB,nũ sei por quê,73497,74483,986
74483,76614,2131,0,NTB,nũ sei aonde,74483,76614,2131
79218,79472,254,0,NTB,sei lá,79218,79472,254
82970,83529,559,0,NTB,nũ sei,82970,83529,559
89410,90328,918,0,GE-Phrase,225,90113,92132,2019
89410,90328,918,0,NTB,na verdade,89410,90328,918
111080,111933,853,0,GE-Phrase,235,111929,112681,752
111080,111933,853,0,NTB,do anterior,111080,111933,853
138505,140133,1628,0,NTB,pouco mais,138505,140133,1628
7782,8039,257,0,GE-Phrase,203,7612,9471,1859
7782,8039,257,0,NTB,assim,7782,8039,257
12059,14017,1958,0,GE-Phrase,205,13467,16449,2982
12059,14017,1958,0,NTB,a rua do poste,12059,14017,1958
23217,24876,1659,0,GE-Phrase,210,24642,25844,1202
23217,24876,1659,0,NTB,eu acho,23217,24876,1659
52845,53049,204,0,NTB,assim,52845,53049,204
73497,74483,986,0,NTB,nũ sei por quê,73497,74483,986
74483,76614,2131,0,NTB,nũ sei aonde,74483,76614,2131
79218,79472,254,0,NTB,sei lá,79218,79472,254
82970,83529,559,0,NTB,nũ sei,82970,83529,559
89410,90328,918,0,GE-Phrase,225,90113,92132,2019
89410,90328,918,0,NTB,na verdade,89410,90328,918
111080,111933,853,0,GE-Phrase,235,111929,112681,752
111080,111933,853,0,NTB,do anterior,111080,111933,853
138505,140133,1628,0,NTB,pouco mais,138505,140133,1628
7782,8039,257,0,GE-Phrase,203,7612,9471,1859
7782,8039,257,0,NTB,assim,7782,8039,257
12059,14017,1958,0,GE-Phrase,205,13467,16449,2982
12059,14017,1958,0,NTB,a rua do poste,12059,14017,1958
23217,24876,1659,0,GE-Phrase,210,24642,25844,1202
23217,24876,1659,0,NTB,eu acho,23217,24876,1659
52845,53049,204,0,NTB,assim,52845,53049,204
73497,74483,986,0,NTB,nũ sei por quê,73497,74483,986
74483,76614,2131,0,NTB,nũ sei aonde,74483,76614,2131
79218,79472,254,0,NTB,sei lá,79218,79472,254
82970,83529,559,0,NTB,nũ sei,82970,83529,559
89410,90328,918,0,GE-Phrase,225,90113,92132,2019
89410,90328,918,0,NTB,na verdade,89410,90328,918
111080,111933,853,0,GE-Phrase,235,111929,112681,752
111080,111933,853,0,NTB,do anterior,111080,111933,853
138505,140133,1628,0,NTB,pouco mais,138505,140133,1628
7782,8039,257,0,GE-Phrase,203,7612,9471,1859
7782,8039,257,0,NTB,assim,7782,8039,257
12059,14017,1958,0,GE-Phrase,205,13467,16449,2982
12059,14017,1958,0,NTB,a rua do poste,12059,14017,1958
23217,24876,1659,0,GE-Phrase,210,24642,25844,1202
23217,24876,1659,0,NTB,eu acho,23217,24876,1659
52845,53049,204,0,NTB,assim,52845,53049,204
73497,74483,986,0,NTB,nũ sei por quê,73497,74483,986
74483,76614,2131,0,NTB,nũ sei aonde,74483,76614,2131
79218,79472,254,0,NTB,sei lá,79218,79472,254
82970,83529,559,0,NTB,nũ sei,82970,83529,559
89410,90328,918,0,GE-Phrase,225,90113,92132,2019
89410,90328,918,0,NTB,na verdade,89410,90328,918
111080,111933,853,0,GE-Phrase,235,111929,112681,752
111080,111933,853,0,NTB,do anterior,111080,111933,853
138505,140133,1628,0,NTB,pouco mais,138505,140133,1628
7782,8039,257,0,GE-Phrase,203,7612,9471,1859
7782,8039,257,0,NTB,assim,7782,8039,257
12059,14017,1958,0,GE-Phrase,205,13467,16449,2982
12059,14017,1958,0,NTB,a rua do poste,12059,14017,1958
23217,24876,1659,0,GE-Phrase,210,24642,25844,1202
23217,24876,1659,0,NTB,eu acho,23217,24876,1659
52845,53049,204,0,NTB,assim,52845,53049,204
73497,74483,986,0,NTB,nũ sei por quê,73497,74483,986
74483,76614,2131,0,NTB,nũ sei aonde,74483,76614,2131
79218,79472,254,0,NTB,sei lá,79218,79472,254
82970,83529,559,0,NTB,nũ sei,82970,83529,559
89410,90328,918,0,GE-Phrase,225,90113,92132,2019
89410,90328,918,0,NTB,na verdade,89410,90328,918
111080,111933,853,0,GE-Phrase,235,111929,112681,752
111080,111933,853,0,NTB,do anterior,111080,111933,853
138505,140133,1628,0,NTB,pouco mais,138505,140133,1628
7782,8039,257,0,GE-Phrase,203,7612,9471,1859
7782,8039,257,0,NTB,assim,7782,8039,257
12059,14017,1958,0,GE-Phrase,205,13467,16449,2982
12059,14017,1958,0,NTB,a rua do poste,12059,14017,1958
23217,24876,1659,0,GE-Phrase,210,24642,25844,1202
23217,24876,1659,0,NTB,eu acho,23217,24876,1659
52845,53049,204,0,NTB,assim,52845,53049,204
73497,74483,986,0,NTB,nũ sei por quê,73497,74483,986
74483,76614,2131,0,NTB,nũ sei aonde,74483,76614,2131
79218,79472,254,0,NTB,sei lá,79218,79472,254
82970,83529,559,0,NTB,nũ sei,82970,83529,559
89410,90328,918,0,GE-Phrase,225,90113,92132,2019
89410,90328,918,0,NTB,na verdade,89410,90328,918
111080,111933,853,0,GE-Phrase,235,111929,112681,752
111080,111933,853,0,NTB,do anterior,111080,111933,853
138505,140133,1628,0,NTB,pouco mais,138505,140133,1628
7782,8039,257,0,GE-Phrase,203,7612,9471,1859
7782,8039,257,0,NTB,assim,7782,8039,257
12059,14017,1958,0,GE-Phrase,205,13467,16449,2982
12059,14017,1958,0,NTB,a rua do poste,12059,14017,1958
23217,24876,1659,0,GE-Phrase,210,24642,25844,1202
23217,24876,1659,0,NTB,eu acho,23217,24876,1659
52845,53049,204,0,NTB,assim,52845,53049,204
73497,74483,986,0,NTB,nũ sei por quê,73497,74483,986
74483,76614,2131,0,NTB,nũ sei aonde,74483,76614,2131
79218,79472,254,0,NTB,sei lá,79218,79472,254
82970,83529,559,0,NTB,nũ sei,82970,83529,559
89410,90328,918,0,GE-Phrase,225,90113,92132,2019
89410,90328,918,0,NTB,na verdade,89410,90328,918
111080,111933,853,0,GE-Phrase,235,111929,112681,752
111080,111933,853,0,NTB,do anterior,111080,111933,853
138505,140133,1628,0,NTB,pouco mais,138505,140133,1628
7782,8039,257,0,GE-Phrase,203,7612,9471,1859
7782,8039,257,0,NTB,assim,7782,8039,257
12059,14017,1958,0,GE-Phrase,205,13467,16449,2982
12059,14017,1958,0,NTB,a rua do poste,12059,14017,1958
23217,24876,1659,0,GE-Phrase,210,24642,25844,1202
23217,24876,1659,0,NTB,eu acho,23217,24876,1659
52845,53049,204,0,NTB,assim,52845,53049,204
73497,74483,986,0,NTB,nũ sei por quê,73497,74483,986
74483,76614,2131,0,NTB,nũ sei aonde,74483,76614,2131
79218,79472,254,0,NTB,sei lá,79218,79472,254
82970,83529,559,0,NTB,nũ sei,82970,83529,559
89410,90328,918,0,GE-Phrase,225,90113,92132,2019
89410,90328,918,0,NTB,na verdade,89410,90328,918
111080,111933,853,0,GE-Phrase,235,111929,112681,752
111080,111933,853,0,NTB,do anterior,111080,111933,853
138505,140133,1628,0,NTB,pouco mais,138505,140133,1628
7782,8039,257,0,GE-Phrase,203,7612,9471,1859
7782,8039,257,0,NTB,assim,7782,8039,257
12059,14017,1958,0,GE-Phrase,205,13467,16449,2982
12059,14017,1958,0,NTB,a rua do poste,12059,14017,1958
23217,24876,1659,0,GE-Phrase,210,24642,25844,1202
23217,24876,1659,0,NTB,eu acho,23217,24876,1659
52845,53049,204,0,NTB,assim,52845,53049,204
73497,74483,986,0,NTB,nũ sei por quê,73497,74483,986
74483,76614,2131,0,NTB,nũ sei aonde,74483,76614,2131
79218,79472,254,0,NTB,sei lá,79218,79472,254
82970,83529,559,0,NTB,nũ sei,82970,83529,559
89410,90328,918,0,GE-Phrase,225,90113,92132,2019
89410,90328,918,0,NTB,na verdade,89410,90328,918
111080,111933,853,0,GE-Phrase,235,111929,112681,752
111080,111933,853,0,NTB,do anterior,111080,111933,853
138505,140133,1628,0,NTB,pouco mais,138505,140133,1628
7782,8039,257,0,GE-Phrase,203,7612,9471,1859
7782,8039,257,0,NTB,assim,7782,8039,257
12059,14017,1958,0,GE-Phrase,205,13467,16449,2982
12059,14017,1958,0,NTB,a rua do poste,12059,14017,1958
23217,24876,1659,0,GE-Phrase,210,24642,25844,1202
23217,24876,1659,0,NTB,eu acho,23217,24876,1659
52845,53049,204,0,NTB,assim,52845,53049,204
73497,74483,986,0,NTB,nũ sei por quê,73497,74483,986
74483,76614,2131,0,NTB,nũ sei aonde,74483,76614,2131
79218,79472,254,0,NTB,sei lá,79218,79472,254
82970,83529,559,0,NTB,nũ sei,82970,83529,559
89410,90328,918,0,GE-Phrase,225,90113,92132,2019
89410,90328,918,0,NTB,na verdade,89410,90328,918
111080,111933,853,0,GE-Phrase,235,111929,112681,752
111080,111933,853,0,NTB,do anterior,111080,111933,853
138505,140133,1628,0,NTB,pouco mais,138505,140133,1628
7782,8039,257,0,GE-Phrase,203,7612,9471,1859
7782,8039,257,0,NTB,assim,7782,8039,257
12059,14017,1958,0,GE-Phrase,205,13467,16449,2982
12059,14017,1958,0,NTB,a rua do poste,12059,14017,1958
23217,24876,1659,0,GE-Phrase,210,24642,25844,1202
23217,24876,1659,0,NTB,eu acho,23217,24876,1659
52845,53049,204,0,NTB,assim,52845,53049,204
73497,74483,986,0,NTB,nũ sei por quê,73497,74483,986
74483,76614,2131,0,NTB,nũ sei aonde,74483,76614,2131
79218,79472,254,0,NTB,sei lá,79218,79472,254
82970,83529,559,0,NTB,nũ sei,82970,83529,559
89410,90328,918,0,GE-Phrase,225,90113,92132,2019
89410,90328,918,0,NTB,na verdade,89410,90328,918
111080,111933,853,0,GE-Phrase,235,111929,112681,752
111080,111933,853,0,NTB,do anterior,111080,111933,853
138505,140133,1628,0,NTB,pouco mais,138505,140133,1628
7782,8039,257,0,GE-Phrase,203,7612,9471,1859
7782,8039,257,0,NTB,assim,7782,8039,257
12059,14017,1958,0,GE-Phrase,205,13467,16449,2982
12059,14017,1958,0,NTB,a rua do poste,12059,14017,1958
23217,24876,1659,0,GE-Phrase,210,24642,25844,1202
23217,24876,1659,0,NTB,eu acho,23217,24876,1659
52845,53049,204,0,NTB,assim,52845,53049,204
73497,74483,986,0,NTB,nũ sei por quê,73497,74483,986
74483,76614,2131,0,NTB,nũ sei aonde,74483,76614,2131
79218,79472,254,0,NTB,sei lá,79218,79472,254
82970,83529,559,0,NTB,nũ sei,82970,83529,559
89410,90328,918,0,GE-Phrase,225,90113,92132,2019
89410,90328,918,0,NTB,na verdade,89410,90328,918
111080,111933,853,0,GE-Phrase,235,111929,112681,752
111080,111933,853,0,NTB,do anterior,111080,111933,853
138505,140133,1628,0,NTB,pouco mais,138505,140133,1628
7782,8039,257,0,GE-Phrase,203,7612,9471,1859
7782,8039,257,0,NTB,assim,7782,8039,257
12059,14017,1958,0,GE-Phrase,205,13467,16449,2982
12059,14017,1958,0,NTB,a rua do poste,12059,14017,1958
23217,24876,1659,0,GE-Phrase,210,24642,25844,1202
23217,24876,1659,0,NTB,eu acho,23217,24876,1659
52845,53049,204,0,NTB,assim,52845,53049,204
73497,74483,986,0,NTB,nũ sei por quê,73497,74483,986
74483,76614,2131,0,NTB,nũ sei aonde,74483,76614,2131
79218,79472,254,0,NTB,sei lá,79218,79472,254
82970,83529,559,0,NTB,nũ sei,82970,83529,559
89410,90328,918,0,GE-Phrase,225,90113,92132,2019
89410,90328,918,0,NTB,na verdade,89410,90328,918
111080,111933,853,0,GE-Phrase,235,111929,112681,752
111080,111933,853,0,NTB,do anterior,111080,111933,853
138505,140133,1628,0,NTB,pouco mais,138505,140133,1628
12996,13465,469,0,NTB,digamos assim,12996,13465,469
13465,14522,1057,0,NTB,pelo que a gente tem de,13465,14522,1057
14522,15590,1068,0,GE-Phrase,201,14551,15962,1411
14522,15590,1068,0,NTB,crítica até hoje,14522,15590,1068
15590,15763,173,0,GE-Phrase,201,14551,15962,1411
15590,15763,173,0,NTB,né,15590,15763,173
15763,17363,1600,0,NTB,que consegue entrever isso,15763,17363,1600
23045,24645,1600,0,GE-Phrase,204,23590,25583,1993
23045,24645,1600,0,NTB,como a gente sabe que na cultura hebraica,23045,24645,1600
24645,25227,582,0,GE-Phrase,204,23590,25583,1993
24645,25227,582,0,NTB,foi também,24645,25227,582
25227,26200,973,0,GE-Phrase,205,25583,27102,1519
25227,26200,973,0,NTB,a questão da procedência,25227,26200,973
26200,26302,102,0,GE-Phrase,205,25583,27102,1519
26200,26302,102,0,NTB,né,26200,26302,102
26302,27144,842,0,GE-Phrase,206,27102,28175,1073
26302,27144,842,0,NTB,judaico-cristã,26302,27144,842
27144,28520,1376,0,NTB,por muito tempo,27144,28520,1376
43541,44810,1269,0,GE-Phrase,218,44383,47057,2674
43541,44810,1269,0,NTB,porque você é filho de nũ sei o que,43541,44810,1269
44810,45700,890,0,GE-Phrase,218,44383,47057,2674
44810,45700,890,0,NTB,seu erregê vem,44810,45700,890
45700,46309,609,0,GE-Phrase,218,44383,47057,2674
45700,46309,609,0,NTB,escrito isso,45700,46309,609
46309,47266,957,0,GE-Phrase,219,47057,48898,1841
46309,47266,957,0,NTB,cê tem certidão de nascimento,46309,47266,957
12996,13465,469,0,NTB,digamos assim,12996,13465,469
13465,14522,1057,0,NTB,pelo que a gente tem de,13465,14522,1057
14522,15590,1068,0,GE-Phrase,201,14551,15962,1411
14522,15590,1068,0,NTB,crítica até hoje,14522,15590,1068
15590,15763,173,0,GE-Phrase,201,14551,15962,1411
15590,15763,173,0,NTB,né,15590,15763,173
15763,17363,1600,0,NTB,que consegue entrever isso,15763,17363,1600
23045,24645,1600,0,GE-Phrase,204,23590,25583,1993
23045,24645,1600,0,NTB,como a gente sabe que na cultura hebraica,23045,24645,1600
24645,25227,582,0,GE-Phrase,204,23590,25583,1993
24645,25227,582,0,NTB,foi também,24645,25227,582
25227,26200,973,0,GE-Phrase,205,25583,27102,1519
25227,26200,973,0,NTB,a questão da procedência,25227,26200,973
26200,26302,102,0,GE-Phrase,205,25583,27102,1519
26200,26302,102,0,NTB,né,26200,26302,102
26302,27144,842,0,GE-Phrase,206,27102,28175,1073
26302,27144,842,0,NTB,judaico-cristã,26302,27144,842
27144,28520,1376,0,NTB,por muito tempo,27144,28520,1376
43541,44810,1269,0,GE-Phrase,218,44383,47057,2674
43541,44810,1269,0,NTB,porque você é filho de nũ sei o que,43541,44810,1269
44810,45700,890,0,GE-Phrase,218,44383,47057,2674
44810,45700,890,0,NTB,seu erregê vem,44810,45700,890
45700,46309,609,0,GE-Phrase,218,44383,47057,2674
45700,46309,609,0,NTB,escrito isso,45700,46309,609
46309,47266,957,0,GE-Phrase,219,47057,48898,1841
46309,47266,957,0,NTB,cê tem certidão de nascimento,46309,47266,957
12996,13465,469,0,NTB,digamos assim,12996,13465,469
13465,14522,1057,0,NTB,pelo que a gente tem de,13465,14522,1057
14522,15590,1068,0,GE-Phrase,201,14551,15962,1411
14522,15590,1068,0,NTB,crítica até hoje,14522,15590,1068
15590,15763,173,0,GE-Phrase,201,14551,15962,1411
15590,15763,173,0,NTB,né,15590,15763,173
15763,17363,1600,0,NTB,que consegue entrever isso,15763,17363,1600
23045,24645,1600,0,GE-Phrase,204,23590,25583,1993
23045,24645,1600,0,NTB,como a gente sabe que na cultura hebraica,23045,24645,1600
24645,25227,582,0,GE-Phrase,204,23590,25583,1993
24645,25227,582,0,NTB,foi também,24645,25227,582
25227,26200,973,0,GE-Phrase,205,25583,27102,1519
25227,26200,973,0,NTB,a questão da procedência,25227,26200,973
26200,26302,102,0,GE-Phrase,205,25583,27102,1519
26200,26302,102,0,NTB,né,26200,26302,102
26302,27144,842,0,GE-Phrase,206,27102,28175,1073
26302,27144,842,0,NTB,judaico-cristã,26302,27144,842
27144,28520,1376,0,NTB,por muito tempo,27144,28520,1376
43541,44810,1269,0,GE-Phrase,218,44383,47057,2674
43541,44810,1269,0,NTB,porque você é filho de nũ sei o que,43541,44810,1269
44810,45700,890,0,GE-Phrase,218,44383,47057,2674
44810,45700,890,0,NTB,seu erregê vem,44810,45700,890
45700,46309,609,0,GE-Phrase,218,44383,47057,2674
45700,46309,609,0,NTB,escrito isso,45700,46309,609
46309,47266,957,0,GE-Phrase,219,47057,48898,1841
46309,47266,957,0,NTB,cê tem certidão de nascimento,46309,47266,957
12996,13465,469,0,NTB,digamos assim,12996,13465,469
13465,14522,1057,0,NTB,pelo que a gente tem de,13465,14522,1057
14522,15590,1068,0,GE-Phrase,201,14551,15962,1411
14522,15590,1068,0,NTB,crítica até hoje,14522,15590,1068
15590,15763,173,0,GE-Phrase,201,14551,15962,1411
15590,15763,173,0,NTB,né,15590,15763,173
15763,17363,1600,0,NTB,que consegue entrever isso,15763,17363,1600
23045,24645,1600,0,GE-Phrase,204,23590,25583,1993
23045,24645,1600,0,NTB,como a gente sabe que na cultura hebraica,23045,24645,1600
24645,25227,582,0,GE-Phrase,204,23590,25583,1993
24645,25227,582,0,NTB,foi também,24645,25227,582
25227,26200,973,0,GE-Phrase,205,25583,27102,1519
25227,26200,973,0,NTB,a questão da procedência,25227,26200,973
26200,26302,102,0,GE-Phrase,205,25583,27102,1519
26200,26302,102,0,NTB,né,26200,26302,102
26302,27144,842,0,GE-Phrase,206,27102,28175,1073
26302,27144,842,0,NTB,judaico-cristã,26302,27144,842
27144,28520,1376,0,NTB,por muito tempo,27144,28520,1376
43541,44810,1269,0,GE-Phrase,218,44383,47057,2674
43541,44810,1269,0,NTB,porque você é filho de nũ sei o que,43541,44810,1269
44810,45700,890,0,GE-Phrase,218,44383,47057,2674
44810,45700,890,0,NTB,seu erregê vem,44810,45700,890
45700,46309,609,0,GE-Phrase,218,44383,47057,2674
45700,46309,609,0,NTB,escrito isso,45700,46309,609
46309,47266,957,0,GE-Phrase,219,47057,48898,1841
46309,47266,957,0,NTB,cê tem certidão de nascimento,46309,47266,957
12996,13465,469,0,NTB,digamos assim,12996,13465,469
13465,14522,1057,0,NTB,pelo que a gente tem de,13465,14522,1057
14522,15590,1068,0,GE-Phrase,201,14551,15962,1411
14522,15590,1068,0,NTB,crítica até hoje,14522,15590,1068
15590,15763,173,0,GE-Phrase,201,14551,15962,1411
15590,15763,173,0,NTB,né,15590,15763,173
15763,17363,1600,0,NTB,que consegue entrever isso,15763,17363,1600
23045,24645,1600,0,GE-Phrase,204,23590,25583,1993
23045,24645,1600,0,NTB,como a gente sabe que na cultura hebraica,23045,24645,1600
24645,25227,582,0,GE-Phrase,204,23590,25583,1993
24645,25227,582,0,NTB,foi também,24645,25227,582
25227,26200,973,0,GE-Phrase,205,25583,27102,1519
25227,26200,973,0,NTB,a questão da procedência,25227,26200,973
26200,26302,102,0,GE-Phrase,205,25583,27102,1519
26200,26302,102,0,NTB,né,26200,26302,102
26302,27144,842,0,GE-Phrase,206,27102,28175,1073
26302,27144,842,0,NTB,judaico-cristã,26302,27144,842
27144,28520,1376,0,NTB,por muito tempo,27144,28520,1376
43541,44810,1269,0,GE-Phrase,218,44383,47057,2674
43541,44810,1269,0,NTB,porque você é filho de nũ sei o que,43541,44810,1269
44810,45700,890,0,GE-Phrase,218,44383,47057,2674
44810,45700,890,0,NTB,seu erregê vem,44810,45700,890
45700,46309,609,0,GE-Phrase,218,44383,47057,2674
45700,46309,609,0,NTB,escrito isso,45700,46309,609
46309,47266,957,0,GE-Phrase,219,47057,48898,1841
46309,47266,957,0,NTB,cê tem certidão de nascimento,46309,47266,957
12996,13465,469,0,NTB,digamos assim,12996,13465,469
13465,14522,1057,0,NTB,pelo que a gente tem de,13465,14522,1057
14522,15590,1068,0,GE-Phrase,201,14551,15962,1411
14522,15590,1068,0,NTB,crítica até hoje,14522,15590,1068
15590,15763,173,0,GE-Phrase,201,14551,15962,1411
15590,15763,173,0,NTB,né,15590,15763,173
15763,17363,1600,0,NTB,que consegue entrever isso,15763,17363,1600
23045,24645,1600,0,GE-Phrase,204,23590,25583,1993
23045,24645,1600,0,NTB,como a gente sabe que na cultura hebraica,23045,24645,1600
24645,25227,582,0,GE-Phrase,204,23590,25583,1993
24645,25227,582,0,NTB,foi também,24645,25227,582
25227,26200,973,0,GE-Phrase,205,25583,27102,1519
25227,26200,973,0,NTB,a questão da procedência,25227,26200,973
26200,26302,102,0,GE-Phrase,205,25583,27102,1519
26200,26302,102,0,NTB,né,26200,26302,102
26302,27144,842,0,GE-Phrase,206,27102,28175,1073
26302,27144,842,0,NTB,judaico-cristã,26302,27144,842
27144,28520,1376,0,NTB,por muito tempo,27144,28520,1376
43541,44810,1269,0,GE-Phrase,218,44383,47057,2674
43541,44810,1269,0,NTB,porque você é filho de nũ sei o que,43541,44810,1269
44810,45700,890,0,GE-Phrase,218,44383,47057,2674
44810,45700,890,0,NTB,seu erregê vem,44810,45700,890
45700,46309,609,0,GE-Phrase,218,44383,47057,2674
45700,46309,609,0,NTB,escrito isso,45700,46309,609
46309,47266,957,0,GE-Phrase,219,47057,48898,1841
46309,47266,957,0,NTB,cê tem certidão de nascimento,46309,47266,957
12996,13465,469,0,NTB,digamos assim,12996,13465,469
13465,14522,1057,0,NTB,pelo que a gente tem de,13465,14522,1057
14522,15590,1068,0,GE-Phrase,201,14551,15962,1411
14522,15590,1068,0,NTB,crítica até hoje,14522,15590,1068
15590,15763,173,0,GE-Phrase,201,14551,15962,1411
15590,15763,173,0,NTB,né,15590,15763,173
15763,17363,1600,0,NTB,que consegue entrever isso,15763,17363,1600
23045,24645,1600,0,GE-Phrase,204,23590,25583,1993
23045,24645,1600,0,NTB,como a gente sabe que na cultura hebraica,23045,24645,1600
24645,25227,582,0,GE-Phrase,204,23590,25583,1993
24645,25227,582,0,NTB,foi também,24645,25227,582
25227,26200,973,0,GE-Phrase,205,25583,27102,1519
25227,26200,973,0,NTB,a questão da procedência,25227,26200,973
26200,26302,102,0,GE-Phrase,205,25583,27102,1519
26200,26302,102,0,NTB,né,26200,26302,102
26302,27144,842,0,GE-Phrase,206,27102,28175,1073
26302,27144,842,0,NTB,judaico-cristã,26302,27144,842
27144,28520,1376,0,NTB,por muito tempo,27144,28520,1376
43541,44810,1269,0,GE-Phrase,218,44383,47057,2674
43541,44810,1269,0,NTB,porque você é filho de nũ sei o que,43541,44810,1269
44810,45700,890,0,GE-Phrase,218,44383,47057,2674
44810,45700,890,0,NTB,seu erregê vem,44810,45700,890
45700,46309,609,0,GE-Phrase,218,44383,47057,2674
45700,46309,609,0,NTB,escrito isso,45700,46309,609
46309,47266,957,0,GE-Phrase,219,47057,48898,1841
46309,47266,957,0,NTB,cê tem certidão de nascimento,46309,47266,957
12996,13465,469,0,NTB,digamos assim,12996,13465,469
13465,14522,1057,0,NTB,pelo que a gente tem de,13465,14522,1057
14522,15590,1068,0,GE-Phrase,201,14551,15962,1411
14522,15590,1068,0,NTB,crítica até hoje,14522,15590,1068
15590,15763,173,0,GE-Phrase,201,14551,15962,1411
15590,15763,173,0,NTB,né,15590,15763,173
15763,17363,1600,0,NTB,que consegue entrever isso,15763,17363,1600
23045,24645,1600,0,GE-Phrase,204,23590,25583,1993
23045,24645,1600,0,NTB,como a gente sabe que na cultura hebraica,23045,24645,1600
24645,25227,582,0,GE-Phrase,204,23590,25583,1993
24645,25227,582,0,NTB,foi também,24645,25227,582
25227,26200,973,0,GE-Phrase,205,25583,27102,1519
25227,26200,973,0,NTB,a questão da procedência,25227,26200,973
26200,26302,102,0,GE-Phrase,205,25583,27102,1519
26200,26302,102,0,NTB,né,26200,26302,102
26302,27144,842,0,GE-Phrase,206,27102,28175,1073
26302,27144,842,0,NTB,judaico-cristã,26302,27144,842
27144,28520,1376,0,NTB,por muito tempo,27144,28520,1376
43541,44810,1269,0,GE-Phrase,218,44383,47057,2674
43541,44810,1269,0,NTB,porque você é filho de nũ sei o que,43541,44810,1269
44810,45700,890,0,GE-Phrase,218,44383,47057,2674
44810,45700,890,0,NTB,seu erregê vem,44810,45700,890
45700,46309,609,0,GE-Phrase,218,44383,47057,2674
45700,46309,609,0,NTB,escrito isso,45700,46309,609
46309,47266,957,0,GE-Phrase,219,47057,48898,1841
46309,47266,957,0,NTB,cê tem certidão de nascimento,46309,47266,957
12996,13465,469,0,NTB,digamos assim,12996,13465,469
13465,14522,1057,0,NTB,pelo que a gente tem de,13465,14522,1057
14522,15590,1068,0,GE-Phrase,201,14551,15962,1411
14522,15590,1068,0,NTB,crítica até hoje,14522,15590,1068
15590,15763,173,0,GE-Phrase,201,14551,15962,1411
15590,15763,173,0,NTB,né,15590,15763,173
15763,17363,1600,0,NTB,que consegue entrever isso,15763,17363,1600
23045,24645,1600,0,GE-Phrase,204,23590,25583,1993
23045,24645,1600,0,NTB,como a gente sabe que na cultura hebraica,23045,24645,1600
24645,25227,582,0,GE-Phrase,204,23590,25583,1993
24645,25227,582,0,NTB,foi também,24645,25227,582
25227,26200,973,0,GE-Phrase,205,25583,27102,1519
25227,26200,973,0,NTB,a questão da procedência,25227,26200,973
26200,26302,102,0,GE-Phrase,205,25583,27102,1519
26200,26302,102,0,NTB,né,26200,26302,102
26302,27144,842,0,GE-Phrase,206,27102,28175,1073
26302,27144,842,0,NTB,judaico-cristã,26302,27144,842
27144,28520,1376,0,NTB,por muito tempo,27144,28520,1376
43541,44810,1269,0,GE-Phrase,218,44383,47057,2674
43541,44810,1269,0,NTB,porque você é filho de nũ sei o que,43541,44810,1269
44810,45700,890,0,GE-Phrase,218,44383,47057,2674
44810,45700,890,0,NTB,seu erregê vem,44810,45700,890
45700,46309,609,0,GE-Phrase,218,44383,47057,2674
45700,46309,609,0,NTB,escrito isso,45700,46309,609
46309,47266,957,0,GE-Phrase,219,47057,48898,1841
46309,47266,957,0,NTB,cê tem certidão de nascimento,46309,47266,957
12996,13465,469,0,NTB,digamos assim,12996,13465,469
13465,14522,1057,0,NTB,pelo que a gente tem de,13465,14522,1057
14522,15590,1068,0,GE-Phrase,201,14551,15962,1411
14522,15590,1068,0,NTB,crítica até hoje,14522,15590,1068
15590,15763,173,0,GE-Phrase,201,14551,15962,1411
15590,15763,173,0,NTB,né,15590,15763,173
15763,17363,1600,0,NTB,que consegue entrever isso,15763,17363,1600
23045,24645,1600,0,GE-Phrase,204,23590,25583,1993
23045,24645,1600,0,NTB,como a gente sabe que na cultura hebraica,23045,24645,1600
24645,25227,582,0,GE-Phrase,204,23590,25583,1993
24645,25227,582,0,NTB,foi também,24645,25227,582
25227,26200,973,0,GE-Phrase,205,25583,27102,1519
25227,26200,973,0,NTB,a questão da procedência,25227,26200,973
26200,26302,102,0,GE-Phrase,205,25583,27102,1519
26200,26302,102,0,NTB,né,26200,26302,102
26302,27144,842,0,GE-Phrase,206,27102,28175,1073
26302,27144,842,0,NTB,judaico-cristã,26302,27144,842
27144,28520,1376,0,NTB,por muito tempo,27144,28520,1376
43541,44810,1269,0,GE-Phrase,218,44383,47057,2674
43541,44810,1269,0,NTB,porque você é filho de nũ sei o que,43541,44810,1269
44810,45700,890,0,GE-Phrase,218,44383,47057,2674
44810,45700,890,0,NTB,seu erregê vem,44810,45700,890
45700,46309,609,0,GE-Phrase,218,44383,47057,2674
45700,46309,609,0,NTB,escrito isso,45700,46309,609
46309,47266,957,0,GE-Phrase,219,47057,48898,1841
46309,47266,957,0,NTB,cê tem certidão de nascimento,46309,47266,957
12996,13465,469,0,NTB,digamos assim,12996,13465,469
13465,14522,1057,0,NTB,pelo que a gente tem de,13465,14522,1057
14522,15590,1068,0,GE-Phrase,201,14551,15962,1411
14522,15590,1068,0,NTB,crítica até hoje,14522,15590,1068
15590,15763,173,0,GE-Phrase,201,14551,15962,1411
15590,15763,173,0,NTB,né,15590,15763,173
15763,17363,1600,0,NTB,que consegue entrever isso,15763,17363,1600
23045,24645,1600,0,GE-Phrase,204,23590,25583,1993
23045,24645,1600,0,NTB,como a gente sabe que na cultura hebraica,23045,24645,1600
24645,25227,582,0,GE-Phrase,204,23590,25583,1993
24645,25227,582,0,NTB,foi também,24645,25227,582
25227,26200,973,0,GE-Phrase,205,25583,27102,1519
25227,26200,973,0,NTB,a questão da procedência,25227,26200,973
26200,26302,102,0,GE-Phrase,205,25583,27102,1519
26200,26302,102,0,NTB,né,26200,26302,102
26302,27144,842,0,GE-Phrase,206,27102,28175,1073
26302,27144,842,0,NTB,judaico-cristã,26302,27144,842
27144,28520,1376,0,NTB,por muito tempo,27144,28520,1376
43541,44810,1269,0,GE-Phrase,218,44383,47057,2674
43541,44810,1269,0,NTB,porque você é filho de nũ sei o que,43541,44810,1269
44810,45700,890,0,GE-Phrase,218,44383,47057,2674
44810,45700,890,0,NTB,seu erregê vem,44810,45700,890
45700,46309,609,0,GE-Phrase,218,44383,47057,2674
45700,46309,609,0,NTB,escrito isso,45700,46309,609
46309,47266,957,0,GE-Phrase,219,47057,48898,1841
46309,47266,957,0,NTB,cê tem certidão de nascimento,46309,47266,957
12996,13465,469,0,NTB,digamos assim,12996,13465,469
13465,14522,1057,0,NTB,pelo que a gente tem de,13465,14522,1057
14522,15590,1068,0,GE-Phrase,201,14551,15962,1411
14522,15590,1068,0,NTB,crítica até hoje,14522,15590,1068
15590,15763,173,0,GE-Phrase,201,14551,15962,1411
15590,15763,173,0,NTB,né,15590,15763,173
15763,17363,1600,0,NTB,que consegue entrever isso,15763,17363,1600
23045,24645,1600,0,GE-Phrase,204,23590,25583,1993
23045,24645,1600,0,NTB,como a gente sabe que na cultura hebraica,23045,24645,1600
24645,25227,582,0,GE-Phrase,204,23590,25583,1993
24645,25227,582,0,NTB,foi também,24645,25227,582
25227,26200,973,0,GE-Phrase,205,25583,27102,1519
25227,26200,973,0,NTB,a questão da procedência,25227,26200,973
26200,26302,102,0,GE-Phrase,205,25583,27102,1519
26200,26302,102,0,NTB,né,26200,26302,102
26302,27144,842,0,GE-Phrase,206,27102,28175,1073
26302,27144,842,0,NTB,judaico-cristã,26302,27144,842
27144,28520,1376,0,NTB,por muito tempo,27144,28520,1376
43541,44810,1269,0,GE-Phrase,218,44383,47057,2674
43541,44810,1269,0,NTB,porque você é filho de nũ sei o que,43541,44810,1269
44810,45700,890,0,GE-Phrase,218,44383,47057,2674
44810,45700,890,0,NTB,seu erregê vem,44810,45700,890
45700,46309,609,0,GE-Phrase,218,44383,47057,2674
45700,46309,609,0,NTB,escrito isso,45700,46309,609
46309,47266,957,0,GE-Phrase,219,47057,48898,1841
46309,47266,957,0,NTB,cê tem certidão de nascimento,46309,47266,957
12996,13465,469,0,NTB,digamos assim,12996,13465,469
13465,14522,1057,0,NTB,pelo que a gente tem de,13465,14522,1057
14522,15590,1068,0,GE-Phrase,201,14551,15962,1411
14522,15590,1068,0,NTB,crítica até hoje,14522,15590,1068
15590,15763,173,0,GE-Phrase,201,14551,15962,1411
15590,15763,173,0,NTB,né,15590,15763,173
15763,17363,1600,0,NTB,que consegue entrever isso,15763,17363,1600
23045,24645,1600,0,GE-Phrase,204,23590,25583,1993
23045,24645,1600,0,NTB,como a gente sabe que na cultura hebraica,23045,24645,1600
24645,25227,582,0,GE-Phrase,204,23590,25583,1993
24645,25227,582,0,NTB,foi também,24645,25227,582
25227,26200,973,0,GE-Phrase,205,25583,27102,1519
25227,26200,973,0,NTB,a questão da procedência,25227,26200,973
26200,26302,102,0,GE-Phrase,205,25583,27102,1519
26200,26302,102,0,NTB,né,26200,26302,102
26302,27144,842,0,GE-Phrase,206,27102,28175,1073
26302,27144,842,0,NTB,judaico-cristã,26302,27144,842
27144,28520,1376,0,NTB,por muito tempo,27144,28520,1376
43541,44810,1269,0,GE-Phrase,218,44383,47057,2674
43541,44810,1269,0,NTB,porque você é filho de nũ sei o que,43541,44810,1269
44810,45700,890,0,GE-Phrase,218,44383,47057,2674
44810,45700,890,0,NTB,seu erregê vem,44810,45700,890
45700,46309,609,0,GE-Phrase,218,44383,47057,2674
45700,46309,609,0,NTB,escrito isso,45700,46309,609
46309,47266,957,0,GE-Phrase,219,47057,48898,1841
46309,47266,957,0,NTB,cê tem certidão de nascimento,46309,47266,957
12996,13465,469,0,NTB,digamos assim,12996,13465,469
13465,14522,1057,0,NTB,pelo que a gente tem de,13465,14522,1057
14522,15590,1068,0,GE-Phrase,201,14551,15962,1411
14522,15590,1068,0,NTB,crítica até hoje,14522,15590,1068
15590,15763,173,0,GE-Phrase,201,14551,15962,1411
15590,15763,173,0,NTB,né,15590,15763,173
15763,17363,1600,0,NTB,que consegue entrever isso,15763,17363,1600
23045,24645,1600,0,GE-Phrase,204,23590,25583,1993
23045,24645,1600,0,NTB,como a gente sabe que na cultura hebraica,23045,24645,1600
24645,25227,582,0,GE-Phrase,204,23590,25583,1993
24645,25227,582,0,NTB,foi também,24645,25227,582
25227,26200,973,0,GE-Phrase,205,25583,27102,1519
25227,26200,973,0,NTB,a questão da procedência,25227,26200,973
26200,26302,102,0,GE-Phrase,205,25583,27102,1519
26200,26302,102,0,NTB,né,26200,26302,102
26302,27144,842,0,GE-Phrase,206,27102,28175,1073
26302,27144,842,0,NTB,judaico-cristã,26302,27144,842
27144,28520,1376,0,NTB,por muito tempo,27144,28520,1376
43541,44810,1269,0,GE-Phrase,218,44383,47057,2674
43541,44810,1269,0,NTB,porque você é filho de nũ sei o que,43541,44810,1269
44810,45700,890,0,GE-Phrase,218,44383,47057,2674
44810,45700,890,0,NTB,seu erregê vem,44810,45700,890
45700,46309,609,0,GE-Phrase,218,44383,47057,2674
45700,46309,609,0,NTB,escrito isso,45700,46309,609
46309,47266,957,0,GE-Phrase,219,47057,48898,1841
46309,47266,957,0,NTB,cê tem certidão de nascimento,46309,47266,957
12996,13465,469,0,NTB,digamos assim,12996,13465,469
13465,14522,1057,0,NTB,pelo que a gente tem de,13465,14522,1057
14522,15590,1068,0,GE-Phrase,201,14551,15962,1411
14522,15590,1068,0,NTB,crítica até hoje,14522,15590,1068
15590,15763,173,0,GE-Phrase,201,14551,15962,1411
15590,15763,173,0,NTB,né,15590,15763,173
15763,17363,1600,0,NTB,que consegue entrever isso,15763,17363,1600
23045,24645,1600,0,GE-Phrase,204,23590,25583,1993
23045,24645,1600,0,NTB,como a gente sabe que na cultura hebraica,23045,24645,1600
24645,25227,582,0,GE-Phrase,204,23590,25583,1993
24645,25227,582,0,NTB,foi também,24645,25227,582
25227,26200,973,0,GE-Phrase,205,25583,27102,1519
25227,26200,973,0,NTB,a questão da procedência,25227,26200,973
26200,26302,102,0,GE-Phrase,205,25583,27102,1519
26200,26302,102,0,NTB,né,26200,26302,102
26302,27144,842,0,GE-Phrase,206,27102,28175,1073
26302,27144,842,0,NTB,judaico-cristã,26302,27144,842
27144,28520,1376,0,NTB,por muito tempo,27144,28520,1376
43541,44810,1269,0,GE-Phrase,218,44383,47057,2674
43541,44810,1269,0,NTB,porque você é filho de nũ sei o que,43541,44810,1269
44810,45700,890,0,GE-Phrase,218,44383,47057,2674
44810,45700,890,0,NTB,seu erregê vem,44810,45700,890
45700,46309,609,0,GE-Phrase,218,44383,47057,2674
45700,46309,609,0,NTB,escrito isso,45700,46309,609
46309,47266,957,0,GE-Phrase,219,47057,48898,1841
46309,47266,957,0,NTB,cê tem certidão de nascimento,46309,47266,957
12996,13465,469,0,NTB,digamos assim,12996,13465,469
13465,14522,1057,0,NTB,pelo que a gente tem de,13465,14522,1057
14522,15590,1068,0,GE-Phrase,201,14551,15962,1411
14522,15590,1068,0,NTB,crítica até hoje,14522,15590,1068
15590,15763,173,0,GE-Phrase,201,14551,15962,1411
15590,15763,173,0,NTB,né,15590,15763,173
15763,17363,1600,0,NTB,que consegue entrever isso,15763,17363,1600
23045,24645,1600,0,GE-Phrase,204,23590,25583,1993
23045,24645,1600,0,NTB,como a gente sabe que na cultura hebraica,23045,24645,1600
24645,25227,582,0,GE-Phrase,204,23590,25583,1993
24645,25227,582,0,NTB,foi também,24645,25227,582
25227,26200,973,0,GE-Phrase,205,25583,27102,1519
25227,26200,973,0,NTB,a questão da procedência,25227,26200,973
26200,26302,102,0,GE-Phrase,205,25583,27102,1519
26200,26302,102,0,NTB,né,26200,26302,102
26302,27144,842,0,GE-Phrase,206,27102,28175,1073
26302,27144,842,0,NTB,judaico-cristã,26302,27144,842
27144,28520,1376,0,NTB,por muito tempo,27144,28520,1376
43541,44810,1269,0,GE-Phrase,218,44383,47057,2674
43541,44810,1269,0,NTB,porque você é filho de nũ sei o que,43541,44810,1269
44810,45700,890,0,GE-Phrase,218,44383,47057,2674
44810,45700,890,0,NTB,seu erregê vem,44810,45700,890
45700,46309,609,0,GE-Phrase,218,44383,47057,2674
45700,46309,609,0,NTB,escrito isso,45700,46309,609
46309,47266,957,0,GE-Phrase,219,47057,48898,1841
46309,47266,957,0,NTB,cê tem certidão de nascimento,46309,47266,957
12996,13465,469,0,NTB,digamos assim,12996,13465,469
13465,14522,1057,0,NTB,pelo que a gente tem de,13465,14522,1057
14522,15590,1068,0,GE-Phrase,201,14551,15962,1411
14522,15590,1068,0,NTB,crítica até hoje,14522,15590,1068
15590,15763,173,0,GE-Phrase,201,14551,15962,1411
15590,15763,173,0,NTB,né,15590,15763,173
15763,17363,1600,0,NTB,que consegue entrever isso,15763,17363,1600
23045,24645,1600,0,GE-Phrase,204,23590,25583,1993
23045,24645,1600,0,NTB,como a gente sabe que na cultura hebraica,23045,24645,1600
24645,25227,582,0,GE-Phrase,204,23590,25583,1993
24645,25227,582,0,NTB,foi também,24645,25227,582
25227,26200,973,0,GE-Phrase,205,25583,27102,1519
25227,26200,973,0,NTB,a questão da procedência,25227,26200,973
26200,26302,102,0,GE-Phrase,205,25583,27102,1519
26200,26302,102,0,NTB,né,26200,26302,102
26302,27144,842,0,GE-Phrase,206,27102,28175,1073
26302,27144,842,0,NTB,judaico-cristã,26302,27144,842
27144,28520,1376,0,NTB,por muito tempo,27144,28520,1376
43541,44810,1269,0,GE-Phrase,218,44383,47057,2674
43541,44810,1269,0,NTB,porque você é filho de nũ sei o que,43541,44810,1269
44810,45700,890,0,GE-Phrase,218,44383,47057,2674
44810,45700,890,0,NTB,seu erregê vem,44810,45700,890
45700,46309,609,0,GE-Phrase,218,44383,47057,2674
45700,46309,609,0,NTB,escrito isso,45700,46309,609
46309,47266,957,0,GE-Phrase,219,47057,48898,1841
46309,47266,957,0,NTB,cê tem certidão de nascimento,46309,47266,957
12996,13465,469,0,NTB,digamos assim,12996,13465,469
13465,14522,1057,0,NTB,pelo que a gente tem de,13465,14522,1057
14522,15590,1068,0,GE-Phrase,201,14551,15962,1411
14522,15590,1068,0,NTB,crítica até hoje,14522,15590,1068
15590,15763,173,0,GE-Phrase,201,14551,15962,1411
15590,15763,173,0,NTB,né,15590,15763,173
15763,17363,1600,0,NTB,que consegue entrever isso,15763,17363,1600
23045,24645,1600,0,GE-Phrase,204,23590,25583,1993
23045,24645,1600,0,NTB,como a gente sabe que na cultura hebraica,23045,24645,1600
24645,25227,582,0,GE-Phrase,204,23590,25583,1993
24645,25227,582,0,NTB,foi também,24645,25227,582
25227,26200,973,0,GE-Phrase,205,25583,27102,1519
25227,26200,973,0,NTB,a questão da procedência,25227,26200,973
26200,26302,102,0,GE-Phrase,205,25583,27102,1519
26200,26302,102,0,NTB,né,26200,26302,102
26302,27144,842,0,GE-Phrase,206,27102,28175,1073
26302,27144,842,0,NTB,judaico-cristã,26302,27144,842
27144,28520,1376,0,NTB,por muito tempo,27144,28520,1376
43541,44810,1269,0,GE-Phrase,218,44383,47057,2674
43541,44810,1269,0,NTB,porque você é filho de nũ sei o que,43541,44810,1269
44810,45700,890,0,GE-Phrase,218,44383,47057,2674
44810,45700,890,0,NTB,seu erregê vem,44810,45700,890
45700,46309,609,0,GE-Phrase,218,44383,47057,2674
45700,46309,609,0,NTB,escrito isso,45700,46309,609
46309,47266,957,0,GE-Phrase,219,47057,48898,1841
46309,47266,957,0,NTB,cê tem certidão de nascimento,46309,47266,957
12996,13465,469,0,NTB,digamos assim,12996,13465,469
13465,14522,1057,0,NTB,pelo que a gente tem de,13465,14522,1057
14522,15590,1068,0,GE-Phrase,201,14551,15962,1411
14522,15590,1068,0,NTB,crítica até hoje,14522,15590,1068
15590,15763,173,0,GE-Phrase,201,14551,15962,1411
15590,15763,173,0,NTB,né,15590,15763,173
15763,17363,1600,0,NTB,que consegue entrever isso,15763,17363,1600
23045,24645,1600,0,GE-Phrase,204,23590,25583,1993
23045,24645,1600,0,NTB,como a gente sabe que na cultura hebraica,23045,24645,1600
24645,25227,582,0,GE-Phrase,204,23590,25583,1993
24645,25227,582,0,NTB,foi também,24645,25227,582
25227,26200,973,0,GE-Phrase,205,25583,27102,1519
25227,26200,973,0,NTB,a questão da procedência,25227,26200,973
26200,26302,102,0,GE-Phrase,205,25583,27102,1519
26200,26302,102,0,NTB,né,26200,26302,102
26302,27144,842,0,GE-Phrase,206,27102,28175,1073
26302,27144,842,0,NTB,judaico-cristã,26302,27144,842
27144,28520,1376,0,NTB,por muito tempo,27144,28520,1376
43541,44810,1269,0,GE-Phrase,218,44383,47057,2674
43541,44810,1269,0,NTB,porque você é filho de nũ sei o que,43541,44810,1269
44810,45700,890,0,GE-Phrase,218,44383,47057,2674
44810,45700,890,0,NTB,seu erregê vem,44810,45700,890
45700,46309,609,0,GE-Phrase,218,44383,47057,2674
45700,46309,609,0,NTB,escrito isso,45700,46309,609
46309,47266,957,0,GE-Phrase,219,47057,48898,1841
46309,47266,957,0,NTB,cê tem certidão de nascimento,46309,47266,957
12996,13465,469,0,NTB,digamos assim,12996,13465,469
13465,14522,1057,0,NTB,pelo que a gente tem de,13465,14522,1057
14522,15590,1068,0,GE-Phrase,201,14551,15962,1411
14522,15590,1068,0,NTB,crítica até hoje,14522,15590,1068
15590,15763,173,0,GE-Phrase,201,14551,15962,1411
15590,15763,173,0,NTB,né,15590,15763,173
15763,17363,1600,0,NTB,que consegue entrever isso,15763,17363,1600
23045,24645,1600,0,GE-Phrase,204,23590,25583,1993
23045,24645,1600,0,NTB,como a gente sabe que na cultura hebraica,23045,24645,1600
24645,25227,582,0,GE-Phrase,204,23590,25583,1993
24645,25227,582,0,NTB,foi também,24645,25227,582
25227,26200,973,0,GE-Phrase,205,25583,27102,1519
25227,26200,973,0,NTB,a questão da procedência,25227,26200,973
26200,26302,102,0,GE-Phrase,205,25583,27102,1519
26200,26302,102,0,NTB,né,26200,26302,102
26302,27144,842,0,GE-Phrase,206,27102,28175,1073
26302,27144,842,0,NTB,judaico-cristã,26302,27144,842
27144,28520,1376,0,NTB,por muito tempo,27144,28520,1376
43541,44810,1269,0,GE-Phrase,218,44383,47057,2674
43541,44810,1269,0,NTB,porque você é filho de nũ sei o que,43541,44810,1269
44810,45700,890,0,GE-Phrase,218,44383,47057,2674
44810,45700,890,0,NTB,seu erregê vem,44810,45700,890
45700,46309,609,0,GE-Phrase,218,44383,47057,2674
45700,46309,609,0,NTB,escrito isso,45700,46309,609
46309,47266,957,0,GE-Phrase,219,47057,48898,1841
46309,47266,957,0,NTB,cê tem certidão de nascimento,46309,47266,957
12996,13465,469,0,NTB,digamos assim,12996,13465,469
13465,14522,1057,0,NTB,pelo que a gente tem de,13465,14522,1057
14522,15590,1068,0,GE-Phrase,201,14551,15962,1411
14522,15590,1068,0,NTB,crítica até hoje,14522,15590,1068
15590,15763,173,0,GE-Phrase,201,14551,15962,1411
15590,15763,173,0,NTB,né,15590,15763,173
15763,17363,1600,0,NTB,que consegue entrever isso,15763,17363,1600
23045,24645,1600,0,GE-Phrase,204,23590,25583,1993
23045,24645,1600,0,NTB,como a gente sabe que na cultura hebraica,23045,24645,1600
24645,25227,582,0,GE-Phrase,204,23590,25583,1993
24645,25227,582,0,NTB,foi também,24645,25227,582
25227,26200,973,0,GE-Phrase,205,25583,27102,1519
25227,26200,973,0,NTB,a questão da procedência,25227,26200,973
26200,26302,102,0,GE-Phrase,205,25583,27102,1519
26200,26302,102,0,NTB,né,26200,26302,102
26302,27144,842,0,GE-Phrase,206,27102,28175,1073
26302,27144,842,0,NTB,judaico-cristã,26302,27144,842
27144,28520,1376,0,NTB,por muito tempo,27144,28520,1376
43541,44810,1269,0,GE-Phrase,218,44383,47057,2674
43541,44810,1269,0,NTB,porque você é filho de nũ sei o que,43541,44810,1269
44810,45700,890,0,GE-Phrase,218,44383,47057,2674
44810,45700,890,0,NTB,seu erregê vem,44810,45700,890
45700,46309,609,0,GE-Phrase,218,44383,47057,2674
45700,46309,609,0,NTB,escrito isso,45700,46309,609
46309,47266,957,0,GE-Phrase,219,47057,48898,1841
46309,47266,957,0,NTB,cê tem certidão de nascimento,46309,47266,957
12996,13465,469,0,NTB,digamos assim,12996,13465,469
13465,14522,1057,0,NTB,pelo que a gente tem de,13465,14522,1057
14522,15590,1068,0,GE-Phrase,201,14551,15962,1411
14522,15590,1068,0,NTB,crítica até hoje,14522,15590,1068
15590,15763,173,0,GE-Phrase,201,14551,15962,1411
15590,15763,173,0,NTB,né,15590,15763,173
15763,17363,1600,0,NTB,que consegue entrever isso,15763,17363,1600
23045,24645,1600,0,GE-Phrase,204,23590,25583,1993
23045,24645,1600,0,NTB,como a gente sabe que na cultura hebraica,23045,24645,1600
24645,25227,582,0,GE-Phrase,204,23590,25583,1993
24645,25227,582,0,NTB,foi também,24645,25227,582
25227,26200,973,0,GE-Phrase,205,25583,27102,1519
25227,26200,973,0,NTB,a questão da procedência,25227,26200,973
26200,26302,102,0,GE-Phrase,205,25583,27102,1519
26200,26302,102,0,NTB,né,26200,26302,102
26302,27144,842,0,GE-Phrase,206,27102,28175,1073
26302,27144,842,0,NTB,judaico-cristã,26302,27144,842
27144,28520,1376,0,NTB,por muito tempo,27144,28520,1376
43541,44810,1269,0,GE-Phrase,218,44383,47057,2674
43541,44810,1269,0,NTB,porque você é filho de nũ sei o que,43541,44810,1269
44810,45700,890,0,GE-Phrase,218,44383,47057,2674
44810,45700,890,0,NTB,seu erregê vem,44810,45700,890
45700,46309,609,0,GE-Phrase,218,44383,47057,2674
45700,46309,609,0,NTB,escrito isso,45700,46309,609
46309,47266,957,0,GE-Phrase,219,47057,48898,1841
46309,47266,957,0,NTB,cê tem certidão de nascimento,46309,47266,957
12996,13465,469,0,NTB,digamos assim,12996,13465,469
13465,14522,1057,0,NTB,pelo que a gente tem de,13465,14522,1057
14522,15590,1068,0,GE-Phrase,201,14551,15962,1411
14522,15590,1068,0,NTB,crítica até hoje,14522,15590,1068
15590,15763,173,0,GE-Phrase,201,14551,15962,1411
15590,15763,173,0,NTB,né,15590,15763,173
15763,17363,1600,0,NTB,que consegue entrever isso,15763,17363,1600
23045,24645,1600,0,GE-Phrase,204,23590,25583,1993
23045,24645,1600,0,NTB,como a gente sabe que na cultura hebraica,23045,24645,1600
24645,25227,582,0,GE-Phrase,204,23590,25583,1993
24645,25227,582,0,NTB,foi também,24645,25227,582
25227,26200,973,0,GE-Phrase,205,25583,27102,1519
25227,26200,973,0,NTB,a questão da procedência,25227,26200,973
26200,26302,102,0,GE-Phrase,205,25583,27102,1519
26200,26302,102,0,NTB,né,26200,26302,102
26302,27144,842,0,GE-Phrase,206,27102,28175,1073
26302,27144,842,0,NTB,judaico-cristã,26302,27144,842
27144,28520,1376,0,NTB,por muito tempo,27144,28520,1376
43541,44810,1269,0,GE-Phrase,218,44383,47057,2674
43541,44810,1269,0,NTB,porque você é filho de nũ sei o que,43541,44810,1269
44810,45700,890,0,GE-Phrase,218,44383,47057,2674
44810,45700,890,0,NTB,seu erregê vem,44810,45700,890
45700,46309,609,0,GE-Phrase,218,44383,47057,2674
45700,46309,609,0,NTB,escrito isso,45700,46309,609
46309,47266,957,0,GE-Phrase,219,47057,48898,1841
46309,47266,957,0,NTB,cê tem certidão de nascimento,46309,47266,957
12996,13465,469,0,NTB,digamos assim,12996,13465,469
13465,14522,1057,0,NTB,pelo que a gente tem de,13465,14522,1057
14522,15590,1068,0,GE-Phrase,201,14551,15962,1411
14522,15590,1068,0,NTB,crítica até hoje,14522,15590,1068
15590,15763,173,0,GE-Phrase,201,14551,15962,1411
15590,15763,173,0,NTB,né,15590,15763,173
15763,17363,1600,0,NTB,que consegue entrever isso,15763,17363,1600
23045,24645,1600,0,GE-Phrase,204,23590,25583,1993
23045,24645,1600,0,NTB,como a gente sabe que na cultura hebraica,23045,24645,1600
24645,25227,582,0,GE-Phrase,204,23590,25583,1993
24645,25227,582,0,NTB,foi também,24645,25227,582
25227,26200,973,0,GE-Phrase,205,25583,27102,1519
25227,26200,973,0,NTB,a questão da procedência,25227,26200,973
26200,26302,102,0,GE-Phrase,205,25583,27102,1519
26200,26302,102,0,NTB,né,26200,26302,102
26302,27144,842,0,GE-Phrase,206,27102,28175,1073
26302,27144,842,0,NTB,judaico-cristã,26302,27144,842
27144,28520,1376,0,NTB,por muito tempo,27144,28520,1376
43541,44810,1269,0,GE-Phrase,218,44383,47057,2674
43541,44810,1269,0,NTB,porque você é filho de nũ sei o que,43541,44810,1269
44810,45700,890,0,GE-Phrase,218,44383,47057,2674
44810,45700,890,0,NTB,seu erregê vem,44810,45700,890
45700,46309,609,0,GE-Phrase,218,44383,47057,2674
45700,46309,609,0,NTB,escrito isso,45700,46309,609
46309,47266,957,0,GE-Phrase,219,47057,48898,1841
46309,47266,957,0,NTB,cê tem certidão de nascimento,46309,47266,957
12996,13465,469,0,NTB,digamos assim,12996,13465,469
13465,14522,1057,0,NTB,pelo que a gente tem de,13465,14522,1057
14522,15590,1068,0,GE-Phrase,201,14551,15962,1411
14522,15590,1068,0,NTB,crítica até hoje,14522,15590,1068
15590,15763,173,0,GE-Phrase,201,14551,15962,1411
15590,15763,173,0,NTB,né,15590,15763,173
15763,17363,1600,0,NTB,que consegue entrever isso,15763,17363,1600
23045,24645,1600,0,GE-Phrase,204,23590,25583,1993
23045,24645,1600,0,NTB,como a gente sabe que na cultura hebraica,23045,24645,1600
24645,25227,582,0,GE-Phrase,204,23590,25583,1993
24645,25227,582,0,NTB,foi também,24645,25227,582
25227,26200,973,0,GE-Phrase,205,25583,27102,1519
25227,26200,973,0,NTB,a questão da procedência,25227,26200,973
26200,26302,102,0,GE-Phrase,205,25583,27102,1519
26200,26302,102,0,NTB,né,26200,26302,102
26302,27144,842,0,GE-Phrase,206,27102,28175,1073
26302,27144,842,0,NTB,judaico-cristã,26302,27144,842
27144,28520,1376,0,NTB,por muito tempo,27144,28520,1376
43541,44810,1269,0,GE-Phrase,218,44383,47057,2674
43541,44810,1269,0,NTB,porque você é filho de nũ sei o que,43541,44810,1269
44810,45700,890,0,GE-Phrase,218,44383,47057,2674
44810,45700,890,0,NTB,seu erregê vem,44810,45700,890
45700,46309,609,0,GE-Phrase,218,44383,47057,2674
45700,46309,609,0,NTB,escrito isso,45700,46309,609
46309,47266,957,0,GE-Phrase,219,47057,48898,1841
46309,47266,957,0,NTB,cê tem certidão de nascimento,46309,47266,957
12996,13465,469,0,NTB,digamos assim,12996,13465,469
13465,14522,1057,0,NTB,pelo que a gente tem de,13465,14522,1057
14522,15590,1068,0,GE-Phrase,201,14551,15962,1411
14522,15590,1068,0,NTB,crítica até hoje,14522,15590,1068
15590,15763,173,0,GE-Phrase,201,14551,15962,1411
15590,15763,173,0,NTB,né,15590,15763,173
15763,17363,1600,0,NTB,que consegue entrever isso,15763,17363,1600
23045,24645,1600,0,GE-Phrase,204,23590,25583,1993
23045,24645,1600,0,NTB,como a gente sabe que na cultura hebraica,23045,24645,1600
24645,25227,582,0,GE-Phrase,204,23590,25583,1993
24645,25227,582,0,NTB,foi também,24645,25227,582
25227,26200,973,0,GE-Phrase,205,25583,27102,1519
25227,26200,973,0,NTB,a questão da procedência,25227,26200,973
26200,26302,102,0,GE-Phrase,205,25583,27102,1519
26200,26302,102,0,NTB,né,26200,26302,102
26302,27144,842,0,GE-Phrase,206,27102,28175,1073
26302,27144,842,0,NTB,judaico-cristã,26302,27144,842
27144,28520,1376,0,NTB,por muito tempo,27144,28520,1376
43541,44810,1269,0,GE-Phrase,218,44383,47057,2674
43541,44810,1269,0,NTB,porque você é filho de nũ sei o que,43541,44810,1269
44810,45700,890,0,GE-Phrase,218,44383,47057,2674
44810,45700,890,0,NTB,seu erregê vem,44810,45700,890
45700,46309,609,0,GE-Phrase,218,44383,47057,2674
45700,46309,609,0,NTB,escrito isso,45700,46309,609
46309,47266,957,0,GE-Phrase,219,47057,48898,1841
46309,47266,957,0,NTB,cê tem certidão de nascimento,46309,47266,957
12996,13465,469,0,NTB,digamos assim,12996,13465,469
13465,14522,1057,0,NTB,pelo que a gente tem de,13465,14522,1057
14522,15590,1068,0,GE-Phrase,201,14551,15962,1411
14522,15590,1068,0,NTB,crítica até hoje,14522,15590,1068
15590,15763,173,0,GE-Phrase,201,14551,15962,1411
15590,15763,173,0,NTB,né,15590,15763,173
15763,17363,1600,0,NTB,que consegue entrever isso,15763,17363,1600
23045,24645,1600,0,GE-Phrase,204,23590,25583,1993
23045,24645,1600,0,NTB,como a gente sabe que na cultura hebraica,23045,24645,1600
24645,25227,582,0,GE-Phrase,204,23590,25583,1993
24645,25227,582,0,NTB,foi também,24645,25227,582
25227,26200,973,0,GE-Phrase,205,25583,27102,1519
25227,26200,973,0,NTB,a questão da procedência,25227,26200,973
26200,26302,102,0,GE-Phrase,205,25583,27102,1519
26200,26302,102,0,NTB,né,26200,26302,102
26302,27144,842,0,GE-Phrase,206,27102,28175,1073
26302,27144,842,0,NTB,judaico-cristã,26302,27144,842
27144,28520,1376,0,NTB,por muito tempo,27144,28520,1376
43541,44810,1269,0,GE-Phrase,218,44383,47057,2674
43541,44810,1269,0,NTB,porque você é filho de nũ sei o que,43541,44810,1269
44810,45700,890,0,GE-Phrase,218,44383,47057,2674
44810,45700,890,0,NTB,seu erregê vem,44810,45700,890
45700,46309,609,0,GE-Phrase,218,44383,47057,2674
45700,46309,609,0,NTB,escrito isso,45700,46309,609
46309,47266,957,0,GE-Phrase,219,47057,48898,1841
46309,47266,957,0,NTB,cê tem certidão de nascimento,46309,47266,957
12996,13465,469,0,NTB,digamos assim,12996,13465,469
13465,14522,1057,0,NTB,pelo que a gente tem de,13465,14522,1057
14522,15590,1068,0,GE-Phrase,201,14551,15962,1411
14522,15590,1068,0,NTB,crítica até hoje,14522,15590,1068
15590,15763,173,0,GE-Phrase,201,14551,15962,1411
15590,15763,173,0,NTB,né,15590,15763,173
15763,17363,1600,0,NTB,que consegue entrever isso,15763,17363,1600
23045,24645,1600,0,GE-Phrase,204,23590,25583,1993
23045,24645,1600,0,NTB,como a gente sabe que na cultura hebraica,23045,24645,1600
24645,25227,582,0,GE-Phrase,204,23590,25583,1993
24645,25227,582,0,NTB,foi também,24645,25227,582
25227,26200,973,0,GE-Phrase,205,25583,27102,1519
25227,26200,973,0,NTB,a questão da procedência,25227,26200,973
26200,26302,102,0,GE-Phrase,205,25583,27102,1519
26200,26302,102,0,NTB,né,26200,26302,102
26302,27144,842,0,GE-Phrase,206,27102,28175,1073
26302,27144,842,0,NTB,judaico-cristã,26302,27144,842
27144,28520,1376,0,NTB,por muito tempo,27144,28520,1376
43541,44810,1269,0,GE-Phrase,218,44383,47057,2674
43541,44810,1269,0,NTB,porque você é filho de nũ sei o que,43541,44810,1269
44810,45700,890,0,GE-Phrase,218,44383,47057,2674
44810,45700,890,0,NTB,seu erregê vem,44810,45700,890
45700,46309,609,0,GE-Phrase,218,44383,47057,2674
45700,46309,609,0,NTB,escrito isso,45700,46309,609
46309,47266,957,0,GE-Phrase,219,47057,48898,1841
46309,47266,957,0,NTB,cê tem certidão de nascimento,46309,47266,957
12996,13465,469,0,NTB,digamos assim,12996,13465,469
13465,14522,1057,0,NTB,pelo que a gente tem de,13465,14522,1057
14522,15590,1068,0,GE-Phrase,201,14551,15962,1411
14522,15590,1068,0,NTB,crítica até hoje,14522,15590,1068
15590,15763,173,0,GE-Phrase,201,14551,15962,1411
15590,15763,173,0,NTB,né,15590,15763,173
15763,17363,1600,0,NTB,que consegue entrever isso,15763,17363,1600
23045,24645,1600,0,GE-Phrase,204,23590,25583,1993
23045,24645,1600,0,NTB,como a gente sabe que na cultura hebraica,23045,24645,1600
24645,25227,582,0,GE-Phrase,204,23590,25583,1993
24645,25227,582,0,NTB,foi também,24645,25227,582
25227,26200,973,0,GE-Phrase,205,25583,27102,1519
25227,26200,973,0,NTB,a questão da procedência,25227,26200,973
26200,26302,102,0,GE-Phrase,205,25583,27102,1519
26200,26302,102,0,NTB,né,26200,26302,102
26302,27144,842,0,GE-Phrase,206,27102,28175,1073
26302,27144,842,0,NTB,judaico-cristã,26302,27144,842
27144,28520,1376,0,NTB,por muito tempo,27144,28520,1376
43541,44810,1269,0,GE-Phrase,218,44383,47057,2674
43541,44810,1269,0,NTB,porque você é filho de nũ sei o que,43541,44810,1269
44810,45700,890,0,GE-Phrase,218,44383,47057,2674
44810,45700,890,0,NTB,seu erregê vem,44810,45700,890
45700,46309,609,0,GE-Phrase,218,44383,47057,2674
45700,46309,609,0,NTB,escrito isso,45700,46309,609
46309,47266,957,0,GE-Phrase,219,47057,48898,1841
46309,47266,957,0,NTB,cê tem certidão de nascimento,46309,47266,957
12996,13465,469,0,NTB,digamos assim,12996,13465,469
13465,14522,1057,0,NTB,pelo que a gente tem de,13465,14522,1057
14522,15590,1068,0,GE-Phrase,201,14551,15962,1411
14522,15590,1068,0,NTB,crítica até hoje,14522,15590,1068
15590,15763,173,0,GE-Phrase,201,14551,15962,1411
15590,15763,173,0,NTB,né,15590,15763,173
15763,17363,1600,0,NTB,que consegue entrever isso,15763,17363,1600
23045,24645,1600,0,GE-Phrase,204,23590,25583,1993
23045,24645,1600,0,NTB,como a gente sabe que na cultura hebraica,23045,24645,1600
24645,25227,582,0,GE-Phrase,204,23590,25583,1993
24645,25227,582,0,NTB,foi também,24645,25227,582
25227,26200,973,0,GE-Phrase,205,25583,27102,1519
25227,26200,973,0,NTB,a questão da procedência,25227,26200,973
26200,26302,102,0,GE-Phrase,205,25583,27102,1519
26200,26302,102,0,NTB,né,26200,26302,102
26302,27144,842,0,GE-Phrase,206,27102,28175,1073
26302,27144,842,0,NTB,judaico-cristã,26302,27144,842
27144,28520,1376,0,NTB,por muito tempo,27144,28520,1376
43541,44810,1269,0,GE-Phrase,218,44383,47057,2674
43541,44810,1269,0,NTB,porque você é filho de nũ sei o que,43541,44810,1269
44810,45700,890,0,GE-Phrase,218,44383,47057,2674
44810,45700,890,0,NTB,seu erregê vem,44810,45700,890
45700,46309,609,0,GE-Phrase,218,44383,47057,2674
45700,46309,609,0,NTB,escrito isso,45700,46309,609
46309,47266,957,0,GE-Phrase,219,47057,48898,1841
46309,47266,957,0,NTB,cê tem certidão de nascimento,46309,47266,957
12996,13465,469,0,NTB,digamos assim,12996,13465,469
13465,14522,1057,0,NTB,pelo que a gente tem de,13465,14522,1057
14522,15590,1068,0,GE-Phrase,201,14551,15962,1411
14522,15590,1068,0,NTB,crítica até hoje,14522,15590,1068
15590,15763,173,0,GE-Phrase,201,14551,15962,1411
15590,15763,173,0,NTB,né,15590,15763,173
15763,17363,1600,0,NTB,que consegue entrever isso,15763,17363,1600
23045,24645,1600,0,GE-Phrase,204,23590,25583,1993
23045,24645,1600,0,NTB,como a gente sabe que na cultura hebraica,23045,24645,1600
24645,25227,582,0,GE-Phrase,204,23590,25583,1993
24645,25227,582,0,NTB,foi também,24645,25227,582
25227,26200,973,0,GE-Phrase,205,25583,27102,1519
25227,26200,973,0,NTB,a questão da procedência,25227,26200,973
26200,26302,102,0,GE-Phrase,205,25583,27102,1519
26200,26302,102,0,NTB,né,26200,26302,102
26302,27144,842,0,GE-Phrase,206,27102,28175,1073
26302,27144,842,0,NTB,judaico-cristã,26302,27144,842
27144,28520,1376,0,NTB,por muito tempo,27144,28520,1376
43541,44810,1269,0,GE-Phrase,218,44383,47057,2674
43541,44810,1269,0,NTB,porque você é filho de nũ sei o que,43541,44810,1269
44810,45700,890,0,GE-Phrase,218,44383,47057,2674
44810,45700,890,0,NTB,seu erregê vem,44810,45700,890
45700,46309,609,0,GE-Phrase,218,44383,47057,2674
45700,46309,609,0,NTB,escrito isso,45700,46309,609
46309,47266,957,0,GE-Phrase,219,47057,48898,1841
46309,47266,957,0,NTB,cê tem certidão de nascimento,46309,47266,957
12996,13465,469,0,NTB,digamos assim,12996,13465,469
13465,14522,1057,0,NTB,pelo que a gente tem de,13465,14522,1057
14522,15590,1068,0,GE-Phrase,201,14551,15962,1411
14522,15590,1068,0,NTB,crítica até hoje,14522,15590,1068
15590,15763,173,0,GE-Phrase,201,14551,15962,1411
15590,15763,173,0,NTB,né,15590,15763,173
15763,17363,1600,0,NTB,que consegue entrever isso,15763,17363,1600
23045,24645,1600,0,GE-Phrase,204,23590,25583,1993
23045,24645,1600,0,NTB,como a gente sabe que na cultura hebraica,23045,24645,1600
24645,25227,582,0,GE-Phrase,204,23590,25583,1993
24645,25227,582,0,NTB,foi também,24645,25227,582
25227,26200,973,0,GE-Phrase,205,25583,27102,1519
25227,26200,973,0,NTB,a questão da procedência,25227,26200,973
26200,26302,102,0,GE-Phrase,205,25583,27102,1519
26200,26302,102,0,NTB,né,26200,26302,102
26302,27144,842,0,GE-Phrase,206,27102,28175,1073
26302,27144,842,0,NTB,judaico-cristã,26302,27144,842
27144,28520,1376,0,NTB,por muito tempo,27144,28520,1376
43541,44810,1269,0,GE-Phrase,218,44383,47057,2674
43541,44810,1269,0,NTB,porque você é filho de nũ sei o que,43541,44810,1269
44810,45700,890,0,GE-Phrase,218,44383,47057,2674
44810,45700,890,0,NTB,seu erregê vem,44810,45700,890
45700,46309,609,0,GE-Phrase,218,44383,47057,2674
45700,46309,609,0,NTB,escrito isso,45700,46309,609
46309,47266,957,0,GE-Phrase,219,47057,48898,1841
46309,47266,957,0,NTB,cê tem certidão de nascimento,46309,47266,957
12996,13465,469,0,NTB,digamos assim,12996,13465,469
13465,14522,1057,0,NTB,pelo que a gente tem de,13465,14522,1057
14522,15590,1068,0,GE-Phrase,201,14551,15962,1411
14522,15590,1068,0,NTB,crítica até hoje,14522,15590,1068
15590,15763,173,0,GE-Phrase,201,14551,15962,1411
15590,15763,173,0,NTB,né,15590,15763,173
15763,17363,1600,0,NTB,que consegue entrever isso,15763,17363,1600
23045,24645,1600,0,GE-Phrase,204,23590,25583,1993
23045,24645,1600,0,NTB,como a gente sabe que na cultura hebraica,23045,24645,1600
24645,25227,582,0,GE-Phrase,204,23590,25583,1993
24645,25227,582,0,NTB,foi também,24645,25227,582
25227,26200,973,0,GE-Phrase,205,25583,27102,1519
25227,26200,973,0,NTB,a questão da procedência,25227,26200,973
26200,26302,102,0,GE-Phrase,205,25583,27102,1519
26200,26302,102,0,NTB,né,26200,26302,102
26302,27144,842,0,GE-Phrase,206,27102,28175,1073
26302,27144,842,0,NTB,judaico-cristã,26302,27144,842
27144,28520,1376,0,NTB,por muito tempo,27144,28520,1376
43541,44810,1269,0,GE-Phrase,218,44383,47057,2674
43541,44810,1269,0,NTB,porque você é filho de nũ sei o que,43541,44810,1269
44810,45700,890,0,GE-Phrase,218,44383,47057,2674
44810,45700,890,0,NTB,seu erregê vem,44810,45700,890
45700,46309,609,0,GE-Phrase,218,44383,47057,2674
45700,46309,609,0,NTB,escrito isso,45700,46309,609
46309,47266,957,0,GE-Phrase,219,47057,48898,1841
46309,47266,957,0,NTB,cê tem certidão de nascimento,46309,47266,957
12996,13465,469,0,NTB,digamos assim,12996,13465,469
13465,14522,1057,0,NTB,pelo que a gente tem de,13465,14522,1057
14522,15590,1068,0,GE-Phrase,201,14551,15962,1411
14522,15590,1068,0,NTB,crítica até hoje,14522,15590,1068
15590,15763,173,0,GE-Phrase,201,14551,15962,1411
15590,15763,173,0,NTB,né,15590,15763,173
15763,17363,1600,0,NTB,que consegue entrever isso,15763,17363,1600
23045,24645,1600,0,GE-Phrase,204,23590,25583,1993
23045,24645,1600,0,NTB,como a gente sabe que na cultura hebraica,23045,24645,1600
24645,25227,582,0,GE-Phrase,204,23590,25583,1993
24645,25227,582,0,NTB,foi também,24645,25227,582
25227,26200,973,0,GE-Phrase,205,25583,27102,1519
25227,26200,973,0,NTB,a questão da procedência,25227,26200,973
26200,26302,102,0,GE-Phrase,205,25583,27102,1519
26200,26302,102,0,NTB,né,26200,26302,102
26302,27144,842,0,GE-Phrase,206,27102,28175,1073
26302,27144,842,0,NTB,judaico-cristã,26302,27144,842
27144,28520,1376,0,NTB,por muito tempo,27144,28520,1376
43541,44810,1269,0,GE-Phrase,218,44383,47057,2674
43541,44810,1269,0,NTB,porque você é filho de nũ sei o que,43541,44810,1269
44810,45700,890,0,GE-Phrase,218,44383,47057,2674
44810,45700,890,0,NTB,seu erregê vem,44810,45700,890
45700,46309,609,0,GE-Phrase,218,44383,47057,2674
45700,46309,609,0,NTB,escrito isso,45700,46309,609
46309,47266,957,0,GE-Phrase,219,47057,48898,1841
46309,47266,957,0,NTB,cê tem certidão de nascimento,46309,47266,957
12996,13465,469,0,NTB,digamos assim,12996,13465,469
13465,14522,1057,0,NTB,pelo que a gente tem de,13465,14522,1057
14522,15590,1068,0,GE-Phrase,201,14551,15962,1411
14522,15590,1068,0,NTB,crítica até hoje,14522,15590,1068
15590,15763,173,0,GE-Phrase,201,14551,15962,1411
15590,15763,173,0,NTB,né,15590,15763,173
15763,17363,1600,0,NTB,que consegue entrever isso,15763,17363,1600
23045,24645,1600,0,GE-Phrase,204,23590,25583,1993
23045,24645,1600,0,NTB,como a gente sabe que na cultura hebraica,23045,24645,1600
24645,25227,582,0,GE-Phrase,204,23590,25583,1993
24645,25227,582,0,NTB,foi também,24645,25227,582
25227,26200,973,0,GE-Phrase,205,25583,27102,1519
25227,26200,973,0,NTB,a questão da procedência,25227,26200,973
26200,26302,102,0,GE-Phrase,205,25583,27102,1519
26200,26302,102,0,NTB,né,26200,26302,102
26302,27144,842,0,GE-Phrase,206,27102,28175,1073
26302,27144,842,0,NTB,judaico-cristã,26302,27144,842
27144,28520,1376,0,NTB,por muito tempo,27144,28520,1376
43541,44810,1269,0,GE-Phrase,218,44383,47057,2674
43541,44810,1269,0,NTB,porque você é filho de nũ sei o que,43541,44810,1269
44810,45700,890,0,GE-Phrase,218,44383,47057,2674
44810,45700,890,0,NTB,seu erregê vem,44810,45700,890
45700,46309,609,0,GE-Phrase,218,44383,47057,2674
45700,46309,609,0,NTB,escrito isso,45700,46309,609
46309,47266,957,0,GE-Phrase,219,47057,48898,1841
46309,47266,957,0,NTB,cê tem certidão de nascimento,46309,47266,957
12996,13465,469,0,NTB,digamos assim,12996,13465,469
13465,14522,1057,0,NTB,pelo que a gente tem de,13465,14522,1057
14522,15590,1068,0,GE-Phrase,201,14551,15962,1411
14522,15590,1068,0,NTB,crítica até hoje,14522,15590,1068
15590,15763,173,0,GE-Phrase,201,14551,15962,1411
15590,15763,173,0,NTB,né,15590,15763,173
15763,17363,1600,0,NTB,que consegue entrever isso,15763,17363,1600
23045,24645,1600,0,GE-Phrase,204,23590,25583,1993
23045,24645,1600,0,NTB,como a gente sabe que na cultura hebraica,23045,24645,1600
24645,25227,582,0,GE-Phrase,204,23590,25583,1993
24645,25227,582,0,NTB,foi também,24645,25227,582
25227,26200,973,0,GE-Phrase,205,25583,27102,1519
25227,26200,973,0,NTB,a questão da procedência,25227,26200,973
26200,26302,102,0,GE-Phrase,205,25583,27102,1519
26200,26302,102,0,NTB,né,26200,26302,102
26302,27144,842,0,GE-Phrase,206,27102,28175,1073
26302,27144,842,0,NTB,judaico-cristã,26302,27144,842
27144,28520,1376,0,NTB,por muito tempo,27144,28520,1376
43541,44810,1269,0,GE-Phrase,218,44383,47057,2674
43541,44810,1269,0,NTB,porque você é filho de nũ sei o que,43541,44810,1269
44810,45700,890,0,GE-Phrase,218,44383,47057,2674
44810,45700,890,0,NTB,seu erregê vem,44810,45700,890
45700,46309,609,0,GE-Phrase,218,44383,47057,2674
45700,46309,609,0,NTB,escrito isso,45700,46309,609
46309,47266,957,0,GE-Phrase,219,47057,48898,1841
46309,47266,957,0,NTB,cê tem certidão de nascimento,46309,47266,957
12996,13465,469,0,NTB,digamos assim,12996,13465,469
13465,14522,1057,0,NTB,pelo que a gente tem de,13465,14522,1057
14522,15590,1068,0,GE-Phrase,201,14551,15962,1411
14522,15590,1068,0,NTB,crítica até hoje,14522,15590,1068
15590,15763,173,0,GE-Phrase,201,14551,15962,1411
15590,15763,173,0,NTB,né,15590,15763,173
15763,17363,1600,0,NTB,que consegue entrever isso,15763,17363,1600
23045,24645,1600,0,GE-Phrase,204,23590,25583,1993
23045,24645,1600,0,NTB,como a gente sabe que na cultura hebraica,23045,24645,1600
24645,25227,582,0,GE-Phrase,204,23590,25583,1993
24645,25227,582,0,NTB,foi também,24645,25227,582
25227,26200,973,0,GE-Phrase,205,25583,27102,1519
25227,26200,973,0,NTB,a questão da procedência,25227,26200,973
26200,26302,102,0,GE-Phrase,205,25583,27102,1519
26200,26302,102,0,NTB,né,26200,26302,102
26302,27144,842,0,GE-Phrase,206,27102,28175,1073
26302,27144,842,0,NTB,judaico-cristã,26302,27144,842
27144,28520,1376,0,NTB,por muito tempo,27144,28520,1376
43541,44810,1269,0,GE-Phrase,218,44383,47057,2674
43541,44810,1269,0,NTB,porque você é filho de nũ sei o que,43541,44810,1269
44810,45700,890,0,GE-Phrase,218,44383,47057,2674
44810,45700,890,0,NTB,seu erregê vem,44810,45700,890
45700,46309,609,0,GE-Phrase,218,44383,47057,2674
45700,46309,609,0,NTB,escrito isso,45700,46309,609
46309,47266,957,0,GE-Phrase,219,47057,48898,1841
46309,47266,957,0,NTB,cê tem certidão de nascimento,46309,47266,957
12996,13465,469,0,NTB,digamos assim,12996,13465,469
13465,14522,1057,0,NTB,pelo que a gente tem de,13465,14522,1057
14522,15590,1068,0,GE-Phrase,201,14551,15962,1411
14522,15590,1068,0,NTB,crítica até hoje,14522,15590,1068
15590,15763,173,0,GE-Phrase,201,14551,15962,1411
15590,15763,173,0,NTB,né,15590,15763,173
15763,17363,1600,0,NTB,que consegue entrever isso,15763,17363,1600
23045,24645,1600,0,GE-Phrase,204,23590,25583,1993
23045,24645,1600,0,NTB,como a gente sabe que na cultura hebraica,23045,24645,1600
24645,25227,582,0,GE-Phrase,204,23590,25583,1993
24645,25227,582,0,NTB,foi também,24645,25227,582
25227,26200,973,0,GE-Phrase,205,25583,27102,1519
25227,26200,973,0,NTB,a questão da procedência,25227,26200,973
26200,26302,102,0,GE-Phrase,205,25583,27102,1519
26200,26302,102,0,NTB,né,26200,26302,102
26302,27144,842,0,GE-Phrase,206,27102,28175,1073
26302,27144,842,0,NTB,judaico-cristã,26302,27144,842
27144,28520,1376,0,NTB,por muito tempo,27144,28520,1376
43541,44810,1269,0,GE-Phrase,218,44383,47057,2674
43541,44810,1269,0,NTB,porque você é filho de nũ sei o que,43541,44810,1269
44810,45700,890,0,GE-Phrase,218,44383,47057,2674
44810,45700,890,0,NTB,seu erregê vem,44810,45700,890
45700,46309,609,0,GE-Phrase,218,44383,47057,2674
45700,46309,609,0,NTB,escrito isso,45700,46309,609
46309,47266,957,0,GE-Phrase,219,47057,48898,1841
46309,47266,957,0,NTB,cê tem certidão de nascimento,46309,47266,957
12996,13465,469,0,NTB,digamos assim,12996,13465,469
13465,14522,1057,0,NTB,pelo que a gente tem de,13465,14522,1057
14522,15590,1068,0,GE-Phrase,201,14551,15962,1411
14522,15590,1068,0,NTB,crítica até hoje,14522,15590,1068
15590,15763,173,0,GE-Phrase,201,14551,15962,1411
15590,15763,173,0,NTB,né,15590,15763,173
15763,17363,1600,0,NTB,que consegue entrever isso,15763,17363,1600
23045,24645,1600,0,GE-Phrase,204,23590,25583,1993
23045,24645,1600,0,NTB,como a gente sabe que na cultura hebraica,23045,24645,1600
24645,25227,582,0,GE-Phrase,204,23590,25583,1993
24645,25227,582,0,NTB,foi também,24645,25227,582
25227,26200,973,0,GE-Phrase,205,25583,27102,1519
25227,26200,973,0,NTB,a questão da procedência,25227,26200,973
26200,26302,102,0,GE-Phrase,205,25583,27102,1519
26200,26302,102,0,NTB,né,26200,26302,102
26302,27144,842,0,GE-Phrase,206,27102,28175,1073
26302,27144,842,0,NTB,judaico-cristã,26302,27144,842
27144,28520,1376,0,NTB,por muito tempo,27144,28520,1376
43541,44810,1269,0,GE-Phrase,218,44383,47057,2674
43541,44810,1269,0,NTB,porque você é filho de nũ sei o que,43541,44810,1269
44810,45700,890,0,GE-Phrase,218,44383,47057,2674
44810,45700,890,0,NTB,seu erregê vem,44810,45700,890
45700,46309,609,0,GE-Phrase,218,44383,47057,2674
45700,46309,609,0,NTB,escrito isso,45700,46309,609
46309,47266,957,0,GE-Phrase,219,47057,48898,1841
46309,47266,957,0,NTB,cê tem certidão de nascimento,46309,47266,957
12996,13465,469,0,NTB,digamos assim,12996,13465,469
13465,14522,1057,0,NTB,pelo que a gente tem de,13465,14522,1057
14522,15590,1068,0,GE-Phrase,201,14551,15962,1411
14522,15590,1068,0,NTB,crítica até hoje,14522,15590,1068
15590,15763,173,0,GE-Phrase,201,14551,15962,1411
15590,15763,173,0,NTB,né,15590,15763,173
15763,17363,1600,0,NTB,que consegue entrever isso,15763,17363,1600
23045,24645,1600,0,GE-Phrase,204,23590,25583,1993
23045,24645,1600,0,NTB,como a gente sabe que na cultura hebraica,23045,24645,1600
24645,25227,582,0,GE-Phrase,204,23590,25583,1993
24645,25227,582,0,NTB,foi também,24645,25227,582
25227,26200,973,0,GE-Phrase,205,25583,27102,1519
25227,26200,973,0,NTB,a questão da procedência,25227,26200,973
26200,26302,102,0,GE-Phrase,205,25583,27102,1519
26200,26302,102,0,NTB,né,26200,26302,102
26302,27144,842,0,GE-Phrase,206,27102,28175,1073
26302,27144,842,0,NTB,judaico-cristã,26302,27144,842
27144,28520,1376,0,NTB,por muito tempo,27144,28520,1376
43541,44810,1269,0,GE-Phrase,218,44383,47057,2674
43541,44810,1269,0,NTB,porque você é filho de nũ sei o que,43541,44810,1269
44810,45700,890,0,GE-Phrase,218,44383,47057,2674
44810,45700,890,0,NTB,seu erregê vem,44810,45700,890
45700,46309,609,0,GE-Phrase,218,44383,47057,2674
45700,46309,609,0,NTB,escrito isso,45700,46309,609
46309,47266,957,0,GE-Phrase,219,47057,48898,1841
46309,47266,957,0,NTB,cê tem certidão de nascimento,46309,47266,957
12996,13465,469,0,NTB,digamos assim,12996,13465,469
13465,14522,1057,0,NTB,pelo que a gente tem de,13465,14522,1057
14522,15590,1068,0,GE-Phrase,201,14551,15962,1411
14522,15590,1068,0,NTB,crítica até hoje,14522,15590,1068
15590,15763,173,0,GE-Phrase,201,14551,15962,1411
15590,15763,173,0,NTB,né,15590,15763,173
15763,17363,1600,0,NTB,que consegue entrever isso,15763,17363,1600
23045,24645,1600,0,GE-Phrase,204,23590,25583,1993
23045,24645,1600,0,NTB,como a gente sabe que na cultura hebraica,23045,24645,1600
24645,25227,582,0,GE-Phrase,204,23590,25583,1993
24645,25227,582,0,NTB,foi também,24645,25227,582
25227,26200,973,0,GE-Phrase,205,25583,27102,1519
25227,26200,973,0,NTB,a questão da procedência,25227,26200,973
26200,26302,102,0,GE-Phrase,205,25583,27102,1519
26200,26302,102,0,NTB,né,26200,26302,102
26302,27144,842,0,GE-Phrase,206,27102,28175,1073
26302,27144,842,0,NTB,judaico-cristã,26302,27144,842
27144,28520,1376,0,NTB,por muito tempo,27144,28520,1376
43541,44810,1269,0,GE-Phrase,218,44383,47057,2674
43541,44810,1269,0,NTB,porque você é filho de nũ sei o que,43541,44810,1269
44810,45700,890,0,GE-Phrase,218,44383,47057,2674
44810,45700,890,0,NTB,seu erregê vem,44810,45700,890
45700,46309,609,0,GE-Phrase,218,44383,47057,2674
45700,46309,609,0,NTB,escrito isso,45700,46309,609
46309,47266,957,0,GE-Phrase,219,47057,48898,1841
46309,47266,957,0,NTB,cê tem certidão de nascimento,46309,47266,957
12996,13465,469,0,NTB,digamos assim,12996,13465,469
13465,14522,1057,0,NTB,pelo que a gente tem de,13465,14522,1057
14522,15590,1068,0,GE-Phrase,201,14551,15962,1411
14522,15590,1068,0,NTB,crítica até hoje,14522,15590,1068
15590,15763,173,0,GE-Phrase,201,14551,15962,1411
15590,15763,173,0,NTB,né,15590,15763,173
15763,17363,1600,0,NTB,que consegue entrever isso,15763,17363,1600
23045,24645,1600,0,GE-Phrase,204,23590,25583,1993
23045,24645,1600,0,NTB,como a gente sabe que na cultura hebraica,23045,24645,1600
24645,25227,582,0,GE-Phrase,204,23590,25583,1993
24645,25227,582,0,NTB,foi também,24645,25227,582
25227,26200,973,0,GE-Phrase,205,25583,27102,1519
25227,26200,973,0,NTB,a questão da procedência,25227,26200,973
26200,26302,102,0,GE-Phrase,205,25583,27102,1519
26200,26302,102,0,NTB,né,26200,26302,102
26302,27144,842,0,GE-Phrase,206,27102,28175,1073
26302,27144,842,0,NTB,judaico-cristã,26302,27144,842
27144,28520,1376,0,NTB,por muito tempo,27144,28520,1376
43541,44810,1269,0,GE-Phrase,218,44383,47057,2674
43541,44810,1269,0,NTB,porque você é filho de nũ sei o que,43541,44810,1269
44810,45700,890,0,GE-Phrase,218,44383,47057,2674
44810,45700,890,0,NTB,seu erregê vem,44810,45700,890
45700,46309,609,0,GE-Phrase,218,44383,47057,2674
45700,46309,609,0,NTB,escrito isso,45700,46309,609
46309,47266,957,0,GE-Phrase,219,47057,48898,1841
46309,47266,957,0,NTB,cê tem certidão de nascimento,46309,47266,957
12996,13465,469,0,NTB,digamos assim,12996,13465,469
13465,14522,1057,0,NTB,pelo que a gente tem de,13465,14522,1057
14522,15590,1068,0,GE-Phrase,201,14551,15962,1411
14522,15590,1068,0,NTB,crítica até hoje,14522,15590,1068
15590,15763,173,0,GE-Phrase,201,14551,15962,1411
15590,15763,173,0,NTB,né,15590,15763,173
15763,17363,1600,0,NTB,que consegue entrever isso,15763,17363,1600
23045,24645,1600,0,GE-Phrase,204,23590,25583,1993
23045,24645,1600,0,NTB,como a gente sabe que na cultura hebraica,23045,24645,1600
24645,25227,582,0,GE-Phrase,204,23590,25583,1993
24645,25227,582,0,NTB,foi também,24645,25227,582
25227,26200,973,0,GE-Phrase,205,25583,27102,1519
25227,26200,973,0,NTB,a questão da procedência,25227,26200,973
26200,26302,102,0,GE-Phrase,205,25583,27102,1519
26200,26302,102,0,NTB,né,26200,26302,102
26302,27144,842,0,GE-Phrase,206,27102,28175,1073
26302,27144,842,0,NTB,judaico-cristã,26302,27144,842
27144,28520,1376,0,NTB,por muito tempo,27144,28520,1376
43541,44810,1269,0,GE-Phrase,218,44383,47057,2674
43541,44810,1269,0,NTB,porque você é filho de nũ sei o que,43541,44810,1269
44810,45700,890,0,GE-Phrase,218,44383,47057,2674
44810,45700,890,0,NTB,seu erregê vem,44810,45700,890
45700,46309,609,0,GE-Phrase,218,44383,47057,2674
45700,46309,609,0,NTB,escrito isso,45700,46309,609
46309,47266,957,0,GE-Phrase,219,47057,48898,1841
46309,47266,957,0,NTB,cê tem certidão de nascimento,46309,47266,957
12996,13465,469,0,NTB,digamos assim,12996,13465,469
13465,14522,1057,0,NTB,pelo que a gente tem de,13465,14522,1057
14522,15590,1068,0,GE-Phrase,201,14551,15962,1411
14522,15590,1068,0,NTB,crítica até hoje,14522,15590,1068
15590,15763,173,0,GE-Phrase,201,14551,15962,1411
15590,15763,173,0,NTB,né,15590,15763,173
15763,17363,1600,0,NTB,que consegue entrever isso,15763,17363,1600
23045,24645,1600,0,GE-Phrase,204,23590,25583,1993
23045,24645,1600,0,NTB,como a gente sabe que na cultura hebraica,23045,24645,1600
24645,25227,582,0,GE-Phrase,204,23590,25583,1993
24645,25227,582,0,NTB,foi também,24645,25227,582
25227,26200,973,0,GE-Phrase,205,25583,27102,1519
25227,26200,973,0,NTB,a questão da procedência,25227,26200,973
26200,26302,102,0,GE-Phrase,205,25583,27102,1519
26200,26302,102,0,NTB,né,26200,26302,102
26302,27144,842,0,GE-Phrase,206,27102,28175,1073
26302,27144,842,0,NTB,judaico-cristã,26302,27144,842
27144,28520,1376,0,NTB,por muito tempo,27144,28520,1376
43541,44810,1269,0,GE-Phrase,218,44383,47057,2674
43541,44810,1269,0,NTB,porque você é filho de nũ sei o que,43541,44810,1269
44810,45700,890,0,GE-Phrase,218,44383,47057,2674
44810,45700,890,0,NTB,seu erregê vem,44810,45700,890
45700,46309,609,0,GE-Phrase,218,44383,47057,2674
45700,46309,609,0,NTB,escrito isso,45700,46309,609
46309,47266,957,0,GE-Phrase,219,47057,48898,1841
46309,47266,957,0,NTB,cê tem certidão de nascimento,46309,47266,957
12996,13465,469,0,NTB,digamos assim,12996,13465,469
13465,14522,1057,0,NTB,pelo que a gente tem de,13465,14522,1057
14522,15590,1068,0,GE-Phrase,201,14551,15962,1411
14522,15590,1068,0,NTB,crítica até hoje,14522,15590,1068
15590,15763,173,0,GE-Phrase,201,14551,15962,1411
15590,15763,173,0,NTB,né,15590,15763,173
15763,17363,1600,0,NTB,que consegue entrever isso,15763,17363,1600
23045,24645,1600,0,GE-Phrase,204,23590,25583,1993
23045,24645,1600,0,NTB,como a gente sabe que na cultura hebraica,23045,24645,1600
24645,25227,582,0,GE-Phrase,204,23590,25583,1993
24645,25227,582,0,NTB,foi também,24645,25227,582
25227,26200,973,0,GE-Phrase,205,25583,27102,1519
25227,26200,973,0,NTB,a questão da procedência,25227,26200,973
26200,26302,102,0,GE-Phrase,205,25583,27102,1519
26200,26302,102,0,NTB,né,26200,26302,102
26302,27144,842,0,GE-Phrase,206,27102,28175,1073
26302,27144,842,0,NTB,judaico-cristã,26302,27144,842
27144,28520,1376,0,NTB,por muito tempo,27144,28520,1376
43541,44810,1269,0,GE-Phrase,218,44383,47057,2674
43541,44810,1269,0,NTB,porque você é filho de nũ sei o que,43541,44810,1269
44810,45700,890,0,GE-Phrase,218,44383,47057,2674
44810,45700,890,0,NTB,seu erregê vem,44810,45700,890
45700,46309,609,0,GE-Phrase,218,44383,47057,2674
45700,46309,609,0,NTB,escrito isso,45700,46309,609
46309,47266,957,0,GE-Phrase,219,47057,48898,1841
46309,47266,957,0,NTB,cê tem certidão de nascimento,46309,47266,957
12996,13465,469,0,NTB,digamos assim,12996,13465,469
13465,14522,1057,0,NTB,pelo que a gente tem de,13465,14522,1057
14522,15590,1068,0,GE-Phrase,201,14551,15962,1411
14522,15590,1068,0,NTB,crítica até hoje,14522,15590,1068
15590,15763,173,0,GE-Phrase,201,14551,15962,1411
15590,15763,173,0,NTB,né,15590,15763,173
15763,17363,1600,0,NTB,que consegue entrever isso,15763,17363,1600
23045,24645,1600,0,GE-Phrase,204,23590,25583,1993
23045,24645,1600,0,NTB,como a gente sabe que na cultura hebraica,23045,24645,1600
24645,25227,582,0,GE-Phrase,204,23590,25583,1993
24645,25227,582,0,NTB,foi também,24645,25227,582
25227,26200,973,0,GE-Phrase,205,25583,27102,1519
25227,26200,973,0,NTB,a questão da procedência,25227,26200,973
26200,26302,102,0,GE-Phrase,205,25583,27102,1519
26200,26302,102,0,NTB,né,26200,26302,102
26302,27144,842,0,GE-Phrase,206,27102,28175,1073
26302,27144,842,0,NTB,judaico-cristã,26302,27144,842
27144,28520,1376,0,NTB,por muito tempo,27144,28520,1376
43541,44810,1269,0,GE-Phrase,218,44383,47057,2674
43541,44810,1269,0,NTB,porque você é filho de nũ sei o que,43541,44810,1269
44810,45700,890,0,GE-Phrase,218,44383,47057,2674
44810,45700,890,0,NTB,seu erregê vem,44810,45700,890
45700,46309,609,0,GE-Phrase,218,44383,47057,2674
45700,46309,609,0,NTB,escrito isso,45700,46309,609
46309,47266,957,0,GE-Phrase,219,47057,48898,1841
46309,47266,957,0,NTB,cê tem certidão de nascimento,46309,47266,957
12996,13465,469,0,NTB,digamos assim,12996,13465,469
13465,14522,1057,0,NTB,pelo que a gente tem de,13465,14522,1057
14522,15590,1068,0,GE-Phrase,201,14551,15962,1411
14522,15590,1068,0,NTB,crítica até hoje,14522,15590,1068
15590,15763,173,0,GE-Phrase,201,14551,15962,1411
15590,15763,173,0,NTB,né,15590,15763,173
15763,17363,1600,0,NTB,que consegue entrever isso,15763,17363,1600
23045,24645,1600,0,GE-Phrase,204,23590,25583,1993
23045,24645,1600,0,NTB,como a gente sabe que na cultura hebraica,23045,24645,1600
24645,25227,582,0,GE-Phrase,204,23590,25583,1993
24645,25227,582,0,NTB,foi também,24645,25227,582
25227,26200,973,0,GE-Phrase,205,25583,27102,1519
25227,26200,973,0,NTB,a questão da procedência,25227,26200,973
26200,26302,102,0,GE-Phrase,205,25583,27102,1519
26200,26302,102,0,NTB,né,26200,26302,102
26302,27144,842,0,GE-Phrase,206,27102,28175,1073
26302,27144,842,0,NTB,judaico-cristã,26302,27144,842
27144,28520,1376,0,NTB,por muito tempo,27144,28520,1376
43541,44810,1269,0,GE-Phrase,218,44383,47057,2674
43541,44810,1269,0,NTB,porque você é filho de nũ sei o que,43541,44810,1269
44810,45700,890,0,GE-Phrase,218,44383,47057,2674
44810,45700,890,0,NTB,seu erregê vem,44810,45700,890
45700,46309,609,0,GE-Phrase,218,44383,47057,2674
45700,46309,609,0,NTB,escrito isso,45700,46309,609
46309,47266,957,0,GE-Phrase,219,47057,48898,1841
46309,47266,957,0,NTB,cê tem certidão de nascimento,46309,47266,957
12996,13465,469,0,NTB,digamos assim,12996,13465,469
13465,14522,1057,0,NTB,pelo que a gente tem de,13465,14522,1057
14522,15590,1068,0,GE-Phrase,201,14551,15962,1411
14522,15590,1068,0,NTB,crítica até hoje,14522,15590,1068
15590,15763,173,0,GE-Phrase,201,14551,15962,1411
15590,15763,173,0,NTB,né,15590,15763,173
15763,17363,1600,0,NTB,que consegue entrever isso,15763,17363,1600
23045,24645,1600,0,GE-Phrase,204,23590,25583,1993
23045,24645,1600,0,NTB,como a gente sabe que na cultura hebraica,23045,24645,1600
24645,25227,582,0,GE-Phrase,204,23590,25583,1993
24645,25227,582,0,NTB,foi também,24645,25227,582
25227,26200,973,0,GE-Phrase,205,25583,27102,1519
25227,26200,973,0,NTB,a questão da procedência,25227,26200,973
26200,26302,102,0,GE-Phrase,205,25583,27102,1519
26200,26302,102,0,NTB,né,26200,26302,102
26302,27144,842,0,GE-Phrase,206,27102,28175,1073
26302,27144,842,0,NTB,judaico-cristã,26302,27144,842
27144,28520,1376,0,NTB,por muito tempo,27144,28520,1376
43541,44810,1269,0,GE-Phrase,218,44383,47057,2674
43541,44810,1269,0,NTB,porque você é filho de nũ sei o que,43541,44810,1269
44810,45700,890,0,GE-Phrase,218,44383,47057,2674
44810,45700,890,0,NTB,seu erregê vem,44810,45700,890
45700,46309,609,0,GE-Phrase,218,44383,47057,2674
45700,46309,609,0,NTB,escrito isso,45700,46309,609
46309,47266,957,0,GE-Phrase,219,47057,48898,1841
46309,47266,957,0,NTB,cê tem certidão de nascimento,46309,47266,957
12996,13465,469,0,NTB,digamos assim,12996,13465,469
13465,14522,1057,0,NTB,pelo que a gente tem de,13465,14522,1057
14522,15590,1068,0,GE-Phrase,201,14551,15962,1411
14522,15590,1068,0,NTB,crítica até hoje,14522,15590,1068
15590,15763,173,0,GE-Phrase,201,14551,15962,1411
15590,15763,173,0,NTB,né,15590,15763,173
15763,17363,1600,0,NTB,que consegue entrever isso,15763,17363,1600
23045,24645,1600,0,GE-Phrase,204,23590,25583,1993
23045,24645,1600,0,NTB,como a gente sabe que na cultura hebraica,23045,24645,1600
24645,25227,582,0,GE-Phrase,204,23590,25583,1993
24645,25227,582,0,NTB,foi também,24645,25227,582
25227,26200,973,0,GE-Phrase,205,25583,27102,1519
25227,26200,973,0,NTB,a questão da procedência,25227,26200,973
26200,26302,102,0,GE-Phrase,205,25583,27102,1519
26200,26302,102,0,NTB,né,26200,26302,102
26302,27144,842,0,GE-Phrase,206,27102,28175,1073
26302,27144,842,0,NTB,judaico-cristã,26302,27144,842
27144,28520,1376,0,NTB,por muito tempo,27144,28520,1376
43541,44810,1269,0,GE-Phrase,218,44383,47057,2674
43541,44810,1269,0,NTB,porque você é filho de nũ sei o que,43541,44810,1269
44810,45700,890,0,GE-Phrase,218,44383,47057,2674
44810,45700,890,0,NTB,seu erregê vem,44810,45700,890
45700,46309,609,0,GE-Phrase,218,44383,47057,2674
45700,46309,609,0,NTB,escrito isso,45700,46309,609
46309,47266,957,0,GE-Phrase,219,47057,48898,1841
46309,47266,957,0,NTB,cê tem certidão de nascimento,46309,47266,957
12996,13465,469,0,NTB,digamos assim,12996,13465,469
13465,14522,1057,0,NTB,pelo que a gente tem de,13465,14522,1057
14522,15590,1068,0,GE-Phrase,201,14551,15962,1411
14522,15590,1068,0,NTB,crítica até hoje,14522,15590,1068
15590,15763,173,0,GE-Phrase,201,14551,15962,1411
15590,15763,173,0,NTB,né,15590,15763,173
15763,17363,1600,0,NTB,que consegue entrever isso,15763,17363,1600
23045,24645,1600,0,GE-Phrase,204,23590,25583,1993
23045,24645,1600,0,NTB,como a gente sabe que na cultura hebraica,23045,24645,1600
24645,25227,582,0,GE-Phrase,204,23590,25583,1993
24645,25227,582,0,NTB,foi também,24645,25227,582
25227,26200,973,0,GE-Phrase,205,25583,27102,1519
25227,26200,973,0,NTB,a questão da procedência,25227,26200,973
26200,26302,102,0,GE-Phrase,205,25583,27102,1519
26200,26302,102,0,NTB,né,26200,26302,102
26302,27144,842,0,GE-Phrase,206,27102,28175,1073
26302,27144,842,0,NTB,judaico-cristã,26302,27144,842
27144,28520,1376,0,NTB,por muito tempo,27144,28520,1376
43541,44810,1269,0,GE-Phrase,218,44383,47057,2674
43541,44810,1269,0,NTB,porque você é filho de nũ sei o que,43541,44810,1269
44810,45700,890,0,GE-Phrase,218,44383,47057,2674
44810,45700,890,0,NTB,seu erregê vem,44810,45700,890
45700,46309,609,0,GE-Phrase,218,44383,47057,2674
45700,46309,609,0,NTB,escrito isso,45700,46309,609
46309,47266,957,0,GE-Phrase,219,47057,48898,1841
46309,47266,957,0,NTB,cê tem certidão de nascimento,46309,47266,957
12996,13465,469,0,NTB,digamos assim,12996,13465,469
13465,14522,1057,0,NTB,pelo que a gente tem de,13465,14522,1057
14522,15590,1068,0,GE-Phrase,201,14551,15962,1411
14522,15590,1068,0,NTB,crítica até hoje,14522,15590,1068
15590,15763,173,0,GE-Phrase,201,14551,15962,1411
15590,15763,173,0,NTB,né,15590,15763,173
15763,17363,1600,0,NTB,que consegue entrever isso,15763,17363,1600
23045,24645,1600,0,GE-Phrase,204,23590,25583,1993
23045,24645,1600,0,NTB,como a gente sabe que na cultura hebraica,23045,24645,1600
24645,25227,582,0,GE-Phrase,204,23590,25583,1993
24645,25227,582,0,NTB,foi também,24645,25227,582
25227,26200,973,0,GE-Phrase,205,25583,27102,1519
25227,26200,973,0,NTB,a questão da procedência,25227,26200,973
26200,26302,102,0,GE-Phrase,205,25583,27102,1519
26200,26302,102,0,NTB,né,26200,26302,102
26302,27144,842,0,GE-Phrase,206,27102,28175,1073
26302,27144,842,0,NTB,judaico-cristã,26302,27144,842
27144,28520,1376,0,NTB,por muito tempo,27144,28520,1376
43541,44810,1269,0,GE-Phrase,218,44383,47057,2674
43541,44810,1269,0,NTB,porque você é filho de nũ sei o que,43541,44810,1269
44810,45700,890,0,GE-Phrase,218,44383,47057,2674
44810,45700,890,0,NTB,seu erregê vem,44810,45700,890
45700,46309,609,0,GE-Phrase,218,44383,47057,2674
45700,46309,609,0,NTB,escrito isso,45700,46309,609
46309,47266,957,0,GE-Phrase,219,47057,48898,1841
46309,47266,957,0,NTB,cê tem certidão de nascimento,46309,47266,957
12996,13465,469,0,NTB,digamos assim,12996,13465,469
13465,14522,1057,0,NTB,pelo que a gente tem de,13465,14522,1057
14522,15590,1068,0,GE-Phrase,201,14551,15962,1411
14522,15590,1068,0,NTB,crítica até hoje,14522,15590,1068
15590,15763,173,0,GE-Phrase,201,14551,15962,1411
15590,15763,173,0,NTB,né,15590,15763,173
15763,17363,1600,0,NTB,que consegue entrever isso,15763,17363,1600
23045,24645,1600,0,GE-Phrase,204,23590,25583,1993
23045,24645,1600,0,NTB,como a gente sabe que na cultura hebraica,23045,24645,1600
24645,25227,582,0,GE-Phrase,204,23590,25583,1993
24645,25227,582,0,NTB,foi também,24645,25227,582
25227,26200,973,0,GE-Phrase,205,25583,27102,1519
25227,26200,973,0,NTB,a questão da procedência,25227,26200,973
26200,26302,102,0,GE-Phrase,205,25583,27102,1519
26200,26302,102,0,NTB,né,26200,26302,102
26302,27144,842,0,GE-Phrase,206,27102,28175,1073
26302,27144,842,0,NTB,judaico-cristã,26302,27144,842
27144,28520,1376,0,NTB,por muito tempo,27144,28520,1376
43541,44810,1269,0,GE-Phrase,218,44383,47057,2674
43541,44810,1269,0,NTB,porque você é filho de nũ sei o que,43541,44810,1269
44810,45700,890,0,GE-Phrase,218,44383,47057,2674
44810,45700,890,0,NTB,seu erregê vem,44810,45700,890
45700,46309,609,0,GE-Phrase,218,44383,47057,2674
45700,46309,609,0,NTB,escrito isso,45700,46309,609
46309,47266,957,0,GE-Phrase,219,47057,48898,1841
46309,47266,957,0,NTB,cê tem certidão de nascimento,46309,47266,957
12996,13465,469,0,NTB,digamos assim,12996,13465,469
13465,14522,1057,0,NTB,pelo que a gente tem de,13465,14522,1057
14522,15590,1068,0,GE-Phrase,201,14551,15962,1411
14522,15590,1068,0,NTB,crítica até hoje,14522,15590,1068
15590,15763,173,0,GE-Phrase,201,14551,15962,1411
15590,15763,173,0,NTB,né,15590,15763,173
15763,17363,1600,0,NTB,que consegue entrever isso,15763,17363,1600
23045,24645,1600,0,GE-Phrase,204,23590,25583,1993
23045,24645,1600,0,NTB,como a gente sabe que na cultura hebraica,23045,24645,1600
24645,25227,582,0,GE-Phrase,204,23590,25583,1993
24645,25227,582,0,NTB,foi também,24645,25227,582
25227,26200,973,0,GE-Phrase,205,25583,27102,1519
25227,26200,973,0,NTB,a questão da procedência,25227,26200,973
26200,26302,102,0,GE-Phrase,205,25583,27102,1519
26200,26302,102,0,NTB,né,26200,26302,102
26302,27144,842,0,GE-Phrase,206,27102,28175,1073
26302,27144,842,0,NTB,judaico-cristã,26302,27144,842
27144,28520,1376,0,NTB,por muito tempo,27144,28520,1376
43541,44810,1269,0,GE-Phrase,218,44383,47057,2674
43541,44810,1269,0,NTB,porque você é filho de nũ sei o que,43541,44810,1269
44810,45700,890,0,GE-Phrase,218,44383,47057,2674
44810,45700,890,0,NTB,seu erregê vem,44810,45700,890
45700,46309,609,0,GE-Phrase,218,44383,47057,2674
45700,46309,609,0,NTB,escrito isso,45700,46309,609
46309,47266,957,0,GE-Phrase,219,47057,48898,1841
46309,47266,957,0,NTB,cê tem certidão de nascimento,46309,47266,957
12996,13465,469,0,NTB,digamos assim,12996,13465,469
13465,14522,1057,0,NTB,pelo que a gente tem de,13465,14522,1057
14522,15590,1068,0,GE-Phrase,201,14551,15962,1411
14522,15590,1068,0,NTB,crítica até hoje,14522,15590,1068
15590,15763,173,0,GE-Phrase,201,14551,15962,1411
15590,15763,173,0,NTB,né,15590,15763,173
15763,17363,1600,0,NTB,que consegue entrever isso,15763,17363,1600
23045,24645,1600,0,GE-Phrase,204,23590,25583,1993
23045,24645,1600,0,NTB,como a gente sabe que na cultura hebraica,23045,24645,1600
24645,25227,582,0,GE-Phrase,204,23590,25583,1993
24645,25227,582,0,NTB,foi também,24645,25227,582
25227,26200,973,0,GE-Phrase,205,25583,27102,1519
25227,26200,973,0,NTB,a questão da procedência,25227,26200,973
26200,26302,102,0,GE-Phrase,205,25583,27102,1519
26200,26302,102,0,NTB,né,26200,26302,102
26302,27144,842,0,GE-Phrase,206,27102,28175,1073
26302,27144,842,0,NTB,judaico-cristã,26302,27144,842
27144,28520,1376,0,NTB,por muito tempo,27144,28520,1376
43541,44810,1269,0,GE-Phrase,218,44383,47057,2674
43541,44810,1269,0,NTB,porque você é filho de nũ sei o que,43541,44810,1269
44810,45700,890,0,GE-Phrase,218,44383,47057,2674
44810,45700,890,0,NTB,seu erregê vem,44810,45700,890
45700,46309,609,0,GE-Phrase,218,44383,47057,2674
45700,46309,609,0,NTB,escrito isso,45700,46309,609
46309,47266,957,0,GE-Phrase,219,47057,48898,1841
46309,47266,957,0,NTB,cê tem certidão de nascimento,46309,47266,957
12996,13465,469,0,NTB,digamos assim,12996,13465,469
13465,14522,1057,0,NTB,pelo que a gente tem de,13465,14522,1057
14522,15590,1068,0,GE-Phrase,201,14551,15962,1411
14522,15590,1068,0,NTB,crítica até hoje,14522,15590,1068
15590,15763,173,0,GE-Phrase,201,14551,15962,1411
15590,15763,173,0,NTB,né,15590,15763,173
15763,17363,1600,0,NTB,que consegue entrever isso,15763,17363,1600
23045,24645,1600,0,GE-Phrase,204,23590,25583,1993
23045,24645,1600,0,NTB,como a gente sabe que na cultura hebraica,23045,24645,1600
24645,25227,582,0,GE-Phrase,204,23590,25583,1993
24645,25227,582,0,NTB,foi também,24645,25227,582
25227,26200,973,0,GE-Phrase,205,25583,27102,1519
25227,26200,973,0,NTB,a questão da procedência,25227,26200,973
26200,26302,102,0,GE-Phrase,205,25583,27102,1519
26200,26302,102,0,NTB,né,26200,26302,102
26302,27144,842,0,GE-Phrase,206,27102,28175,1073
26302,27144,842,0,NTB,judaico-cristã,26302,27144,842
27144,28520,1376,0,NTB,por muito tempo,27144,28520,1376
43541,44810,1269,0,GE-Phrase,218,44383,47057,2674
43541,44810,1269,0,NTB,porque você é filho de nũ sei o que,43541,44810,1269
44810,45700,890,0,GE-Phrase,218,44383,47057,2674
44810,45700,890,0,NTB,seu erregê vem,44810,45700,890
45700,46309,609,0,GE-Phrase,218,44383,47057,2674
45700,46309,609,0,NTB,escrito isso,45700,46309,609
46309,47266,957,0,GE-Phrase,219,47057,48898,1841
46309,47266,957,0,NTB,cê tem certidão de nascimento,46309,47266,957
12996,13465,469,0,NTB,digamos assim,12996,13465,469
13465,14522,1057,0,NTB,pelo que a gente tem de,13465,14522,1057
14522,15590,1068,0,GE-Phrase,201,14551,15962,1411
14522,15590,1068,0,NTB,crítica até hoje,14522,15590,1068
15590,15763,173,0,GE-Phrase,201,14551,15962,1411
15590,15763,173,0,NTB,né,15590,15763,173
15763,17363,1600,0,NTB,que consegue entrever isso,15763,17363,1600
23045,24645,1600,0,GE-Phrase,204,23590,25583,1993
23045,24645,1600,0,NTB,como a gente sabe que na cultura hebraica,23045,24645,1600
24645,25227,582,0,GE-Phrase,204,23590,25583,1993
24645,25227,582,0,NTB,foi também,24645,25227,582
25227,26200,973,0,GE-Phrase,205,25583,27102,1519
25227,26200,973,0,NTB,a questão da procedência,25227,26200,973
26200,26302,102,0,GE-Phrase,205,25583,27102,1519
26200,26302,102,0,NTB,né,26200,26302,102
26302,27144,842,0,GE-Phrase,206,27102,28175,1073
26302,27144,842,0,NTB,judaico-cristã,26302,27144,842
27144,28520,1376,0,NTB,por muito tempo,27144,28520,1376
43541,44810,1269,0,GE-Phrase,218,44383,47057,2674
43541,44810,1269,0,NTB,porque você é filho de nũ sei o que,43541,44810,1269
44810,45700,890,0,GE-Phrase,218,44383,47057,2674
44810,45700,890,0,NTB,seu erregê vem,44810,45700,890
45700,46309,609,0,GE-Phrase,218,44383,47057,2674
45700,46309,609,0,NTB,escrito isso,45700,46309,609
46309,47266,957,0,GE-Phrase,219,47057,48898,1841
46309,47266,957,0,NTB,cê tem certidão de nascimento,46309,47266,957
12996,13465,469,0,NTB,digamos assim,12996,13465,469
13465,14522,1057,0,NTB,pelo que a gente tem de,13465,14522,1057
14522,15590,1068,0,GE-Phrase,201,14551,15962,1411
14522,15590,1068,0,NTB,crítica até hoje,14522,15590,1068
15590,15763,173,0,GE-Phrase,201,14551,15962,1411
15590,15763,173,0,NTB,né,15590,15763,173
15763,17363,1600,0,NTB,que consegue entrever isso,15763,17363,1600
23045,24645,1600,0,GE-Phrase,204,23590,25583,1993
23045,24645,1600,0,NTB,como a gente sabe que na cultura hebraica,23045,24645,1600
24645,25227,582,0,GE-Phrase,204,23590,25583,1993
24645,25227,582,0,NTB,foi também,24645,25227,582
25227,26200,973,0,GE-Phrase,205,25583,27102,1519
25227,26200,973,0,NTB,a questão da procedência,25227,26200,973
26200,26302,102,0,GE-Phrase,205,25583,27102,1519
26200,26302,102,0,NTB,né,26200,26302,102
26302,27144,842,0,GE-Phrase,206,27102,28175,1073
26302,27144,842,0,NTB,judaico-cristã,26302,27144,842
27144,28520,1376,0,NTB,por muito tempo,27144,28520,1376
43541,44810,1269,0,GE-Phrase,218,44383,47057,2674
43541,44810,1269,0,NTB,porque você é filho de nũ sei o que,43541,44810,1269
44810,45700,890,0,GE-Phrase,218,44383,47057,2674
44810,45700,890,0,NTB,seu erregê vem,44810,45700,890
45700,46309,609,0,GE-Phrase,218,44383,47057,2674
45700,46309,609,0,NTB,escrito isso,45700,46309,609
46309,47266,957,0,GE-Phrase,219,47057,48898,1841
46309,47266,957,0,NTB,cê tem certidão de nascimento,46309,47266,957
12996,13465,469,0,NTB,digamos assim,12996,13465,469
13465,14522,1057,0,NTB,pelo que a gente tem de,13465,14522,1057
14522,15590,1068,0,GE-Phrase,201,14551,15962,1411
14522,15590,1068,0,NTB,crítica até hoje,14522,15590,1068
15590,15763,173,0,GE-Phrase,201,14551,15962,1411
15590,15763,173,0,NTB,né,15590,15763,173
15763,17363,1600,0,NTB,que consegue entrever isso,15763,17363,1600
23045,24645,1600,0,GE-Phrase,204,23590,25583,1993
23045,24645,1600,0,NTB,como a gente sabe que na cultura hebraica,23045,24645,1600
24645,25227,582,0,GE-Phrase,204,23590,25583,1993
24645,25227,582,0,NTB,foi também,24645,25227,582
25227,26200,973,0,GE-Phrase,205,25583,27102,1519
25227,26200,973,0,NTB,a questão da procedência,25227,26200,973
26200,26302,102,0,GE-Phrase,205,25583,27102,1519
26200,26302,102,0,NTB,né,26200,26302,102
26302,27144,842,0,GE-Phrase,206,27102,28175,1073
26302,27144,842,0,NTB,judaico-cristã,26302,27144,842
27144,28520,1376,0,NTB,por muito tempo,27144,28520,1376
43541,44810,1269,0,GE-Phrase,218,44383,47057,2674
43541,44810,1269,0,NTB,porque você é filho de nũ sei o que,43541,44810,1269
44810,45700,890,0,GE-Phrase,218,44383,47057,2674
44810,45700,890,0,NTB,seu erregê vem,44810,45700,890
45700,46309,609,0,GE-Phrase,218,44383,47057,2674
45700,46309,609,0,NTB,escrito isso,45700,46309,609
46309,47266,957,0,GE-Phrase,219,47057,48898,1841
46309,47266,957,0,NTB,cê tem certidão de nascimento,46309,47266,957
12996,13465,469,0,NTB,digamos assim,12996,13465,469
13465,14522,1057,0,NTB,pelo que a gente tem de,13465,14522,1057
14522,15590,1068,0,GE-Phrase,201,14551,15962,1411
14522,15590,1068,0,NTB,crítica até hoje,14522,15590,1068
15590,15763,173,0,GE-Phrase,201,14551,15962,1411
15590,15763,173,0,NTB,né,15590,15763,173
15763,17363,1600,0,NTB,que consegue entrever isso,15763,17363,1600
23045,24645,1600,0,GE-Phrase,204,23590,25583,1993
23045,24645,1600,0,NTB,como a gente sabe que na cultura hebraica,23045,24645,1600
24645,25227,582,0,GE-Phrase,204,23590,25583,1993
24645,25227,582,0,NTB,foi também,24645,25227,582
25227,26200,973,0,GE-Phrase,205,25583,27102,1519
25227,26200,973,0,NTB,a questão da procedência,25227,26200,973
26200,26302,102,0,GE-Phrase,205,25583,27102,1519
26200,26302,102,0,NTB,né,26200,26302,102
26302,27144,842,0,GE-Phrase,206,27102,28175,1073
26302,27144,842,0,NTB,judaico-cristã,26302,27144,842
27144,28520,1376,0,NTB,por muito tempo,27144,28520,1376
43541,44810,1269,0,GE-Phrase,218,44383,47057,2674
43541,44810,1269,0,NTB,porque você é filho de nũ sei o que,43541,44810,1269
44810,45700,890,0,GE-Phrase,218,44383,47057,2674
44810,45700,890,0,NTB,seu erregê vem,44810,45700,890
45700,46309,609,0,GE-Phrase,218,44383,47057,2674
45700,46309,609,0,NTB,escrito isso,45700,46309,609
46309,47266,957,0,GE-Phrase,219,47057,48898,1841
46309,47266,957,0,NTB,cê tem certidão de nascimento,46309,47266,957
12996,13465,469,0,NTB,digamos assim,12996,13465,469
13465,14522,1057,0,NTB,pelo que a gente tem de,13465,14522,1057
14522,15590,1068,0,GE-Phrase,201,14551,15962,1411
14522,15590,1068,0,NTB,crítica até hoje,14522,15590,1068
15590,15763,173,0,GE-Phrase,201,14551,15962,1411
15590,15763,173,0,NTB,né,15590,15763,173
15763,17363,1600,0,NTB,que consegue entrever isso,15763,17363,1600
23045,24645,1600,0,GE-Phrase,204,23590,25583,1993
23045,24645,1600,0,NTB,como a gente sabe que na cultura hebraica,23045,24645,1600
24645,25227,582,0,GE-Phrase,204,23590,25583,1993
24645,25227,582,0,NTB,foi também,24645,25227,582
25227,26200,973,0,GE-Phrase,205,25583,27102,1519
25227,26200,973,0,NTB,a questão da procedência,25227,26200,973
26200,26302,102,0,GE-Phrase,205,25583,27102,1519
26200,26302,102,0,NTB,né,26200,26302,102
26302,27144,842,0,GE-Phrase,206,27102,28175,1073
26302,27144,842,0,NTB,judaico-cristã,26302,27144,842
27144,28520,1376,0,NTB,por muito tempo,27144,28520,1376
43541,44810,1269,0,GE-Phrase,218,44383,47057,2674
43541,44810,1269,0,NTB,porque você é filho de nũ sei o que,43541,44810,1269
44810,45700,890,0,GE-Phrase,218,44383,47057,2674
44810,45700,890,0,NTB,seu erregê vem,44810,45700,890
45700,46309,609,0,GE-Phrase,218,44383,47057,2674
45700,46309,609,0,NTB,escrito isso,45700,46309,609
46309,47266,957,0,GE-Phrase,219,47057,48898,1841
46309,47266,957,0,NTB,cê tem certidão de nascimento,46309,47266,957
12996,13465,469,0,NTB,digamos assim,12996,13465,469
13465,14522,1057,0,NTB,pelo que a gente tem de,13465,14522,1057
14522,15590,1068,0,GE-Phrase,201,14551,15962,1411
14522,15590,1068,0,NTB,crítica até hoje,14522,15590,1068
15590,15763,173,0,GE-Phrase,201,14551,15962,1411
15590,15763,173,0,NTB,né,15590,15763,173
15763,17363,1600,0,NTB,que consegue entrever isso,15763,17363,1600
23045,24645,1600,0,GE-Phrase,204,23590,25583,1993
23045,24645,1600,0,NTB,como a gente sabe que na cultura hebraica,23045,24645,1600
24645,25227,582,0,GE-Phrase,204,23590,25583,1993
24645,25227,582,0,NTB,foi também,24645,25227,582
25227,26200,973,0,GE-Phrase,205,25583,27102,1519
25227,26200,973,0,NTB,a questão da procedência,25227,26200,973
26200,26302,102,0,GE-Phrase,205,25583,27102,1519
26200,26302,102,0,NTB,né,26200,26302,102
26302,27144,842,0,GE-Phrase,206,27102,28175,1073
26302,27144,842,0,NTB,judaico-cristã,26302,27144,842
27144,28520,1376,0,NTB,por muito tempo,27144,28520,1376
43541,44810,1269,0,GE-Phrase,218,44383,47057,2674
43541,44810,1269,0,NTB,porque você é filho de nũ sei o que,43541,44810,1269
44810,45700,890,0,GE-Phrase,218,44383,47057,2674
44810,45700,890,0,NTB,seu erregê vem,44810,45700,890
45700,46309,609,0,GE-Phrase,218,44383,47057,2674
45700,46309,609,0,NTB,escrito isso,45700,46309,609
46309,47266,957,0,GE-Phrase,219,47057,48898,1841
46309,47266,957,0,NTB,cê tem certidão de nascimento,46309,47266,957
12996,13465,469,0,NTB,digamos assim,12996,13465,469
13465,14522,1057,0,NTB,pelo que a gente tem de,13465,14522,1057
14522,15590,1068,0,GE-Phrase,201,14551,15962,1411
14522,15590,1068,0,NTB,crítica até hoje,14522,15590,1068
15590,15763,173,0,GE-Phrase,201,14551,15962,1411
15590,15763,173,0,NTB,né,15590,15763,173
15763,17363,1600,0,NTB,que consegue entrever isso,15763,17363,1600
23045,24645,1600,0,GE-Phrase,204,23590,25583,1993
23045,24645,1600,0,NTB,como a gente sabe que na cultura hebraica,23045,24645,1600
24645,25227,582,0,GE-Phrase,204,23590,25583,1993
24645,25227,582,0,NTB,foi também,24645,25227,582
25227,26200,973,0,GE-Phrase,205,25583,27102,1519
25227,26200,973,0,NTB,a questão da procedência,25227,26200,973
26200,26302,102,0,GE-Phrase,205,25583,27102,1519
26200,26302,102,0,NTB,né,26200,26302,102
26302,27144,842,0,GE-Phrase,206,27102,28175,1073
26302,27144,842,0,NTB,judaico-cristã,26302,27144,842
27144,28520,1376,0,NTB,por muito tempo,27144,28520,1376
43541,44810,1269,0,GE-Phrase,218,44383,47057,2674
43541,44810,1269,0,NTB,porque você é filho de nũ sei o que,43541,44810,1269
44810,45700,890,0,GE-Phrase,218,44383,47057,2674
44810,45700,890,0,NTB,seu erregê vem,44810,45700,890
45700,46309,609,0,GE-Phrase,218,44383,47057,2674
45700,46309,609,0,NTB,escrito isso,45700,46309,609
46309,47266,957,0,GE-Phrase,219,47057,48898,1841
46309,47266,957,0,NTB,cê tem certidão de nascimento,46309,47266,957
12996,13465,469,0,NTB,digamos assim,12996,13465,469
13465,14522,1057,0,NTB,pelo que a gente tem de,13465,14522,1057
14522,15590,1068,0,GE-Phrase,201,14551,15962,1411
14522,15590,1068,0,NTB,crítica até hoje,14522,15590,1068
15590,15763,173,0,GE-Phrase,201,14551,15962,1411
15590,15763,173,0,NTB,né,15590,15763,173
15763,17363,1600,0,NTB,que consegue entrever isso,15763,17363,1600
23045,24645,1600,0,GE-Phrase,204,23590,25583,1993
23045,24645,1600,0,NTB,como a gente sabe que na cultura hebraica,23045,24645,1600
24645,25227,582,0,GE-Phrase,204,23590,25583,1993
24645,25227,582,0,NTB,foi também,24645,25227,582
25227,26200,973,0,GE-Phrase,205,25583,27102,1519
25227,26200,973,0,NTB,a questão da procedência,25227,26200,973
26200,26302,102,0,GE-Phrase,205,25583,27102,1519
26200,26302,102,0,NTB,né,26200,26302,102
26302,27144,842,0,GE-Phrase,206,27102,28175,1073
26302,27144,842,0,NTB,judaico-cristã,26302,27144,842
27144,28520,1376,0,NTB,por muito tempo,27144,28520,1376
43541,44810,1269,0,GE-Phrase,218,44383,47057,2674
43541,44810,1269,0,NTB,porque você é filho de nũ sei o que,43541,44810,1269
44810,45700,890,0,GE-Phrase,218,44383,47057,2674
44810,45700,890,0,NTB,seu erregê vem,44810,45700,890
45700,46309,609,0,GE-Phrase,218,44383,47057,2674
45700,46309,609,0,NTB,escrito isso,45700,46309,609
46309,47266,957,0,GE-Phrase,219,47057,48898,1841
46309,47266,957,0,NTB,cê tem certidão de nascimento,46309,47266,957
12996,13465,469,0,NTB,digamos assim,12996,13465,469
13465,14522,1057,0,NTB,pelo que a gente tem de,13465,14522,1057
14522,15590,1068,0,GE-Phrase,201,14551,15962,1411
14522,15590,1068,0,NTB,crítica até hoje,14522,15590,1068
15590,15763,173,0,GE-Phrase,201,14551,15962,1411
15590,15763,173,0,NTB,né,15590,15763,173
15763,17363,1600,0,NTB,que consegue entrever isso,15763,17363,1600
23045,24645,1600,0,GE-Phrase,204,23590,25583,1993
23045,24645,1600,0,NTB,como a gente sabe que na cultura hebraica,23045,24645,1600
24645,25227,582,0,GE-Phrase,204,23590,25583,1993
24645,25227,582,0,NTB,foi também,24645,25227,582
25227,26200,973,0,GE-Phrase,205,25583,27102,1519
25227,26200,973,0,NTB,a questão da procedência,25227,26200,973
26200,26302,102,0,GE-Phrase,205,25583,27102,1519
26200,26302,102,0,NTB,né,26200,26302,102
26302,27144,842,0,GE-Phrase,206,27102,28175,1073
26302,27144,842,0,NTB,judaico-cristã,26302,27144,842
27144,28520,1376,0,NTB,por muito tempo,27144,28520,1376
43541,44810,1269,0,GE-Phrase,218,44383,47057,2674
43541,44810,1269,0,NTB,porque você é filho de nũ sei o que,43541,44810,1269
44810,45700,890,0,GE-Phrase,218,44383,47057,2674
44810,45700,890,0,NTB,seu erregê vem,44810,45700,890
45700,46309,609,0,GE-Phrase,218,44383,47057,2674
45700,46309,609,0,NTB,escrito isso,45700,46309,609
46309,47266,957,0,GE-Phrase,219,47057,48898,1841
46309,47266,957,0,NTB,cê tem certidão de nascimento,46309,47266,957
12996,13465,469,0,NTB,digamos assim,12996,13465,469
13465,14522,1057,0,NTB,pelo que a gente tem de,13465,14522,1057
14522,15590,1068,0,GE-Phrase,201,14551,15962,1411
14522,15590,1068,0,NTB,crítica até hoje,14522,15590,1068
15590,15763,173,0,GE-Phrase,201,14551,15962,1411
15590,15763,173,0,NTB,né,15590,15763,173
15763,17363,1600,0,NTB,que consegue entrever isso,15763,17363,1600
23045,24645,1600,0,GE-Phrase,204,23590,25583,1993
23045,24645,1600,0,NTB,como a gente sabe que na cultura hebraica,23045,24645,1600
24645,25227,582,0,GE-Phrase,204,23590,25583,1993
24645,25227,582,0,NTB,foi também,24645,25227,582
25227,26200,973,0,GE-Phrase,205,25583,27102,1519
25227,26200,973,0,NTB,a questão da procedência,25227,26200,973
26200,26302,102,0,GE-Phrase,205,25583,27102,1519
26200,26302,102,0,NTB,né,26200,26302,102
26302,27144,842,0,GE-Phrase,206,27102,28175,1073
26302,27144,842,0,NTB,judaico-cristã,26302,27144,842
27144,28520,1376,0,NTB,por muito tempo,27144,28520,1376
43541,44810,1269,0,GE-Phrase,218,44383,47057,2674
43541,44810,1269,0,NTB,porque você é filho de nũ sei o que,43541,44810,1269
44810,45700,890,0,GE-Phrase,218,44383,47057,2674
44810,45700,890,0,NTB,seu erregê vem,44810,45700,890
45700,46309,609,0,GE-Phrase,218,44383,47057,2674
45700,46309,609,0,NTB,escrito isso,45700,46309,609
46309,47266,957,0,GE-Phrase,219,47057,48898,1841
46309,47266,957,0,NTB,cê tem certidão de nascimento,46309,47266,957
12996,13465,469,0,NTB,digamos assim,12996,13465,469
13465,14522,1057,0,NTB,pelo que a gente tem de,13465,14522,1057
14522,15590,1068,0,GE-Phrase,201,14551,15962,1411
14522,15590,1068,0,NTB,crítica até hoje,14522,15590,1068
15590,15763,173,0,GE-Phrase,201,14551,15962,1411
15590,15763,173,0,NTB,né,15590,15763,173
15763,17363,1600,0,NTB,que consegue entrever isso,15763,17363,1600
23045,24645,1600,0,GE-Phrase,204,23590,25583,1993
23045,24645,1600,0,NTB,como a gente sabe que na cultura hebraica,23045,24645,1600
24645,25227,582,0,GE-Phrase,204,23590,25583,1993
24645,25227,582,0,NTB,foi também,24645,25227,582
25227,26200,973,0,GE-Phrase,205,25583,27102,1519
25227,26200,973,0,NTB,a questão da procedência,25227,26200,973
26200,26302,102,0,GE-Phrase,205,25583,27102,1519
26200,26302,102,0,NTB,né,26200,26302,102
26302,27144,842,0,GE-Phrase,206,27102,28175,1073
26302,27144,842,0,NTB,judaico-cristã,26302,27144,842
27144,28520,1376,0,NTB,por muito tempo,27144,28520,1376
43541,44810,1269,0,GE-Phrase,218,44383,47057,2674
43541,44810,1269,0,NTB,porque você é filho de nũ sei o que,43541,44810,1269
44810,45700,890,0,GE-Phrase,218,44383,47057,2674
44810,45700,890,0,NTB,seu erregê vem,44810,45700,890
45700,46309,609,0,GE-Phrase,218,44383,47057,2674
45700,46309,609,0,NTB,escrito isso,45700,46309,609
46309,47266,957,0,GE-Phrase,219,47057,48898,1841
46309,47266,957,0,NTB,cê tem certidão de nascimento,46309,47266,957
12996,13465,469,0,NTB,digamos assim,12996,13465,469
13465,14522,1057,0,NTB,pelo que a gente tem de,13465,14522,1057
14522,15590,1068,0,GE-Phrase,201,14551,15962,1411
14522,15590,1068,0,NTB,crítica até hoje,14522,15590,1068
15590,15763,173,0,GE-Phrase,201,14551,15962,1411
15590,15763,173,0,NTB,né,15590,15763,173
15763,17363,1600,0,NTB,que consegue entrever isso,15763,17363,1600
23045,24645,1600,0,GE-Phrase,204,23590,25583,1993
23045,24645,1600,0,NTB,como a gente sabe que na cultura hebraica,23045,24645,1600
24645,25227,582,0,GE-Phrase,204,23590,25583,1993
24645,25227,582,0,NTB,foi também,24645,25227,582
25227,26200,973,0,GE-Phrase,205,25583,27102,1519
25227,26200,973,0,NTB,a questão da procedência,25227,26200,973
26200,26302,102,0,GE-Phrase,205,25583,27102,1519
26200,26302,102,0,NTB,né,26200,26302,102
26302,27144,842,0,GE-Phrase,206,27102,28175,1073
26302,27144,842,0,NTB,judaico-cristã,26302,27144,842
27144,28520,1376,0,NTB,por muito tempo,27144,28520,1376
43541,44810,1269,0,GE-Phrase,218,44383,47057,2674
43541,44810,1269,0,NTB,porque você é filho de nũ sei o que,43541,44810,1269
44810,45700,890,0,GE-Phrase,218,44383,47057,2674
44810,45700,890,0,NTB,seu erregê vem,44810,45700,890
45700,46309,609,0,GE-Phrase,218,44383,47057,2674
45700,46309,609,0,NTB,escrito isso,45700,46309,609
46309,47266,957,0,GE-Phrase,219,47057,48898,1841
46309,47266,957,0,NTB,cê tem certidão de nascimento,46309,47266,957
12996,13465,469,0,NTB,digamos assim,12996,13465,469
13465,14522,1057,0,NTB,pelo que a gente tem de,13465,14522,1057
14522,15590,1068,0,GE-Phrase,201,14551,15962,1411
14522,15590,1068,0,NTB,crítica até hoje,14522,15590,1068
15590,15763,173,0,GE-Phrase,201,14551,15962,1411
15590,15763,173,0,NTB,né,15590,15763,173
15763,17363,1600,0,NTB,que consegue entrever isso,15763,17363,1600
23045,24645,1600,0,GE-Phrase,204,23590,25583,1993
23045,24645,1600,0,NTB,como a gente sabe que na cultura hebraica,23045,24645,1600
24645,25227,582,0,GE-Phrase,204,23590,25583,1993
24645,25227,582,0,NTB,foi também,24645,25227,582
25227,26200,973,0,GE-Phrase,205,25583,27102,1519
25227,26200,973,0,NTB,a questão da procedência,25227,26200,973
26200,26302,102,0,GE-Phrase,205,25583,27102,1519
26200,26302,102,0,NTB,né,26200,26302,102
26302,27144,842,0,GE-Phrase,206,27102,28175,1073
26302,27144,842,0,NTB,judaico-cristã,26302,27144,842
27144,28520,1376,0,NTB,por muito tempo,27144,28520,1376
43541,44810,1269,0,GE-Phrase,218,44383,47057,2674
43541,44810,1269,0,NTB,porque você é filho de nũ sei o que,43541,44810,1269
44810,45700,890,0,GE-Phrase,218,44383,47057,2674
44810,45700,890,0,NTB,seu erregê vem,44810,45700,890
45700,46309,609,0,GE-Phrase,218,44383,47057,2674
45700,46309,609,0,NTB,escrito isso,45700,46309,609
46309,47266,957,0,GE-Phrase,219,47057,48898,1841
46309,47266,957,0,NTB,cê tem certidão de nascimento,46309,47266,957
12996,13465,469,0,NTB,digamos assim,12996,13465,469
13465,14522,1057,0,NTB,pelo que a gente tem de,13465,14522,1057
14522,15590,1068,0,GE-Phrase,201,14551,15962,1411
14522,15590,1068,0,NTB,crítica até hoje,14522,15590,1068
15590,15763,173,0,GE-Phrase,201,14551,15962,1411
15590,15763,173,0,NTB,né,15590,15763,173
15763,17363,1600,0,NTB,que consegue entrever isso,15763,17363,1600
23045,24645,1600,0,GE-Phrase,204,23590,25583,1993
23045,24645,1600,0,NTB,como a gente sabe que na cultura hebraica,23045,24645,1600
24645,25227,582,0,GE-Phrase,204,23590,25583,1993
24645,25227,582,0,NTB,foi também,24645,25227,582
25227,26200,973,0,GE-Phrase,205,25583,27102,1519
25227,26200,973,0,NTB,a questão da procedência,25227,26200,973
26200,26302,102,0,GE-Phrase,205,25583,27102,1519
26200,26302,102,0,NTB,né,26200,26302,102
26302,27144,842,0,GE-Phrase,206,27102,28175,1073
26302,27144,842,0,NTB,judaico-cristã,26302,27144,842
27144,28520,1376,0,NTB,por muito tempo,27144,28520,1376
43541,44810,1269,0,GE-Phrase,218,44383,47057,2674
43541,44810,1269,0,NTB,porque você é filho de nũ sei o que,43541,44810,1269
44810,45700,890,0,GE-Phrase,218,44383,47057,2674
44810,45700,890,0,NTB,seu erregê vem,44810,45700,890
45700,46309,609,0,GE-Phrase,218,44383,47057,2674
45700,46309,609,0,NTB,escrito isso,45700,46309,609
46309,47266,957,0,GE-Phrase,219,47057,48898,1841
46309,47266,957,0,NTB,cê tem certidão de nascimento,46309,47266,957
12996,13465,469,0,NTB,digamos assim,12996,13465,469
13465,14522,1057,0,NTB,pelo que a gente tem de,13465,14522,1057
14522,15590,1068,0,GE-Phrase,201,14551,15962,1411
14522,15590,1068,0,NTB,crítica até hoje,14522,15590,1068
15590,15763,173,0,GE-Phrase,201,14551,15962,1411
15590,15763,173,0,NTB,né,15590,15763,173
15763,17363,1600,0,NTB,que consegue entrever isso,15763,17363,1600
23045,24645,1600,0,GE-Phrase,204,23590,25583,1993
23045,24645,1600,0,NTB,como a gente sabe que na cultura hebraica,23045,24645,1600
24645,25227,582,0,GE-Phrase,204,23590,25583,1993
24645,25227,582,0,NTB,foi também,24645,25227,582
25227,26200,973,0,GE-Phrase,205,25583,27102,1519
25227,26200,973,0,NTB,a questão da procedência,25227,26200,973
26200,26302,102,0,GE-Phrase,205,25583,27102,1519
26200,26302,102,0,NTB,né,26200,26302,102
26302,27144,842,0,GE-Phrase,206,27102,28175,1073
26302,27144,842,0,NTB,judaico-cristã,26302,27144,842
27144,28520,1376,0,NTB,por muito tempo,27144,28520,1376
43541,44810,1269,0,GE-Phrase,218,44383,47057,2674
43541,44810,1269,0,NTB,porque você é filho de nũ sei o que,43541,44810,1269
44810,45700,890,0,GE-Phrase,218,44383,47057,2674
44810,45700,890,0,NTB,seu erregê vem,44810,45700,890
45700,46309,609,0,GE-Phrase,218,44383,47057,2674
45700,46309,609,0,NTB,escrito isso,45700,46309,609
46309,47266,957,0,GE-Phrase,219,47057,48898,1841
46309,47266,957,0,NTB,cê tem certidão de nascimento,46309,47266,957
12996,13465,469,0,NTB,digamos assim,12996,13465,469
13465,14522,1057,0,NTB,pelo que a gente tem de,13465,14522,1057
14522,15590,1068,0,GE-Phrase,201,14551,15962,1411
14522,15590,1068,0,NTB,crítica até hoje,14522,15590,1068
15590,15763,173,0,GE-Phrase,201,14551,15962,1411
15590,15763,173,0,NTB,né,15590,15763,173
15763,17363,1600,0,NTB,que consegue entrever isso,15763,17363,1600
23045,24645,1600,0,GE-Phrase,204,23590,25583,1993
23045,24645,1600,0,NTB,como a gente sabe que na cultura hebraica,23045,24645,1600
24645,25227,582,0,GE-Phrase,204,23590,25583,1993
24645,25227,582,0,NTB,foi também,24645,25227,582
25227,26200,973,0,GE-Phrase,205,25583,27102,1519
25227,26200,973,0,NTB,a questão da procedência,25227,26200,973
26200,26302,102,0,GE-Phrase,205,25583,27102,1519
26200,26302,102,0,NTB,né,26200,26302,102
26302,27144,842,0,GE-Phrase,206,27102,28175,1073
26302,27144,842,0,NTB,judaico-cristã,26302,27144,842
27144,28520,1376,0,NTB,por muito tempo,27144,28520,1376
43541,44810,1269,0,GE-Phrase,218,44383,47057,2674
43541,44810,1269,0,NTB,porque você é filho de nũ sei o que,43541,44810,1269
44810,45700,890,0,GE-Phrase,218,44383,47057,2674
44810,45700,890,0,NTB,seu erregê vem,44810,45700,890
45700,46309,609,0,GE-Phrase,218,44383,47057,2674
45700,46309,609,0,NTB,escrito isso,45700,46309,609
46309,47266,957,0,GE-Phrase,219,47057,48898,1841
46309,47266,957,0,NTB,cê tem certidão de nascimento,46309,47266,957
12996,13465,469,0,NTB,digamos assim,12996,13465,469
13465,14522,1057,0,NTB,pelo que a gente tem de,13465,14522,1057
14522,15590,1068,0,GE-Phrase,201,14551,15962,1411
14522,15590,1068,0,NTB,crítica até hoje,14522,15590,1068
15590,15763,173,0,GE-Phrase,201,14551,15962,1411
15590,15763,173,0,NTB,né,15590,15763,173
15763,17363,1600,0,NTB,que consegue entrever isso,15763,17363,1600
23045,24645,1600,0,GE-Phrase,204,23590,25583,1993
23045,24645,1600,0,NTB,como a gente sabe que na cultura hebraica,23045,24645,1600
24645,25227,582,0,GE-Phrase,204,23590,25583,1993
24645,25227,582,0,NTB,foi também,24645,25227,582
25227,26200,973,0,GE-Phrase,205,25583,27102,1519
25227,26200,973,0,NTB,a questão da procedência,25227,26200,973
26200,26302,102,0,GE-Phrase,205,25583,27102,1519
26200,26302,102,0,NTB,né,26200,26302,102
26302,27144,842,0,GE-Phrase,206,27102,28175,1073
26302,27144,842,0,NTB,judaico-cristã,26302,27144,842
27144,28520,1376,0,NTB,por muito tempo,27144,28520,1376
43541,44810,1269,0,GE-Phrase,218,44383,47057,2674
43541,44810,1269,0,NTB,porque você é filho de nũ sei o que,43541,44810,1269
44810,45700,890,0,GE-Phrase,218,44383,47057,2674
44810,45700,890,0,NTB,seu erregê vem,44810,45700,890
45700,46309,609,0,GE-Phrase,218,44383,47057,2674
45700,46309,609,0,NTB,escrito isso,45700,46309,609
46309,47266,957,0,GE-Phrase,219,47057,48898,1841
46309,47266,957,0,NTB,cê tem certidão de nascimento,46309,47266,957
12996,13465,469,0,NTB,digamos assim,12996,13465,469
13465,14522,1057,0,NTB,pelo que a gente tem de,13465,14522,1057
14522,15590,1068,0,GE-Phrase,201,14551,15962,1411
14522,15590,1068,0,NTB,crítica até hoje,14522,15590,1068
15590,15763,173,0,GE-Phrase,201,14551,15962,1411
15590,15763,173,0,NTB,né,15590,15763,173
15763,17363,1600,0,NTB,que consegue entrever isso,15763,17363,1600
23045,24645,1600,0,GE-Phrase,204,23590,25583,1993
23045,24645,1600,0,NTB,como a gente sabe que na cultura hebraica,23045,24645,1600
24645,25227,582,0,GE-Phrase,204,23590,25583,1993
24645,25227,582,0,NTB,foi também,24645,25227,582
25227,26200,973,0,GE-Phrase,205,25583,27102,1519
25227,26200,973,0,NTB,a questão da procedência,25227,26200,973
26200,26302,102,0,GE-Phrase,205,25583,27102,1519
26200,26302,102,0,NTB,né,26200,26302,102
26302,27144,842,0,GE-Phrase,206,27102,28175,1073
26302,27144,842,0,NTB,judaico-cristã,26302,27144,842
27144,28520,1376,0,NTB,por muito tempo,27144,28520,1376
43541,44810,1269,0,GE-Phrase,218,44383,47057,2674
43541,44810,1269,0,NTB,porque você é filho de nũ sei o que,43541,44810,1269
44810,45700,890,0,GE-Phrase,218,44383,47057,2674
44810,45700,890,0,NTB,seu erregê vem,44810,45700,890
45700,46309,609,0,GE-Phrase,218,44383,47057,2674
45700,46309,609,0,NTB,escrito isso,45700,46309,609
46309,47266,957,0,GE-Phrase,219,47057,48898,1841
46309,47266,957,0,NTB,cê tem certidão de nascimento,46309,47266,957
12996,13465,469,0,NTB,digamos assim,12996,13465,469
13465,14522,1057,0,NTB,pelo que a gente tem de,13465,14522,1057
14522,15590,1068,0,GE-Phrase,201,14551,15962,1411
14522,15590,1068,0,NTB,crítica até hoje,14522,15590,1068
15590,15763,173,0,GE-Phrase,201,14551,15962,1411
15590,15763,173,0,NTB,né,15590,15763,173
15763,17363,1600,0,NTB,que consegue entrever isso,15763,17363,1600
23045,24645,1600,0,GE-Phrase,204,23590,25583,1993
23045,24645,1600,0,NTB,como a gente sabe que na cultura hebraica,23045,24645,1600
24645,25227,582,0,GE-Phrase,204,23590,25583,1993
24645,25227,582,0,NTB,foi também,24645,25227,582
25227,26200,973,0,GE-Phrase,205,25583,27102,1519
25227,26200,973,0,NTB,a questão da procedência,25227,26200,973
26200,26302,102,0,GE-Phrase,205,25583,27102,1519
26200,26302,102,0,NTB,né,26200,26302,102
26302,27144,842,0,GE-Phrase,206,27102,28175,1073
26302,27144,842,0,NTB,judaico-cristã,26302,27144,842
27144,28520,1376,0,NTB,por muito tempo,27144,28520,1376
43541,44810,1269,0,GE-Phrase,218,44383,47057,2674
43541,44810,1269,0,NTB,porque você é filho de nũ sei o que,43541,44810,1269
44810,45700,890,0,GE-Phrase,218,44383,47057,2674
44810,45700,890,0,NTB,seu erregê vem,44810,45700,890
45700,46309,609,0,GE-Phrase,218,44383,47057,2674
45700,46309,609,0,NTB,escrito isso,45700,46309,609
46309,47266,957,0,GE-Phrase,219,47057,48898,1841
46309,47266,957,0,NTB,cê tem certidão de nascimento,46309,47266,957
12996,13465,469,0,NTB,digamos assim,12996,13465,469
13465,14522,1057,0,NTB,pelo que a gente tem de,13465,14522,1057
14522,15590,1068,0,GE-Phrase,201,14551,15962,1411
14522,15590,1068,0,NTB,crítica até hoje,14522,15590,1068
15590,15763,173,0,GE-Phrase,201,14551,15962,1411
15590,15763,173,0,NTB,né,15590,15763,173
15763,17363,1600,0,NTB,que consegue entrever isso,15763,17363,1600
23045,24645,1600,0,GE-Phrase,204,23590,25583,1993
23045,24645,1600,0,NTB,como a gente sabe que na cultura hebraica,23045,24645,1600
24645,25227,582,0,GE-Phrase,204,23590,25583,1993
24645,25227,582,0,NTB,foi também,24645,25227,582
25227,26200,973,0,GE-Phrase,205,25583,27102,1519
25227,26200,973,0,NTB,a questão da procedência,25227,26200,973
26200,26302,102,0,GE-Phrase,205,25583,27102,1519
26200,26302,102,0,NTB,né,26200,26302,102
26302,27144,842,0,GE-Phrase,206,27102,28175,1073
26302,27144,842,0,NTB,judaico-cristã,26302,27144,842
27144,28520,1376,0,NTB,por muito tempo,27144,28520,1376
43541,44810,1269,0,GE-Phrase,218,44383,47057,2674
43541,44810,1269,0,NTB,porque você é filho de nũ sei o que,43541,44810,1269
44810,45700,890,0,GE-Phrase,218,44383,47057,2674
44810,45700,890,0,NTB,seu erregê vem,44810,45700,890
45700,46309,609,0,GE-Phrase,218,44383,47057,2674
45700,46309,609,0,NTB,escrito isso,45700,46309,609
46309,47266,957,0,GE-Phrase,219,47057,48898,1841
46309,47266,957,0,NTB,cê tem certidão de nascimento,46309,47266,957
12996,13465,469,0,NTB,digamos assim,12996,13465,469
13465,14522,1057,0,NTB,pelo que a gente tem de,13465,14522,1057
14522,15590,1068,0,GE-Phrase,201,14551,15962,1411
14522,15590,1068,0,NTB,crítica até hoje,14522,15590,1068
15590,15763,173,0,GE-Phrase,201,14551,15962,1411
15590,15763,173,0,NTB,né,15590,15763,173
15763,17363,1600,0,NTB,que consegue entrever isso,15763,17363,1600
23045,24645,1600,0,GE-Phrase,204,23590,25583,1993
23045,24645,1600,0,NTB,como a gente sabe que na cultura hebraica,23045,24645,1600
24645,25227,582,0,GE-Phrase,204,23590,25583,1993
24645,25227,582,0,NTB,foi também,24645,25227,582
25227,26200,973,0,GE-Phrase,205,25583,27102,1519
25227,26200,973,0,NTB,a questão da procedência,25227,26200,973
26200,26302,102,0,GE-Phrase,205,25583,27102,1519
26200,26302,102,0,NTB,né,26200,26302,102
26302,27144,842,0,GE-Phrase,206,27102,28175,1073
26302,27144,842,0,NTB,judaico-cristã,26302,27144,842
27144,28520,1376,0,NTB,por muito tempo,27144,28520,1376
43541,44810,1269,0,GE-Phrase,218,44383,47057,2674
43541,44810,1269,0,NTB,porque você é filho de nũ sei o que,43541,44810,1269
44810,45700,890,0,GE-Phrase,218,44383,47057,2674
44810,45700,890,0,NTB,seu erregê vem,44810,45700,890
45700,46309,609,0,GE-Phrase,218,44383,47057,2674
45700,46309,609,0,NTB,escrito isso,45700,46309,609
46309,47266,957,0,GE-Phrase,219,47057,48898,1841
46309,47266,957,0,NTB,cê tem certidão de nascimento,46309,47266,957
12996,13465,469,0,NTB,digamos assim,12996,13465,469
13465,14522,1057,0,NTB,pelo que a gente tem de,13465,14522,1057
14522,15590,1068,0,GE-Phrase,201,14551,15962,1411
14522,15590,1068,0,NTB,crítica até hoje,14522,15590,1068
15590,15763,173,0,GE-Phrase,201,14551,15962,1411
15590,15763,173,0,NTB,né,15590,15763,173
15763,17363,1600,0,NTB,que consegue entrever isso,15763,17363,1600
23045,24645,1600,0,GE-Phrase,204,23590,25583,1993
23045,24645,1600,0,NTB,como a gente sabe que na cultura hebraica,23045,24645,1600
24645,25227,582,0,GE-Phrase,204,23590,25583,1993
24645,25227,582,0,NTB,foi também,24645,25227,582
25227,26200,973,0,GE-Phrase,205,25583,27102,1519
25227,26200,973,0,NTB,a questão da procedência,25227,26200,973
26200,26302,102,0,GE-Phrase,205,25583,27102,1519
26200,26302,102,0,NTB,né,26200,26302,102
26302,27144,842,0,GE-Phrase,206,27102,28175,1073
26302,27144,842,0,NTB,judaico-cristã,26302,27144,842
27144,28520,1376,0,NTB,por muito tempo,27144,28520,1376
43541,44810,1269,0,GE-Phrase,218,44383,47057,2674
43541,44810,1269,0,NTB,porque você é filho de nũ sei o que,43541,44810,1269
44810,45700,890,0,GE-Phrase,218,44383,47057,2674
44810,45700,890,0,NTB,seu erregê vem,44810,45700,890
45700,46309,609,0,GE-Phrase,218,44383,47057,2674
45700,46309,609,0,NTB,escrito isso,45700,46309,609
46309,47266,957,0,GE-Phrase,219,47057,48898,1841
46309,47266,957,0,NTB,cê tem certidão de nascimento,46309,47266,957
12996,13465,469,0,NTB,digamos assim,12996,13465,469
13465,14522,1057,0,NTB,pelo que a gente tem de,13465,14522,1057
14522,15590,1068,0,GE-Phrase,201,14551,15962,1411
14522,15590,1068,0,NTB,crítica até hoje,14522,15590,1068
15590,15763,173,0,GE-Phrase,201,14551,15962,1411
15590,15763,173,0,NTB,né,15590,15763,173
15763,17363,1600,0,NTB,que consegue entrever isso,15763,17363,1600
23045,24645,1600,0,GE-Phrase,204,23590,25583,1993
23045,24645,1600,0,NTB,como a gente sabe que na cultura hebraica,23045,24645,1600
24645,25227,582,0,GE-Phrase,204,23590,25583,1993
24645,25227,582,0,NTB,foi também,24645,25227,582
25227,26200,973,0,GE-Phrase,205,25583,27102,1519
25227,26200,973,0,NTB,a questão da procedência,25227,26200,973
26200,26302,102,0,GE-Phrase,205,25583,27102,1519
26200,26302,102,0,NTB,né,26200,26302,102
26302,27144,842,0,GE-Phrase,206,27102,28175,1073
26302,27144,842,0,NTB,judaico-cristã,26302,27144,842
27144,28520,1376,0,NTB,por muito tempo,27144,28520,1376
43541,44810,1269,0,GE-Phrase,218,44383,47057,2674
43541,44810,1269,0,NTB,porque você é filho de nũ sei o que,43541,44810,1269
44810,45700,890,0,GE-Phrase,218,44383,47057,2674
44810,45700,890,0,NTB,seu erregê vem,44810,45700,890
45700,46309,609,0,GE-Phrase,218,44383,47057,2674
45700,46309,609,0,NTB,escrito isso,45700,46309,609
46309,47266,957,0,GE-Phrase,219,47057,48898,1841
46309,47266,957,0,NTB,cê tem certidão de nascimento,46309,47266,957
12996,13465,469,0,NTB,digamos assim,12996,13465,469
13465,14522,1057,0,NTB,pelo que a gente tem de,13465,14522,1057
14522,15590,1068,0,GE-Phrase,201,14551,15962,1411
14522,15590,1068,0,NTB,crítica até hoje,14522,15590,1068
15590,15763,173,0,GE-Phrase,201,14551,15962,1411
15590,15763,173,0,NTB,né,15590,15763,173
15763,17363,1600,0,NTB,que consegue entrever isso,15763,17363,1600
23045,24645,1600,0,GE-Phrase,204,23590,25583,1993
23045,24645,1600,0,NTB,como a gente sabe que na cultura hebraica,23045,24645,1600
24645,25227,582,0,GE-Phrase,204,23590,25583,1993
24645,25227,582,0,NTB,foi também,24645,25227,582
25227,26200,973,0,GE-Phrase,205,25583,27102,1519
25227,26200,973,0,NTB,a questão da procedência,25227,26200,973
26200,26302,102,0,GE-Phrase,205,25583,27102,1519
26200,26302,102,0,NTB,né,26200,26302,102
26302,27144,842,0,GE-Phrase,206,27102,28175,1073
26302,27144,842,0,NTB,judaico-cristã,26302,27144,842
27144,28520,1376,0,NTB,por muito tempo,27144,28520,1376
43541,44810,1269,0,GE-Phrase,218,44383,47057,2674
43541,44810,1269,0,NTB,porque você é filho de nũ sei o que,43541,44810,1269
44810,45700,890,0,GE-Phrase,218,44383,47057,2674
44810,45700,890,0,NTB,seu erregê vem,44810,45700,890
45700,46309,609,0,GE-Phrase,218,44383,47057,2674
45700,46309,609,0,NTB,escrito isso,45700,46309,609
46309,47266,957,0,GE-Phrase,219,47057,48898,1841
46309,47266,957,0,NTB,cê tem certidão de nascimento,46309,47266,957
12996,13465,469,0,NTB,digamos assim,12996,13465,469
13465,14522,1057,0,NTB,pelo que a gente tem de,13465,14522,1057
14522,15590,1068,0,GE-Phrase,201,14551,15962,1411
14522,15590,1068,0,NTB,crítica até hoje,14522,15590,1068
15590,15763,173,0,GE-Phrase,201,14551,15962,1411
15590,15763,173,0,NTB,né,15590,15763,173
15763,17363,1600,0,NTB,que consegue entrever isso,15763,17363,1600
23045,24645,1600,0,GE-Phrase,204,23590,25583,1993
23045,24645,1600,0,NTB,como a gente sabe que na cultura hebraica,23045,24645,1600
24645,25227,582,0,GE-Phrase,204,23590,25583,1993
24645,25227,582,0,NTB,foi também,24645,25227,582
25227,26200,973,0,GE-Phrase,205,25583,27102,1519
25227,26200,973,0,NTB,a questão da procedência,25227,26200,973
26200,26302,102,0,GE-Phrase,205,25583,27102,1519
26200,26302,102,0,NTB,né,26200,26302,102
26302,27144,842,0,GE-Phrase,206,27102,28175,1073
26302,27144,842,0,NTB,judaico-cristã,26302,27144,842
27144,28520,1376,0,NTB,por muito tempo,27144,28520,1376
43541,44810,1269,0,GE-Phrase,218,44383,47057,2674
43541,44810,1269,0,NTB,porque você é filho de nũ sei o que,43541,44810,1269
44810,45700,890,0,GE-Phrase,218,44383,47057,2674
44810,45700,890,0,NTB,seu erregê vem,44810,45700,890
45700,46309,609,0,GE-Phrase,218,44383,47057,2674
45700,46309,609,0,NTB,escrito isso,45700,46309,609
46309,47266,957,0,GE-Phrase,219,47057,48898,1841
46309,47266,957,0,NTB,cê tem certidão de nascimento,46309,47266,957
12996,13465,469,0,NTB,digamos assim,12996,13465,469
13465,14522,1057,0,NTB,pelo que a gente tem de,13465,14522,1057
14522,15590,1068,0,GE-Phrase,201,14551,15962,1411
14522,15590,1068,0,NTB,crítica até hoje,14522,15590,1068
15590,15763,173,0,GE-Phrase,201,14551,15962,1411
15590,15763,173,0,NTB,né,15590,15763,173
15763,17363,1600,0,NTB,que consegue entrever isso,15763,17363,1600
23045,24645,1600,0,GE-Phrase,204,23590,25583,1993
23045,24645,1600,0,NTB,como a gente sabe que na cultura hebraica,23045,24645,1600
24645,25227,582,0,GE-Phrase,204,23590,25583,1993
24645,25227,582,0,NTB,foi também,24645,25227,582
25227,26200,973,0,GE-Phrase,205,25583,27102,1519
25227,26200,973,0,NTB,a questão da procedência,25227,26200,973
26200,26302,102,0,GE-Phrase,205,25583,27102,1519
26200,26302,102,0,NTB,né,26200,26302,102
26302,27144,842,0,GE-Phrase,206,27102,28175,1073
26302,27144,842,0,NTB,judaico-cristã,26302,27144,842
27144,28520,1376,0,NTB,por muito tempo,27144,28520,1376
43541,44810,1269,0,GE-Phrase,218,44383,47057,2674
43541,44810,1269,0,NTB,porque você é filho de nũ sei o que,43541,44810,1269
44810,45700,890,0,GE-Phrase,218,44383,47057,2674
44810,45700,890,0,NTB,seu erregê vem,44810,45700,890
45700,46309,609,0,GE-Phrase,218,44383,47057,2674
45700,46309,609,0,NTB,escrito isso,45700,46309,609
46309,47266,957,0,GE-Phrase,219,47057,48898,1841
46309,47266,957,0,NTB,cê tem certidão de nascimento,46309,47266,957
12996,13465,469,0,NTB,digamos assim,12996,13465,469
13465,14522,1057,0,NTB,pelo que a gente tem de,13465,14522,1057
14522,15590,1068,0,GE-Phrase,201,14551,15962,1411
14522,15590,1068,0,NTB,crítica até hoje,14522,15590,1068
15590,15763,173,0,GE-Phrase,201,14551,15962,1411
15590,15763,173,0,NTB,né,15590,15763,173
15763,17363,1600,0,NTB,que consegue entrever isso,15763,17363,1600
23045,24645,1600,0,GE-Phrase,204,23590,25583,1993
23045,24645,1600,0,NTB,como a gente sabe que na cultura hebraica,23045,24645,1600
24645,25227,582,0,GE-Phrase,204,23590,25583,1993
24645,25227,582,0,NTB,foi também,24645,25227,582
25227,26200,973,0,GE-Phrase,205,25583,27102,1519
25227,26200,973,0,NTB,a questão da procedência,25227,26200,973
26200,26302,102,0,GE-Phrase,205,25583,27102,1519
26200,26302,102,0,NTB,né,26200,26302,102
26302,27144,842,0,GE-Phrase,206,27102,28175,1073
26302,27144,842,0,NTB,judaico-cristã,26302,27144,842
27144,28520,1376,0,NTB,por muito tempo,27144,28520,1376
43541,44810,1269,0,GE-Phrase,218,44383,47057,2674
43541,44810,1269,0,NTB,porque você é filho de nũ sei o que,43541,44810,1269
44810,45700,890,0,GE-Phrase,218,44383,47057,2674
44810,45700,890,0,NTB,seu erregê vem,44810,45700,890
45700,46309,609,0,GE-Phrase,218,44383,47057,2674
45700,46309,609,0,NTB,escrito isso,45700,46309,609
46309,47266,957,0,GE-Phrase,219,47057,48898,1841
46309,47266,957,0,NTB,cê tem certidão de nascimento,46309,47266,957
12996,13465,469,0,NTB,digamos assim,12996,13465,469
13465,14522,1057,0,NTB,pelo que a gente tem de,13465,14522,1057
14522,15590,1068,0,GE-Phrase,201,14551,15962,1411
14522,15590,1068,0,NTB,crítica até hoje,14522,15590,1068
15590,15763,173,0,GE-Phrase,201,14551,15962,1411
15590,15763,173,0,NTB,né,15590,15763,173
15763,17363,1600,0,NTB,que consegue entrever isso,15763,17363,1600
23045,24645,1600,0,GE-Phrase,204,23590,25583,1993
23045,24645,1600,0,NTB,como a gente sabe que na cultura hebraica,23045,24645,1600
24645,25227,582,0,GE-Phrase,204,23590,25583,1993
24645,25227,582,0,NTB,foi também,24645,25227,582
25227,26200,973,0,GE-Phrase,205,25583,27102,1519
25227,26200,973,0,NTB,a questão da procedência,25227,26200,973
26200,26302,102,0,GE-Phrase,205,25583,27102,1519
26200,26302,102,0,NTB,né,26200,26302,102
26302,27144,842,0,GE-Phrase,206,27102,28175,1073
26302,27144,842,0,NTB,judaico-cristã,26302,27144,842
27144,28520,1376,0,NTB,por muito tempo,27144,28520,1376
43541,44810,1269,0,GE-Phrase,218,44383,47057,2674
43541,44810,1269,0,NTB,porque você é filho de nũ sei o que,43541,44810,1269
44810,45700,890,0,GE-Phrase,218,44383,47057,2674
44810,45700,890,0,NTB,seu erregê vem,44810,45700,890
45700,46309,609,0,GE-Phrase,218,44383,47057,2674
45700,46309,609,0,NTB,escrito isso,45700,46309,609
46309,47266,957,0,GE-Phrase,219,47057,48898,1841
46309,47266,957,0,NTB,cê tem certidão de nascimento,46309,47266,957
12996,13465,469,0,NTB,digamos assim,12996,13465,469
13465,14522,1057,0,NTB,pelo que a gente tem de,13465,14522,1057
14522,15590,1068,0,GE-Phrase,201,14551,15962,1411
14522,15590,1068,0,NTB,crítica até hoje,14522,15590,1068
15590,15763,173,0,GE-Phrase,201,14551,15962,1411
15590,15763,173,0,NTB,né,15590,15763,173
15763,17363,1600,0,NTB,que consegue entrever isso,15763,17363,1600
23045,24645,1600,0,GE-Phrase,204,23590,25583,1993
23045,24645,1600,0,NTB,como a gente sabe que na cultura hebraica,23045,24645,1600
24645,25227,582,0,GE-Phrase,204,23590,25583,1993
24645,25227,582,0,NTB,foi também,24645,25227,582
25227,26200,973,0,GE-Phrase,205,25583,27102,1519
25227,26200,973,0,NTB,a questão da procedência,25227,26200,973
26200,26302,102,0,GE-Phrase,205,25583,27102,1519
26200,26302,102,0,NTB,né,26200,26302,102
26302,27144,842,0,GE-Phrase,206,27102,28175,1073
26302,27144,842,0,NTB,judaico-cristã,26302,27144,842
27144,28520,1376,0,NTB,por muito tempo,27144,28520,1376
43541,44810,1269,0,GE-Phrase,218,44383,47057,2674
43541,44810,1269,0,NTB,porque você é filho de nũ sei o que,43541,44810,1269
44810,45700,890,0,GE-Phrase,218,44383,47057,2674
44810,45700,890,0,NTB,seu erregê vem,44810,45700,890
45700,46309,609,0,GE-Phrase,218,44383,47057,2674
45700,46309,609,0,NTB,escrito isso,45700,46309,609
46309,47266,957,0,GE-Phrase,219,47057,48898,1841
46309,47266,957,0,NTB,cê tem certidão de nascimento,46309,47266,957
12996,13465,469,0,NTB,digamos assim,12996,13465,469
13465,14522,1057,0,NTB,pelo que a gente tem de,13465,14522,1057
14522,15590,1068,0,GE-Phrase,201,14551,15962,1411
14522,15590,1068,0,NTB,crítica até hoje,14522,15590,1068
15590,15763,173,0,GE-Phrase,201,14551,15962,1411
15590,15763,173,0,NTB,né,15590,15763,173
15763,17363,1600,0,NTB,que consegue entrever isso,15763,17363,1600
23045,24645,1600,0,GE-Phrase,204,23590,25583,1993
23045,24645,1600,0,NTB,como a gente sabe que na cultura hebraica,23045,24645,1600
24645,25227,582,0,GE-Phrase,204,23590,25583,1993
24645,25227,582,0,NTB,foi também,24645,25227,582
25227,26200,973,0,GE-Phrase,205,25583,27102,1519
25227,26200,973,0,NTB,a questão da procedência,25227,26200,973
26200,26302,102,0,GE-Phrase,205,25583,27102,1519
26200,26302,102,0,NTB,né,26200,26302,102
26302,27144,842,0,GE-Phrase,206,27102,28175,1073
26302,27144,842,0,NTB,judaico-cristã,26302,27144,842
27144,28520,1376,0,NTB,por muito tempo,27144,28520,1376
43541,44810,1269,0,GE-Phrase,218,44383,47057,2674
43541,44810,1269,0,NTB,porque você é filho de nũ sei o que,43541,44810,1269
44810,45700,890,0,GE-Phrase,218,44383,47057,2674
44810,45700,890,0,NTB,seu erregê vem,44810,45700,890
45700,46309,609,0,GE-Phrase,218,44383,47057,2674
45700,46309,609,0,NTB,escrito isso,45700,46309,609
46309,47266,957,0,GE-Phrase,219,47057,48898,1841
46309,47266,957,0,NTB,cê tem certidão de nascimento,46309,47266,957
12996,13465,469,0,NTB,digamos assim,12996,13465,469
13465,14522,1057,0,NTB,pelo que a gente tem de,13465,14522,1057
14522,15590,1068,0,GE-Phrase,201,14551,15962,1411
14522,15590,1068,0,NTB,crítica até hoje,14522,15590,1068
15590,15763,173,0,GE-Phrase,201,14551,15962,1411
15590,15763,173,0,NTB,né,15590,15763,173
15763,17363,1600,0,NTB,que consegue entrever isso,15763,17363,1600
23045,24645,1600,0,GE-Phrase,204,23590,25583,1993
23045,24645,1600,0,NTB,como a gente sabe que na cultura hebraica,23045,24645,1600
24645,25227,582,0,GE-Phrase,204,23590,25583,1993
24645,25227,582,0,NTB,foi também,24645,25227,582
25227,26200,973,0,GE-Phrase,205,25583,27102,1519
25227,26200,973,0,NTB,a questão da procedência,25227,26200,973
26200,26302,102,0,GE-Phrase,205,25583,27102,1519
26200,26302,102,0,NTB,né,26200,26302,102
26302,27144,842,0,GE-Phrase,206,27102,28175,1073
26302,27144,842,0,NTB,judaico-cristã,26302,27144,842
27144,28520,1376,0,NTB,por muito tempo,27144,28520,1376
43541,44810,1269,0,GE-Phrase,218,44383,47057,2674
43541,44810,1269,0,NTB,porque você é filho de nũ sei o que,43541,44810,1269
44810,45700,890,0,GE-Phrase,218,44383,47057,2674
44810,45700,890,0,NTB,seu erregê vem,44810,45700,890
45700,46309,609,0,GE-Phrase,218,44383,47057,2674
45700,46309,609,0,NTB,escrito isso,45700,46309,609
46309,47266,957,0,GE-Phrase,219,47057,48898,1841
46309,47266,957,0,NTB,cê tem certidão de nascimento,46309,47266,957
12996,13465,469,0,NTB,digamos assim,12996,13465,469
13465,14522,1057,0,NTB,pelo que a gente tem de,13465,14522,1057
14522,15590,1068,0,GE-Phrase,201,14551,15962,1411
14522,15590,1068,0,NTB,crítica até hoje,14522,15590,1068
15590,15763,173,0,GE-Phrase,201,14551,15962,1411
15590,15763,173,0,NTB,né,15590,15763,173
15763,17363,1600,0,NTB,que consegue entrever isso,15763,17363,1600
23045,24645,1600,0,GE-Phrase,204,23590,25583,1993
23045,24645,1600,0,NTB,como a gente sabe que na cultura hebraica,23045,24645,1600
24645,25227,582,0,GE-Phrase,204,23590,25583,1993
24645,25227,582,0,NTB,foi também,24645,25227,582
25227,26200,973,0,GE-Phrase,205,25583,27102,1519
25227,26200,973,0,NTB,a questão da procedência,25227,26200,973
26200,26302,102,0,GE-Phrase,205,25583,27102,1519
26200,26302,102,0,NTB,né,26200,26302,102
26302,27144,842,0,GE-Phrase,206,27102,28175,1073
26302,27144,842,0,NTB,judaico-cristã,26302,27144,842
27144,28520,1376,0,NTB,por muito tempo,27144,28520,1376
43541,44810,1269,0,GE-Phrase,218,44383,47057,2674
43541,44810,1269,0,NTB,porque você é filho de nũ sei o que,43541,44810,1269
44810,45700,890,0,GE-Phrase,218,44383,47057,2674
44810,45700,890,0,NTB,seu erregê vem,44810,45700,890
45700,46309,609,0,GE-Phrase,218,44383,47057,2674
45700,46309,609,0,NTB,escrito isso,45700,46309,609
46309,47266,957,0,GE-Phrase,219,47057,48898,1841
46309,47266,957,0,NTB,cê tem certidão de nascimento,46309,47266,957
12996,13465,469,0,NTB,digamos assim,12996,13465,469
13465,14522,1057,0,NTB,pelo que a gente tem de,13465,14522,1057
14522,15590,1068,0,GE-Phrase,201,14551,15962,1411
14522,15590,1068,0,NTB,crítica até hoje,14522,15590,1068
15590,15763,173,0,GE-Phrase,201,14551,15962,1411
15590,15763,173,0,NTB,né,15590,15763,173
15763,17363,1600,0,NTB,que consegue entrever isso,15763,17363,1600
23045,24645,1600,0,GE-Phrase,204,23590,25583,1993
23045,24645,1600,0,NTB,como a gente sabe que na cultura hebraica,23045,24645,1600
24645,25227,582,0,GE-Phrase,204,23590,25583,1993
24645,25227,582,0,NTB,foi também,24645,25227,582
25227,26200,973,0,GE-Phrase,205,25583,27102,1519
25227,26200,973,0,NTB,a questão da procedência,25227,26200,973
26200,26302,102,0,GE-Phrase,205,25583,27102,1519
26200,26302,102,0,NTB,né,26200,26302,102
26302,27144,842,0,GE-Phrase,206,27102,28175,1073
26302,27144,842,0,NTB,judaico-cristã,26302,27144,842
27144,28520,1376,0,NTB,por muito tempo,27144,28520,1376
43541,44810,1269,0,GE-Phrase,218,44383,47057,2674
43541,44810,1269,0,NTB,porque você é filho de nũ sei o que,43541,44810,1269
44810,45700,890,0,GE-Phrase,218,44383,47057,2674
44810,45700,890,0,NTB,seu erregê vem,44810,45700,890
45700,46309,609,0,GE-Phrase,218,44383,47057,2674
45700,46309,609,0,NTB,escrito isso,45700,46309,609
46309,47266,957,0,GE-Phrase,219,47057,48898,1841
46309,47266,957,0,NTB,cê tem certidão de nascimento,46309,47266,957
12996,13465,469,0,NTB,digamos assim,12996,13465,469
13465,14522,1057,0,NTB,pelo que a gente tem de,13465,14522,1057
14522,15590,1068,0,GE-Phrase,201,14551,15962,1411
14522,15590,1068,0,NTB,crítica até hoje,14522,15590,1068
15590,15763,173,0,GE-Phrase,201,14551,15962,1411
15590,15763,173,0,NTB,né,15590,15763,173
15763,17363,1600,0,NTB,que consegue entrever isso,15763,17363,1600
23045,24645,1600,0,GE-Phrase,204,23590,25583,1993
23045,24645,1600,0,NTB,como a gente sabe que na cultura hebraica,23045,24645,1600
24645,25227,582,0,GE-Phrase,204,23590,25583,1993
24645,25227,582,0,NTB,foi também,24645,25227,582
25227,26200,973,0,GE-Phrase,205,25583,27102,1519
25227,26200,973,0,NTB,a questão da procedência,25227,26200,973
26200,26302,102,0,GE-Phrase,205,25583,27102,1519
26200,26302,102,0,NTB,né,26200,26302,102
26302,27144,842,0,GE-Phrase,206,27102,28175,1073
26302,27144,842,0,NTB,judaico-cristã,26302,27144,842
27144,28520,1376,0,NTB,por muito tempo,27144,28520,1376
43541,44810,1269,0,GE-Phrase,218,44383,47057,2674
43541,44810,1269,0,NTB,porque você é filho de nũ sei o que,43541,44810,1269
44810,45700,890,0,GE-Phrase,218,44383,47057,2674
44810,45700,890,0,NTB,seu erregê vem,44810,45700,890
45700,46309,609,0,GE-Phrase,218,44383,47057,2674
45700,46309,609,0,NTB,escrito isso,45700,46309,609
46309,47266,957,0,GE-Phrase,219,47057,48898,1841
46309,47266,957,0,NTB,cê tem certidão de nascimento,46309,47266,957
12996,13465,469,0,NTB,digamos assim,12996,13465,469
13465,14522,1057,0,NTB,pelo que a gente tem de,13465,14522,1057
14522,15590,1068,0,GE-Phrase,201,14551,15962,1411
14522,15590,1068,0,NTB,crítica até hoje,14522,15590,1068
15590,15763,173,0,GE-Phrase,201,14551,15962,1411
15590,15763,173,0,NTB,né,15590,15763,173
15763,17363,1600,0,NTB,que consegue entrever isso,15763,17363,1600
23045,24645,1600,0,GE-Phrase,204,23590,25583,1993
23045,24645,1600,0,NTB,como a gente sabe que na cultura hebraica,23045,24645,1600
24645,25227,582,0,GE-Phrase,204,23590,25583,1993
24645,25227,582,0,NTB,foi também,24645,25227,582
25227,26200,973,0,GE-Phrase,205,25583,27102,1519
25227,26200,973,0,NTB,a questão da procedência,25227,26200,973
26200,26302,102,0,GE-Phrase,205,25583,27102,1519
26200,26302,102,0,NTB,né,26200,26302,102
26302,27144,842,0,GE-Phrase,206,27102,28175,1073
26302,27144,842,0,NTB,judaico-cristã,26302,27144,842
27144,28520,1376,0,NTB,por muito tempo,27144,28520,1376
43541,44810,1269,0,GE-Phrase,218,44383,47057,2674
43541,44810,1269,0,NTB,porque você é filho de nũ sei o que,43541,44810,1269
44810,45700,890,0,GE-Phrase,218,44383,47057,2674
44810,45700,890,0,NTB,seu erregê vem,44810,45700,890
45700,46309,609,0,GE-Phrase,218,44383,47057,2674
45700,46309,609,0,NTB,escrito isso,45700,46309,609
46309,47266,957,0,GE-Phrase,219,47057,48898,1841
46309,47266,957,0,NTB,cê tem certidão de nascimento,46309,47266,957
12996,13465,469,0,NTB,digamos assim,12996,13465,469
13465,14522,1057,0,NTB,pelo que a gente tem de,13465,14522,1057
14522,15590,1068,0,GE-Phrase,201,14551,15962,1411
14522,15590,1068,0,NTB,crítica até hoje,14522,15590,1068
15590,15763,173,0,GE-Phrase,201,14551,15962,1411
15590,15763,173,0,NTB,né,15590,15763,173
15763,17363,1600,0,NTB,que consegue entrever isso,15763,17363,1600
23045,24645,1600,0,GE-Phrase,204,23590,25583,1993
23045,24645,1600,0,NTB,como a gente sabe que na cultura hebraica,23045,24645,1600
24645,25227,582,0,GE-Phrase,204,23590,25583,1993
24645,25227,582,0,NTB,foi também,24645,25227,582
25227,26200,973,0,GE-Phrase,205,25583,27102,1519
25227,26200,973,0,NTB,a questão da procedência,25227,26200,973
26200,26302,102,0,GE-Phrase,205,25583,27102,1519
26200,26302,102,0,NTB,né,26200,26302,102
26302,27144,842,0,GE-Phrase,206,27102,28175,1073
26302,27144,842,0,NTB,judaico-cristã,26302,27144,842
27144,28520,1376,0,NTB,por muito tempo,27144,28520,1376
43541,44810,1269,0,GE-Phrase,218,44383,47057,2674
43541,44810,1269,0,NTB,porque você é filho de nũ sei o que,43541,44810,1269
44810,45700,890,0,GE-Phrase,218,44383,47057,2674
44810,45700,890,0,NTB,seu erregê vem,44810,45700,890
45700,46309,609,0,GE-Phrase,218,44383,47057,2674
45700,46309,609,0,NTB,escrito isso,45700,46309,609
46309,47266,957,0,GE-Phrase,219,47057,48898,1841
46309,47266,957,0,NTB,cê tem certidão de nascimento,46309,47266,957
12996,13465,469,0,NTB,digamos assim,12996,13465,469
13465,14522,1057,0,NTB,pelo que a gente tem de,13465,14522,1057
14522,15590,1068,0,GE-Phrase,201,14551,15962,1411
14522,15590,1068,0,NTB,crítica até hoje,14522,15590,1068
15590,15763,173,0,GE-Phrase,201,14551,15962,1411
15590,15763,173,0,NTB,né,15590,15763,173
15763,17363,1600,0,NTB,que consegue entrever isso,15763,17363,1600
23045,24645,1600,0,GE-Phrase,204,23590,25583,1993
23045,24645,1600,0,NTB,como a gente sabe que na cultura hebraica,23045,24645,1600
24645,25227,582,0,GE-Phrase,204,23590,25583,1993
24645,25227,582,0,NTB,foi também,24645,25227,582
25227,26200,973,0,GE-Phrase,205,25583,27102,1519
25227,26200,973,0,NTB,a questão da procedência,25227,26200,973
26200,26302,102,0,GE-Phrase,205,25583,27102,1519
26200,26302,102,0,NTB,né,26200,26302,102
26302,27144,842,0,GE-Phrase,206,27102,28175,1073
26302,27144,842,0,NTB,judaico-cristã,26302,27144,842
27144,28520,1376,0,NTB,por muito tempo,27144,28520,1376
43541,44810,1269,0,GE-Phrase,218,44383,47057,2674
43541,44810,1269,0,NTB,porque você é filho de nũ sei o que,43541,44810,1269
44810,45700,890,0,GE-Phrase,218,44383,47057,2674
44810,45700,890,0,NTB,seu erregê vem,44810,45700,890
45700,46309,609,0,GE-Phrase,218,44383,47057,2674
45700,46309,609,0,NTB,escrito isso,45700,46309,609
46309,47266,957,0,GE-Phrase,219,47057,48898,1841
46309,47266,957,0,NTB,cê tem certidão de nascimento,46309,47266,957
12996,13465,469,0,NTB,digamos assim,12996,13465,469
13465,14522,1057,0,NTB,pelo que a gente tem de,13465,14522,1057
14522,15590,1068,0,GE-Phrase,201,14551,15962,1411
14522,15590,1068,0,NTB,crítica até hoje,14522,15590,1068
15590,15763,173,0,GE-Phrase,201,14551,15962,1411
15590,15763,173,0,NTB,né,15590,15763,173
15763,17363,1600,0,NTB,que consegue entrever isso,15763,17363,1600
23045,24645,1600,0,GE-Phrase,204,23590,25583,1993
23045,24645,1600,0,NTB,como a gente sabe que na cultura hebraica,23045,24645,1600
24645,25227,582,0,GE-Phrase,204,23590,25583,1993
24645,25227,582,0,NTB,foi também,24645,25227,582
25227,26200,973,0,GE-Phrase,205,25583,27102,1519
25227,26200,973,0,NTB,a questão da procedência,25227,26200,973
26200,26302,102,0,GE-Phrase,205,25583,27102,1519
26200,26302,102,0,NTB,né,26200,26302,102
26302,27144,842,0,GE-Phrase,206,27102,28175,1073
26302,27144,842,0,NTB,judaico-cristã,26302,27144,842
27144,28520,1376,0,NTB,por muito tempo,27144,28520,1376
43541,44810,1269,0,GE-Phrase,218,44383,47057,2674
43541,44810,1269,0,NTB,porque você é filho de nũ sei o que,43541,44810,1269
44810,45700,890,0,GE-Phrase,218,44383,47057,2674
44810,45700,890,0,NTB,seu erregê vem,44810,45700,890
45700,46309,609,0,GE-Phrase,218,44383,47057,2674
45700,46309,609,0,NTB,escrito isso,45700,46309,609
46309,47266,957,0,GE-Phrase,219,47057,48898,1841
46309,47266,957,0,NTB,cê tem certidão de nascimento,46309,47266,957
12996,13465,469,0,NTB,digamos assim,12996,13465,469
13465,14522,1057,0,NTB,pelo que a gente tem de,13465,14522,1057
14522,15590,1068,0,GE-Phrase,201,14551,15962,1411
14522,15590,1068,0,NTB,crítica até hoje,14522,15590,1068
15590,15763,173,0,GE-Phrase,201,14551,15962,1411
15590,15763,173,0,NTB,né,15590,15763,173
15763,17363,1600,0,NTB,que consegue entrever isso,15763,17363,1600
23045,24645,1600,0,GE-Phrase,204,23590,25583,1993
23045,24645,1600,0,NTB,como a gente sabe que na cultura hebraica,23045,24645,1600
24645,25227,582,0,GE-Phrase,204,23590,25583,1993
24645,25227,582,0,NTB,foi também,24645,25227,582
25227,26200,973,0,GE-Phrase,205,25583,27102,1519
25227,26200,973,0,NTB,a questão da procedência,25227,26200,973
26200,26302,102,0,GE-Phrase,205,25583,27102,1519
26200,26302,102,0,NTB,né,26200,26302,102
26302,27144,842,0,GE-Phrase,206,27102,28175,1073
26302,27144,842,0,NTB,judaico-cristã,26302,27144,842
27144,28520,1376,0,NTB,por muito tempo,27144,28520,1376
43541,44810,1269,0,GE-Phrase,218,44383,47057,2674
43541,44810,1269,0,NTB,porque você é filho de nũ sei o que,43541,44810,1269
44810,45700,890,0,GE-Phrase,218,44383,47057,2674
44810,45700,890,0,NTB,seu erregê vem,44810,45700,890
45700,46309,609,0,GE-Phrase,218,44383,47057,2674
45700,46309,609,0,NTB,escrito isso,45700,46309,609
46309,47266,957,0,GE-Phrase,219,47057,48898,1841
46309,47266,957,0,NTB,cê tem certidão de nascimento,46309,47266,957
12996,13465,469,0,NTB,digamos assim,12996,13465,469
13465,14522,1057,0,NTB,pelo que a gente tem de,13465,14522,1057
14522,15590,1068,0,GE-Phrase,201,14551,15962,1411
14522,15590,1068,0,NTB,crítica até hoje,14522,15590,1068
15590,15763,173,0,GE-Phrase,201,14551,15962,1411
15590,15763,173,0,NTB,né,15590,15763,173
15763,17363,1600,0,NTB,que consegue entrever isso,15763,17363,1600
23045,24645,1600,0,GE-Phrase,204,23590,25583,1993
23045,24645,1600,0,NTB,como a gente sabe que na cultura hebraica,23045,24645,1600
24645,25227,582,0,GE-Phrase,204,23590,25583,1993
24645,25227,582,0,NTB,foi também,24645,25227,582
25227,26200,973,0,GE-Phrase,205,25583,27102,1519
25227,26200,973,0,NTB,a questão da procedência,25227,26200,973
26200,26302,102,0,GE-Phrase,205,25583,27102,1519
26200,26302,102,0,NTB,né,26200,26302,102
26302,27144,842,0,GE-Phrase,206,27102,28175,1073
26302,27144,842,0,NTB,judaico-cristã,26302,27144,842
27144,28520,1376,0,NTB,por muito tempo,27144,28520,1376
43541,44810,1269,0,GE-Phrase,218,44383,47057,2674
43541,44810,1269,0,NTB,porque você é filho de nũ sei o que,43541,44810,1269
44810,45700,890,0,GE-Phrase,218,44383,47057,2674
44810,45700,890,0,NTB,seu erregê vem,44810,45700,890
45700,46309,609,0,GE-Phrase,218,44383,47057,2674
45700,46309,609,0,NTB,escrito isso,45700,46309,609
46309,47266,957,0,GE-Phrase,219,47057,48898,1841
46309,47266,957,0,NTB,cê tem certidão de nascimento,46309,47266,957
12996,13465,469,0,NTB,digamos assim,12996,13465,469
13465,14522,1057,0,NTB,pelo que a gente tem de,13465,14522,1057
14522,15590,1068,0,GE-Phrase,201,14551,15962,1411
14522,15590,1068,0,NTB,crítica até hoje,14522,15590,1068
15590,15763,173,0,GE-Phrase,201,14551,15962,1411
15590,15763,173,0,NTB,né,15590,15763,173
15763,17363,1600,0,NTB,que consegue entrever isso,15763,17363,1600
23045,24645,1600,0,GE-Phrase,204,23590,25583,1993
23045,24645,1600,0,NTB,como a gente sabe que na cultura hebraica,23045,24645,1600
24645,25227,582,0,GE-Phrase,204,23590,25583,1993
24645,25227,582,0,NTB,foi também,24645,25227,582
25227,26200,973,0,GE-Phrase,205,25583,27102,1519
25227,26200,973,0,NTB,a questão da procedência,25227,26200,973
26200,26302,102,0,GE-Phrase,205,25583,27102,1519
26200,26302,102,0,NTB,né,26200,26302,102
26302,27144,842,0,GE-Phrase,206,27102,28175,1073
26302,27144,842,0,NTB,judaico-cristã,26302,27144,842
27144,28520,1376,0,NTB,por muito tempo,27144,28520,1376
43541,44810,1269,0,GE-Phrase,218,44383,47057,2674
43541,44810,1269,0,NTB,porque você é filho de nũ sei o que,43541,44810,1269
44810,45700,890,0,GE-Phrase,218,44383,47057,2674
44810,45700,890,0,NTB,seu erregê vem,44810,45700,890
45700,46309,609,0,GE-Phrase,218,44383,47057,2674
45700,46309,609,0,NTB,escrito isso,45700,46309,609
46309,47266,957,0,GE-Phrase,219,47057,48898,1841
46309,47266,957,0,NTB,cê tem certidão de nascimento,46309,47266,957
12996,13465,469,0,NTB,digamos assim,12996,13465,469
13465,14522,1057,0,NTB,pelo que a gente tem de,13465,14522,1057
14522,15590,1068,0,GE-Phrase,201,14551,15962,1411
14522,15590,1068,0,NTB,crítica até hoje,14522,15590,1068
15590,15763,173,0,GE-Phrase,201,14551,15962,1411
15590,15763,173,0,NTB,né,15590,15763,173
15763,17363,1600,0,NTB,que consegue entrever isso,15763,17363,1600
23045,24645,1600,0,GE-Phrase,204,23590,25583,1993
23045,24645,1600,0,NTB,como a gente sabe que na cultura hebraica,23045,24645,1600
24645,25227,582,0,GE-Phrase,204,23590,25583,1993
24645,25227,582,0,NTB,foi também,24645,25227,582
25227,26200,973,0,GE-Phrase,205,25583,27102,1519
25227,26200,973,0,NTB,a questão da procedência,25227,26200,973
26200,26302,102,0,GE-Phrase,205,25583,27102,1519
26200,26302,102,0,NTB,né,26200,26302,102
26302,27144,842,0,GE-Phrase,206,27102,28175,1073
26302,27144,842,0,NTB,judaico-cristã,26302,27144,842
27144,28520,1376,0,NTB,por muito tempo,27144,28520,1376
43541,44810,1269,0,GE-Phrase,218,44383,47057,2674
43541,44810,1269,0,NTB,porque você é filho de nũ sei o que,43541,44810,1269
44810,45700,890,0,GE-Phrase,218,44383,47057,2674
44810,45700,890,0,NTB,seu erregê vem,44810,45700,890
45700,46309,609,0,GE-Phrase,218,44383,47057,2674
45700,46309,609,0,NTB,escrito isso,45700,46309,609
46309,47266,957,0,GE-Phrase,219,47057,48898,1841
46309,47266,957,0,NTB,cê tem certidão de nascimento,46309,47266,957
12996,13465,469,0,NTB,digamos assim,12996,13465,469
13465,14522,1057,0,NTB,pelo que a gente tem de,13465,14522,1057
14522,15590,1068,0,GE-Phrase,201,14551,15962,1411
14522,15590,1068,0,NTB,crítica até hoje,14522,15590,1068
15590,15763,173,0,GE-Phrase,201,14551,15962,1411
15590,15763,173,0,NTB,né,15590,15763,173
15763,17363,1600,0,NTB,que consegue entrever isso,15763,17363,1600
23045,24645,1600,0,GE-Phrase,204,23590,25583,1993
23045,24645,1600,0,NTB,como a gente sabe que na cultura hebraica,23045,24645,1600
24645,25227,582,0,GE-Phrase,204,23590,25583,1993
24645,25227,582,0,NTB,foi também,24645,25227,582
25227,26200,973,0,GE-Phrase,205,25583,27102,1519
25227,26200,973,0,NTB,a questão da procedência,25227,26200,973
26200,26302,102,0,GE-Phrase,205,25583,27102,1519
26200,26302,102,0,NTB,né,26200,26302,102
26302,27144,842,0,GE-Phrase,206,27102,28175,1073
26302,27144,842,0,NTB,judaico-cristã,26302,27144,842
27144,28520,1376,0,NTB,por muito tempo,27144,28520,1376
43541,44810,1269,0,GE-Phrase,218,44383,47057,2674
43541,44810,1269,0,NTB,porque você é filho de nũ sei o que,43541,44810,1269
44810,45700,890,0,GE-Phrase,218,44383,47057,2674
44810,45700,890,0,NTB,seu erregê vem,44810,45700,890
45700,46309,609,0,GE-Phrase,218,44383,47057,2674
45700,46309,609,0,NTB,escrito isso,45700,46309,609
46309,47266,957,0,GE-Phrase,219,47057,48898,1841
46309,47266,957,0,NTB,cê tem certidão de nascimento,46309,47266,957
12996,13465,469,0,NTB,digamos assim,12996,13465,469
13465,14522,1057,0,NTB,pelo que a gente tem de,13465,14522,1057
14522,15590,1068,0,GE-Phrase,201,14551,15962,1411
14522,15590,1068,0,NTB,crítica até hoje,14522,15590,1068
15590,15763,173,0,GE-Phrase,201,14551,15962,1411
15590,15763,173,0,NTB,né,15590,15763,173
15763,17363,1600,0,NTB,que consegue entrever isso,15763,17363,1600
23045,24645,1600,0,GE-Phrase,204,23590,25583,1993
23045,24645,1600,0,NTB,como a gente sabe que na cultura hebraica,23045,24645,1600
24645,25227,582,0,GE-Phrase,204,23590,25583,1993
24645,25227,582,0,NTB,foi também,24645,25227,582
25227,26200,973,0,GE-Phrase,205,25583,27102,1519
25227,26200,973,0,NTB,a questão da procedência,25227,26200,973
26200,26302,102,0,GE-Phrase,205,25583,27102,1519
26200,26302,102,0,NTB,né,26200,26302,102
26302,27144,842,0,GE-Phrase,206,27102,28175,1073
26302,27144,842,0,NTB,judaico-cristã,26302,27144,842
27144,28520,1376,0,NTB,por muito tempo,27144,28520,1376
43541,44810,1269,0,GE-Phrase,218,44383,47057,2674
43541,44810,1269,0,NTB,porque você é filho de nũ sei o que,43541,44810,1269
44810,45700,890,0,GE-Phrase,218,44383,47057,2674
44810,45700,890,0,NTB,seu erregê vem,44810,45700,890
45700,46309,609,0,GE-Phrase,218,44383,47057,2674
45700,46309,609,0,NTB,escrito isso,45700,46309,609
46309,47266,957,0,GE-Phrase,219,47057,48898,1841
46309,47266,957,0,NTB,cê tem certidão de nascimento,46309,47266,957
12996,13465,469,0,NTB,digamos assim,12996,13465,469
13465,14522,1057,0,NTB,pelo que a gente tem de,13465,14522,1057
14522,15590,1068,0,GE-Phrase,201,14551,15962,1411
14522,15590,1068,0,NTB,crítica até hoje,14522,15590,1068
15590,15763,173,0,GE-Phrase,201,14551,15962,1411
15590,15763,173,0,NTB,né,15590,15763,173
15763,17363,1600,0,NTB,que consegue entrever isso,15763,17363,1600
23045,24645,1600,0,GE-Phrase,204,23590,25583,1993
23045,24645,1600,0,NTB,como a gente sabe que na cultura hebraica,23045,24645,1600
24645,25227,582,0,GE-Phrase,204,23590,25583,1993
24645,25227,582,0,NTB,foi também,24645,25227,582
25227,26200,973,0,GE-Phrase,205,25583,27102,1519
25227,26200,973,0,NTB,a questão da procedência,25227,26200,973
26200,26302,102,0,GE-Phrase,205,25583,27102,1519
26200,26302,102,0,NTB,né,26200,26302,102
26302,27144,842,0,GE-Phrase,206,27102,28175,1073
26302,27144,842,0,NTB,judaico-cristã,26302,27144,842
27144,28520,1376,0,NTB,por muito tempo,27144,28520,1376
43541,44810,1269,0,GE-Phrase,218,44383,47057,2674
43541,44810,1269,0,NTB,porque você é filho de nũ sei o que,43541,44810,1269
44810,45700,890,0,GE-Phrase,218,44383,47057,2674
44810,45700,890,0,NTB,seu erregê vem,44810,45700,890
45700,46309,609,0,GE-Phrase,218,44383,47057,2674
45700,46309,609,0,NTB,escrito isso,45700,46309,609
46309,47266,957,0,GE-Phrase,219,47057,48898,1841
46309,47266,957,0,NTB,cê tem certidão de nascimento,46309,47266,957
12996,13465,469,0,NTB,digamos assim,12996,13465,469
13465,14522,1057,0,NTB,pelo que a gente tem de,13465,14522,1057
14522,15590,1068,0,GE-Phrase,201,14551,15962,1411
14522,15590,1068,0,NTB,crítica até hoje,14522,15590,1068
15590,15763,173,0,GE-Phrase,201,14551,15962,1411
15590,15763,173,0,NTB,né,15590,15763,173
15763,17363,1600,0,NTB,que consegue entrever isso,15763,17363,1600
23045,24645,1600,0,GE-Phrase,204,23590,25583,1993
23045,24645,1600,0,NTB,como a gente sabe que na cultura hebraica,23045,24645,1600
24645,25227,582,0,GE-Phrase,204,23590,25583,1993
24645,25227,582,0,NTB,foi também,24645,25227,582
25227,26200,973,0,GE-Phrase,205,25583,27102,1519
25227,26200,973,0,NTB,a questão da procedência,25227,26200,973
26200,26302,102,0,GE-Phrase,205,25583,27102,1519
26200,26302,102,0,NTB,né,26200,26302,102
26302,27144,842,0,GE-Phrase,206,27102,28175,1073
26302,27144,842,0,NTB,judaico-cristã,26302,27144,842
27144,28520,1376,0,NTB,por muito tempo,27144,28520,1376
43541,44810,1269,0,GE-Phrase,218,44383,47057,2674
43541,44810,1269,0,NTB,porque você é filho de nũ sei o que,43541,44810,1269
44810,45700,890,0,GE-Phrase,218,44383,47057,2674
44810,45700,890,0,NTB,seu erregê vem,44810,45700,890
45700,46309,609,0,GE-Phrase,218,44383,47057,2674
45700,46309,609,0,NTB,escrito isso,45700,46309,609
46309,47266,957,0,GE-Phrase,219,47057,48898,1841
46309,47266,957,0,NTB,cê tem certidão de nascimento,46309,47266,957
12996,13465,469,0,NTB,digamos assim,12996,13465,469
13465,14522,1057,0,NTB,pelo que a gente tem de,13465,14522,1057
14522,15590,1068,0,GE-Phrase,201,14551,15962,1411
14522,15590,1068,0,NTB,crítica até hoje,14522,15590,1068
15590,15763,173,0,GE-Phrase,201,14551,15962,1411
15590,15763,173,0,NTB,né,15590,15763,173
15763,17363,1600,0,NTB,que consegue entrever isso,15763,17363,1600
23045,24645,1600,0,GE-Phrase,204,23590,25583,1993
23045,24645,1600,0,NTB,como a gente sabe que na cultura hebraica,23045,24645,1600
24645,25227,582,0,GE-Phrase,204,23590,25583,1993
24645,25227,582,0,NTB,foi também,24645,25227,582
25227,26200,973,0,GE-Phrase,205,25583,27102,1519
25227,26200,973,0,NTB,a questão da procedência,25227,26200,973
26200,26302,102,0,GE-Phrase,205,25583,27102,1519
26200,26302,102,0,NTB,né,26200,26302,102
26302,27144,842,0,GE-Phrase,206,27102,28175,1073
26302,27144,842,0,NTB,judaico-cristã,26302,27144,842
27144,28520,1376,0,NTB,por muito tempo,27144,28520,1376
43541,44810,1269,0,GE-Phrase,218,44383,47057,2674
43541,44810,1269,0,NTB,porque você é filho de nũ sei o que,43541,44810,1269
44810,45700,890,0,GE-Phrase,218,44383,47057,2674
44810,45700,890,0,NTB,seu erregê vem,44810,45700,890
45700,46309,609,0,GE-Phrase,218,44383,47057,2674
45700,46309,609,0,NTB,escrito isso,45700,46309,609
46309,47266,957,0,GE-Phrase,219,47057,48898,1841
46309,47266,957,0,NTB,cê tem certidão de nascimento,46309,47266,957
12996,13465,469,0,NTB,digamos assim,12996,13465,469
13465,14522,1057,0,NTB,pelo que a gente tem de,13465,14522,1057
14522,15590,1068,0,GE-Phrase,201,14551,15962,1411
14522,15590,1068,0,NTB,crítica até hoje,14522,15590,1068
15590,15763,173,0,GE-Phrase,201,14551,15962,1411
15590,15763,173,0,NTB,né,15590,15763,173
15763,17363,1600,0,NTB,que consegue entrever isso,15763,17363,1600
23045,24645,1600,0,GE-Phrase,204,23590,25583,1993
23045,24645,1600,0,NTB,como a gente sabe que na cultura hebraica,23045,24645,1600
24645,25227,582,0,GE-Phrase,204,23590,25583,1993
24645,25227,582,0,NTB,foi também,24645,25227,582
25227,26200,973,0,GE-Phrase,205,25583,27102,1519
25227,26200,973,0,NTB,a questão da procedência,25227,26200,973
26200,26302,102,0,GE-Phrase,205,25583,27102,1519
26200,26302,102,0,NTB,né,26200,26302,102
26302,27144,842,0,GE-Phrase,206,27102,28175,1073
26302,27144,842,0,NTB,judaico-cristã,26302,27144,842
27144,28520,1376,0,NTB,por muito tempo,27144,28520,1376
43541,44810,1269,0,GE-Phrase,218,44383,47057,2674
43541,44810,1269,0,NTB,porque você é filho de nũ sei o que,43541,44810,1269
44810,45700,890,0,GE-Phrase,218,44383,47057,2674
44810,45700,890,0,NTB,seu erregê vem,44810,45700,890
45700,46309,609,0,GE-Phrase,218,44383,47057,2674
45700,46309,609,0,NTB,escrito isso,45700,46309,609
46309,47266,957,0,GE-Phrase,219,47057,48898,1841
46309,47266,957,0,NTB,cê tem certidão de nascimento,46309,47266,957
12996,13465,469,0,NTB,digamos assim,12996,13465,469
13465,14522,1057,0,NTB,pelo que a gente tem de,13465,14522,1057
14522,15590,1068,0,GE-Phrase,201,14551,15962,1411
14522,15590,1068,0,NTB,crítica até hoje,14522,15590,1068
15590,15763,173,0,GE-Phrase,201,14551,15962,1411
15590,15763,173,0,NTB,né,15590,15763,173
15763,17363,1600,0,NTB,que consegue entrever isso,15763,17363,1600
23045,24645,1600,0,GE-Phrase,204,23590,25583,1993
23045,24645,1600,0,NTB,como a gente sabe que na cultura hebraica,23045,24645,1600
24645,25227,582,0,GE-Phrase,204,23590,25583,1993
24645,25227,582,0,NTB,foi também,24645,25227,582
25227,26200,973,0,GE-Phrase,205,25583,27102,1519
25227,26200,973,0,NTB,a questão da procedência,25227,26200,973
26200,26302,102,0,GE-Phrase,205,25583,27102,1519
26200,26302,102,0,NTB,né,26200,26302,102
26302,27144,842,0,GE-Phrase,206,27102,28175,1073
26302,27144,842,0,NTB,judaico-cristã,26302,27144,842
27144,28520,1376,0,NTB,por muito tempo,27144,28520,1376
43541,44810,1269,0,GE-Phrase,218,44383,47057,2674
43541,44810,1269,0,NTB,porque você é filho de nũ sei o que,43541,44810,1269
44810,45700,890,0,GE-Phrase,218,44383,47057,2674
44810,45700,890,0,NTB,seu erregê vem,44810,45700,890
45700,46309,609,0,GE-Phrase,218,44383,47057,2674
45700,46309,609,0,NTB,escrito isso,45700,46309,609
46309,47266,957,0,GE-Phrase,219,47057,48898,1841
46309,47266,957,0,NTB,cê tem certidão de nascimento,46309,47266,957
12996,13465,469,0,NTB,digamos assim,12996,13465,469
13465,14522,1057,0,NTB,pelo que a gente tem de,13465,14522,1057
14522,15590,1068,0,GE-Phrase,201,14551,15962,1411
14522,15590,1068,0,NTB,crítica até hoje,14522,15590,1068
15590,15763,173,0,GE-Phrase,201,14551,15962,1411
15590,15763,173,0,NTB,né,15590,15763,173
15763,17363,1600,0,NTB,que consegue entrever isso,15763,17363,1600
23045,24645,1600,0,GE-Phrase,204,23590,25583,1993
23045,24645,1600,0,NTB,como a gente sabe que na cultura hebraica,23045,24645,1600
24645,25227,582,0,GE-Phrase,204,23590,25583,1993
24645,25227,582,0,NTB,foi também,24645,25227,582
25227,26200,973,0,GE-Phrase,205,25583,27102,1519
25227,26200,973,0,NTB,a questão da procedência,25227,26200,973
26200,26302,102,0,GE-Phrase,205,25583,27102,1519
26200,26302,102,0,NTB,né,26200,26302,102
26302,27144,842,0,GE-Phrase,206,27102,28175,1073
26302,27144,842,0,NTB,judaico-cristã,26302,27144,842
27144,28520,1376,0,NTB,por muito tempo,27144,28520,1376
43541,44810,1269,0,GE-Phrase,218,44383,47057,2674
43541,44810,1269,0,NTB,porque você é filho de nũ sei o que,43541,44810,1269
44810,45700,890,0,GE-Phrase,218,44383,47057,2674
44810,45700,890,0,NTB,seu erregê vem,44810,45700,890
45700,46309,609,0,GE-Phrase,218,44383,47057,2674
45700,46309,609,0,NTB,escrito isso,45700,46309,609
46309,47266,957,0,GE-Phrase,219,47057,48898,1841
46309,47266,957,0,NTB,cê tem certidão de nascimento,46309,47266,957
12996,13465,469,0,NTB,digamos assim,12996,13465,469
13465,14522,1057,0,NTB,pelo que a gente tem de,13465,14522,1057
14522,15590,1068,0,GE-Phrase,201,14551,15962,1411
14522,15590,1068,0,NTB,crítica até hoje,14522,15590,1068
15590,15763,173,0,GE-Phrase,201,14551,15962,1411
15590,15763,173,0,NTB,né,15590,15763,173
15763,17363,1600,0,NTB,que consegue entrever isso,15763,17363,1600
23045,24645,1600,0,GE-Phrase,204,23590,25583,1993
23045,24645,1600,0,NTB,como a gente sabe que na cultura hebraica,23045,24645,1600
24645,25227,582,0,GE-Phrase,204,23590,25583,1993
24645,25227,582,0,NTB,foi também,24645,25227,582
25227,26200,973,0,GE-Phrase,205,25583,27102,1519
25227,26200,973,0,NTB,a questão da procedência,25227,26200,973
26200,26302,102,0,GE-Phrase,205,25583,27102,1519
26200,26302,102,0,NTB,né,26200,26302,102
26302,27144,842,0,GE-Phrase,206,27102,28175,1073
26302,27144,842,0,NTB,judaico-cristã,26302,27144,842
27144,28520,1376,0,NTB,por muito tempo,27144,28520,1376
43541,44810,1269,0,GE-Phrase,218,44383,47057,2674
43541,44810,1269,0,NTB,porque você é filho de nũ sei o que,43541,44810,1269
44810,45700,890,0,GE-Phrase,218,44383,47057,2674
44810,45700,890,0,NTB,seu erregê vem,44810,45700,890
45700,46309,609,0,GE-Phrase,218,44383,47057,2674
45700,46309,609,0,NTB,escrito isso,45700,46309,609
46309,47266,957,0,GE-Phrase,219,47057,48898,1841
46309,47266,957,0,NTB,cê tem certidão de nascimento,46309,47266,957
12996,13465,469,0,NTB,digamos assim,12996,13465,469
13465,14522,1057,0,NTB,pelo que a gente tem de,13465,14522,1057
14522,15590,1068,0,GE-Phrase,201,14551,15962,1411
14522,15590,1068,0,NTB,crítica até hoje,14522,15590,1068
15590,15763,173,0,GE-Phrase,201,14551,15962,1411
15590,15763,173,0,NTB,né,15590,15763,173
15763,17363,1600,0,NTB,que consegue entrever isso,15763,17363,1600
23045,24645,1600,0,GE-Phrase,204,23590,25583,1993
23045,24645,1600,0,NTB,como a gente sabe que na cultura hebraica,23045,24645,1600
24645,25227,582,0,GE-Phrase,204,23590,25583,1993
24645,25227,582,0,NTB,foi também,24645,25227,582
25227,26200,973,0,GE-Phrase,205,25583,27102,1519
25227,26200,973,0,NTB,a questão da procedência,25227,26200,973
26200,26302,102,0,GE-Phrase,205,25583,27102,1519
26200,26302,102,0,NTB,né,26200,26302,102
26302,27144,842,0,GE-Phrase,206,27102,28175,1073
26302,27144,842,0,NTB,judaico-cristã,26302,27144,842
27144,28520,1376,0,NTB,por muito tempo,27144,28520,1376
43541,44810,1269,0,GE-Phrase,218,44383,47057,2674
43541,44810,1269,0,NTB,porque você é filho de nũ sei o que,43541,44810,1269
44810,45700,890,0,GE-Phrase,218,44383,47057,2674
44810,45700,890,0,NTB,seu erregê vem,44810,45700,890
45700,46309,609,0,GE-Phrase,218,44383,47057,2674
45700,46309,609,0,NTB,escrito isso,45700,46309,609
46309,47266,957,0,GE-Phrase,219,47057,48898,1841
46309,47266,957,0,NTB,cê tem certidão de nascimento,46309,47266,957
12996,13465,469,0,NTB,digamos assim,12996,13465,469
13465,14522,1057,0,NTB,pelo que a gente tem de,13465,14522,1057
14522,15590,1068,0,GE-Phrase,201,14551,15962,1411
14522,15590,1068,0,NTB,crítica até hoje,14522,15590,1068
15590,15763,173,0,GE-Phrase,201,14551,15962,1411
15590,15763,173,0,NTB,né,15590,15763,173
15763,17363,1600,0,NTB,que consegue entrever isso,15763,17363,1600
23045,24645,1600,0,GE-Phrase,204,23590,25583,1993
23045,24645,1600,0,NTB,como a gente sabe que na cultura hebraica,23045,24645,1600
24645,25227,582,0,GE-Phrase,204,23590,25583,1993
24645,25227,582,0,NTB,foi também,24645,25227,582
25227,26200,973,0,GE-Phrase,205,25583,27102,1519
25227,26200,973,0,NTB,a questão da procedência,25227,26200,973
26200,26302,102,0,GE-Phrase,205,25583,27102,1519
26200,26302,102,0,NTB,né,26200,26302,102
26302,27144,842,0,GE-Phrase,206,27102,28175,1073
26302,27144,842,0,NTB,judaico-cristã,26302,27144,842
27144,28520,1376,0,NTB,por muito tempo,27144,28520,1376
43541,44810,1269,0,GE-Phrase,218,44383,47057,2674
43541,44810,1269,0,NTB,porque você é filho de nũ sei o que,43541,44810,1269
44810,45700,890,0,GE-Phrase,218,44383,47057,2674
44810,45700,890,0,NTB,seu erregê vem,44810,45700,890
45700,46309,609,0,GE-Phrase,218,44383,47057,2674
45700,46309,609,0,NTB,escrito isso,45700,46309,609
46309,47266,957,0,GE-Phrase,219,47057,48898,1841
46309,47266,957,0,NTB,cê tem certidão de nascimento,46309,47266,957
12996,13465,469,0,NTB,digamos assim,12996,13465,469
13465,14522,1057,0,NTB,pelo que a gente tem de,13465,14522,1057
14522,15590,1068,0,GE-Phrase,201,14551,15962,1411
14522,15590,1068,0,NTB,crítica até hoje,14522,15590,1068
15590,15763,173,0,GE-Phrase,201,14551,15962,1411
15590,15763,173,0,NTB,né,15590,15763,173
15763,17363,1600,0,NTB,que consegue entrever isso,15763,17363,1600
23045,24645,1600,0,GE-Phrase,204,23590,25583,1993
23045,24645,1600,0,NTB,como a gente sabe que na cultura hebraica,23045,24645,1600
24645,25227,582,0,GE-Phrase,204,23590,25583,1993
24645,25227,582,0,NTB,foi também,24645,25227,582
25227,26200,973,0,GE-Phrase,205,25583,27102,1519
25227,26200,973,0,NTB,a questão da procedência,25227,26200,973
26200,26302,102,0,GE-Phrase,205,25583,27102,1519
26200,26302,102,0,NTB,né,26200,26302,102
26302,27144,842,0,GE-Phrase,206,27102,28175,1073
26302,27144,842,0,NTB,judaico-cristã,26302,27144,842
27144,28520,1376,0,NTB,por muito tempo,27144,28520,1376
43541,44810,1269,0,GE-Phrase,218,44383,47057,2674
43541,44810,1269,0,NTB,porque você é filho de nũ sei o que,43541,44810,1269
44810,45700,890,0,GE-Phrase,218,44383,47057,2674
44810,45700,890,0,NTB,seu erregê vem,44810,45700,890
45700,46309,609,0,GE-Phrase,218,44383,47057,2674
45700,46309,609,0,NTB,escrito isso,45700,46309,609
46309,47266,957,0,GE-Phrase,219,47057,48898,1841
46309,47266,957,0,NTB,cê tem certidão de nascimento,46309,47266,957
12996,13465,469,0,NTB,digamos assim,12996,13465,469
13465,14522,1057,0,NTB,pelo que a gente tem de,13465,14522,1057
14522,15590,1068,0,GE-Phrase,201,14551,15962,1411
14522,15590,1068,0,NTB,crítica até hoje,14522,15590,1068
15590,15763,173,0,GE-Phrase,201,14551,15962,1411
15590,15763,173,0,NTB,né,15590,15763,173
15763,17363,1600,0,NTB,que consegue entrever isso,15763,17363,1600
23045,24645,1600,0,GE-Phrase,204,23590,25583,1993
23045,24645,1600,0,NTB,como a gente sabe que na cultura hebraica,23045,24645,1600
24645,25227,582,0,GE-Phrase,204,23590,25583,1993
24645,25227,582,0,NTB,foi também,24645,25227,582
25227,26200,973,0,GE-Phrase,205,25583,27102,1519
25227,26200,973,0,NTB,a questão da procedência,25227,26200,973
26200,26302,102,0,GE-Phrase,205,25583,27102,1519
26200,26302,102,0,NTB,né,26200,26302,102
26302,27144,842,0,GE-Phrase,206,27102,28175,1073
26302,27144,842,0,NTB,judaico-cristã,26302,27144,842
27144,28520,1376,0,NTB,por muito tempo,27144,28520,1376
43541,44810,1269,0,GE-Phrase,218,44383,47057,2674
43541,44810,1269,0,NTB,porque você é filho de nũ sei o que,43541,44810,1269
44810,45700,890,0,GE-Phrase,218,44383,47057,2674
44810,45700,890,0,NTB,seu erregê vem,44810,45700,890
45700,46309,609,0,GE-Phrase,218,44383,47057,2674
45700,46309,609,0,NTB,escrito isso,45700,46309,609
46309,47266,957,0,GE-Phrase,219,47057,48898,1841
46309,47266,957,0,NTB,cê tem certidão de nascimento,46309,47266,957
12996,13465,469,0,NTB,digamos assim,12996,13465,469
13465,14522,1057,0,NTB,pelo que a gente tem de,13465,14522,1057
14522,15590,1068,0,GE-Phrase,201,14551,15962,1411
14522,15590,1068,0,NTB,crítica até hoje,14522,15590,1068
15590,15763,173,0,GE-Phrase,201,14551,15962,1411
15590,15763,173,0,NTB,né,15590,15763,173
15763,17363,1600,0,NTB,que consegue entrever isso,15763,17363,1600
23045,24645,1600,0,GE-Phrase,204,23590,25583,1993
23045,24645,1600,0,NTB,como a gente sabe que na cultura hebraica,23045,24645,1600
24645,25227,582,0,GE-Phrase,204,23590,25583,1993
24645,25227,582,0,NTB,foi também,24645,25227,582
25227,26200,973,0,GE-Phrase,205,25583,27102,1519
25227,26200,973,0,NTB,a questão da procedência,25227,26200,973
26200,26302,102,0,GE-Phrase,205,25583,27102,1519
26200,26302,102,0,NTB,né,26200,26302,102
26302,27144,842,0,GE-Phrase,206,27102,28175,1073
26302,27144,842,0,NTB,judaico-cristã,26302,27144,842
27144,28520,1376,0,NTB,por muito tempo,27144,28520,1376
43541,44810,1269,0,GE-Phrase,218,44383,47057,2674
43541,44810,1269,0,NTB,porque você é filho de nũ sei o que,43541,44810,1269
44810,45700,890,0,GE-Phrase,218,44383,47057,2674
44810,45700,890,0,NTB,seu erregê vem,44810,45700,890
45700,46309,609,0,GE-Phrase,218,44383,47057,2674
45700,46309,609,0,NTB,escrito isso,45700,46309,609
46309,47266,957,0,GE-Phrase,219,47057,48898,1841
46309,47266,957,0,NTB,cê tem certidão de nascimento,46309,47266,957
12996,13465,469,0,NTB,digamos assim,12996,13465,469
13465,14522,1057,0,NTB,pelo que a gente tem de,13465,14522,1057
14522,15590,1068,0,GE-Phrase,201,14551,15962,1411
14522,15590,1068,0,NTB,crítica até hoje,14522,15590,1068
15590,15763,173,0,GE-Phrase,201,14551,15962,1411
15590,15763,173,0,NTB,né,15590,15763,173
15763,17363,1600,0,NTB,que consegue entrever isso,15763,17363,1600
23045,24645,1600,0,GE-Phrase,204,23590,25583,1993
23045,24645,1600,0,NTB,como a gente sabe que na cultura hebraica,23045,24645,1600
24645,25227,582,0,GE-Phrase,204,23590,25583,1993
24645,25227,582,0,NTB,foi também,24645,25227,582
25227,26200,973,0,GE-Phrase,205,25583,27102,1519
25227,26200,973,0,NTB,a questão da procedência,25227,26200,973
26200,26302,102,0,GE-Phrase,205,25583,27102,1519
26200,26302,102,0,NTB,né,26200,26302,102
26302,27144,842,0,GE-Phrase,206,27102,28175,1073
26302,27144,842,0,NTB,judaico-cristã,26302,27144,842
27144,28520,1376,0,NTB,por muito tempo,27144,28520,1376
43541,44810,1269,0,GE-Phrase,218,44383,47057,2674
43541,44810,1269,0,NTB,porque você é filho de nũ sei o que,43541,44810,1269
44810,45700,890,0,GE-Phrase,218,44383,47057,2674
44810,45700,890,0,NTB,seu erregê vem,44810,45700,890
45700,46309,609,0,GE-Phrase,218,44383,47057,2674
45700,46309,609,0,NTB,escrito isso,45700,46309,609
46309,47266,957,0,GE-Phrase,219,47057,48898,1841
46309,47266,957,0,NTB,cê tem certidão de nascimento,46309,47266,957
12996,13465,469,0,NTB,digamos assim,12996,13465,469
13465,14522,1057,0,NTB,pelo que a gente tem de,13465,14522,1057
14522,15590,1068,0,GE-Phrase,201,14551,15962,1411
14522,15590,1068,0,NTB,crítica até hoje,14522,15590,1068
15590,15763,173,0,GE-Phrase,201,14551,15962,1411
15590,15763,173,0,NTB,né,15590,15763,173
15763,17363,1600,0,NTB,que consegue entrever isso,15763,17363,1600
23045,24645,1600,0,GE-Phrase,204,23590,25583,1993
23045,24645,1600,0,NTB,como a gente sabe que na cultura hebraica,23045,24645,1600
24645,25227,582,0,GE-Phrase,204,23590,25583,1993
24645,25227,582,0,NTB,foi também,24645,25227,582
25227,26200,973,0,GE-Phrase,205,25583,27102,1519
25227,26200,973,0,NTB,a questão da procedência,25227,26200,973
26200,26302,102,0,GE-Phrase,205,25583,27102,1519
26200,26302,102,0,NTB,né,26200,26302,102
26302,27144,842,0,GE-Phrase,206,27102,28175,1073
26302,27144,842,0,NTB,judaico-cristã,26302,27144,842
27144,28520,1376,0,NTB,por muito tempo,27144,28520,1376
43541,44810,1269,0,GE-Phrase,218,44383,47057,2674
43541,44810,1269,0,NTB,porque você é filho de nũ sei o que,43541,44810,1269
44810,45700,890,0,GE-Phrase,218,44383,47057,2674
44810,45700,890,0,NTB,seu erregê vem,44810,45700,890
45700,46309,609,0,GE-Phrase,218,44383,47057,2674
45700,46309,609,0,NTB,escrito isso,45700,46309,609
46309,47266,957,0,GE-Phrase,219,47057,48898,1841
46309,47266,957,0,NTB,cê tem certidão de nascimento,46309,47266,957
12996,13465,469,0,NTB,digamos assim,12996,13465,469
13465,14522,1057,0,NTB,pelo que a gente tem de,13465,14522,1057
14522,15590,1068,0,GE-Phrase,201,14551,15962,1411
14522,15590,1068,0,NTB,crítica até hoje,14522,15590,1068
15590,15763,173,0,GE-Phrase,201,14551,15962,1411
15590,15763,173,0,NTB,né,15590,15763,173
15763,17363,1600,0,NTB,que consegue entrever isso,15763,17363,1600
23045,24645,1600,0,GE-Phrase,204,23590,25583,1993
23045,24645,1600,0,NTB,como a gente sabe que na cultura hebraica,23045,24645,1600
24645,25227,582,0,GE-Phrase,204,23590,25583,1993
24645,25227,582,0,NTB,foi também,24645,25227,582
25227,26200,973,0,GE-Phrase,205,25583,27102,1519
25227,26200,973,0,NTB,a questão da procedência,25227,26200,973
26200,26302,102,0,GE-Phrase,205,25583,27102,1519
26200,26302,102,0,NTB,né,26200,26302,102
26302,27144,842,0,GE-Phrase,206,27102,28175,1073
26302,27144,842,0,NTB,judaico-cristã,26302,27144,842
27144,28520,1376,0,NTB,por muito tempo,27144,28520,1376
43541,44810,1269,0,GE-Phrase,218,44383,47057,2674
43541,44810,1269,0,NTB,porque você é filho de nũ sei o que,43541,44810,1269
44810,45700,890,0,GE-Phrase,218,44383,47057,2674
44810,45700,890,0,NTB,seu erregê vem,44810,45700,890
45700,46309,609,0,GE-Phrase,218,44383,47057,2674
45700,46309,609,0,NTB,escrito isso,45700,46309,609
46309,47266,957,0,GE-Phrase,219,47057,48898,1841
46309,47266,957,0,NTB,cê tem certidão de nascimento,46309,47266,957
12996,13465,469,0,NTB,digamos assim,12996,13465,469
13465,14522,1057,0,NTB,pelo que a gente tem de,13465,14522,1057
14522,15590,1068,0,GE-Phrase,201,14551,15962,1411
14522,15590,1068,0,NTB,crítica até hoje,14522,15590,1068
15590,15763,173,0,GE-Phrase,201,14551,15962,1411
15590,15763,173,0,NTB,né,15590,15763,173
15763,17363,1600,0,NTB,que consegue entrever isso,15763,17363,1600
23045,24645,1600,0,GE-Phrase,204,23590,25583,1993
23045,24645,1600,0,NTB,como a gente sabe que na cultura hebraica,23045,24645,1600
24645,25227,582,0,GE-Phrase,204,23590,25583,1993
24645,25227,582,0,NTB,foi também,24645,25227,582
25227,26200,973,0,GE-Phrase,205,25583,27102,1519
25227,26200,973,0,NTB,a questão da procedência,25227,26200,973
26200,26302,102,0,GE-Phrase,205,25583,27102,1519
26200,26302,102,0,NTB,né,26200,26302,102
26302,27144,842,0,GE-Phrase,206,27102,28175,1073
26302,27144,842,0,NTB,judaico-cristã,26302,27144,842
27144,28520,1376,0,NTB,por muito tempo,27144,28520,1376
43541,44810,1269,0,GE-Phrase,218,44383,47057,2674
43541,44810,1269,0,NTB,porque você é filho de nũ sei o que,43541,44810,1269
44810,45700,890,0,GE-Phrase,218,44383,47057,2674
44810,45700,890,0,NTB,seu erregê vem,44810,45700,890
45700,46309,609,0,GE-Phrase,218,44383,47057,2674
45700,46309,609,0,NTB,escrito isso,45700,46309,609
46309,47266,957,0,GE-Phrase,219,47057,48898,1841
46309,47266,957,0,NTB,cê tem certidão de nascimento,46309,47266,957
12996,13465,469,0,NTB,digamos assim,12996,13465,469
13465,14522,1057,0,NTB,pelo que a gente tem de,13465,14522,1057
14522,15590,1068,0,GE-Phrase,201,14551,15962,1411
14522,15590,1068,0,NTB,crítica até hoje,14522,15590,1068
15590,15763,173,0,GE-Phrase,201,14551,15962,1411
15590,15763,173,0,NTB,né,15590,15763,173
15763,17363,1600,0,NTB,que consegue entrever isso,15763,17363,1600
23045,24645,1600,0,GE-Phrase,204,23590,25583,1993
23045,24645,1600,0,NTB,como a gente sabe que na cultura hebraica,23045,24645,1600
24645,25227,582,0,GE-Phrase,204,23590,25583,1993
24645,25227,582,0,NTB,foi também,24645,25227,582
25227,26200,973,0,GE-Phrase,205,25583,27102,1519
25227,26200,973,0,NTB,a questão da procedência,25227,26200,973
26200,26302,102,0,GE-Phrase,205,25583,27102,1519
26200,26302,102,0,NTB,né,26200,26302,102
26302,27144,842,0,GE-Phrase,206,27102,28175,1073
26302,27144,842,0,NTB,judaico-cristã,26302,27144,842
27144,28520,1376,0,NTB,por muito tempo,27144,28520,1376
43541,44810,1269,0,GE-Phrase,218,44383,47057,2674
43541,44810,1269,0,NTB,porque você é filho de nũ sei o que,43541,44810,1269
44810,45700,890,0,GE-Phrase,218,44383,47057,2674
44810,45700,890,0,NTB,seu erregê vem,44810,45700,890
45700,46309,609,0,GE-Phrase,218,44383,47057,2674
45700,46309,609,0,NTB,escrito isso,45700,46309,609
46309,47266,957,0,GE-Phrase,219,47057,48898,1841
46309,47266,957,0,NTB,cê tem certidão de nascimento,46309,47266,957
45843,46185,342,0,GE-Phrase,201,43285,46196,2911
45843,46185,342,0,NTB,por exemplo,45843,46185,342
46185,48237,2052,0,GE-Phrase,202,46196,50278,4082
46185,48237,2052,0,NTB,se eles vão produzir um statement of purpose,46185,48237,2052
48982,50259,1277,0,GE-Phrase,202,46196,50278,4082
48982,50259,1277,0,NTB,a escrita dele,48982,50259,1277
89733,90527,794,0,GE-Phrase,223,89435,91263,1828
89733,90527,794,0,NTB,basicamente,89733,90527,794
101775,103364,1589,0,GE-Phrase,226,101601,103369,1768
101775,103364,1589,0,NTB,aí acho que a Elisa faz assim também,101775,103364,1589
106867,108194,1327,0,GE-Phrase,230,107960,110406,2446
106867,108194,1327,0,NTB,o que é um statement of purpose,106867,108194,1327
108194,108671,477,0,GE-Phrase,230,107960,110406,2446
108194,108671,477,0,NTB,vê,108194,108671,477
108671,109369,698,0,GE-Phrase,230,107960,110406,2446
108671,109369,698,0,NTB,tipo,108671,109369,698
109369,110382,1013,0,GE-Phrase,230,107960,110406,2446
109369,110382,1013,0,NTB,exemplos,109369,110382,1013
111370,113448,2078,0,GE-Phrase,234,112627,113705,1078
111370,113448,2078,0,NTB,pra que que aquilo é usado,111370,113448,2078
124510,125198,688,0,GE-Phrase,241,121878,125705,3827
124510,125198,688,0,NTB,estruturados,124510,125198,688
125198,125513,315,0,GE-Phrase,241,121878,125705,3827
125198,125513,315,0,NTB,e tal,125198,125513,315
45843,46185,342,0,GE-Phrase,201,43285,46196,2911
45843,46185,342,0,NTB,por exemplo,45843,46185,342
46185,48237,2052,0,GE-Phrase,202,46196,50278,4082
46185,48237,2052,0,NTB,se eles vão produzir um statement of purpose,46185,48237,2052
48982,50259,1277,0,GE-Phrase,202,46196,50278,4082
48982,50259,1277,0,NTB,a escrita dele,48982,50259,1277
89733,90527,794,0,GE-Phrase,223,89435,91263,1828
89733,90527,794,0,NTB,basicamente,89733,90527,794
101775,103364,1589,0,GE-Phrase,226,101601,103369,1768
101775,103364,1589,0,NTB,aí acho que a Elisa faz assim também,101775,103364,1589
106867,108194,1327,0,GE-Phrase,230,107960,110406,2446
106867,108194,1327,0,NTB,o que é um statement of purpose,106867,108194,1327
108194,108671,477,0,GE-Phrase,230,107960,110406,2446
108194,108671,477,0,NTB,vê,108194,108671,477
108671,109369,698,0,GE-Phrase,230,107960,110406,2446
108671,109369,698,0,NTB,tipo,108671,109369,698
109369,110382,1013,0,GE-Phrase,230,107960,110406,2446
109369,110382,1013,0,NTB,exemplos,109369,110382,1013
111370,113448,2078,0,GE-Phrase,234,112627,113705,1078
111370,113448,2078,0,NTB,pra que que aquilo é usado,111370,113448,2078
124510,125198,688,0,GE-Phrase,241,121878,125705,3827
124510,125198,688,0,NTB,estruturados,124510,125198,688
125198,125513,315,0,GE-Phrase,241,121878,125705,3827
125198,125513,315,0,NTB,e tal,125198,125513,315
45843,46185,342,0,GE-Phrase,201,43285,46196,2911
45843,46185,342,0,NTB,por exemplo,45843,46185,342
46185,48237,2052,0,GE-Phrase,202,46196,50278,4082
46185,48237,2052,0,NTB,se eles vão produzir um statement of purpose,46185,48237,2052
48982,50259,1277,0,GE-Phrase,202,46196,50278,4082
48982,50259,1277,0,NTB,a escrita dele,48982,50259,1277
89733,90527,794,0,GE-Phrase,223,89435,91263,1828
89733,90527,794,0,NTB,basicamente,89733,90527,794
101775,103364,1589,0,GE-Phrase,226,101601,103369,1768
101775,103364,1589,0,NTB,aí acho que a Elisa faz assim também,101775,103364,1589
106867,108194,1327,0,GE-Phrase,230,107960,110406,2446
106867,108194,1327,0,NTB,o que é um statement of purpose,106867,108194,1327
108194,108671,477,0,GE-Phrase,230,107960,110406,2446
108194,108671,477,0,NTB,vê,108194,108671,477
108671,109369,698,0,GE-Phrase,230,107960,110406,2446
108671,109369,698,0,NTB,tipo,108671,109369,698
109369,110382,1013,0,GE-Phrase,230,107960,110406,2446
109369,110382,1013,0,NTB,exemplos,109369,110382,1013
111370,113448,2078,0,GE-Phrase,234,112627,113705,1078
111370,113448,2078,0,NTB,pra que que aquilo é usado,111370,113448,2078
124510,125198,688,0,GE-Phrase,241,121878,125705,3827
124510,125198,688,0,NTB,estruturados,124510,125198,688
125198,125513,315,0,GE-Phrase,241,121878,125705,3827
125198,125513,315,0,NTB,e tal,125198,125513,315
45843,46185,342,0,GE-Phrase,201,43285,46196,2911
45843,46185,342,0,NTB,por exemplo,45843,46185,342
46185,48237,2052,0,GE-Phrase,202,46196,50278,4082
46185,48237,2052,0,NTB,se eles vão produzir um statement of purpose,46185,48237,2052
48982,50259,1277,0,GE-Phrase,202,46196,50278,4082
48982,50259,1277,0,NTB,a escrita dele,48982,50259,1277
89733,90527,794,0,GE-Phrase,223,89435,91263,1828
89733,90527,794,0,NTB,basicamente,89733,90527,794
101775,103364,1589,0,GE-Phrase,226,101601,103369,1768
101775,103364,1589,0,NTB,aí acho que a Elisa faz assim também,101775,103364,1589
106867,108194,1327,0,GE-Phrase,230,107960,110406,2446
106867,108194,1327,0,NTB,o que é um statement of purpose,106867,108194,1327
108194,108671,477,0,GE-Phrase,230,107960,110406,2446
108194,108671,477,0,NTB,vê,108194,108671,477
108671,109369,698,0,GE-Phrase,230,107960,110406,2446
108671,109369,698,0,NTB,tipo,108671,109369,698
109369,110382,1013,0,GE-Phrase,230,107960,110406,2446
109369,110382,1013,0,NTB,exemplos,109369,110382,1013
111370,113448,2078,0,GE-Phrase,234,112627,113705,1078
111370,113448,2078,0,NTB,pra que que aquilo é usado,111370,113448,2078
124510,125198,688,0,GE-Phrase,241,121878,125705,3827
124510,125198,688,0,NTB,estruturados,124510,125198,688
125198,125513,315,0,GE-Phrase,241,121878,125705,3827
125198,125513,315,0,NTB,e tal,125198,125513,315
45843,46185,342,0,GE-Phrase,201,43285,46196,2911
45843,46185,342,0,NTB,por exemplo,45843,46185,342
46185,48237,2052,0,GE-Phrase,202,46196,50278,4082
46185,48237,2052,0,NTB,se eles vão produzir um statement of purpose,46185,48237,2052
48982,50259,1277,0,GE-Phrase,202,46196,50278,4082
48982,50259,1277,0,NTB,a escrita dele,48982,50259,1277
89733,90527,794,0,GE-Phrase,223,89435,91263,1828
89733,90527,794,0,NTB,basicamente,89733,90527,794
101775,103364,1589,0,GE-Phrase,226,101601,103369,1768
101775,103364,1589,0,NTB,aí acho que a Elisa faz assim também,101775,103364,1589
106867,108194,1327,0,GE-Phrase,230,107960,110406,2446
106867,108194,1327,0,NTB,o que é um statement of purpose,106867,108194,1327
108194,108671,477,0,GE-Phrase,230,107960,110406,2446
108194,108671,477,0,NTB,vê,108194,108671,477
108671,109369,698,0,GE-Phrase,230,107960,110406,2446
108671,109369,698,0,NTB,tipo,108671,109369,698
109369,110382,1013,0,GE-Phrase,230,107960,110406,2446
109369,110382,1013,0,NTB,exemplos,109369,110382,1013
111370,113448,2078,0,GE-Phrase,234,112627,113705,1078
111370,113448,2078,0,NTB,pra que que aquilo é usado,111370,113448,2078
124510,125198,688,0,GE-Phrase,241,121878,125705,3827
124510,125198,688,0,NTB,estruturados,124510,125198,688
125198,125513,315,0,GE-Phrase,241,121878,125705,3827
125198,125513,315,0,NTB,e tal,125198,125513,315
45843,46185,342,0,GE-Phrase,201,43285,46196,2911
45843,46185,342,0,NTB,por exemplo,45843,46185,342
46185,48237,2052,0,GE-Phrase,202,46196,50278,4082
46185,48237,2052,0,NTB,se eles vão produzir um statement of purpose,46185,48237,2052
48982,50259,1277,0,GE-Phrase,202,46196,50278,4082
48982,50259,1277,0,NTB,a escrita dele,48982,50259,1277
89733,90527,794,0,GE-Phrase,223,89435,91263,1828
89733,90527,794,0,NTB,basicamente,89733,90527,794
101775,103364,1589,0,GE-Phrase,226,101601,103369,1768
101775,103364,1589,0,NTB,aí acho que a Elisa faz assim também,101775,103364,1589
106867,108194,1327,0,GE-Phrase,230,107960,110406,2446
106867,108194,1327,0,NTB,o que é um statement of purpose,106867,108194,1327
108194,108671,477,0,GE-Phrase,230,107960,110406,2446
108194,108671,477,0,NTB,vê,108194,108671,477
108671,109369,698,0,GE-Phrase,230,107960,110406,2446
108671,109369,698,0,NTB,tipo,108671,109369,698
109369,110382,1013,0,GE-Phrase,230,107960,110406,2446
109369,110382,1013,0,NTB,exemplos,109369,110382,1013
111370,113448,2078,0,GE-Phrase,234,112627,113705,1078
111370,113448,2078,0,NTB,pra que que aquilo é usado,111370,113448,2078
124510,125198,688,0,GE-Phrase,241,121878,125705,3827
124510,125198,688,0,NTB,estruturados,124510,125198,688
125198,125513,315,0,GE-Phrase,241,121878,125705,3827
125198,125513,315,0,NTB,e tal,125198,125513,315
45843,46185,342,0,GE-Phrase,201,43285,46196,2911
45843,46185,342,0,NTB,por exemplo,45843,46185,342
46185,48237,2052,0,GE-Phrase,202,46196,50278,4082
46185,48237,2052,0,NTB,se eles vão produzir um statement of purpose,46185,48237,2052
48982,50259,1277,0,GE-Phrase,202,46196,50278,4082
48982,50259,1277,0,NTB,a escrita dele,48982,50259,1277
89733,90527,794,0,GE-Phrase,223,89435,91263,1828
89733,90527,794,0,NTB,basicamente,89733,90527,794
101775,103364,1589,0,GE-Phrase,226,101601,103369,1768
101775,103364,1589,0,NTB,aí acho que a Elisa faz assim também,101775,103364,1589
106867,108194,1327,0,GE-Phrase,230,107960,110406,2446
106867,108194,1327,0,NTB,o que é um statement of purpose,106867,108194,1327
108194,108671,477,0,GE-Phrase,230,107960,110406,2446
108194,108671,477,0,NTB,vê,108194,108671,477
108671,109369,698,0,GE-Phrase,230,107960,110406,2446
108671,109369,698,0,NTB,tipo,108671,109369,698
109369,110382,1013,0,GE-Phrase,230,107960,110406,2446
109369,110382,1013,0,NTB,exemplos,109369,110382,1013
111370,113448,2078,0,GE-Phrase,234,112627,113705,1078
111370,113448,2078,0,NTB,pra que que aquilo é usado,111370,113448,2078
124510,125198,688,0,GE-Phrase,241,121878,125705,3827
124510,125198,688,0,NTB,estruturados,124510,125198,688
125198,125513,315,0,GE-Phrase,241,121878,125705,3827
125198,125513,315,0,NTB,e tal,125198,125513,315
45843,46185,342,0,GE-Phrase,201,43285,46196,2911
45843,46185,342,0,NTB,por exemplo,45843,46185,342
46185,48237,2052,0,GE-Phrase,202,46196,50278,4082
46185,48237,2052,0,NTB,se eles vão produzir um statement of purpose,46185,48237,2052
48982,50259,1277,0,GE-Phrase,202,46196,50278,4082
48982,50259,1277,0,NTB,a escrita dele,48982,50259,1277
89733,90527,794,0,GE-Phrase,223,89435,91263,1828
89733,90527,794,0,NTB,basicamente,89733,90527,794
101775,103364,1589,0,GE-Phrase,226,101601,103369,1768
101775,103364,1589,0,NTB,aí acho que a Elisa faz assim também,101775,103364,1589
106867,108194,1327,0,GE-Phrase,230,107960,110406,2446
106867,108194,1327,0,NTB,o que é um statement of purpose,106867,108194,1327
108194,108671,477,0,GE-Phrase,230,107960,110406,2446
108194,108671,477,0,NTB,vê,108194,108671,477
108671,109369,698,0,GE-Phrase,230,107960,110406,2446
108671,109369,698,0,NTB,tipo,108671,109369,698
109369,110382,1013,0,GE-Phrase,230,107960,110406,2446
109369,110382,1013,0,NTB,exemplos,109369,110382,1013
111370,113448,2078,0,GE-Phrase,234,112627,113705,1078
111370,113448,2078,0,NTB,pra que que aquilo é usado,111370,113448,2078
124510,125198,688,0,GE-Phrase,241,121878,125705,3827
124510,125198,688,0,NTB,estruturados,124510,125198,688
125198,125513,315,0,GE-Phrase,241,121878,125705,3827
125198,125513,315,0,NTB,e tal,125198,125513,315
45843,46185,342,0,GE-Phrase,201,43285,46196,2911
45843,46185,342,0,NTB,por exemplo,45843,46185,342
46185,48237,2052,0,GE-Phrase,202,46196,50278,4082
46185,48237,2052,0,NTB,se eles vão produzir um statement of purpose,46185,48237,2052
48982,50259,1277,0,GE-Phrase,202,46196,50278,4082
48982,50259,1277,0,NTB,a escrita dele,48982,50259,1277
89733,90527,794,0,GE-Phrase,223,89435,91263,1828
89733,90527,794,0,NTB,basicamente,89733,90527,794
101775,103364,1589,0,GE-Phrase,226,101601,103369,1768
101775,103364,1589,0,NTB,aí acho que a Elisa faz assim também,101775,103364,1589
106867,108194,1327,0,GE-Phrase,230,107960,110406,2446
106867,108194,1327,0,NTB,o que é um statement of purpose,106867,108194,1327
108194,108671,477,0,GE-Phrase,230,107960,110406,2446
108194,108671,477,0,NTB,vê,108194,108671,477
108671,109369,698,0,GE-Phrase,230,107960,110406,2446
108671,109369,698,0,NTB,tipo,108671,109369,698
109369,110382,1013,0,GE-Phrase,230,107960,110406,2446
109369,110382,1013,0,NTB,exemplos,109369,110382,1013
111370,113448,2078,0,GE-Phrase,234,112627,113705,1078
111370,113448,2078,0,NTB,pra que que aquilo é usado,111370,113448,2078
124510,125198,688,0,GE-Phrase,241,121878,125705,3827
124510,125198,688,0,NTB,estruturados,124510,125198,688
125198,125513,315,0,GE-Phrase,241,121878,125705,3827
125198,125513,315,0,NTB,e tal,125198,125513,315
45843,46185,342,0,GE-Phrase,201,43285,46196,2911
45843,46185,342,0,NTB,por exemplo,45843,46185,342
46185,48237,2052,0,GE-Phrase,202,46196,50278,4082
46185,48237,2052,0,NTB,se eles vão produzir um statement of purpose,46185,48237,2052
48982,50259,1277,0,GE-Phrase,202,46196,50278,4082
48982,50259,1277,0,NTB,a escrita dele,48982,50259,1277
89733,90527,794,0,GE-Phrase,223,89435,91263,1828
89733,90527,794,0,NTB,basicamente,89733,90527,794
101775,103364,1589,0,GE-Phrase,226,101601,103369,1768
101775,103364,1589,0,NTB,aí acho que a Elisa faz assim também,101775,103364,1589
106867,108194,1327,0,GE-Phrase,230,107960,110406,2446
106867,108194,1327,0,NTB,o que é um statement of purpose,106867,108194,1327
108194,108671,477,0,GE-Phrase,230,107960,110406,2446
108194,108671,477,0,NTB,vê,108194,108671,477
108671,109369,698,0,GE-Phrase,230,107960,110406,2446
108671,109369,698,0,NTB,tipo,108671,109369,698
109369,110382,1013,0,GE-Phrase,230,107960,110406,2446
109369,110382,1013,0,NTB,exemplos,109369,110382,1013
111370,113448,2078,0,GE-Phrase,234,112627,113705,1078
111370,113448,2078,0,NTB,pra que que aquilo é usado,111370,113448,2078
124510,125198,688,0,GE-Phrase,241,121878,125705,3827
124510,125198,688,0,NTB,estruturados,124510,125198,688
125198,125513,315,0,GE-Phrase,241,121878,125705,3827
125198,125513,315,0,NTB,e tal,125198,125513,315
45843,46185,342,0,GE-Phrase,201,43285,46196,2911
45843,46185,342,0,NTB,por exemplo,45843,46185,342
46185,48237,2052,0,GE-Phrase,202,46196,50278,4082
46185,48237,2052,0,NTB,se eles vão produzir um statement of purpose,46185,48237,2052
48982,50259,1277,0,GE-Phrase,202,46196,50278,4082
48982,50259,1277,0,NTB,a escrita dele,48982,50259,1277
89733,90527,794,0,GE-Phrase,223,89435,91263,1828
89733,90527,794,0,NTB,basicamente,89733,90527,794
101775,103364,1589,0,GE-Phrase,226,101601,103369,1768
101775,103364,1589,0,NTB,aí acho que a Elisa faz assim também,101775,103364,1589
106867,108194,1327,0,GE-Phrase,230,107960,110406,2446
106867,108194,1327,0,NTB,o que é um statement of purpose,106867,108194,1327
108194,108671,477,0,GE-Phrase,230,107960,110406,2446
108194,108671,477,0,NTB,vê,108194,108671,477
108671,109369,698,0,GE-Phrase,230,107960,110406,2446
108671,109369,698,0,NTB,tipo,108671,109369,698
109369,110382,1013,0,GE-Phrase,230,107960,110406,2446
109369,110382,1013,0,NTB,exemplos,109369,110382,1013
111370,113448,2078,0,GE-Phrase,234,112627,113705,1078
111370,113448,2078,0,NTB,pra que que aquilo é usado,111370,113448,2078
124510,125198,688,0,GE-Phrase,241,121878,125705,3827
124510,125198,688,0,NTB,estruturados,124510,125198,688
125198,125513,315,0,GE-Phrase,241,121878,125705,3827
125198,125513,315,0,NTB,e tal,125198,125513,315
45843,46185,342,0,GE-Phrase,201,43285,46196,2911
45843,46185,342,0,NTB,por exemplo,45843,46185,342
46185,48237,2052,0,GE-Phrase,202,46196,50278,4082
46185,48237,2052,0,NTB,se eles vão produzir um statement of purpose,46185,48237,2052
48982,50259,1277,0,GE-Phrase,202,46196,50278,4082
48982,50259,1277,0,NTB,a escrita dele,48982,50259,1277
89733,90527,794,0,GE-Phrase,223,89435,91263,1828
89733,90527,794,0,NTB,basicamente,89733,90527,794
101775,103364,1589,0,GE-Phrase,226,101601,103369,1768
101775,103364,1589,0,NTB,aí acho que a Elisa faz assim também,101775,103364,1589
106867,108194,1327,0,GE-Phrase,230,107960,110406,2446
106867,108194,1327,0,NTB,o que é um statement of purpose,106867,108194,1327
108194,108671,477,0,GE-Phrase,230,107960,110406,2446
108194,108671,477,0,NTB,vê,108194,108671,477
108671,109369,698,0,GE-Phrase,230,107960,110406,2446
108671,109369,698,0,NTB,tipo,108671,109369,698
109369,110382,1013,0,GE-Phrase,230,107960,110406,2446
109369,110382,1013,0,NTB,exemplos,109369,110382,1013
111370,113448,2078,0,GE-Phrase,234,112627,113705,1078
111370,113448,2078,0,NTB,pra que que aquilo é usado,111370,113448,2078
124510,125198,688,0,GE-Phrase,241,121878,125705,3827
124510,125198,688,0,NTB,estruturados,124510,125198,688
125198,125513,315,0,GE-Phrase,241,121878,125705,3827
125198,125513,315,0,NTB,e tal,125198,125513,315
45843,46185,342,0,GE-Phrase,201,43285,46196,2911
45843,46185,342,0,NTB,por exemplo,45843,46185,342
46185,48237,2052,0,GE-Phrase,202,46196,50278,4082
46185,48237,2052,0,NTB,se eles vão produzir um statement of purpose,46185,48237,2052
48982,50259,1277,0,GE-Phrase,202,46196,50278,4082
48982,50259,1277,0,NTB,a escrita dele,48982,50259,1277
89733,90527,794,0,GE-Phrase,223,89435,91263,1828
89733,90527,794,0,NTB,basicamente,89733,90527,794
101775,103364,1589,0,GE-Phrase,226,101601,103369,1768
101775,103364,1589,0,NTB,aí acho que a Elisa faz assim também,101775,103364,1589
106867,108194,1327,0,GE-Phrase,230,107960,110406,2446
106867,108194,1327,0,NTB,o que é um statement of purpose,106867,108194,1327
108194,108671,477,0,GE-Phrase,230,107960,110406,2446
108194,108671,477,0,NTB,vê,108194,108671,477
108671,109369,698,0,GE-Phrase,230,107960,110406,2446
108671,109369,698,0,NTB,tipo,108671,109369,698
109369,110382,1013,0,GE-Phrase,230,107960,110406,2446
109369,110382,1013,0,NTB,exemplos,109369,110382,1013
111370,113448,2078,0,GE-Phrase,234,112627,113705,1078
111370,113448,2078,0,NTB,pra que que aquilo é usado,111370,113448,2078
124510,125198,688,0,GE-Phrase,241,121878,125705,3827
124510,125198,688,0,NTB,estruturados,124510,125198,688
125198,125513,315,0,GE-Phrase,241,121878,125705,3827
125198,125513,315,0,NTB,e tal,125198,125513,315
45843,46185,342,0,GE-Phrase,201,43285,46196,2911
45843,46185,342,0,NTB,por exemplo,45843,46185,342
46185,48237,2052,0,GE-Phrase,202,46196,50278,4082
46185,48237,2052,0,NTB,se eles vão produzir um statement of purpose,46185,48237,2052
48982,50259,1277,0,GE-Phrase,202,46196,50278,4082
48982,50259,1277,0,NTB,a escrita dele,48982,50259,1277
89733,90527,794,0,GE-Phrase,223,89435,91263,1828
89733,90527,794,0,NTB,basicamente,89733,90527,794
101775,103364,1589,0,GE-Phrase,226,101601,103369,1768
101775,103364,1589,0,NTB,aí acho que a Elisa faz assim também,101775,103364,1589
106867,108194,1327,0,GE-Phrase,230,107960,110406,2446
106867,108194,1327,0,NTB,o que é um statement of purpose,106867,108194,1327
108194,108671,477,0,GE-Phrase,230,107960,110406,2446
108194,108671,477,0,NTB,vê,108194,108671,477
108671,109369,698,0,GE-Phrase,230,107960,110406,2446
108671,109369,698,0,NTB,tipo,108671,109369,698
109369,110382,1013,0,GE-Phrase,230,107960,110406,2446
109369,110382,1013,0,NTB,exemplos,109369,110382,1013
111370,113448,2078,0,GE-Phrase,234,112627,113705,1078
111370,113448,2078,0,NTB,pra que que aquilo é usado,111370,113448,2078
124510,125198,688,0,GE-Phrase,241,121878,125705,3827
124510,125198,688,0,NTB,estruturados,124510,125198,688
125198,125513,315,0,GE-Phrase,241,121878,125705,3827
125198,125513,315,0,NTB,e tal,125198,125513,315
45843,46185,342,0,GE-Phrase,201,43285,46196,2911
45843,46185,342,0,NTB,por exemplo,45843,46185,342
46185,48237,2052,0,GE-Phrase,202,46196,50278,4082
46185,48237,2052,0,NTB,se eles vão produzir um statement of purpose,46185,48237,2052
48982,50259,1277,0,GE-Phrase,202,46196,50278,4082
48982,50259,1277,0,NTB,a escrita dele,48982,50259,1277
89733,90527,794,0,GE-Phrase,223,89435,91263,1828
89733,90527,794,0,NTB,basicamente,89733,90527,794
101775,103364,1589,0,GE-Phrase,226,101601,103369,1768
101775,103364,1589,0,NTB,aí acho que a Elisa faz assim também,101775,103364,1589
106867,108194,1327,0,GE-Phrase,230,107960,110406,2446
106867,108194,1327,0,NTB,o que é um statement of purpose,106867,108194,1327
108194,108671,477,0,GE-Phrase,230,107960,110406,2446
108194,108671,477,0,NTB,vê,108194,108671,477
108671,109369,698,0,GE-Phrase,230,107960,110406,2446
108671,109369,698,0,NTB,tipo,108671,109369,698
109369,110382,1013,0,GE-Phrase,230,107960,110406,2446
109369,110382,1013,0,NTB,exemplos,109369,110382,1013
111370,113448,2078,0,GE-Phrase,234,112627,113705,1078
111370,113448,2078,0,NTB,pra que que aquilo é usado,111370,113448,2078
124510,125198,688,0,GE-Phrase,241,121878,125705,3827
124510,125198,688,0,NTB,estruturados,124510,125198,688
125198,125513,315,0,GE-Phrase,241,121878,125705,3827
125198,125513,315,0,NTB,e tal,125198,125513,315
45843,46185,342,0,GE-Phrase,201,43285,46196,2911
45843,46185,342,0,NTB,por exemplo,45843,46185,342
46185,48237,2052,0,GE-Phrase,202,46196,50278,4082
46185,48237,2052,0,NTB,se eles vão produzir um statement of purpose,46185,48237,2052
48982,50259,1277,0,GE-Phrase,202,46196,50278,4082
48982,50259,1277,0,NTB,a escrita dele,48982,50259,1277
89733,90527,794,0,GE-Phrase,223,89435,91263,1828
89733,90527,794,0,NTB,basicamente,89733,90527,794
101775,103364,1589,0,GE-Phrase,226,101601,103369,1768
101775,103364,1589,0,NTB,aí acho que a Elisa faz assim também,101775,103364,1589
106867,108194,1327,0,GE-Phrase,230,107960,110406,2446
106867,108194,1327,0,NTB,o que é um statement of purpose,106867,108194,1327
108194,108671,477,0,GE-Phrase,230,107960,110406,2446
108194,108671,477,0,NTB,vê,108194,108671,477
108671,109369,698,0,GE-Phrase,230,107960,110406,2446
108671,109369,698,0,NTB,tipo,108671,109369,698
109369,110382,1013,0,GE-Phrase,230,107960,110406,2446
109369,110382,1013,0,NTB,exemplos,109369,110382,1013
111370,113448,2078,0,GE-Phrase,234,112627,113705,1078
111370,113448,2078,0,NTB,pra que que aquilo é usado,111370,113448,2078
124510,125198,688,0,GE-Phrase,241,121878,125705,3827
124510,125198,688,0,NTB,estruturados,124510,125198,688
125198,125513,315,0,GE-Phrase,241,121878,125705,3827
125198,125513,315,0,NTB,e tal,125198,125513,315
45843,46185,342,0,GE-Phrase,201,43285,46196,2911
45843,46185,342,0,NTB,por exemplo,45843,46185,342
46185,48237,2052,0,GE-Phrase,202,46196,50278,4082
46185,48237,2052,0,NTB,se eles vão produzir um statement of purpose,46185,48237,2052
48982,50259,1277,0,GE-Phrase,202,46196,50278,4082
48982,50259,1277,0,NTB,a escrita dele,48982,50259,1277
89733,90527,794,0,GE-Phrase,223,89435,91263,1828
89733,90527,794,0,NTB,basicamente,89733,90527,794
101775,103364,1589,0,GE-Phrase,226,101601,103369,1768
101775,103364,1589,0,NTB,aí acho que a Elisa faz assim também,101775,103364,1589
106867,108194,1327,0,GE-Phrase,230,107960,110406,2446
106867,108194,1327,0,NTB,o que é um statement of purpose,106867,108194,1327
108194,108671,477,0,GE-Phrase,230,107960,110406,2446
108194,108671,477,0,NTB,vê,108194,108671,477
108671,109369,698,0,GE-Phrase,230,107960,110406,2446
108671,109369,698,0,NTB,tipo,108671,109369,698
109369,110382,1013,0,GE-Phrase,230,107960,110406,2446
109369,110382,1013,0,NTB,exemplos,109369,110382,1013
111370,113448,2078,0,GE-Phrase,234,112627,113705,1078
111370,113448,2078,0,NTB,pra que que aquilo é usado,111370,113448,2078
124510,125198,688,0,GE-Phrase,241,121878,125705,3827
124510,125198,688,0,NTB,estruturados,124510,125198,688
125198,125513,315,0,GE-Phrase,241,121878,125705,3827
125198,125513,315,0,NTB,e tal,125198,125513,315
45843,46185,342,0,GE-Phrase,201,43285,46196,2911
45843,46185,342,0,NTB,por exemplo,45843,46185,342
46185,48237,2052,0,GE-Phrase,202,46196,50278,4082
46185,48237,2052,0,NTB,se eles vão produzir um statement of purpose,46185,48237,2052
48982,50259,1277,0,GE-Phrase,202,46196,50278,4082
48982,50259,1277,0,NTB,a escrita dele,48982,50259,1277
89733,90527,794,0,GE-Phrase,223,89435,91263,1828
89733,90527,794,0,NTB,basicamente,89733,90527,794
101775,103364,1589,0,GE-Phrase,226,101601,103369,1768
101775,103364,1589,0,NTB,aí acho que a Elisa faz assim também,101775,103364,1589
106867,108194,1327,0,GE-Phrase,230,107960,110406,2446
106867,108194,1327,0,NTB,o que é um statement of purpose,106867,108194,1327
108194,108671,477,0,GE-Phrase,230,107960,110406,2446
108194,108671,477,0,NTB,vê,108194,108671,477
108671,109369,698,0,GE-Phrase,230,107960,110406,2446
108671,109369,698,0,NTB,tipo,108671,109369,698
109369,110382,1013,0,GE-Phrase,230,107960,110406,2446
109369,110382,1013,0,NTB,exemplos,109369,110382,1013
111370,113448,2078,0,GE-Phrase,234,112627,113705,1078
111370,113448,2078,0,NTB,pra que que aquilo é usado,111370,113448,2078
124510,125198,688,0,GE-Phrase,241,121878,125705,3827
124510,125198,688,0,NTB,estruturados,124510,125198,688
125198,125513,315,0,GE-Phrase,241,121878,125705,3827
125198,125513,315,0,NTB,e tal,125198,125513,315
45843,46185,342,0,GE-Phrase,201,43285,46196,2911
45843,46185,342,0,NTB,por exemplo,45843,46185,342
46185,48237,2052,0,GE-Phrase,202,46196,50278,4082
46185,48237,2052,0,NTB,se eles vão produzir um statement of purpose,46185,48237,2052
48982,50259,1277,0,GE-Phrase,202,46196,50278,4082
48982,50259,1277,0,NTB,a escrita dele,48982,50259,1277
89733,90527,794,0,GE-Phrase,223,89435,91263,1828
89733,90527,794,0,NTB,basicamente,89733,90527,794
101775,103364,1589,0,GE-Phrase,226,101601,103369,1768
101775,103364,1589,0,NTB,aí acho que a Elisa faz assim também,101775,103364,1589
106867,108194,1327,0,GE-Phrase,230,107960,110406,2446
106867,108194,1327,0,NTB,o que é um statement of purpose,106867,108194,1327
108194,108671,477,0,GE-Phrase,230,107960,110406,2446
108194,108671,477,0,NTB,vê,108194,108671,477
108671,109369,698,0,GE-Phrase,230,107960,110406,2446
108671,109369,698,0,NTB,tipo,108671,109369,698
109369,110382,1013,0,GE-Phrase,230,107960,110406,2446
109369,110382,1013,0,NTB,exemplos,109369,110382,1013
111370,113448,2078,0,GE-Phrase,234,112627,113705,1078
111370,113448,2078,0,NTB,pra que que aquilo é usado,111370,113448,2078
124510,125198,688,0,GE-Phrase,241,121878,125705,3827
124510,125198,688,0,NTB,estruturados,124510,125198,688
125198,125513,315,0,GE-Phrase,241,121878,125705,3827
125198,125513,315,0,NTB,e tal,125198,125513,315
45843,46185,342,0,GE-Phrase,201,43285,46196,2911
45843,46185,342,0,NTB,por exemplo,45843,46185,342
46185,48237,2052,0,GE-Phrase,202,46196,50278,4082
46185,48237,2052,0,NTB,se eles vão produzir um statement of purpose,46185,48237,2052
48982,50259,1277,0,GE-Phrase,202,46196,50278,4082
48982,50259,1277,0,NTB,a escrita dele,48982,50259,1277
89733,90527,794,0,GE-Phrase,223,89435,91263,1828
89733,90527,794,0,NTB,basicamente,89733,90527,794
101775,103364,1589,0,GE-Phrase,226,101601,103369,1768
101775,103364,1589,0,NTB,aí acho que a Elisa faz assim também,101775,103364,1589
106867,108194,1327,0,GE-Phrase,230,107960,110406,2446
106867,108194,1327,0,NTB,o que é um statement of purpose,106867,108194,1327
108194,108671,477,0,GE-Phrase,230,107960,110406,2446
108194,108671,477,0,NTB,vê,108194,108671,477
108671,109369,698,0,GE-Phrase,230,107960,110406,2446
108671,109369,698,0,NTB,tipo,108671,109369,698
109369,110382,1013,0,GE-Phrase,230,107960,110406,2446
109369,110382,1013,0,NTB,exemplos,109369,110382,1013
111370,113448,2078,0,GE-Phrase,234,112627,113705,1078
111370,113448,2078,0,NTB,pra que que aquilo é usado,111370,113448,2078
124510,125198,688,0,GE-Phrase,241,121878,125705,3827
124510,125198,688,0,NTB,estruturados,124510,125198,688
125198,125513,315,0,GE-Phrase,241,121878,125705,3827
125198,125513,315,0,NTB,e tal,125198,125513,315
45843,46185,342,0,GE-Phrase,201,43285,46196,2911
45843,46185,342,0,NTB,por exemplo,45843,46185,342
46185,48237,2052,0,GE-Phrase,202,46196,50278,4082
46185,48237,2052,0,NTB,se eles vão produzir um statement of purpose,46185,48237,2052
48982,50259,1277,0,GE-Phrase,202,46196,50278,4082
48982,50259,1277,0,NTB,a escrita dele,48982,50259,1277
89733,90527,794,0,GE-Phrase,223,89435,91263,1828
89733,90527,794,0,NTB,basicamente,89733,90527,794
101775,103364,1589,0,GE-Phrase,226,101601,103369,1768
101775,103364,1589,0,NTB,aí acho que a Elisa faz assim também,101775,103364,1589
106867,108194,1327,0,GE-Phrase,230,107960,110406,2446
106867,108194,1327,0,NTB,o que é um statement of purpose,106867,108194,1327
108194,108671,477,0,GE-Phrase,230,107960,110406,2446
108194,108671,477,0,NTB,vê,108194,108671,477
108671,109369,698,0,GE-Phrase,230,107960,110406,2446
108671,109369,698,0,NTB,tipo,108671,109369,698
109369,110382,1013,0,GE-Phrase,230,107960,110406,2446
109369,110382,1013,0,NTB,exemplos,109369,110382,1013
111370,113448,2078,0,GE-Phrase,234,112627,113705,1078
111370,113448,2078,0,NTB,pra que que aquilo é usado,111370,113448,2078
124510,125198,688,0,GE-Phrase,241,121878,125705,3827
124510,125198,688,0,NTB,estruturados,124510,125198,688
125198,125513,315,0,GE-Phrase,241,121878,125705,3827
125198,125513,315,0,NTB,e tal,125198,125513,315
45843,46185,342,0,GE-Phrase,201,43285,46196,2911
45843,46185,342,0,NTB,por exemplo,45843,46185,342
46185,48237,2052,0,GE-Phrase,202,46196,50278,4082
46185,48237,2052,0,NTB,se eles vão produzir um statement of purpose,46185,48237,2052
48982,50259,1277,0,GE-Phrase,202,46196,50278,4082
48982,50259,1277,0,NTB,a escrita dele,48982,50259,1277
89733,90527,794,0,GE-Phrase,223,89435,91263,1828
89733,90527,794,0,NTB,basicamente,89733,90527,794
101775,103364,1589,0,GE-Phrase,226,101601,103369,1768
101775,103364,1589,0,NTB,aí acho que a Elisa faz assim também,101775,103364,1589
106867,108194,1327,0,GE-Phrase,230,107960,110406,2446
106867,108194,1327,0,NTB,o que é um statement of purpose,106867,108194,1327
108194,108671,477,0,GE-Phrase,230,107960,110406,2446
108194,108671,477,0,NTB,vê,108194,108671,477
108671,109369,698,0,GE-Phrase,230,107960,110406,2446
108671,109369,698,0,NTB,tipo,108671,109369,698
109369,110382,1013,0,GE-Phrase,230,107960,110406,2446
109369,110382,1013,0,NTB,exemplos,109369,110382,1013
111370,113448,2078,0,GE-Phrase,234,112627,113705,1078
111370,113448,2078,0,NTB,pra que que aquilo é usado,111370,113448,2078
124510,125198,688,0,GE-Phrase,241,121878,125705,3827
124510,125198,688,0,NTB,estruturados,124510,125198,688
125198,125513,315,0,GE-Phrase,241,121878,125705,3827
125198,125513,315,0,NTB,e tal,125198,125513,315
45843,46185,342,0,GE-Phrase,201,43285,46196,2911
45843,46185,342,0,NTB,por exemplo,45843,46185,342
46185,48237,2052,0,GE-Phrase,202,46196,50278,4082
46185,48237,2052,0,NTB,se eles vão produzir um statement of purpose,46185,48237,2052
48982,50259,1277,0,GE-Phrase,202,46196,50278,4082
48982,50259,1277,0,NTB,a escrita dele,48982,50259,1277
89733,90527,794,0,GE-Phrase,223,89435,91263,1828
89733,90527,794,0,NTB,basicamente,89733,90527,794
101775,103364,1589,0,GE-Phrase,226,101601,103369,1768
101775,103364,1589,0,NTB,aí acho que a Elisa faz assim também,101775,103364,1589
106867,108194,1327,0,GE-Phrase,230,107960,110406,2446
106867,108194,1327,0,NTB,o que é um statement of purpose,106867,108194,1327
108194,108671,477,0,GE-Phrase,230,107960,110406,2446
108194,108671,477,0,NTB,vê,108194,108671,477
108671,109369,698,0,GE-Phrase,230,107960,110406,2446
108671,109369,698,0,NTB,tipo,108671,109369,698
109369,110382,1013,0,GE-Phrase,230,107960,110406,2446
109369,110382,1013,0,NTB,exemplos,109369,110382,1013
111370,113448,2078,0,GE-Phrase,234,112627,113705,1078
111370,113448,2078,0,NTB,pra que que aquilo é usado,111370,113448,2078
124510,125198,688,0,GE-Phrase,241,121878,125705,3827
124510,125198,688,0,NTB,estruturados,124510,125198,688
125198,125513,315,0,GE-Phrase,241,121878,125705,3827
125198,125513,315,0,NTB,e tal,125198,125513,315
45843,46185,342,0,GE-Phrase,201,43285,46196,2911
45843,46185,342,0,NTB,por exemplo,45843,46185,342
46185,48237,2052,0,GE-Phrase,202,46196,50278,4082
46185,48237,2052,0,NTB,se eles vão produzir um statement of purpose,46185,48237,2052
48982,50259,1277,0,GE-Phrase,202,46196,50278,4082
48982,50259,1277,0,NTB,a escrita dele,48982,50259,1277
89733,90527,794,0,GE-Phrase,223,89435,91263,1828
89733,90527,794,0,NTB,basicamente,89733,90527,794
101775,103364,1589,0,GE-Phrase,226,101601,103369,1768
101775,103364,1589,0,NTB,aí acho que a Elisa faz assim também,101775,103364,1589
106867,108194,1327,0,GE-Phrase,230,107960,110406,2446
106867,108194,1327,0,NTB,o que é um statement of purpose,106867,108194,1327
108194,108671,477,0,GE-Phrase,230,107960,110406,2446
108194,108671,477,0,NTB,vê,108194,108671,477
108671,109369,698,0,GE-Phrase,230,107960,110406,2446
108671,109369,698,0,NTB,tipo,108671,109369,698
109369,110382,1013,0,GE-Phrase,230,107960,110406,2446
109369,110382,1013,0,NTB,exemplos,109369,110382,1013
111370,113448,2078,0,GE-Phrase,234,112627,113705,1078
111370,113448,2078,0,NTB,pra que que aquilo é usado,111370,113448,2078
124510,125198,688,0,GE-Phrase,241,121878,125705,3827
124510,125198,688,0,NTB,estruturados,124510,125198,688
125198,125513,315,0,GE-Phrase,241,121878,125705,3827
125198,125513,315,0,NTB,e tal,125198,125513,315
45843,46185,342,0,GE-Phrase,201,43285,46196,2911
45843,46185,342,0,NTB,por exemplo,45843,46185,342
46185,48237,2052,0,GE-Phrase,202,46196,50278,4082
46185,48237,2052,0,NTB,se eles vão produzir um statement of purpose,46185,48237,2052
48982,50259,1277,0,GE-Phrase,202,46196,50278,4082
48982,50259,1277,0,NTB,a escrita dele,48982,50259,1277
89733,90527,794,0,GE-Phrase,223,89435,91263,1828
89733,90527,794,0,NTB,basicamente,89733,90527,794
101775,103364,1589,0,GE-Phrase,226,101601,103369,1768
101775,103364,1589,0,NTB,aí acho que a Elisa faz assim também,101775,103364,1589
106867,108194,1327,0,GE-Phrase,230,107960,110406,2446
106867,108194,1327,0,NTB,o que é um statement of purpose,106867,108194,1327
108194,108671,477,0,GE-Phrase,230,107960,110406,2446
108194,108671,477,0,NTB,vê,108194,108671,477
108671,109369,698,0,GE-Phrase,230,107960,110406,2446
108671,109369,698,0,NTB,tipo,108671,109369,698
109369,110382,1013,0,GE-Phrase,230,107960,110406,2446
109369,110382,1013,0,NTB,exemplos,109369,110382,1013
111370,113448,2078,0,GE-Phrase,234,112627,113705,1078
111370,113448,2078,0,NTB,pra que que aquilo é usado,111370,113448,2078
124510,125198,688,0,GE-Phrase,241,121878,125705,3827
124510,125198,688,0,NTB,estruturados,124510,125198,688
125198,125513,315,0,GE-Phrase,241,121878,125705,3827
125198,125513,315,0,NTB,e tal,125198,125513,315
45843,46185,342,0,GE-Phrase,201,43285,46196,2911
45843,46185,342,0,NTB,por exemplo,45843,46185,342
46185,48237,2052,0,GE-Phrase,202,46196,50278,4082
46185,48237,2052,0,NTB,se eles vão produzir um statement of purpose,46185,48237,2052
48982,50259,1277,0,GE-Phrase,202,46196,50278,4082
48982,50259,1277,0,NTB,a escrita dele,48982,50259,1277
89733,90527,794,0,GE-Phrase,223,89435,91263,1828
89733,90527,794,0,NTB,basicamente,89733,90527,794
101775,103364,1589,0,GE-Phrase,226,101601,103369,1768
101775,103364,1589,0,NTB,aí acho que a Elisa faz assim também,101775,103364,1589
106867,108194,1327,0,GE-Phrase,230,107960,110406,2446
106867,108194,1327,0,NTB,o que é um statement of purpose,106867,108194,1327
108194,108671,477,0,GE-Phrase,230,107960,110406,2446
108194,108671,477,0,NTB,vê,108194,108671,477
108671,109369,698,0,GE-Phrase,230,107960,110406,2446
108671,109369,698,0,NTB,tipo,108671,109369,698
109369,110382,1013,0,GE-Phrase,230,107960,110406,2446
109369,110382,1013,0,NTB,exemplos,109369,110382,1013
111370,113448,2078,0,GE-Phrase,234,112627,113705,1078
111370,113448,2078,0,NTB,pra que que aquilo é usado,111370,113448,2078
124510,125198,688,0,GE-Phrase,241,121878,125705,3827
124510,125198,688,0,NTB,estruturados,124510,125198,688
125198,125513,315,0,GE-Phrase,241,121878,125705,3827
125198,125513,315,0,NTB,e tal,125198,125513,315
45843,46185,342,0,GE-Phrase,201,43285,46196,2911
45843,46185,342,0,NTB,por exemplo,45843,46185,342
46185,48237,2052,0,GE-Phrase,202,46196,50278,4082
46185,48237,2052,0,NTB,se eles vão produzir um statement of purpose,46185,48237,2052
48982,50259,1277,0,GE-Phrase,202,46196,50278,4082
48982,50259,1277,0,NTB,a escrita dele,48982,50259,1277
89733,90527,794,0,GE-Phrase,223,89435,91263,1828
89733,90527,794,0,NTB,basicamente,89733,90527,794
101775,103364,1589,0,GE-Phrase,226,101601,103369,1768
101775,103364,1589,0,NTB,aí acho que a Elisa faz assim também,101775,103364,1589
106867,108194,1327,0,GE-Phrase,230,107960,110406,2446
106867,108194,1327,0,NTB,o que é um statement of purpose,106867,108194,1327
108194,108671,477,0,GE-Phrase,230,107960,110406,2446
108194,108671,477,0,NTB,vê,108194,108671,477
108671,109369,698,0,GE-Phrase,230,107960,110406,2446
108671,109369,698,0,NTB,tipo,108671,109369,698
109369,110382,1013,0,GE-Phrase,230,107960,110406,2446
109369,110382,1013,0,NTB,exemplos,109369,110382,1013
111370,113448,2078,0,GE-Phrase,234,112627,113705,1078
111370,113448,2078,0,NTB,pra que que aquilo é usado,111370,113448,2078
124510,125198,688,0,GE-Phrase,241,121878,125705,3827
124510,125198,688,0,NTB,estruturados,124510,125198,688
125198,125513,315,0,GE-Phrase,241,121878,125705,3827
125198,125513,315,0,NTB,e tal,125198,125513,315
45843,46185,342,0,GE-Phrase,201,43285,46196,2911
45843,46185,342,0,NTB,por exemplo,45843,46185,342
46185,48237,2052,0,GE-Phrase,202,46196,50278,4082
46185,48237,2052,0,NTB,se eles vão produzir um statement of purpose,46185,48237,2052
48982,50259,1277,0,GE-Phrase,202,46196,50278,4082
48982,50259,1277,0,NTB,a escrita dele,48982,50259,1277
89733,90527,794,0,GE-Phrase,223,89435,91263,1828
89733,90527,794,0,NTB,basicamente,89733,90527,794
101775,103364,1589,0,GE-Phrase,226,101601,103369,1768
101775,103364,1589,0,NTB,aí acho que a Elisa faz assim também,101775,103364,1589
106867,108194,1327,0,GE-Phrase,230,107960,110406,2446
106867,108194,1327,0,NTB,o que é um statement of purpose,106867,108194,1327
108194,108671,477,0,GE-Phrase,230,107960,110406,2446
108194,108671,477,0,NTB,vê,108194,108671,477
108671,109369,698,0,GE-Phrase,230,107960,110406,2446
108671,109369,698,0,NTB,tipo,108671,109369,698
109369,110382,1013,0,GE-Phrase,230,107960,110406,2446
109369,110382,1013,0,NTB,exemplos,109369,110382,1013
111370,113448,2078,0,GE-Phrase,234,112627,113705,1078
111370,113448,2078,0,NTB,pra que que aquilo é usado,111370,113448,2078
124510,125198,688,0,GE-Phrase,241,121878,125705,3827
124510,125198,688,0,NTB,estruturados,124510,125198,688
125198,125513,315,0,GE-Phrase,241,121878,125705,3827
125198,125513,315,0,NTB,e tal,125198,125513,315
45843,46185,342,0,GE-Phrase,201,43285,46196,2911
45843,46185,342,0,NTB,por exemplo,45843,46185,342
46185,48237,2052,0,GE-Phrase,202,46196,50278,4082
46185,48237,2052,0,NTB,se eles vão produzir um statement of purpose,46185,48237,2052
48982,50259,1277,0,GE-Phrase,202,46196,50278,4082
48982,50259,1277,0,NTB,a escrita dele,48982,50259,1277
89733,90527,794,0,GE-Phrase,223,89435,91263,1828
89733,90527,794,0,NTB,basicamente,89733,90527,794
101775,103364,1589,0,GE-Phrase,226,101601,103369,1768
101775,103364,1589,0,NTB,aí acho que a Elisa faz assim também,101775,103364,1589
106867,108194,1327,0,GE-Phrase,230,107960,110406,2446
106867,108194,1327,0,NTB,o que é um statement of purpose,106867,108194,1327
108194,108671,477,0,GE-Phrase,230,107960,110406,2446
108194,108671,477,0,NTB,vê,108194,108671,477
108671,109369,698,0,GE-Phrase,230,107960,110406,2446
108671,109369,698,0,NTB,tipo,108671,109369,698
109369,110382,1013,0,GE-Phrase,230,107960,110406,2446
109369,110382,1013,0,NTB,exemplos,109369,110382,1013
111370,113448,2078,0,GE-Phrase,234,112627,113705,1078
111370,113448,2078,0,NTB,pra que que aquilo é usado,111370,113448,2078
124510,125198,688,0,GE-Phrase,241,121878,125705,3827
124510,125198,688,0,NTB,estruturados,124510,125198,688
125198,125513,315,0,GE-Phrase,241,121878,125705,3827
125198,125513,315,0,NTB,e tal,125198,125513,315
45843,46185,342,0,GE-Phrase,201,43285,46196,2911
45843,46185,342,0,NTB,por exemplo,45843,46185,342
46185,48237,2052,0,GE-Phrase,202,46196,50278,4082
46185,48237,2052,0,NTB,se eles vão produzir um statement of purpose,46185,48237,2052
48982,50259,1277,0,GE-Phrase,202,46196,50278,4082
48982,50259,1277,0,NTB,a escrita dele,48982,50259,1277
89733,90527,794,0,GE-Phrase,223,89435,91263,1828
89733,90527,794,0,NTB,basicamente,89733,90527,794
101775,103364,1589,0,GE-Phrase,226,101601,103369,1768
101775,103364,1589,0,NTB,aí acho que a Elisa faz assim também,101775,103364,1589
106867,108194,1327,0,GE-Phrase,230,107960,110406,2446
106867,108194,1327,0,NTB,o que é um statement of purpose,106867,108194,1327
108194,108671,477,0,GE-Phrase,230,107960,110406,2446
108194,108671,477,0,NTB,vê,108194,108671,477
108671,109369,698,0,GE-Phrase,230,107960,110406,2446
108671,109369,698,0,NTB,tipo,108671,109369,698
109369,110382,1013,0,GE-Phrase,230,107960,110406,2446
109369,110382,1013,0,NTB,exemplos,109369,110382,1013
111370,113448,2078,0,GE-Phrase,234,112627,113705,1078
111370,113448,2078,0,NTB,pra que que aquilo é usado,111370,113448,2078
124510,125198,688,0,GE-Phrase,241,121878,125705,3827
124510,125198,688,0,NTB,estruturados,124510,125198,688
125198,125513,315,0,GE-Phrase,241,121878,125705,3827
125198,125513,315,0,NTB,e tal,125198,125513,315
45843,46185,342,0,GE-Phrase,201,43285,46196,2911
45843,46185,342,0,NTB,por exemplo,45843,46185,342
46185,48237,2052,0,GE-Phrase,202,46196,50278,4082
46185,48237,2052,0,NTB,se eles vão produzir um statement of purpose,46185,48237,2052
48982,50259,1277,0,GE-Phrase,202,46196,50278,4082
48982,50259,1277,0,NTB,a escrita dele,48982,50259,1277
89733,90527,794,0,GE-Phrase,223,89435,91263,1828
89733,90527,794,0,NTB,basicamente,89733,90527,794
101775,103364,1589,0,GE-Phrase,226,101601,103369,1768
101775,103364,1589,0,NTB,aí acho que a Elisa faz assim também,101775,103364,1589
106867,108194,1327,0,GE-Phrase,230,107960,110406,2446
106867,108194,1327,0,NTB,o que é um statement of purpose,106867,108194,1327
108194,108671,477,0,GE-Phrase,230,107960,110406,2446
108194,108671,477,0,NTB,vê,108194,108671,477
108671,109369,698,0,GE-Phrase,230,107960,110406,2446
108671,109369,698,0,NTB,tipo,108671,109369,698
109369,110382,1013,0,GE-Phrase,230,107960,110406,2446
109369,110382,1013,0,NTB,exemplos,109369,110382,1013
111370,113448,2078,0,GE-Phrase,234,112627,113705,1078
111370,113448,2078,0,NTB,pra que que aquilo é usado,111370,113448,2078
124510,125198,688,0,GE-Phrase,241,121878,125705,3827
124510,125198,688,0,NTB,estruturados,124510,125198,688
125198,125513,315,0,GE-Phrase,241,121878,125705,3827
125198,125513,315,0,NTB,e tal,125198,125513,315
45843,46185,342,0,GE-Phrase,201,43285,46196,2911
45843,46185,342,0,NTB,por exemplo,45843,46185,342
46185,48237,2052,0,GE-Phrase,202,46196,50278,4082
46185,48237,2052,0,NTB,se eles vão produzir um statement of purpose,46185,48237,2052
48982,50259,1277,0,GE-Phrase,202,46196,50278,4082
48982,50259,1277,0,NTB,a escrita dele,48982,50259,1277
89733,90527,794,0,GE-Phrase,223,89435,91263,1828
89733,90527,794,0,NTB,basicamente,89733,90527,794
101775,103364,1589,0,GE-Phrase,226,101601,103369,1768
101775,103364,1589,0,NTB,aí acho que a Elisa faz assim também,101775,103364,1589
106867,108194,1327,0,GE-Phrase,230,107960,110406,2446
106867,108194,1327,0,NTB,o que é um statement of purpose,106867,108194,1327
108194,108671,477,0,GE-Phrase,230,107960,110406,2446
108194,108671,477,0,NTB,vê,108194,108671,477
108671,109369,698,0,GE-Phrase,230,107960,110406,2446
108671,109369,698,0,NTB,tipo,108671,109369,698
109369,110382,1013,0,GE-Phrase,230,107960,110406,2446
109369,110382,1013,0,NTB,exemplos,109369,110382,1013
111370,113448,2078,0,GE-Phrase,234,112627,113705,1078
111370,113448,2078,0,NTB,pra que que aquilo é usado,111370,113448,2078
124510,125198,688,0,GE-Phrase,241,121878,125705,3827
124510,125198,688,0,NTB,estruturados,124510,125198,688
125198,125513,315,0,GE-Phrase,241,121878,125705,3827
125198,125513,315,0,NTB,e tal,125198,125513,315
45843,46185,342,0,GE-Phrase,201,43285,46196,2911
45843,46185,342,0,NTB,por exemplo,45843,46185,342
46185,48237,2052,0,GE-Phrase,202,46196,50278,4082
46185,48237,2052,0,NTB,se eles vão produzir um statement of purpose,46185,48237,2052
48982,50259,1277,0,GE-Phrase,202,46196,50278,4082
48982,50259,1277,0,NTB,a escrita dele,48982,50259,1277
89733,90527,794,0,GE-Phrase,223,89435,91263,1828
89733,90527,794,0,NTB,basicamente,89733,90527,794
101775,103364,1589,0,GE-Phrase,226,101601,103369,1768
101775,103364,1589,0,NTB,aí acho que a Elisa faz assim também,101775,103364,1589
106867,108194,1327,0,GE-Phrase,230,107960,110406,2446
106867,108194,1327,0,NTB,o que é um statement of purpose,106867,108194,1327
108194,108671,477,0,GE-Phrase,230,107960,110406,2446
108194,108671,477,0,NTB,vê,108194,108671,477
108671,109369,698,0,GE-Phrase,230,107960,110406,2446
108671,109369,698,0,NTB,tipo,108671,109369,698
109369,110382,1013,0,GE-Phrase,230,107960,110406,2446
109369,110382,1013,0,NTB,exemplos,109369,110382,1013
111370,113448,2078,0,GE-Phrase,234,112627,113705,1078
111370,113448,2078,0,NTB,pra que que aquilo é usado,111370,113448,2078
124510,125198,688,0,GE-Phrase,241,121878,125705,3827
124510,125198,688,0,NTB,estruturados,124510,125198,688
125198,125513,315,0,GE-Phrase,241,121878,125705,3827
125198,125513,315,0,NTB,e tal,125198,125513,315
45843,46185,342,0,GE-Phrase,201,43285,46196,2911
45843,46185,342,0,NTB,por exemplo,45843,46185,342
46185,48237,2052,0,GE-Phrase,202,46196,50278,4082
46185,48237,2052,0,NTB,se eles vão produzir um statement of purpose,46185,48237,2052
48982,50259,1277,0,GE-Phrase,202,46196,50278,4082
48982,50259,1277,0,NTB,a escrita dele,48982,50259,1277
89733,90527,794,0,GE-Phrase,223,89435,91263,1828
89733,90527,794,0,NTB,basicamente,89733,90527,794
101775,103364,1589,0,GE-Phrase,226,101601,103369,1768
101775,103364,1589,0,NTB,aí acho que a Elisa faz assim também,101775,103364,1589
106867,108194,1327,0,GE-Phrase,230,107960,110406,2446
106867,108194,1327,0,NTB,o que é um statement of purpose,106867,108194,1327
108194,108671,477,0,GE-Phrase,230,107960,110406,2446
108194,108671,477,0,NTB,vê,108194,108671,477
108671,109369,698,0,GE-Phrase,230,107960,110406,2446
108671,109369,698,0,NTB,tipo,108671,109369,698
109369,110382,1013,0,GE-Phrase,230,107960,110406,2446
109369,110382,1013,0,NTB,exemplos,109369,110382,1013
111370,113448,2078,0,GE-Phrase,234,112627,113705,1078
111370,113448,2078,0,NTB,pra que que aquilo é usado,111370,113448,2078
124510,125198,688,0,GE-Phrase,241,121878,125705,3827
124510,125198,688,0,NTB,estruturados,124510,125198,688
125198,125513,315,0,GE-Phrase,241,121878,125705,3827
125198,125513,315,0,NTB,e tal,125198,125513,315
45843,46185,342,0,GE-Phrase,201,43285,46196,2911
45843,46185,342,0,NTB,por exemplo,45843,46185,342
46185,48237,2052,0,GE-Phrase,202,46196,50278,4082
46185,48237,2052,0,NTB,se eles vão produzir um statement of purpose,46185,48237,2052
48982,50259,1277,0,GE-Phrase,202,46196,50278,4082
48982,50259,1277,0,NTB,a escrita dele,48982,50259,1277
89733,90527,794,0,GE-Phrase,223,89435,91263,1828
89733,90527,794,0,NTB,basicamente,89733,90527,794
101775,103364,1589,0,GE-Phrase,226,101601,103369,1768
101775,103364,1589,0,NTB,aí acho que a Elisa faz assim também,101775,103364,1589
106867,108194,1327,0,GE-Phrase,230,107960,110406,2446
106867,108194,1327,0,NTB,o que é um statement of purpose,106867,108194,1327
108194,108671,477,0,GE-Phrase,230,107960,110406,2446
108194,108671,477,0,NTB,vê,108194,108671,477
108671,109369,698,0,GE-Phrase,230,107960,110406,2446
108671,109369,698,0,NTB,tipo,108671,109369,698
109369,110382,1013,0,GE-Phrase,230,107960,110406,2446
109369,110382,1013,0,NTB,exemplos,109369,110382,1013
111370,113448,2078,0,GE-Phrase,234,112627,113705,1078
111370,113448,2078,0,NTB,pra que que aquilo é usado,111370,113448,2078
124510,125198,688,0,GE-Phrase,241,121878,125705,3827
124510,125198,688,0,NTB,estruturados,124510,125198,688
125198,125513,315,0,GE-Phrase,241,121878,125705,3827
125198,125513,315,0,NTB,e tal,125198,125513,315
45843,46185,342,0,GE-Phrase,201,43285,46196,2911
45843,46185,342,0,NTB,por exemplo,45843,46185,342
46185,48237,2052,0,GE-Phrase,202,46196,50278,4082
46185,48237,2052,0,NTB,se eles vão produzir um statement of purpose,46185,48237,2052
48982,50259,1277,0,GE-Phrase,202,46196,50278,4082
48982,50259,1277,0,NTB,a escrita dele,48982,50259,1277
89733,90527,794,0,GE-Phrase,223,89435,91263,1828
89733,90527,794,0,NTB,basicamente,89733,90527,794
101775,103364,1589,0,GE-Phrase,226,101601,103369,1768
101775,103364,1589,0,NTB,aí acho que a Elisa faz assim também,101775,103364,1589
106867,108194,1327,0,GE-Phrase,230,107960,110406,2446
106867,108194,1327,0,NTB,o que é um statement of purpose,106867,108194,1327
108194,108671,477,0,GE-Phrase,230,107960,110406,2446
108194,108671,477,0,NTB,vê,108194,108671,477
108671,109369,698,0,GE-Phrase,230,107960,110406,2446
108671,109369,698,0,NTB,tipo,108671,109369,698
109369,110382,1013,0,GE-Phrase,230,107960,110406,2446
109369,110382,1013,0,NTB,exemplos,109369,110382,1013
111370,113448,2078,0,GE-Phrase,234,112627,113705,1078
111370,113448,2078,0,NTB,pra que que aquilo é usado,111370,113448,2078
124510,125198,688,0,GE-Phrase,241,121878,125705,3827
124510,125198,688,0,NTB,estruturados,124510,125198,688
125198,125513,315,0,GE-Phrase,241,121878,125705,3827
125198,125513,315,0,NTB,e tal,125198,125513,315
45843,46185,342,0,GE-Phrase,201,43285,46196,2911
45843,46185,342,0,NTB,por exemplo,45843,46185,342
46185,48237,2052,0,GE-Phrase,202,46196,50278,4082
46185,48237,2052,0,NTB,se eles vão produzir um statement of purpose,46185,48237,2052
48982,50259,1277,0,GE-Phrase,202,46196,50278,4082
48982,50259,1277,0,NTB,a escrita dele,48982,50259,1277
89733,90527,794,0,GE-Phrase,223,89435,91263,1828
89733,90527,794,0,NTB,basicamente,89733,90527,794
101775,103364,1589,0,GE-Phrase,226,101601,103369,1768
101775,103364,1589,0,NTB,aí acho que a Elisa faz assim também,101775,103364,1589
106867,108194,1327,0,GE-Phrase,230,107960,110406,2446
106867,108194,1327,0,NTB,o que é um statement of purpose,106867,108194,1327
108194,108671,477,0,GE-Phrase,230,107960,110406,2446
108194,108671,477,0,NTB,vê,108194,108671,477
108671,109369,698,0,GE-Phrase,230,107960,110406,2446
108671,109369,698,0,NTB,tipo,108671,109369,698
109369,110382,1013,0,GE-Phrase,230,107960,110406,2446
109369,110382,1013,0,NTB,exemplos,109369,110382,1013
111370,113448,2078,0,GE-Phrase,234,112627,113705,1078
111370,113448,2078,0,NTB,pra que que aquilo é usado,111370,113448,2078
124510,125198,688,0,GE-Phrase,241,121878,125705,3827
124510,125198,688,0,NTB,estruturados,124510,125198,688
125198,125513,315,0,GE-Phrase,241,121878,125705,3827
125198,125513,315,0,NTB,e tal,125198,125513,315
45843,46185,342,0,GE-Phrase,201,43285,46196,2911
45843,46185,342,0,NTB,por exemplo,45843,46185,342
46185,48237,2052,0,GE-Phrase,202,46196,50278,4082
46185,48237,2052,0,NTB,se eles vão produzir um statement of purpose,46185,48237,2052
48982,50259,1277,0,GE-Phrase,202,46196,50278,4082
48982,50259,1277,0,NTB,a escrita dele,48982,50259,1277
89733,90527,794,0,GE-Phrase,223,89435,91263,1828
89733,90527,794,0,NTB,basicamente,89733,90527,794
101775,103364,1589,0,GE-Phrase,226,101601,103369,1768
101775,103364,1589,0,NTB,aí acho que a Elisa faz assim também,101775,103364,1589
106867,108194,1327,0,GE-Phrase,230,107960,110406,2446
106867,108194,1327,0,NTB,o que é um statement of purpose,106867,108194,1327
108194,108671,477,0,GE-Phrase,230,107960,110406,2446
108194,108671,477,0,NTB,vê,108194,108671,477
108671,109369,698,0,GE-Phrase,230,107960,110406,2446
108671,109369,698,0,NTB,tipo,108671,109369,698
109369,110382,1013,0,GE-Phrase,230,107960,110406,2446
109369,110382,1013,0,NTB,exemplos,109369,110382,1013
111370,113448,2078,0,GE-Phrase,234,112627,113705,1078
111370,113448,2078,0,NTB,pra que que aquilo é usado,111370,113448,2078
124510,125198,688,0,GE-Phrase,241,121878,125705,3827
124510,125198,688,0,NTB,estruturados,124510,125198,688
125198,125513,315,0,GE-Phrase,241,121878,125705,3827
125198,125513,315,0,NTB,e tal,125198,125513,315
45843,46185,342,0,GE-Phrase,201,43285,46196,2911
45843,46185,342,0,NTB,por exemplo,45843,46185,342
46185,48237,2052,0,GE-Phrase,202,46196,50278,4082
46185,48237,2052,0,NTB,se eles vão produzir um statement of purpose,46185,48237,2052
48982,50259,1277,0,GE-Phrase,202,46196,50278,4082
48982,50259,1277,0,NTB,a escrita dele,48982,50259,1277
89733,90527,794,0,GE-Phrase,223,89435,91263,1828
89733,90527,794,0,NTB,basicamente,89733,90527,794
101775,103364,1589,0,GE-Phrase,226,101601,103369,1768
101775,103364,1589,0,NTB,aí acho que a Elisa faz assim também,101775,103364,1589
106867,108194,1327,0,GE-Phrase,230,107960,110406,2446
106867,108194,1327,0,NTB,o que é um statement of purpose,106867,108194,1327
108194,108671,477,0,GE-Phrase,230,107960,110406,2446
108194,108671,477,0,NTB,vê,108194,108671,477
108671,109369,698,0,GE-Phrase,230,107960,110406,2446
108671,109369,698,0,NTB,tipo,108671,109369,698
109369,110382,1013,0,GE-Phrase,230,107960,110406,2446
109369,110382,1013,0,NTB,exemplos,109369,110382,1013
111370,113448,2078,0,GE-Phrase,234,112627,113705,1078
111370,113448,2078,0,NTB,pra que que aquilo é usado,111370,113448,2078
124510,125198,688,0,GE-Phrase,241,121878,125705,3827
124510,125198,688,0,NTB,estruturados,124510,125198,688
125198,125513,315,0,GE-Phrase,241,121878,125705,3827
125198,125513,315,0,NTB,e tal,125198,125513,315
45843,46185,342,0,GE-Phrase,201,43285,46196,2911
45843,46185,342,0,NTB,por exemplo,45843,46185,342
46185,48237,2052,0,GE-Phrase,202,46196,50278,4082
46185,48237,2052,0,NTB,se eles vão produzir um statement of purpose,46185,48237,2052
48982,50259,1277,0,GE-Phrase,202,46196,50278,4082
48982,50259,1277,0,NTB,a escrita dele,48982,50259,1277
89733,90527,794,0,GE-Phrase,223,89435,91263,1828
89733,90527,794,0,NTB,basicamente,89733,90527,794
101775,103364,1589,0,GE-Phrase,226,101601,103369,1768
101775,103364,1589,0,NTB,aí acho que a Elisa faz assim também,101775,103364,1589
106867,108194,1327,0,GE-Phrase,230,107960,110406,2446
106867,108194,1327,0,NTB,o que é um statement of purpose,106867,108194,1327
108194,108671,477,0,GE-Phrase,230,107960,110406,2446
108194,108671,477,0,NTB,vê,108194,108671,477
108671,109369,698,0,GE-Phrase,230,107960,110406,2446
108671,109369,698,0,NTB,tipo,108671,109369,698
109369,110382,1013,0,GE-Phrase,230,107960,110406,2446
109369,110382,1013,0,NTB,exemplos,109369,110382,1013
111370,113448,2078,0,GE-Phrase,234,112627,113705,1078
111370,113448,2078,0,NTB,pra que que aquilo é usado,111370,113448,2078
124510,125198,688,0,GE-Phrase,241,121878,125705,3827
124510,125198,688,0,NTB,estruturados,124510,125198,688
125198,125513,315,0,GE-Phrase,241,121878,125705,3827
125198,125513,315,0,NTB,e tal,125198,125513,315
45843,46185,342,0,GE-Phrase,201,43285,46196,2911
45843,46185,342,0,NTB,por exemplo,45843,46185,342
46185,48237,2052,0,GE-Phrase,202,46196,50278,4082
46185,48237,2052,0,NTB,se eles vão produzir um statement of purpose,46185,48237,2052
48982,50259,1277,0,GE-Phrase,202,46196,50278,4082
48982,50259,1277,0,NTB,a escrita dele,48982,50259,1277
89733,90527,794,0,GE-Phrase,223,89435,91263,1828
89733,90527,794,0,NTB,basicamente,89733,90527,794
101775,103364,1589,0,GE-Phrase,226,101601,103369,1768
101775,103364,1589,0,NTB,aí acho que a Elisa faz assim também,101775,103364,1589
106867,108194,1327,0,GE-Phrase,230,107960,110406,2446
106867,108194,1327,0,NTB,o que é um statement of purpose,106867,108194,1327
108194,108671,477,0,GE-Phrase,230,107960,110406,2446
108194,108671,477,0,NTB,vê,108194,108671,477
108671,109369,698,0,GE-Phrase,230,107960,110406,2446
108671,109369,698,0,NTB,tipo,108671,109369,698
109369,110382,1013,0,GE-Phrase,230,107960,110406,2446
109369,110382,1013,0,NTB,exemplos,109369,110382,1013
111370,113448,2078,0,GE-Phrase,234,112627,113705,1078
111370,113448,2078,0,NTB,pra que que aquilo é usado,111370,113448,2078
124510,125198,688,0,GE-Phrase,241,121878,125705,3827
124510,125198,688,0,NTB,estruturados,124510,125198,688
125198,125513,315,0,GE-Phrase,241,121878,125705,3827
125198,125513,315,0,NTB,e tal,125198,125513,315
45843,46185,342,0,GE-Phrase,201,43285,46196,2911
45843,46185,342,0,NTB,por exemplo,45843,46185,342
46185,48237,2052,0,GE-Phrase,202,46196,50278,4082
46185,48237,2052,0,NTB,se eles vão produzir um statement of purpose,46185,48237,2052
48982,50259,1277,0,GE-Phrase,202,46196,50278,4082
48982,50259,1277,0,NTB,a escrita dele,48982,50259,1277
89733,90527,794,0,GE-Phrase,223,89435,91263,1828
89733,90527,794,0,NTB,basicamente,89733,90527,794
101775,103364,1589,0,GE-Phrase,226,101601,103369,1768
101775,103364,1589,0,NTB,aí acho que a Elisa faz assim também,101775,103364,1589
106867,108194,1327,0,GE-Phrase,230,107960,110406,2446
106867,108194,1327,0,NTB,o que é um statement of purpose,106867,108194,1327
108194,108671,477,0,GE-Phrase,230,107960,110406,2446
108194,108671,477,0,NTB,vê,108194,108671,477
108671,109369,698,0,GE-Phrase,230,107960,110406,2446
108671,109369,698,0,NTB,tipo,108671,109369,698
109369,110382,1013,0,GE-Phrase,230,107960,110406,2446
109369,110382,1013,0,NTB,exemplos,109369,110382,1013
111370,113448,2078,0,GE-Phrase,234,112627,113705,1078
111370,113448,2078,0,NTB,pra que que aquilo é usado,111370,113448,2078
124510,125198,688,0,GE-Phrase,241,121878,125705,3827
124510,125198,688,0,NTB,estruturados,124510,125198,688
125198,125513,315,0,GE-Phrase,241,121878,125705,3827
125198,125513,315,0,NTB,e tal,125198,125513,315
45843,46185,342,0,GE-Phrase,201,43285,46196,2911
45843,46185,342,0,NTB,por exemplo,45843,46185,342
46185,48237,2052,0,GE-Phrase,202,46196,50278,4082
46185,48237,2052,0,NTB,se eles vão produzir um statement of purpose,46185,48237,2052
48982,50259,1277,0,GE-Phrase,202,46196,50278,4082
48982,50259,1277,0,NTB,a escrita dele,48982,50259,1277
89733,90527,794,0,GE-Phrase,223,89435,91263,1828
89733,90527,794,0,NTB,basicamente,89733,90527,794
101775,103364,1589,0,GE-Phrase,226,101601,103369,1768
101775,103364,1589,0,NTB,aí acho que a Elisa faz assim também,101775,103364,1589
106867,108194,1327,0,GE-Phrase,230,107960,110406,2446
106867,108194,1327,0,NTB,o que é um statement of purpose,106867,108194,1327
108194,108671,477,0,GE-Phrase,230,107960,110406,2446
108194,108671,477,0,NTB,vê,108194,108671,477
108671,109369,698,0,GE-Phrase,230,107960,110406,2446
108671,109369,698,0,NTB,tipo,108671,109369,698
109369,110382,1013,0,GE-Phrase,230,107960,110406,2446
109369,110382,1013,0,NTB,exemplos,109369,110382,1013
111370,113448,2078,0,GE-Phrase,234,112627,113705,1078
111370,113448,2078,0,NTB,pra que que aquilo é usado,111370,113448,2078
124510,125198,688,0,GE-Phrase,241,121878,125705,3827
124510,125198,688,0,NTB,estruturados,124510,125198,688
125198,125513,315,0,GE-Phrase,241,121878,125705,3827
125198,125513,315,0,NTB,e tal,125198,125513,315
45843,46185,342,0,GE-Phrase,201,43285,46196,2911
45843,46185,342,0,NTB,por exemplo,45843,46185,342
46185,48237,2052,0,GE-Phrase,202,46196,50278,4082
46185,48237,2052,0,NTB,se eles vão produzir um statement of purpose,46185,48237,2052
48982,50259,1277,0,GE-Phrase,202,46196,50278,4082
48982,50259,1277,0,NTB,a escrita dele,48982,50259,1277
89733,90527,794,0,GE-Phrase,223,89435,91263,1828
89733,90527,794,0,NTB,basicamente,89733,90527,794
101775,103364,1589,0,GE-Phrase,226,101601,103369,1768
101775,103364,1589,0,NTB,aí acho que a Elisa faz assim também,101775,103364,1589
106867,108194,1327,0,GE-Phrase,230,107960,110406,2446
106867,108194,1327,0,NTB,o que é um statement of purpose,106867,108194,1327
108194,108671,477,0,GE-Phrase,230,107960,110406,2446
108194,108671,477,0,NTB,vê,108194,108671,477
108671,109369,698,0,GE-Phrase,230,107960,110406,2446
108671,109369,698,0,NTB,tipo,108671,109369,698
109369,110382,1013,0,GE-Phrase,230,107960,110406,2446
109369,110382,1013,0,NTB,exemplos,109369,110382,1013
111370,113448,2078,0,GE-Phrase,234,112627,113705,1078
111370,113448,2078,0,NTB,pra que que aquilo é usado,111370,113448,2078
124510,125198,688,0,GE-Phrase,241,121878,125705,3827
124510,125198,688,0,NTB,estruturados,124510,125198,688
125198,125513,315,0,GE-Phrase,241,121878,125705,3827
125198,125513,315,0,NTB,e tal,125198,125513,315
45843,46185,342,0,GE-Phrase,201,43285,46196,2911
45843,46185,342,0,NTB,por exemplo,45843,46185,342
46185,48237,2052,0,GE-Phrase,202,46196,50278,4082
46185,48237,2052,0,NTB,se eles vão produzir um statement of purpose,46185,48237,2052
48982,50259,1277,0,GE-Phrase,202,46196,50278,4082
48982,50259,1277,0,NTB,a escrita dele,48982,50259,1277
89733,90527,794,0,GE-Phrase,223,89435,91263,1828
89733,90527,794,0,NTB,basicamente,89733,90527,794
101775,103364,1589,0,GE-Phrase,226,101601,103369,1768
101775,103364,1589,0,NTB,aí acho que a Elisa faz assim também,101775,103364,1589
106867,108194,1327,0,GE-Phrase,230,107960,110406,2446
106867,108194,1327,0,NTB,o que é um statement of purpose,106867,108194,1327
108194,108671,477,0,GE-Phrase,230,107960,110406,2446
108194,108671,477,0,NTB,vê,108194,108671,477
108671,109369,698,0,GE-Phrase,230,107960,110406,2446
108671,109369,698,0,NTB,tipo,108671,109369,698
109369,110382,1013,0,GE-Phrase,230,107960,110406,2446
109369,110382,1013,0,NTB,exemplos,109369,110382,1013
111370,113448,2078,0,GE-Phrase,234,112627,113705,1078
111370,113448,2078,0,NTB,pra que que aquilo é usado,111370,113448,2078
124510,125198,688,0,GE-Phrase,241,121878,125705,3827
124510,125198,688,0,NTB,estruturados,124510,125198,688
125198,125513,315,0,GE-Phrase,241,121878,125705,3827
125198,125513,315,0,NTB,e tal,125198,125513,315
45843,46185,342,0,GE-Phrase,201,43285,46196,2911
45843,46185,342,0,NTB,por exemplo,45843,46185,342
46185,48237,2052,0,GE-Phrase,202,46196,50278,4082
46185,48237,2052,0,NTB,se eles vão produzir um statement of purpose,46185,48237,2052
48982,50259,1277,0,GE-Phrase,202,46196,50278,4082
48982,50259,1277,0,NTB,a escrita dele,48982,50259,1277
89733,90527,794,0,GE-Phrase,223,89435,91263,1828
89733,90527,794,0,NTB,basicamente,89733,90527,794
101775,103364,1589,0,GE-Phrase,226,101601,103369,1768
101775,103364,1589,0,NTB,aí acho que a Elisa faz assim também,101775,103364,1589
106867,108194,1327,0,GE-Phrase,230,107960,110406,2446
106867,108194,1327,0,NTB,o que é um statement of purpose,106867,108194,1327
108194,108671,477,0,GE-Phrase,230,107960,110406,2446
108194,108671,477,0,NTB,vê,108194,108671,477
108671,109369,698,0,GE-Phrase,230,107960,110406,2446
108671,109369,698,0,NTB,tipo,108671,109369,698
109369,110382,1013,0,GE-Phrase,230,107960,110406,2446
109369,110382,1013,0,NTB,exemplos,109369,110382,1013
111370,113448,2078,0,GE-Phrase,234,112627,113705,1078
111370,113448,2078,0,NTB,pra que que aquilo é usado,111370,113448,2078
124510,125198,688,0,GE-Phrase,241,121878,125705,3827
124510,125198,688,0,NTB,estruturados,124510,125198,688
125198,125513,315,0,GE-Phrase,241,121878,125705,3827
125198,125513,315,0,NTB,e tal,125198,125513,315
45843,46185,342,0,GE-Phrase,201,43285,46196,2911
45843,46185,342,0,NTB,por exemplo,45843,46185,342
46185,48237,2052,0,GE-Phrase,202,46196,50278,4082
46185,48237,2052,0,NTB,se eles vão produzir um statement of purpose,46185,48237,2052
48982,50259,1277,0,GE-Phrase,202,46196,50278,4082
48982,50259,1277,0,NTB,a escrita dele,48982,50259,1277
89733,90527,794,0,GE-Phrase,223,89435,91263,1828
89733,90527,794,0,NTB,basicamente,89733,90527,794
101775,103364,1589,0,GE-Phrase,226,101601,103369,1768
101775,103364,1589,0,NTB,aí acho que a Elisa faz assim também,101775,103364,1589
106867,108194,1327,0,GE-Phrase,230,107960,110406,2446
106867,108194,1327,0,NTB,o que é um statement of purpose,106867,108194,1327
108194,108671,477,0,GE-Phrase,230,107960,110406,2446
108194,108671,477,0,NTB,vê,108194,108671,477
108671,109369,698,0,GE-Phrase,230,107960,110406,2446
108671,109369,698,0,NTB,tipo,108671,109369,698
109369,110382,1013,0,GE-Phrase,230,107960,110406,2446
109369,110382,1013,0,NTB,exemplos,109369,110382,1013
111370,113448,2078,0,GE-Phrase,234,112627,113705,1078
111370,113448,2078,0,NTB,pra que que aquilo é usado,111370,113448,2078
124510,125198,688,0,GE-Phrase,241,121878,125705,3827
124510,125198,688,0,NTB,estruturados,124510,125198,688
125198,125513,315,0,GE-Phrase,241,121878,125705,3827
125198,125513,315,0,NTB,e tal,125198,125513,315
45843,46185,342,0,GE-Phrase,201,43285,46196,2911
45843,46185,342,0,NTB,por exemplo,45843,46185,342
46185,48237,2052,0,GE-Phrase,202,46196,50278,4082
46185,48237,2052,0,NTB,se eles vão produzir um statement of purpose,46185,48237,2052
48982,50259,1277,0,GE-Phrase,202,46196,50278,4082
48982,50259,1277,0,NTB,a escrita dele,48982,50259,1277
89733,90527,794,0,GE-Phrase,223,89435,91263,1828
89733,90527,794,0,NTB,basicamente,89733,90527,794
101775,103364,1589,0,GE-Phrase,226,101601,103369,1768
101775,103364,1589,0,NTB,aí acho que a Elisa faz assim também,101775,103364,1589
106867,108194,1327,0,GE-Phrase,230,107960,110406,2446
106867,108194,1327,0,NTB,o que é um statement of purpose,106867,108194,1327
108194,108671,477,0,GE-Phrase,230,107960,110406,2446
108194,108671,477,0,NTB,vê,108194,108671,477
108671,109369,698,0,GE-Phrase,230,107960,110406,2446
108671,109369,698,0,NTB,tipo,108671,109369,698
109369,110382,1013,0,GE-Phrase,230,107960,110406,2446
109369,110382,1013,0,NTB,exemplos,109369,110382,1013
111370,113448,2078,0,GE-Phrase,234,112627,113705,1078
111370,113448,2078,0,NTB,pra que que aquilo é usado,111370,113448,2078
124510,125198,688,0,GE-Phrase,241,121878,125705,3827
124510,125198,688,0,NTB,estruturados,124510,125198,688
125198,125513,315,0,GE-Phrase,241,121878,125705,3827
125198,125513,315,0,NTB,e tal,125198,125513,315
45843,46185,342,0,GE-Phrase,201,43285,46196,2911
45843,46185,342,0,NTB,por exemplo,45843,46185,342
46185,48237,2052,0,GE-Phrase,202,46196,50278,4082
46185,48237,2052,0,NTB,se eles vão produzir um statement of purpose,46185,48237,2052
48982,50259,1277,0,GE-Phrase,202,46196,50278,4082
48982,50259,1277,0,NTB,a escrita dele,48982,50259,1277
89733,90527,794,0,GE-Phrase,223,89435,91263,1828
89733,90527,794,0,NTB,basicamente,89733,90527,794
101775,103364,1589,0,GE-Phrase,226,101601,103369,1768
101775,103364,1589,0,NTB,aí acho que a Elisa faz assim também,101775,103364,1589
106867,108194,1327,0,GE-Phrase,230,107960,110406,2446
106867,108194,1327,0,NTB,o que é um statement of purpose,106867,108194,1327
108194,108671,477,0,GE-Phrase,230,107960,110406,2446
108194,108671,477,0,NTB,vê,108194,108671,477
108671,109369,698,0,GE-Phrase,230,107960,110406,2446
108671,109369,698,0,NTB,tipo,108671,109369,698
109369,110382,1013,0,GE-Phrase,230,107960,110406,2446
109369,110382,1013,0,NTB,exemplos,109369,110382,1013
111370,113448,2078,0,GE-Phrase,234,112627,113705,1078
111370,113448,2078,0,NTB,pra que que aquilo é usado,111370,113448,2078
124510,125198,688,0,GE-Phrase,241,121878,125705,3827
124510,125198,688,0,NTB,estruturados,124510,125198,688
125198,125513,315,0,GE-Phrase,241,121878,125705,3827
125198,125513,315,0,NTB,e tal,125198,125513,315
45843,46185,342,0,GE-Phrase,201,43285,46196,2911
45843,46185,342,0,NTB,por exemplo,45843,46185,342
46185,48237,2052,0,GE-Phrase,202,46196,50278,4082
46185,48237,2052,0,NTB,se eles vão produzir um statement of purpose,46185,48237,2052
48982,50259,1277,0,GE-Phrase,202,46196,50278,4082
48982,50259,1277,0,NTB,a escrita dele,48982,50259,1277
89733,90527,794,0,GE-Phrase,223,89435,91263,1828
89733,90527,794,0,NTB,basicamente,89733,90527,794
101775,103364,1589,0,GE-Phrase,226,101601,103369,1768
101775,103364,1589,0,NTB,aí acho que a Elisa faz assim também,101775,103364,1589
106867,108194,1327,0,GE-Phrase,230,107960,110406,2446
106867,108194,1327,0,NTB,o que é um statement of purpose,106867,108194,1327
108194,108671,477,0,GE-Phrase,230,107960,110406,2446
108194,108671,477,0,NTB,vê,108194,108671,477
108671,109369,698,0,GE-Phrase,230,107960,110406,2446
108671,109369,698,0,NTB,tipo,108671,109369,698
109369,110382,1013,0,GE-Phrase,230,107960,110406,2446
109369,110382,1013,0,NTB,exemplos,109369,110382,1013
111370,113448,2078,0,GE-Phrase,234,112627,113705,1078
111370,113448,2078,0,NTB,pra que que aquilo é usado,111370,113448,2078
124510,125198,688,0,GE-Phrase,241,121878,125705,3827
124510,125198,688,0,NTB,estruturados,124510,125198,688
125198,125513,315,0,GE-Phrase,241,121878,125705,3827
125198,125513,315,0,NTB,e tal,125198,125513,315
45843,46185,342,0,GE-Phrase,201,43285,46196,2911
45843,46185,342,0,NTB,por exemplo,45843,46185,342
46185,48237,2052,0,GE-Phrase,202,46196,50278,4082
46185,48237,2052,0,NTB,se eles vão produzir um statement of purpose,46185,48237,2052
48982,50259,1277,0,GE-Phrase,202,46196,50278,4082
48982,50259,1277,0,NTB,a escrita dele,48982,50259,1277
89733,90527,794,0,GE-Phrase,223,89435,91263,1828
89733,90527,794,0,NTB,basicamente,89733,90527,794
101775,103364,1589,0,GE-Phrase,226,101601,103369,1768
101775,103364,1589,0,NTB,aí acho que a Elisa faz assim também,101775,103364,1589
106867,108194,1327,0,GE-Phrase,230,107960,110406,2446
106867,108194,1327,0,NTB,o que é um statement of purpose,106867,108194,1327
108194,108671,477,0,GE-Phrase,230,107960,110406,2446
108194,108671,477,0,NTB,vê,108194,108671,477
108671,109369,698,0,GE-Phrase,230,107960,110406,2446
108671,109369,698,0,NTB,tipo,108671,109369,698
109369,110382,1013,0,GE-Phrase,230,107960,110406,2446
109369,110382,1013,0,NTB,exemplos,109369,110382,1013
111370,113448,2078,0,GE-Phrase,234,112627,113705,1078
111370,113448,2078,0,NTB,pra que que aquilo é usado,111370,113448,2078
124510,125198,688,0,GE-Phrase,241,121878,125705,3827
124510,125198,688,0,NTB,estruturados,124510,125198,688
125198,125513,315,0,GE-Phrase,241,121878,125705,3827
125198,125513,315,0,NTB,e tal,125198,125513,315
45843,46185,342,0,GE-Phrase,201,43285,46196,2911
45843,46185,342,0,NTB,por exemplo,45843,46185,342
46185,48237,2052,0,GE-Phrase,202,46196,50278,4082
46185,48237,2052,0,NTB,se eles vão produzir um statement of purpose,46185,48237,2052
48982,50259,1277,0,GE-Phrase,202,46196,50278,4082
48982,50259,1277,0,NTB,a escrita dele,48982,50259,1277
89733,90527,794,0,GE-Phrase,223,89435,91263,1828
89733,90527,794,0,NTB,basicamente,89733,90527,794
101775,103364,1589,0,GE-Phrase,226,101601,103369,1768
101775,103364,1589,0,NTB,aí acho que a Elisa faz assim também,101775,103364,1589
106867,108194,1327,0,GE-Phrase,230,107960,110406,2446
106867,108194,1327,0,NTB,o que é um statement of purpose,106867,108194,1327
108194,108671,477,0,GE-Phrase,230,107960,110406,2446
108194,108671,477,0,NTB,vê,108194,108671,477
108671,109369,698,0,GE-Phrase,230,107960,110406,2446
108671,109369,698,0,NTB,tipo,108671,109369,698
109369,110382,1013,0,GE-Phrase,230,107960,110406,2446
109369,110382,1013,0,NTB,exemplos,109369,110382,1013
111370,113448,2078,0,GE-Phrase,234,112627,113705,1078
111370,113448,2078,0,NTB,pra que que aquilo é usado,111370,113448,2078
124510,125198,688,0,GE-Phrase,241,121878,125705,3827
124510,125198,688,0,NTB,estruturados,124510,125198,688
125198,125513,315,0,GE-Phrase,241,121878,125705,3827
125198,125513,315,0,NTB,e tal,125198,125513,315
45843,46185,342,0,GE-Phrase,201,43285,46196,2911
45843,46185,342,0,NTB,por exemplo,45843,46185,342
46185,48237,2052,0,GE-Phrase,202,46196,50278,4082
46185,48237,2052,0,NTB,se eles vão produzir um statement of purpose,46185,48237,2052
48982,50259,1277,0,GE-Phrase,202,46196,50278,4082
48982,50259,1277,0,NTB,a escrita dele,48982,50259,1277
89733,90527,794,0,GE-Phrase,223,89435,91263,1828
89733,90527,794,0,NTB,basicamente,89733,90527,794
101775,103364,1589,0,GE-Phrase,226,101601,103369,1768
101775,103364,1589,0,NTB,aí acho que a Elisa faz assim também,101775,103364,1589
106867,108194,1327,0,GE-Phrase,230,107960,110406,2446
106867,108194,1327,0,NTB,o que é um statement of purpose,106867,108194,1327
108194,108671,477,0,GE-Phrase,230,107960,110406,2446
108194,108671,477,0,NTB,vê,108194,108671,477
108671,109369,698,0,GE-Phrase,230,107960,110406,2446
108671,109369,698,0,NTB,tipo,108671,109369,698
109369,110382,1013,0,GE-Phrase,230,107960,110406,2446
109369,110382,1013,0,NTB,exemplos,109369,110382,1013
111370,113448,2078,0,GE-Phrase,234,112627,113705,1078
111370,113448,2078,0,NTB,pra que que aquilo é usado,111370,113448,2078
124510,125198,688,0,GE-Phrase,241,121878,125705,3827
124510,125198,688,0,NTB,estruturados,124510,125198,688
125198,125513,315,0,GE-Phrase,241,121878,125705,3827
125198,125513,315,0,NTB,e tal,125198,125513,315
45843,46185,342,0,GE-Phrase,201,43285,46196,2911
45843,46185,342,0,NTB,por exemplo,45843,46185,342
46185,48237,2052,0,GE-Phrase,202,46196,50278,4082
46185,48237,2052,0,NTB,se eles vão produzir um statement of purpose,46185,48237,2052
48982,50259,1277,0,GE-Phrase,202,46196,50278,4082
48982,50259,1277,0,NTB,a escrita dele,48982,50259,1277
89733,90527,794,0,GE-Phrase,223,89435,91263,1828
89733,90527,794,0,NTB,basicamente,89733,90527,794
101775,103364,1589,0,GE-Phrase,226,101601,103369,1768
101775,103364,1589,0,NTB,aí acho que a Elisa faz assim também,101775,103364,1589
106867,108194,1327,0,GE-Phrase,230,107960,110406,2446
106867,108194,1327,0,NTB,o que é um statement of purpose,106867,108194,1327
108194,108671,477,0,GE-Phrase,230,107960,110406,2446
108194,108671,477,0,NTB,vê,108194,108671,477
108671,109369,698,0,GE-Phrase,230,107960,110406,2446
108671,109369,698,0,NTB,tipo,108671,109369,698
109369,110382,1013,0,GE-Phrase,230,107960,110406,2446
109369,110382,1013,0,NTB,exemplos,109369,110382,1013
111370,113448,2078,0,GE-Phrase,234,112627,113705,1078
111370,113448,2078,0,NTB,pra que que aquilo é usado,111370,113448,2078
124510,125198,688,0,GE-Phrase,241,121878,125705,3827
124510,125198,688,0,NTB,estruturados,124510,125198,688
125198,125513,315,0,GE-Phrase,241,121878,125705,3827
125198,125513,315,0,NTB,e tal,125198,125513,315
45843,46185,342,0,GE-Phrase,201,43285,46196,2911
45843,46185,342,0,NTB,por exemplo,45843,46185,342
46185,48237,2052,0,GE-Phrase,202,46196,50278,4082
46185,48237,2052,0,NTB,se eles vão produzir um statement of purpose,46185,48237,2052
48982,50259,1277,0,GE-Phrase,202,46196,50278,4082
48982,50259,1277,0,NTB,a escrita dele,48982,50259,1277
89733,90527,794,0,GE-Phrase,223,89435,91263,1828
89733,90527,794,0,NTB,basicamente,89733,90527,794
101775,103364,1589,0,GE-Phrase,226,101601,103369,1768
101775,103364,1589,0,NTB,aí acho que a Elisa faz assim também,101775,103364,1589
106867,108194,1327,0,GE-Phrase,230,107960,110406,2446
106867,108194,1327,0,NTB,o que é um statement of purpose,106867,108194,1327
108194,108671,477,0,GE-Phrase,230,107960,110406,2446
108194,108671,477,0,NTB,vê,108194,108671,477
108671,109369,698,0,GE-Phrase,230,107960,110406,2446
108671,109369,698,0,NTB,tipo,108671,109369,698
109369,110382,1013,0,GE-Phrase,230,107960,110406,2446
109369,110382,1013,0,NTB,exemplos,109369,110382,1013
111370,113448,2078,0,GE-Phrase,234,112627,113705,1078
111370,113448,2078,0,NTB,pra que que aquilo é usado,111370,113448,2078
124510,125198,688,0,GE-Phrase,241,121878,125705,3827
124510,125198,688,0,NTB,estruturados,124510,125198,688
125198,125513,315,0,GE-Phrase,241,121878,125705,3827
125198,125513,315,0,NTB,e tal,125198,125513,315
45843,46185,342,0,GE-Phrase,201,43285,46196,2911
45843,46185,342,0,NTB,por exemplo,45843,46185,342
46185,48237,2052,0,GE-Phrase,202,46196,50278,4082
46185,48237,2052,0,NTB,se eles vão produzir um statement of purpose,46185,48237,2052
48982,50259,1277,0,GE-Phrase,202,46196,50278,4082
48982,50259,1277,0,NTB,a escrita dele,48982,50259,1277
89733,90527,794,0,GE-Phrase,223,89435,91263,1828
89733,90527,794,0,NTB,basicamente,89733,90527,794
101775,103364,1589,0,GE-Phrase,226,101601,103369,1768
101775,103364,1589,0,NTB,aí acho que a Elisa faz assim também,101775,103364,1589
106867,108194,1327,0,GE-Phrase,230,107960,110406,2446
106867,108194,1327,0,NTB,o que é um statement of purpose,106867,108194,1327
108194,108671,477,0,GE-Phrase,230,107960,110406,2446
108194,108671,477,0,NTB,vê,108194,108671,477
108671,109369,698,0,GE-Phrase,230,107960,110406,2446
108671,109369,698,0,NTB,tipo,108671,109369,698
109369,110382,1013,0,GE-Phrase,230,107960,110406,2446
109369,110382,1013,0,NTB,exemplos,109369,110382,1013
111370,113448,2078,0,GE-Phrase,234,112627,113705,1078
111370,113448,2078,0,NTB,pra que que aquilo é usado,111370,113448,2078
124510,125198,688,0,GE-Phrase,241,121878,125705,3827
124510,125198,688,0,NTB,estruturados,124510,125198,688
125198,125513,315,0,GE-Phrase,241,121878,125705,3827
125198,125513,315,0,NTB,e tal,125198,125513,315
45843,46185,342,0,GE-Phrase,201,43285,46196,2911
45843,46185,342,0,NTB,por exemplo,45843,46185,342
46185,48237,2052,0,GE-Phrase,202,46196,50278,4082
46185,48237,2052,0,NTB,se eles vão produzir um statement of purpose,46185,48237,2052
48982,50259,1277,0,GE-Phrase,202,46196,50278,4082
48982,50259,1277,0,NTB,a escrita dele,48982,50259,1277
89733,90527,794,0,GE-Phrase,223,89435,91263,1828
89733,90527,794,0,NTB,basicamente,89733,90527,794
101775,103364,1589,0,GE-Phrase,226,101601,103369,1768
101775,103364,1589,0,NTB,aí acho que a Elisa faz assim também,101775,103364,1589
106867,108194,1327,0,GE-Phrase,230,107960,110406,2446
106867,108194,1327,0,NTB,o que é um statement of purpose,106867,108194,1327
108194,108671,477,0,GE-Phrase,230,107960,110406,2446
108194,108671,477,0,NTB,vê,108194,108671,477
108671,109369,698,0,GE-Phrase,230,107960,110406,2446
108671,109369,698,0,NTB,tipo,108671,109369,698
109369,110382,1013,0,GE-Phrase,230,107960,110406,2446
109369,110382,1013,0,NTB,exemplos,109369,110382,1013
111370,113448,2078,0,GE-Phrase,234,112627,113705,1078
111370,113448,2078,0,NTB,pra que que aquilo é usado,111370,113448,2078
124510,125198,688,0,GE-Phrase,241,121878,125705,3827
124510,125198,688,0,NTB,estruturados,124510,125198,688
125198,125513,315,0,GE-Phrase,241,121878,125705,3827
125198,125513,315,0,NTB,e tal,125198,125513,315
45843,46185,342,0,GE-Phrase,201,43285,46196,2911
45843,46185,342,0,NTB,por exemplo,45843,46185,342
46185,48237,2052,0,GE-Phrase,202,46196,50278,4082
46185,48237,2052,0,NTB,se eles vão produzir um statement of purpose,46185,48237,2052
48982,50259,1277,0,GE-Phrase,202,46196,50278,4082
48982,50259,1277,0,NTB,a escrita dele,48982,50259,1277
89733,90527,794,0,GE-Phrase,223,89435,91263,1828
89733,90527,794,0,NTB,basicamente,89733,90527,794
101775,103364,1589,0,GE-Phrase,226,101601,103369,1768
101775,103364,1589,0,NTB,aí acho que a Elisa faz assim também,101775,103364,1589
106867,108194,1327,0,GE-Phrase,230,107960,110406,2446
106867,108194,1327,0,NTB,o que é um statement of purpose,106867,108194,1327
108194,108671,477,0,GE-Phrase,230,107960,110406,2446
108194,108671,477,0,NTB,vê,108194,108671,477
108671,109369,698,0,GE-Phrase,230,107960,110406,2446
108671,109369,698,0,NTB,tipo,108671,109369,698
109369,110382,1013,0,GE-Phrase,230,107960,110406,2446
109369,110382,1013,0,NTB,exemplos,109369,110382,1013
111370,113448,2078,0,GE-Phrase,234,112627,113705,1078
111370,113448,2078,0,NTB,pra que que aquilo é usado,111370,113448,2078
124510,125198,688,0,GE-Phrase,241,121878,125705,3827
124510,125198,688,0,NTB,estruturados,124510,125198,688
125198,125513,315,0,GE-Phrase,241,121878,125705,3827
125198,125513,315,0,NTB,e tal,125198,125513,315
45843,46185,342,0,GE-Phrase,201,43285,46196,2911
45843,46185,342,0,NTB,por exemplo,45843,46185,342
46185,48237,2052,0,GE-Phrase,202,46196,50278,4082
46185,48237,2052,0,NTB,se eles vão produzir um statement of purpose,46185,48237,2052
48982,50259,1277,0,GE-Phrase,202,46196,50278,4082
48982,50259,1277,0,NTB,a escrita dele,48982,50259,1277
89733,90527,794,0,GE-Phrase,223,89435,91263,1828
89733,90527,794,0,NTB,basicamente,89733,90527,794
101775,103364,1589,0,GE-Phrase,226,101601,103369,1768
101775,103364,1589,0,NTB,aí acho que a Elisa faz assim também,101775,103364,1589
106867,108194,1327,0,GE-Phrase,230,107960,110406,2446
106867,108194,1327,0,NTB,o que é um statement of purpose,106867,108194,1327
108194,108671,477,0,GE-Phrase,230,107960,110406,2446
108194,108671,477,0,NTB,vê,108194,108671,477
108671,109369,698,0,GE-Phrase,230,107960,110406,2446
108671,109369,698,0,NTB,tipo,108671,109369,698
109369,110382,1013,0,GE-Phrase,230,107960,110406,2446
109369,110382,1013,0,NTB,exemplos,109369,110382,1013
111370,113448,2078,0,GE-Phrase,234,112627,113705,1078
111370,113448,2078,0,NTB,pra que que aquilo é usado,111370,113448,2078
124510,125198,688,0,GE-Phrase,241,121878,125705,3827
124510,125198,688,0,NTB,estruturados,124510,125198,688
125198,125513,315,0,GE-Phrase,241,121878,125705,3827
125198,125513,315,0,NTB,e tal,125198,125513,315
45843,46185,342,0,GE-Phrase,201,43285,46196,2911
45843,46185,342,0,NTB,por exemplo,45843,46185,342
46185,48237,2052,0,GE-Phrase,202,46196,50278,4082
46185,48237,2052,0,NTB,se eles vão produzir um statement of purpose,46185,48237,2052
48982,50259,1277,0,GE-Phrase,202,46196,50278,4082
48982,50259,1277,0,NTB,a escrita dele,48982,50259,1277
89733,90527,794,0,GE-Phrase,223,89435,91263,1828
89733,90527,794,0,NTB,basicamente,89733,90527,794
101775,103364,1589,0,GE-Phrase,226,101601,103369,1768
101775,103364,1589,0,NTB,aí acho que a Elisa faz assim também,101775,103364,1589
106867,108194,1327,0,GE-Phrase,230,107960,110406,2446
106867,108194,1327,0,NTB,o que é um statement of purpose,106867,108194,1327
108194,108671,477,0,GE-Phrase,230,107960,110406,2446
108194,108671,477,0,NTB,vê,108194,108671,477
108671,109369,698,0,GE-Phrase,230,107960,110406,2446
108671,109369,698,0,NTB,tipo,108671,109369,698
109369,110382,1013,0,GE-Phrase,230,107960,110406,2446
109369,110382,1013,0,NTB,exemplos,109369,110382,1013
111370,113448,2078,0,GE-Phrase,234,112627,113705,1078
111370,113448,2078,0,NTB,pra que que aquilo é usado,111370,113448,2078
124510,125198,688,0,GE-Phrase,241,121878,125705,3827
124510,125198,688,0,NTB,estruturados,124510,125198,688
125198,125513,315,0,GE-Phrase,241,121878,125705,3827
125198,125513,315,0,NTB,e tal,125198,125513,315
45843,46185,342,0,GE-Phrase,201,43285,46196,2911
45843,46185,342,0,NTB,por exemplo,45843,46185,342
46185,48237,2052,0,GE-Phrase,202,46196,50278,4082
46185,48237,2052,0,NTB,se eles vão produzir um statement of purpose,46185,48237,2052
48982,50259,1277,0,GE-Phrase,202,46196,50278,4082
48982,50259,1277,0,NTB,a escrita dele,48982,50259,1277
89733,90527,794,0,GE-Phrase,223,89435,91263,1828
89733,90527,794,0,NTB,basicamente,89733,90527,794
101775,103364,1589,0,GE-Phrase,226,101601,103369,1768
101775,103364,1589,0,NTB,aí acho que a Elisa faz assim também,101775,103364,1589
106867,108194,1327,0,GE-Phrase,230,107960,110406,2446
106867,108194,1327,0,NTB,o que é um statement of purpose,106867,108194,1327
108194,108671,477,0,GE-Phrase,230,107960,110406,2446
108194,108671,477,0,NTB,vê,108194,108671,477
108671,109369,698,0,GE-Phrase,230,107960,110406,2446
108671,109369,698,0,NTB,tipo,108671,109369,698
109369,110382,1013,0,GE-Phrase,230,107960,110406,2446
109369,110382,1013,0,NTB,exemplos,109369,110382,1013
111370,113448,2078,0,GE-Phrase,234,112627,113705,1078
111370,113448,2078,0,NTB,pra que que aquilo é usado,111370,113448,2078
124510,125198,688,0,GE-Phrase,241,121878,125705,3827
124510,125198,688,0,NTB,estruturados,124510,125198,688
125198,125513,315,0,GE-Phrase,241,121878,125705,3827
125198,125513,315,0,NTB,e tal,125198,125513,315
45843,46185,342,0,GE-Phrase,201,43285,46196,2911
45843,46185,342,0,NTB,por exemplo,45843,46185,342
46185,48237,2052,0,GE-Phrase,202,46196,50278,4082
46185,48237,2052,0,NTB,se eles vão produzir um statement of purpose,46185,48237,2052
48982,50259,1277,0,GE-Phrase,202,46196,50278,4082
48982,50259,1277,0,NTB,a escrita dele,48982,50259,1277
89733,90527,794,0,GE-Phrase,223,89435,91263,1828
89733,90527,794,0,NTB,basicamente,89733,90527,794
101775,103364,1589,0,GE-Phrase,226,101601,103369,1768
101775,103364,1589,0,NTB,aí acho que a Elisa faz assim também,101775,103364,1589
106867,108194,1327,0,GE-Phrase,230,107960,110406,2446
106867,108194,1327,0,NTB,o que é um statement of purpose,106867,108194,1327
108194,108671,477,0,GE-Phrase,230,107960,110406,2446
108194,108671,477,0,NTB,vê,108194,108671,477
108671,109369,698,0,GE-Phrase,230,107960,110406,2446
108671,109369,698,0,NTB,tipo,108671,109369,698
109369,110382,1013,0,GE-Phrase,230,107960,110406,2446
109369,110382,1013,0,NTB,exemplos,109369,110382,1013
111370,113448,2078,0,GE-Phrase,234,112627,113705,1078
111370,113448,2078,0,NTB,pra que que aquilo é usado,111370,113448,2078
124510,125198,688,0,GE-Phrase,241,121878,125705,3827
124510,125198,688,0,NTB,estruturados,124510,125198,688
125198,125513,315,0,GE-Phrase,241,121878,125705,3827
125198,125513,315,0,NTB,e tal,125198,125513,315
45843,46185,342,0,GE-Phrase,201,43285,46196,2911
45843,46185,342,0,NTB,por exemplo,45843,46185,342
46185,48237,2052,0,GE-Phrase,202,46196,50278,4082
46185,48237,2052,0,NTB,se eles vão produzir um statement of purpose,46185,48237,2052
48982,50259,1277,0,GE-Phrase,202,46196,50278,4082
48982,50259,1277,0,NTB,a escrita dele,48982,50259,1277
89733,90527,794,0,GE-Phrase,223,89435,91263,1828
89733,90527,794,0,NTB,basicamente,89733,90527,794
101775,103364,1589,0,GE-Phrase,226,101601,103369,1768
101775,103364,1589,0,NTB,aí acho que a Elisa faz assim também,101775,103364,1589
106867,108194,1327,0,GE-Phrase,230,107960,110406,2446
106867,108194,1327,0,NTB,o que é um statement of purpose,106867,108194,1327
108194,108671,477,0,GE-Phrase,230,107960,110406,2446
108194,108671,477,0,NTB,vê,108194,108671,477
108671,109369,698,0,GE-Phrase,230,107960,110406,2446
108671,109369,698,0,NTB,tipo,108671,109369,698
109369,110382,1013,0,GE-Phrase,230,107960,110406,2446
109369,110382,1013,0,NTB,exemplos,109369,110382,1013
111370,113448,2078,0,GE-Phrase,234,112627,113705,1078
111370,113448,2078,0,NTB,pra que que aquilo é usado,111370,113448,2078
124510,125198,688,0,GE-Phrase,241,121878,125705,3827
124510,125198,688,0,NTB,estruturados,124510,125198,688
125198,125513,315,0,GE-Phrase,241,121878,125705,3827
125198,125513,315,0,NTB,e tal,125198,125513,315
45843,46185,342,0,GE-Phrase,201,43285,46196,2911
45843,46185,342,0,NTB,por exemplo,45843,46185,342
46185,48237,2052,0,GE-Phrase,202,46196,50278,4082
46185,48237,2052,0,NTB,se eles vão produzir um statement of purpose,46185,48237,2052
48982,50259,1277,0,GE-Phrase,202,46196,50278,4082
48982,50259,1277,0,NTB,a escrita dele,48982,50259,1277
89733,90527,794,0,GE-Phrase,223,89435,91263,1828
89733,90527,794,0,NTB,basicamente,89733,90527,794
101775,103364,1589,0,GE-Phrase,226,101601,103369,1768
101775,103364,1589,0,NTB,aí acho que a Elisa faz assim também,101775,103364,1589
106867,108194,1327,0,GE-Phrase,230,107960,110406,2446
106867,108194,1327,0,NTB,o que é um statement of purpose,106867,108194,1327
108194,108671,477,0,GE-Phrase,230,107960,110406,2446
108194,108671,477,0,NTB,vê,108194,108671,477
108671,109369,698,0,GE-Phrase,230,107960,110406,2446
108671,109369,698,0,NTB,tipo,108671,109369,698
109369,110382,1013,0,GE-Phrase,230,107960,110406,2446
109369,110382,1013,0,NTB,exemplos,109369,110382,1013
111370,113448,2078,0,GE-Phrase,234,112627,113705,1078
111370,113448,2078,0,NTB,pra que que aquilo é usado,111370,113448,2078
124510,125198,688,0,GE-Phrase,241,121878,125705,3827
124510,125198,688,0,NTB,estruturados,124510,125198,688
125198,125513,315,0,GE-Phrase,241,121878,125705,3827
125198,125513,315,0,NTB,e tal,125198,125513,315
45843,46185,342,0,GE-Phrase,201,43285,46196,2911
45843,46185,342,0,NTB,por exemplo,45843,46185,342
46185,48237,2052,0,GE-Phrase,202,46196,50278,4082
46185,48237,2052,0,NTB,se eles vão produzir um statement of purpose,46185,48237,2052
48982,50259,1277,0,GE-Phrase,202,46196,50278,4082
48982,50259,1277,0,NTB,a escrita dele,48982,50259,1277
89733,90527,794,0,GE-Phrase,223,89435,91263,1828
89733,90527,794,0,NTB,basicamente,89733,90527,794
101775,103364,1589,0,GE-Phrase,226,101601,103369,1768
101775,103364,1589,0,NTB,aí acho que a Elisa faz assim também,101775,103364,1589
106867,108194,1327,0,GE-Phrase,230,107960,110406,2446
106867,108194,1327,0,NTB,o que é um statement of purpose,106867,108194,1327
108194,108671,477,0,GE-Phrase,230,107960,110406,2446
108194,108671,477,0,NTB,vê,108194,108671,477
108671,109369,698,0,GE-Phrase,230,107960,110406,2446
108671,109369,698,0,NTB,tipo,108671,109369,698
109369,110382,1013,0,GE-Phrase,230,107960,110406,2446
109369,110382,1013,0,NTB,exemplos,109369,110382,1013
111370,113448,2078,0,GE-Phrase,234,112627,113705,1078
111370,113448,2078,0,NTB,pra que que aquilo é usado,111370,113448,2078
124510,125198,688,0,GE-Phrase,241,121878,125705,3827
124510,125198,688,0,NTB,estruturados,124510,125198,688
125198,125513,315,0,GE-Phrase,241,121878,125705,3827
125198,125513,315,0,NTB,e tal,125198,125513,315
45843,46185,342,0,GE-Phrase,201,43285,46196,2911
45843,46185,342,0,NTB,por exemplo,45843,46185,342
46185,48237,2052,0,GE-Phrase,202,46196,50278,4082
46185,48237,2052,0,NTB,se eles vão produzir um statement of purpose,46185,48237,2052
48982,50259,1277,0,GE-Phrase,202,46196,50278,4082
48982,50259,1277,0,NTB,a escrita dele,48982,50259,1277
89733,90527,794,0,GE-Phrase,223,89435,91263,1828
89733,90527,794,0,NTB,basicamente,89733,90527,794
101775,103364,1589,0,GE-Phrase,226,101601,103369,1768
101775,103364,1589,0,NTB,aí acho que a Elisa faz assim também,101775,103364,1589
106867,108194,1327,0,GE-Phrase,230,107960,110406,2446
106867,108194,1327,0,NTB,o que é um statement of purpose,106867,108194,1327
108194,108671,477,0,GE-Phrase,230,107960,110406,2446
108194,108671,477,0,NTB,vê,108194,108671,477
108671,109369,698,0,GE-Phrase,230,107960,110406,2446
108671,109369,698,0,NTB,tipo,108671,109369,698
109369,110382,1013,0,GE-Phrase,230,107960,110406,2446
109369,110382,1013,0,NTB,exemplos,109369,110382,1013
111370,113448,2078,0,GE-Phrase,234,112627,113705,1078
111370,113448,2078,0,NTB,pra que que aquilo é usado,111370,113448,2078
124510,125198,688,0,GE-Phrase,241,121878,125705,3827
124510,125198,688,0,NTB,estruturados,124510,125198,688
125198,125513,315,0,GE-Phrase,241,121878,125705,3827
125198,125513,315,0,NTB,e tal,125198,125513,315
45843,46185,342,0,GE-Phrase,201,43285,46196,2911
45843,46185,342,0,NTB,por exemplo,45843,46185,342
46185,48237,2052,0,GE-Phrase,202,46196,50278,4082
46185,48237,2052,0,NTB,se eles vão produzir um statement of purpose,46185,48237,2052
48982,50259,1277,0,GE-Phrase,202,46196,50278,4082
48982,50259,1277,0,NTB,a escrita dele,48982,50259,1277
89733,90527,794,0,GE-Phrase,223,89435,91263,1828
89733,90527,794,0,NTB,basicamente,89733,90527,794
101775,103364,1589,0,GE-Phrase,226,101601,103369,1768
101775,103364,1589,0,NTB,aí acho que a Elisa faz assim também,101775,103364,1589
106867,108194,1327,0,GE-Phrase,230,107960,110406,2446
106867,108194,1327,0,NTB,o que é um statement of purpose,106867,108194,1327
108194,108671,477,0,GE-Phrase,230,107960,110406,2446
108194,108671,477,0,NTB,vê,108194,108671,477
108671,109369,698,0,GE-Phrase,230,107960,110406,2446
108671,109369,698,0,NTB,tipo,108671,109369,698
109369,110382,1013,0,GE-Phrase,230,107960,110406,2446
109369,110382,1013,0,NTB,exemplos,109369,110382,1013
111370,113448,2078,0,GE-Phrase,234,112627,113705,1078
111370,113448,2078,0,NTB,pra que que aquilo é usado,111370,113448,2078
124510,125198,688,0,GE-Phrase,241,121878,125705,3827
124510,125198,688,0,NTB,estruturados,124510,125198,688
125198,125513,315,0,GE-Phrase,241,121878,125705,3827
125198,125513,315,0,NTB,e tal,125198,125513,315
45843,46185,342,0,GE-Phrase,201,43285,46196,2911
45843,46185,342,0,NTB,por exemplo,45843,46185,342
46185,48237,2052,0,GE-Phrase,202,46196,50278,4082
46185,48237,2052,0,NTB,se eles vão produzir um statement of purpose,46185,48237,2052
48982,50259,1277,0,GE-Phrase,202,46196,50278,4082
48982,50259,1277,0,NTB,a escrita dele,48982,50259,1277
89733,90527,794,0,GE-Phrase,223,89435,91263,1828
89733,90527,794,0,NTB,basicamente,89733,90527,794
101775,103364,1589,0,GE-Phrase,226,101601,103369,1768
101775,103364,1589,0,NTB,aí acho que a Elisa faz assim também,101775,103364,1589
106867,108194,1327,0,GE-Phrase,230,107960,110406,2446
106867,108194,1327,0,NTB,o que é um statement of purpose,106867,108194,1327
108194,108671,477,0,GE-Phrase,230,107960,110406,2446
108194,108671,477,0,NTB,vê,108194,108671,477
108671,109369,698,0,GE-Phrase,230,107960,110406,2446
108671,109369,698,0,NTB,tipo,108671,109369,698
109369,110382,1013,0,GE-Phrase,230,107960,110406,2446
109369,110382,1013,0,NTB,exemplos,109369,110382,1013
111370,113448,2078,0,GE-Phrase,234,112627,113705,1078
111370,113448,2078,0,NTB,pra que que aquilo é usado,111370,113448,2078
124510,125198,688,0,GE-Phrase,241,121878,125705,3827
124510,125198,688,0,NTB,estruturados,124510,125198,688
125198,125513,315,0,GE-Phrase,241,121878,125705,3827
125198,125513,315,0,NTB,e tal,125198,125513,315
45843,46185,342,0,GE-Phrase,201,43285,46196,2911
45843,46185,342,0,NTB,por exemplo,45843,46185,342
46185,48237,2052,0,GE-Phrase,202,46196,50278,4082
46185,48237,2052,0,NTB,se eles vão produzir um statement of purpose,46185,48237,2052
48982,50259,1277,0,GE-Phrase,202,46196,50278,4082
48982,50259,1277,0,NTB,a escrita dele,48982,50259,1277
89733,90527,794,0,GE-Phrase,223,89435,91263,1828
89733,90527,794,0,NTB,basicamente,89733,90527,794
101775,103364,1589,0,GE-Phrase,226,101601,103369,1768
101775,103364,1589,0,NTB,aí acho que a Elisa faz assim também,101775,103364,1589
106867,108194,1327,0,GE-Phrase,230,107960,110406,2446
106867,108194,1327,0,NTB,o que é um statement of purpose,106867,108194,1327
108194,108671,477,0,GE-Phrase,230,107960,110406,2446
108194,108671,477,0,NTB,vê,108194,108671,477
108671,109369,698,0,GE-Phrase,230,107960,110406,2446
108671,109369,698,0,NTB,tipo,108671,109369,698
109369,110382,1013,0,GE-Phrase,230,107960,110406,2446
109369,110382,1013,0,NTB,exemplos,109369,110382,1013
111370,113448,2078,0,GE-Phrase,234,112627,113705,1078
111370,113448,2078,0,NTB,pra que que aquilo é usado,111370,113448,2078
124510,125198,688,0,GE-Phrase,241,121878,125705,3827
124510,125198,688,0,NTB,estruturados,124510,125198,688
125198,125513,315,0,GE-Phrase,241,121878,125705,3827
125198,125513,315,0,NTB,e tal,125198,125513,315
45843,46185,342,0,GE-Phrase,201,43285,46196,2911
45843,46185,342,0,NTB,por exemplo,45843,46185,342
46185,48237,2052,0,GE-Phrase,202,46196,50278,4082
46185,48237,2052,0,NTB,se eles vão produzir um statement of purpose,46185,48237,2052
48982,50259,1277,0,GE-Phrase,202,46196,50278,4082
48982,50259,1277,0,NTB,a escrita dele,48982,50259,1277
89733,90527,794,0,GE-Phrase,223,89435,91263,1828
89733,90527,794,0,NTB,basicamente,89733,90527,794
101775,103364,1589,0,GE-Phrase,226,101601,103369,1768
101775,103364,1589,0,NTB,aí acho que a Elisa faz assim também,101775,103364,1589
106867,108194,1327,0,GE-Phrase,230,107960,110406,2446
106867,108194,1327,0,NTB,o que é um statement of purpose,106867,108194,1327
108194,108671,477,0,GE-Phrase,230,107960,110406,2446
108194,108671,477,0,NTB,vê,108194,108671,477
108671,109369,698,0,GE-Phrase,230,107960,110406,2446
108671,109369,698,0,NTB,tipo,108671,109369,698
109369,110382,1013,0,GE-Phrase,230,107960,110406,2446
109369,110382,1013,0,NTB,exemplos,109369,110382,1013
111370,113448,2078,0,GE-Phrase,234,112627,113705,1078
111370,113448,2078,0,NTB,pra que que aquilo é usado,111370,113448,2078
124510,125198,688,0,GE-Phrase,241,121878,125705,3827
124510,125198,688,0,NTB,estruturados,124510,125198,688
125198,125513,315,0,GE-Phrase,241,121878,125705,3827
125198,125513,315,0,NTB,e tal,125198,125513,315
45843,46185,342,0,GE-Phrase,201,43285,46196,2911
45843,46185,342,0,NTB,por exemplo,45843,46185,342
46185,48237,2052,0,GE-Phrase,202,46196,50278,4082
46185,48237,2052,0,NTB,se eles vão produzir um statement of purpose,46185,48237,2052
48982,50259,1277,0,GE-Phrase,202,46196,50278,4082
48982,50259,1277,0,NTB,a escrita dele,48982,50259,1277
89733,90527,794,0,GE-Phrase,223,89435,91263,1828
89733,90527,794,0,NTB,basicamente,89733,90527,794
101775,103364,1589,0,GE-Phrase,226,101601,103369,1768
101775,103364,1589,0,NTB,aí acho que a Elisa faz assim também,101775,103364,1589
106867,108194,1327,0,GE-Phrase,230,107960,110406,2446
106867,108194,1327,0,NTB,o que é um statement of purpose,106867,108194,1327
108194,108671,477,0,GE-Phrase,230,107960,110406,2446
108194,108671,477,0,NTB,vê,108194,108671,477
108671,109369,698,0,GE-Phrase,230,107960,110406,2446
108671,109369,698,0,NTB,tipo,108671,109369,698
109369,110382,1013,0,GE-Phrase,230,107960,110406,2446
109369,110382,1013,0,NTB,exemplos,109369,110382,1013
111370,113448,2078,0,GE-Phrase,234,112627,113705,1078
111370,113448,2078,0,NTB,pra que que aquilo é usado,111370,113448,2078
124510,125198,688,0,GE-Phrase,241,121878,125705,3827
124510,125198,688,0,NTB,estruturados,124510,125198,688
125198,125513,315,0,GE-Phrase,241,121878,125705,3827
125198,125513,315,0,NTB,e tal,125198,125513,315
45843,46185,342,0,GE-Phrase,201,43285,46196,2911
45843,46185,342,0,NTB,por exemplo,45843,46185,342
46185,48237,2052,0,GE-Phrase,202,46196,50278,4082
46185,48237,2052,0,NTB,se eles vão produzir um statement of purpose,46185,48237,2052
48982,50259,1277,0,GE-Phrase,202,46196,50278,4082
48982,50259,1277,0,NTB,a escrita dele,48982,50259,1277
89733,90527,794,0,GE-Phrase,223,89435,91263,1828
89733,90527,794,0,NTB,basicamente,89733,90527,794
101775,103364,1589,0,GE-Phrase,226,101601,103369,1768
101775,103364,1589,0,NTB,aí acho que a Elisa faz assim também,101775,103364,1589
106867,108194,1327,0,GE-Phrase,230,107960,110406,2446
106867,108194,1327,0,NTB,o que é um statement of purpose,106867,108194,1327
108194,108671,477,0,GE-Phrase,230,107960,110406,2446
108194,108671,477,0,NTB,vê,108194,108671,477
108671,109369,698,0,GE-Phrase,230,107960,110406,2446
108671,109369,698,0,NTB,tipo,108671,109369,698
109369,110382,1013,0,GE-Phrase,230,107960,110406,2446
109369,110382,1013,0,NTB,exemplos,109369,110382,1013
111370,113448,2078,0,GE-Phrase,234,112627,113705,1078
111370,113448,2078,0,NTB,pra que que aquilo é usado,111370,113448,2078
124510,125198,688,0,GE-Phrase,241,121878,125705,3827
124510,125198,688,0,NTB,estruturados,124510,125198,688
125198,125513,315,0,GE-Phrase,241,121878,125705,3827
125198,125513,315,0,NTB,e tal,125198,125513,315
45843,46185,342,0,GE-Phrase,201,43285,46196,2911
45843,46185,342,0,NTB,por exemplo,45843,46185,342
46185,48237,2052,0,GE-Phrase,202,46196,50278,4082
46185,48237,2052,0,NTB,se eles vão produzir um statement of purpose,46185,48237,2052
48982,50259,1277,0,GE-Phrase,202,46196,50278,4082
48982,50259,1277,0,NTB,a escrita dele,48982,50259,1277
89733,90527,794,0,GE-Phrase,223,89435,91263,1828
89733,90527,794,0,NTB,basicamente,89733,90527,794
101775,103364,1589,0,GE-Phrase,226,101601,103369,1768
101775,103364,1589,0,NTB,aí acho que a Elisa faz assim também,101775,103364,1589
106867,108194,1327,0,GE-Phrase,230,107960,110406,2446
106867,108194,1327,0,NTB,o que é um statement of purpose,106867,108194,1327
108194,108671,477,0,GE-Phrase,230,107960,110406,2446
108194,108671,477,0,NTB,vê,108194,108671,477
108671,109369,698,0,GE-Phrase,230,107960,110406,2446
108671,109369,698,0,NTB,tipo,108671,109369,698
109369,110382,1013,0,GE-Phrase,230,107960,110406,2446
109369,110382,1013,0,NTB,exemplos,109369,110382,1013
111370,113448,2078,0,GE-Phrase,234,112627,113705,1078
111370,113448,2078,0,NTB,pra que que aquilo é usado,111370,113448,2078
124510,125198,688,0,GE-Phrase,241,121878,125705,3827
124510,125198,688,0,NTB,estruturados,124510,125198,688
125198,125513,315,0,GE-Phrase,241,121878,125705,3827
125198,125513,315,0,NTB,e tal,125198,125513,315
45843,46185,342,0,GE-Phrase,201,43285,46196,2911
45843,46185,342,0,NTB,por exemplo,45843,46185,342
46185,48237,2052,0,GE-Phrase,202,46196,50278,4082
46185,48237,2052,0,NTB,se eles vão produzir um statement of purpose,46185,48237,2052
48982,50259,1277,0,GE-Phrase,202,46196,50278,4082
48982,50259,1277,0,NTB,a escrita dele,48982,50259,1277
89733,90527,794,0,GE-Phrase,223,89435,91263,1828
89733,90527,794,0,NTB,basicamente,89733,90527,794
101775,103364,1589,0,GE-Phrase,226,101601,103369,1768
101775,103364,1589,0,NTB,aí acho que a Elisa faz assim também,101775,103364,1589
106867,108194,1327,0,GE-Phrase,230,107960,110406,2446
106867,108194,1327,0,NTB,o que é um statement of purpose,106867,108194,1327
108194,108671,477,0,GE-Phrase,230,107960,110406,2446
108194,108671,477,0,NTB,vê,108194,108671,477
108671,109369,698,0,GE-Phrase,230,107960,110406,2446
108671,109369,698,0,NTB,tipo,108671,109369,698
109369,110382,1013,0,GE-Phrase,230,107960,110406,2446
109369,110382,1013,0,NTB,exemplos,109369,110382,1013
111370,113448,2078,0,GE-Phrase,234,112627,113705,1078
111370,113448,2078,0,NTB,pra que que aquilo é usado,111370,113448,2078
124510,125198,688,0,GE-Phrase,241,121878,125705,3827
124510,125198,688,0,NTB,estruturados,124510,125198,688
125198,125513,315,0,GE-Phrase,241,121878,125705,3827
125198,125513,315,0,NTB,e tal,125198,125513,315
45843,46185,342,0,GE-Phrase,201,43285,46196,2911
45843,46185,342,0,NTB,por exemplo,45843,46185,342
46185,48237,2052,0,GE-Phrase,202,46196,50278,4082
46185,48237,2052,0,NTB,se eles vão produzir um statement of purpose,46185,48237,2052
48982,50259,1277,0,GE-Phrase,202,46196,50278,4082
48982,50259,1277,0,NTB,a escrita dele,48982,50259,1277
89733,90527,794,0,GE-Phrase,223,89435,91263,1828
89733,90527,794,0,NTB,basicamente,89733,90527,794
101775,103364,1589,0,GE-Phrase,226,101601,103369,1768
101775,103364,1589,0,NTB,aí acho que a Elisa faz assim também,101775,103364,1589
106867,108194,1327,0,GE-Phrase,230,107960,110406,2446
106867,108194,1327,0,NTB,o que é um statement of purpose,106867,108194,1327
108194,108671,477,0,GE-Phrase,230,107960,110406,2446
108194,108671,477,0,NTB,vê,108194,108671,477
108671,109369,698,0,GE-Phrase,230,107960,110406,2446
108671,109369,698,0,NTB,tipo,108671,109369,698
109369,110382,1013,0,GE-Phrase,230,107960,110406,2446
109369,110382,1013,0,NTB,exemplos,109369,110382,1013
111370,113448,2078,0,GE-Phrase,234,112627,113705,1078
111370,113448,2078,0,NTB,pra que que aquilo é usado,111370,113448,2078
124510,125198,688,0,GE-Phrase,241,121878,125705,3827
124510,125198,688,0,NTB,estruturados,124510,125198,688
125198,125513,315,0,GE-Phrase,241,121878,125705,3827
125198,125513,315,0,NTB,e tal,125198,125513,315
45843,46185,342,0,GE-Phrase,201,43285,46196,2911
45843,46185,342,0,NTB,por exemplo,45843,46185,342
46185,48237,2052,0,GE-Phrase,202,46196,50278,4082
46185,48237,2052,0,NTB,se eles vão produzir um statement of purpose,46185,48237,2052
48982,50259,1277,0,GE-Phrase,202,46196,50278,4082
48982,50259,1277,0,NTB,a escrita dele,48982,50259,1277
89733,90527,794,0,GE-Phrase,223,89435,91263,1828
89733,90527,794,0,NTB,basicamente,89733,90527,794
101775,103364,1589,0,GE-Phrase,226,101601,103369,1768
101775,103364,1589,0,NTB,aí acho que a Elisa faz assim também,101775,103364,1589
106867,108194,1327,0,GE-Phrase,230,107960,110406,2446
106867,108194,1327,0,NTB,o que é um statement of purpose,106867,108194,1327
108194,108671,477,0,GE-Phrase,230,107960,110406,2446
108194,108671,477,0,NTB,vê,108194,108671,477
108671,109369,698,0,GE-Phrase,230,107960,110406,2446
108671,109369,698,0,NTB,tipo,108671,109369,698
109369,110382,1013,0,GE-Phrase,230,107960,110406,2446
109369,110382,1013,0,NTB,exemplos,109369,110382,1013
111370,113448,2078,0,GE-Phrase,234,112627,113705,1078
111370,113448,2078,0,NTB,pra que que aquilo é usado,111370,113448,2078
124510,125198,688,0,GE-Phrase,241,121878,125705,3827
124510,125198,688,0,NTB,estruturados,124510,125198,688
125198,125513,315,0,GE-Phrase,241,121878,125705,3827
125198,125513,315,0,NTB,e tal,125198,125513,315
45843,46185,342,0,GE-Phrase,201,43285,46196,2911
45843,46185,342,0,NTB,por exemplo,45843,46185,342
46185,48237,2052,0,GE-Phrase,202,46196,50278,4082
46185,48237,2052,0,NTB,se eles vão produzir um statement of purpose,46185,48237,2052
48982,50259,1277,0,GE-Phrase,202,46196,50278,4082
48982,50259,1277,0,NTB,a escrita dele,48982,50259,1277
89733,90527,794,0,GE-Phrase,223,89435,91263,1828
89733,90527,794,0,NTB,basicamente,89733,90527,794
101775,103364,1589,0,GE-Phrase,226,101601,103369,1768
101775,103364,1589,0,NTB,aí acho que a Elisa faz assim também,101775,103364,1589
106867,108194,1327,0,GE-Phrase,230,107960,110406,2446
106867,108194,1327,0,NTB,o que é um statement of purpose,106867,108194,1327
108194,108671,477,0,GE-Phrase,230,107960,110406,2446
108194,108671,477,0,NTB,vê,108194,108671,477
108671,109369,698,0,GE-Phrase,230,107960,110406,2446
108671,109369,698,0,NTB,tipo,108671,109369,698
109369,110382,1013,0,GE-Phrase,230,107960,110406,2446
109369,110382,1013,0,NTB,exemplos,109369,110382,1013
111370,113448,2078,0,GE-Phrase,234,112627,113705,1078
111370,113448,2078,0,NTB,pra que que aquilo é usado,111370,113448,2078
124510,125198,688,0,GE-Phrase,241,121878,125705,3827
124510,125198,688,0,NTB,estruturados,124510,125198,688
125198,125513,315,0,GE-Phrase,241,121878,125705,3827
125198,125513,315,0,NTB,e tal,125198,125513,315
45843,46185,342,0,GE-Phrase,201,43285,46196,2911
45843,46185,342,0,NTB,por exemplo,45843,46185,342
46185,48237,2052,0,GE-Phrase,202,46196,50278,4082
46185,48237,2052,0,NTB,se eles vão produzir um statement of purpose,46185,48237,2052
48982,50259,1277,0,GE-Phrase,202,46196,50278,4082
48982,50259,1277,0,NTB,a escrita dele,48982,50259,1277
89733,90527,794,0,GE-Phrase,223,89435,91263,1828
89733,90527,794,0,NTB,basicamente,89733,90527,794
101775,103364,1589,0,GE-Phrase,226,101601,103369,1768
101775,103364,1589,0,NTB,aí acho que a Elisa faz assim também,101775,103364,1589
106867,108194,1327,0,GE-Phrase,230,107960,110406,2446
106867,108194,1327,0,NTB,o que é um statement of purpose,106867,108194,1327
108194,108671,477,0,GE-Phrase,230,107960,110406,2446
108194,108671,477,0,NTB,vê,108194,108671,477
108671,109369,698,0,GE-Phrase,230,107960,110406,2446
108671,109369,698,0,NTB,tipo,108671,109369,698
109369,110382,1013,0,GE-Phrase,230,107960,110406,2446
109369,110382,1013,0,NTB,exemplos,109369,110382,1013
111370,113448,2078,0,GE-Phrase,234,112627,113705,1078
111370,113448,2078,0,NTB,pra que que aquilo é usado,111370,113448,2078
124510,125198,688,0,GE-Phrase,241,121878,125705,3827
124510,125198,688,0,NTB,estruturados,124510,125198,688
125198,125513,315,0,GE-Phrase,241,121878,125705,3827
125198,125513,315,0,NTB,e tal,125198,125513,315
45843,46185,342,0,GE-Phrase,201,43285,46196,2911
45843,46185,342,0,NTB,por exemplo,45843,46185,342
46185,48237,2052,0,GE-Phrase,202,46196,50278,4082
46185,48237,2052,0,NTB,se eles vão produzir um statement of purpose,46185,48237,2052
48982,50259,1277,0,GE-Phrase,202,46196,50278,4082
48982,50259,1277,0,NTB,a escrita dele,48982,50259,1277
89733,90527,794,0,GE-Phrase,223,89435,91263,1828
89733,90527,794,0,NTB,basicamente,89733,90527,794
101775,103364,1589,0,GE-Phrase,226,101601,103369,1768
101775,103364,1589,0,NTB,aí acho que a Elisa faz assim também,101775,103364,1589
106867,108194,1327,0,GE-Phrase,230,107960,110406,2446
106867,108194,1327,0,NTB,o que é um statement of purpose,106867,108194,1327
108194,108671,477,0,GE-Phrase,230,107960,110406,2446
108194,108671,477,0,NTB,vê,108194,108671,477
108671,109369,698,0,GE-Phrase,230,107960,110406,2446
108671,109369,698,0,NTB,tipo,108671,109369,698
109369,110382,1013,0,GE-Phrase,230,107960,110406,2446
109369,110382,1013,0,NTB,exemplos,109369,110382,1013
111370,113448,2078,0,GE-Phrase,234,112627,113705,1078
111370,113448,2078,0,NTB,pra que que aquilo é usado,111370,113448,2078
124510,125198,688,0,GE-Phrase,241,121878,125705,3827
124510,125198,688,0,NTB,estruturados,124510,125198,688
125198,125513,315,0,GE-Phrase,241,121878,125705,3827
125198,125513,315,0,NTB,e tal,125198,125513,315
45843,46185,342,0,GE-Phrase,201,43285,46196,2911
45843,46185,342,0,NTB,por exemplo,45843,46185,342
46185,48237,2052,0,GE-Phrase,202,46196,50278,4082
46185,48237,2052,0,NTB,se eles vão produzir um statement of purpose,46185,48237,2052
48982,50259,1277,0,GE-Phrase,202,46196,50278,4082
48982,50259,1277,0,NTB,a escrita dele,48982,50259,1277
89733,90527,794,0,GE-Phrase,223,89435,91263,1828
89733,90527,794,0,NTB,basicamente,89733,90527,794
101775,103364,1589,0,GE-Phrase,226,101601,103369,1768
101775,103364,1589,0,NTB,aí acho que a Elisa faz assim também,101775,103364,1589
106867,108194,1327,0,GE-Phrase,230,107960,110406,2446
106867,108194,1327,0,NTB,o que é um statement of purpose,106867,108194,1327
108194,108671,477,0,GE-Phrase,230,107960,110406,2446
108194,108671,477,0,NTB,vê,108194,108671,477
108671,109369,698,0,GE-Phrase,230,107960,110406,2446
108671,109369,698,0,NTB,tipo,108671,109369,698
109369,110382,1013,0,GE-Phrase,230,107960,110406,2446
109369,110382,1013,0,NTB,exemplos,109369,110382,1013
111370,113448,2078,0,GE-Phrase,234,112627,113705,1078
111370,113448,2078,0,NTB,pra que que aquilo é usado,111370,113448,2078
124510,125198,688,0,GE-Phrase,241,121878,125705,3827
124510,125198,688,0,NTB,estruturados,124510,125198,688
125198,125513,315,0,GE-Phrase,241,121878,125705,3827
125198,125513,315,0,NTB,e tal,125198,125513,315
45843,46185,342,0,GE-Phrase,201,43285,46196,2911
45843,46185,342,0,NTB,por exemplo,45843,46185,342
46185,48237,2052,0,GE-Phrase,202,46196,50278,4082
46185,48237,2052,0,NTB,se eles vão produzir um statement of purpose,46185,48237,2052
48982,50259,1277,0,GE-Phrase,202,46196,50278,4082
48982,50259,1277,0,NTB,a escrita dele,48982,50259,1277
89733,90527,794,0,GE-Phrase,223,89435,91263,1828
89733,90527,794,0,NTB,basicamente,89733,90527,794
101775,103364,1589,0,GE-Phrase,226,101601,103369,1768
101775,103364,1589,0,NTB,aí acho que a Elisa faz assim também,101775,103364,1589
106867,108194,1327,0,GE-Phrase,230,107960,110406,2446
106867,108194,1327,0,NTB,o que é um statement of purpose,106867,108194,1327
108194,108671,477,0,GE-Phrase,230,107960,110406,2446
108194,108671,477,0,NTB,vê,108194,108671,477
108671,109369,698,0,GE-Phrase,230,107960,110406,2446
108671,109369,698,0,NTB,tipo,108671,109369,698
109369,110382,1013,0,GE-Phrase,230,107960,110406,2446
109369,110382,1013,0,NTB,exemplos,109369,110382,1013
111370,113448,2078,0,GE-Phrase,234,112627,113705,1078
111370,113448,2078,0,NTB,pra que que aquilo é usado,111370,113448,2078
124510,125198,688,0,GE-Phrase,241,121878,125705,3827
124510,125198,688,0,NTB,estruturados,124510,125198,688
125198,125513,315,0,GE-Phrase,241,121878,125705,3827
125198,125513,315,0,NTB,e tal,125198,125513,315
45843,46185,342,0,GE-Phrase,201,43285,46196,2911
45843,46185,342,0,NTB,por exemplo,45843,46185,342
46185,48237,2052,0,GE-Phrase,202,46196,50278,4082
46185,48237,2052,0,NTB,se eles vão produzir um statement of purpose,46185,48237,2052
48982,50259,1277,0,GE-Phrase,202,46196,50278,4082
48982,50259,1277,0,NTB,a escrita dele,48982,50259,1277
89733,90527,794,0,GE-Phrase,223,89435,91263,1828
89733,90527,794,0,NTB,basicamente,89733,90527,794
101775,103364,1589,0,GE-Phrase,226,101601,103369,1768
101775,103364,1589,0,NTB,aí acho que a Elisa faz assim também,101775,103364,1589
106867,108194,1327,0,GE-Phrase,230,107960,110406,2446
106867,108194,1327,0,NTB,o que é um statement of purpose,106867,108194,1327
108194,108671,477,0,GE-Phrase,230,107960,110406,2446
108194,108671,477,0,NTB,vê,108194,108671,477
108671,109369,698,0,GE-Phrase,230,107960,110406,2446
108671,109369,698,0,NTB,tipo,108671,109369,698
109369,110382,1013,0,GE-Phrase,230,107960,110406,2446
109369,110382,1013,0,NTB,exemplos,109369,110382,1013
111370,113448,2078,0,GE-Phrase,234,112627,113705,1078
111370,113448,2078,0,NTB,pra que que aquilo é usado,111370,113448,2078
124510,125198,688,0,GE-Phrase,241,121878,125705,3827
124510,125198,688,0,NTB,estruturados,124510,125198,688
125198,125513,315,0,GE-Phrase,241,121878,125705,3827
125198,125513,315,0,NTB,e tal,125198,125513,315
45843,46185,342,0,GE-Phrase,201,43285,46196,2911
45843,46185,342,0,NTB,por exemplo,45843,46185,342
46185,48237,2052,0,GE-Phrase,202,46196,50278,4082
46185,48237,2052,0,NTB,se eles vão produzir um statement of purpose,46185,48237,2052
48982,50259,1277,0,GE-Phrase,202,46196,50278,4082
48982,50259,1277,0,NTB,a escrita dele,48982,50259,1277
89733,90527,794,0,GE-Phrase,223,89435,91263,1828
89733,90527,794,0,NTB,basicamente,89733,90527,794
101775,103364,1589,0,GE-Phrase,226,101601,103369,1768
101775,103364,1589,0,NTB,aí acho que a Elisa faz assim também,101775,103364,1589
106867,108194,1327,0,GE-Phrase,230,107960,110406,2446
106867,108194,1327,0,NTB,o que é um statement of purpose,106867,108194,1327
108194,108671,477,0,GE-Phrase,230,107960,110406,2446
108194,108671,477,0,NTB,vê,108194,108671,477
108671,109369,698,0,GE-Phrase,230,107960,110406,2446
108671,109369,698,0,NTB,tipo,108671,109369,698
109369,110382,1013,0,GE-Phrase,230,107960,110406,2446
109369,110382,1013,0,NTB,exemplos,109369,110382,1013
111370,113448,2078,0,GE-Phrase,234,112627,113705,1078
111370,113448,2078,0,NTB,pra que que aquilo é usado,111370,113448,2078
124510,125198,688,0,GE-Phrase,241,121878,125705,3827
124510,125198,688,0,NTB,estruturados,124510,125198,688
125198,125513,315,0,GE-Phrase,241,121878,125705,3827
125198,125513,315,0,NTB,e tal,125198,125513,315
45843,46185,342,0,GE-Phrase,201,43285,46196,2911
45843,46185,342,0,NTB,por exemplo,45843,46185,342
46185,48237,2052,0,GE-Phrase,202,46196,50278,4082
46185,48237,2052,0,NTB,se eles vão produzir um statement of purpose,46185,48237,2052
48982,50259,1277,0,GE-Phrase,202,46196,50278,4082
48982,50259,1277,0,NTB,a escrita dele,48982,50259,1277
89733,90527,794,0,GE-Phrase,223,89435,91263,1828
89733,90527,794,0,NTB,basicamente,89733,90527,794
101775,103364,1589,0,GE-Phrase,226,101601,103369,1768
101775,103364,1589,0,NTB,aí acho que a Elisa faz assim também,101775,103364,1589
106867,108194,1327,0,GE-Phrase,230,107960,110406,2446
106867,108194,1327,0,NTB,o que é um statement of purpose,106867,108194,1327
108194,108671,477,0,GE-Phrase,230,107960,110406,2446
108194,108671,477,0,NTB,vê,108194,108671,477
108671,109369,698,0,GE-Phrase,230,107960,110406,2446
108671,109369,698,0,NTB,tipo,108671,109369,698
109369,110382,1013,0,GE-Phrase,230,107960,110406,2446
109369,110382,1013,0,NTB,exemplos,109369,110382,1013
111370,113448,2078,0,GE-Phrase,234,112627,113705,1078
111370,113448,2078,0,NTB,pra que que aquilo é usado,111370,113448,2078
124510,125198,688,0,GE-Phrase,241,121878,125705,3827
124510,125198,688,0,NTB,estruturados,124510,125198,688
125198,125513,315,0,GE-Phrase,241,121878,125705,3827
125198,125513,315,0,NTB,e tal,125198,125513,315
45843,46185,342,0,GE-Phrase,201,43285,46196,2911
45843,46185,342,0,NTB,por exemplo,45843,46185,342
46185,48237,2052,0,GE-Phrase,202,46196,50278,4082
46185,48237,2052,0,NTB,se eles vão produzir um statement of purpose,46185,48237,2052
48982,50259,1277,0,GE-Phrase,202,46196,50278,4082
48982,50259,1277,0,NTB,a escrita dele,48982,50259,1277
89733,90527,794,0,GE-Phrase,223,89435,91263,1828
89733,90527,794,0,NTB,basicamente,89733,90527,794
101775,103364,1589,0,GE-Phrase,226,101601,103369,1768
101775,103364,1589,0,NTB,aí acho que a Elisa faz assim também,101775,103364,1589
106867,108194,1327,0,GE-Phrase,230,107960,110406,2446
106867,108194,1327,0,NTB,o que é um statement of purpose,106867,108194,1327
108194,108671,477,0,GE-Phrase,230,107960,110406,2446
108194,108671,477,0,NTB,vê,108194,108671,477
108671,109369,698,0,GE-Phrase,230,107960,110406,2446
108671,109369,698,0,NTB,tipo,108671,109369,698
109369,110382,1013,0,GE-Phrase,230,107960,110406,2446
109369,110382,1013,0,NTB,exemplos,109369,110382,1013
111370,113448,2078,0,GE-Phrase,234,112627,113705,1078
111370,113448,2078,0,NTB,pra que que aquilo é usado,111370,113448,2078
124510,125198,688,0,GE-Phrase,241,121878,125705,3827
124510,125198,688,0,NTB,estruturados,124510,125198,688
125198,125513,315,0,GE-Phrase,241,121878,125705,3827
125198,125513,315,0,NTB,e tal,125198,125513,315
45843,46185,342,0,GE-Phrase,201,43285,46196,2911
45843,46185,342,0,NTB,por exemplo,45843,46185,342
46185,48237,2052,0,GE-Phrase,202,46196,50278,4082
46185,48237,2052,0,NTB,se eles vão produzir um statement of purpose,46185,48237,2052
48982,50259,1277,0,GE-Phrase,202,46196,50278,4082
48982,50259,1277,0,NTB,a escrita dele,48982,50259,1277
89733,90527,794,0,GE-Phrase,223,89435,91263,1828
89733,90527,794,0,NTB,basicamente,89733,90527,794
101775,103364,1589,0,GE-Phrase,226,101601,103369,1768
101775,103364,1589,0,NTB,aí acho que a Elisa faz assim também,101775,103364,1589
106867,108194,1327,0,GE-Phrase,230,107960,110406,2446
106867,108194,1327,0,NTB,o que é um statement of purpose,106867,108194,1327
108194,108671,477,0,GE-Phrase,230,107960,110406,2446
108194,108671,477,0,NTB,vê,108194,108671,477
108671,109369,698,0,GE-Phrase,230,107960,110406,2446
108671,109369,698,0,NTB,tipo,108671,109369,698
109369,110382,1013,0,GE-Phrase,230,107960,110406,2446
109369,110382,1013,0,NTB,exemplos,109369,110382,1013
111370,113448,2078,0,GE-Phrase,234,112627,113705,1078
111370,113448,2078,0,NTB,pra que que aquilo é usado,111370,113448,2078
124510,125198,688,0,GE-Phrase,241,121878,125705,3827
124510,125198,688,0,NTB,estruturados,124510,125198,688
125198,125513,315,0,GE-Phrase,241,121878,125705,3827
125198,125513,315,0,NTB,e tal,125198,125513,315
45843,46185,342,0,GE-Phrase,201,43285,46196,2911
45843,46185,342,0,NTB,por exemplo,45843,46185,342
46185,48237,2052,0,GE-Phrase,202,46196,50278,4082
46185,48237,2052,0,NTB,se eles vão produzir um statement of purpose,46185,48237,2052
48982,50259,1277,0,GE-Phrase,202,46196,50278,4082
48982,50259,1277,0,NTB,a escrita dele,48982,50259,1277
89733,90527,794,0,GE-Phrase,223,89435,91263,1828
89733,90527,794,0,NTB,basicamente,89733,90527,794
101775,103364,1589,0,GE-Phrase,226,101601,103369,1768
101775,103364,1589,0,NTB,aí acho que a Elisa faz assim também,101775,103364,1589
106867,108194,1327,0,GE-Phrase,230,107960,110406,2446
106867,108194,1327,0,NTB,o que é um statement of purpose,106867,108194,1327
108194,108671,477,0,GE-Phrase,230,107960,110406,2446
108194,108671,477,0,NTB,vê,108194,108671,477
108671,109369,698,0,GE-Phrase,230,107960,110406,2446
108671,109369,698,0,NTB,tipo,108671,109369,698
109369,110382,1013,0,GE-Phrase,230,107960,110406,2446
109369,110382,1013,0,NTB,exemplos,109369,110382,1013
111370,113448,2078,0,GE-Phrase,234,112627,113705,1078
111370,113448,2078,0,NTB,pra que que aquilo é usado,111370,113448,2078
124510,125198,688,0,GE-Phrase,241,121878,125705,3827
124510,125198,688,0,NTB,estruturados,124510,125198,688
125198,125513,315,0,GE-Phrase,241,121878,125705,3827
125198,125513,315,0,NTB,e tal,125198,125513,315
45843,46185,342,0,GE-Phrase,201,43285,46196,2911
45843,46185,342,0,NTB,por exemplo,45843,46185,342
46185,48237,2052,0,GE-Phrase,202,46196,50278,4082
46185,48237,2052,0,NTB,se eles vão produzir um statement of purpose,46185,48237,2052
48982,50259,1277,0,GE-Phrase,202,46196,50278,4082
48982,50259,1277,0,NTB,a escrita dele,48982,50259,1277
89733,90527,794,0,GE-Phrase,223,89435,91263,1828
89733,90527,794,0,NTB,basicamente,89733,90527,794
101775,103364,1589,0,GE-Phrase,226,101601,103369,1768
101775,103364,1589,0,NTB,aí acho que a Elisa faz assim também,101775,103364,1589
106867,108194,1327,0,GE-Phrase,230,107960,110406,2446
106867,108194,1327,0,NTB,o que é um statement of purpose,106867,108194,1327
108194,108671,477,0,GE-Phrase,230,107960,110406,2446
108194,108671,477,0,NTB,vê,108194,108671,477
108671,109369,698,0,GE-Phrase,230,107960,110406,2446
108671,109369,698,0,NTB,tipo,108671,109369,698
109369,110382,1013,0,GE-Phrase,230,107960,110406,2446
109369,110382,1013,0,NTB,exemplos,109369,110382,1013
111370,113448,2078,0,GE-Phrase,234,112627,113705,1078
111370,113448,2078,0,NTB,pra que que aquilo é usado,111370,113448,2078
124510,125198,688,0,GE-Phrase,241,121878,125705,3827
124510,125198,688,0,NTB,estruturados,124510,125198,688
125198,125513,315,0,GE-Phrase,241,121878,125705,3827
125198,125513,315,0,NTB,e tal,125198,125513,315
45843,46185,342,0,GE-Phrase,201,43285,46196,2911
45843,46185,342,0,NTB,por exemplo,45843,46185,342
46185,48237,2052,0,GE-Phrase,202,46196,50278,4082
46185,48237,2052,0,NTB,se eles vão produzir um statement of purpose,46185,48237,2052
48982,50259,1277,0,GE-Phrase,202,46196,50278,4082
48982,50259,1277,0,NTB,a escrita dele,48982,50259,1277
89733,90527,794,0,GE-Phrase,223,89435,91263,1828
89733,90527,794,0,NTB,basicamente,89733,90527,794
101775,103364,1589,0,GE-Phrase,226,101601,103369,1768
101775,103364,1589,0,NTB,aí acho que a Elisa faz assim também,101775,103364,1589
106867,108194,1327,0,GE-Phrase,230,107960,110406,2446
106867,108194,1327,0,NTB,o que é um statement of purpose,106867,108194,1327
108194,108671,477,0,GE-Phrase,230,107960,110406,2446
108194,108671,477,0,NTB,vê,108194,108671,477
108671,109369,698,0,GE-Phrase,230,107960,110406,2446
108671,109369,698,0,NTB,tipo,108671,109369,698
109369,110382,1013,0,GE-Phrase,230,107960,110406,2446
109369,110382,1013,0,NTB,exemplos,109369,110382,1013
111370,113448,2078,0,GE-Phrase,234,112627,113705,1078
111370,113448,2078,0,NTB,pra que que aquilo é usado,111370,113448,2078
124510,125198,688,0,GE-Phrase,241,121878,125705,3827
124510,125198,688,0,NTB,estruturados,124510,125198,688
125198,125513,315,0,GE-Phrase,241,121878,125705,3827
125198,125513,315,0,NTB,e tal,125198,125513,315
45843,46185,342,0,GE-Phrase,201,43285,46196,2911
45843,46185,342,0,NTB,por exemplo,45843,46185,342
46185,48237,2052,0,GE-Phrase,202,46196,50278,4082
46185,48237,2052,0,NTB,se eles vão produzir um statement of purpose,46185,48237,2052
48982,50259,1277,0,GE-Phrase,202,46196,50278,4082
48982,50259,1277,0,NTB,a escrita dele,48982,50259,1277
89733,90527,794,0,GE-Phrase,223,89435,91263,1828
89733,90527,794,0,NTB,basicamente,89733,90527,794
101775,103364,1589,0,GE-Phrase,226,101601,103369,1768
101775,103364,1589,0,NTB,aí acho que a Elisa faz assim também,101775,103364,1589
106867,108194,1327,0,GE-Phrase,230,107960,110406,2446
106867,108194,1327,0,NTB,o que é um statement of purpose,106867,108194,1327
108194,108671,477,0,GE-Phrase,230,107960,110406,2446
108194,108671,477,0,NTB,vê,108194,108671,477
108671,109369,698,0,GE-Phrase,230,107960,110406,2446
108671,109369,698,0,NTB,tipo,108671,109369,698
109369,110382,1013,0,GE-Phrase,230,107960,110406,2446
109369,110382,1013,0,NTB,exemplos,109369,110382,1013
111370,113448,2078,0,GE-Phrase,234,112627,113705,1078
111370,113448,2078,0,NTB,pra que que aquilo é usado,111370,113448,2078
124510,125198,688,0,GE-Phrase,241,121878,125705,3827
124510,125198,688,0,NTB,estruturados,124510,125198,688
125198,125513,315,0,GE-Phrase,241,121878,125705,3827
125198,125513,315,0,NTB,e tal,125198,125513,315
45843,46185,342,0,GE-Phrase,201,43285,46196,2911
45843,46185,342,0,NTB,por exemplo,45843,46185,342
46185,48237,2052,0,GE-Phrase,202,46196,50278,4082
46185,48237,2052,0,NTB,se eles vão produzir um statement of purpose,46185,48237,2052
48982,50259,1277,0,GE-Phrase,202,46196,50278,4082
48982,50259,1277,0,NTB,a escrita dele,48982,50259,1277
89733,90527,794,0,GE-Phrase,223,89435,91263,1828
89733,90527,794,0,NTB,basicamente,89733,90527,794
101775,103364,1589,0,GE-Phrase,226,101601,103369,1768
101775,103364,1589,0,NTB,aí acho que a Elisa faz assim também,101775,103364,1589
106867,108194,1327,0,GE-Phrase,230,107960,110406,2446
106867,108194,1327,0,NTB,o que é um statement of purpose,106867,108194,1327
108194,108671,477,0,GE-Phrase,230,107960,110406,2446
108194,108671,477,0,NTB,vê,108194,108671,477
108671,109369,698,0,GE-Phrase,230,107960,110406,2446
108671,109369,698,0,NTB,tipo,108671,109369,698
109369,110382,1013,0,GE-Phrase,230,107960,110406,2446
109369,110382,1013,0,NTB,exemplos,109369,110382,1013
111370,113448,2078,0,GE-Phrase,234,112627,113705,1078
111370,113448,2078,0,NTB,pra que que aquilo é usado,111370,113448,2078
124510,125198,688,0,GE-Phrase,241,121878,125705,3827
124510,125198,688,0,NTB,estruturados,124510,125198,688
125198,125513,315,0,GE-Phrase,241,121878,125705,3827
125198,125513,315,0,NTB,e tal,125198,125513,315
45843,46185,342,0,GE-Phrase,201,43285,46196,2911
45843,46185,342,0,NTB,por exemplo,45843,46185,342
46185,48237,2052,0,GE-Phrase,202,46196,50278,4082
46185,48237,2052,0,NTB,se eles vão produzir um statement of purpose,46185,48237,2052
48982,50259,1277,0,GE-Phrase,202,46196,50278,4082
48982,50259,1277,0,NTB,a escrita dele,48982,50259,1277
89733,90527,794,0,GE-Phrase,223,89435,91263,1828
89733,90527,794,0,NTB,basicamente,89733,90527,794
101775,103364,1589,0,GE-Phrase,226,101601,103369,1768
101775,103364,1589,0,NTB,aí acho que a Elisa faz assim também,101775,103364,1589
106867,108194,1327,0,GE-Phrase,230,107960,110406,2446
106867,108194,1327,0,NTB,o que é um statement of purpose,106867,108194,1327
108194,108671,477,0,GE-Phrase,230,107960,110406,2446
108194,108671,477,0,NTB,vê,108194,108671,477
108671,109369,698,0,GE-Phrase,230,107960,110406,2446
108671,109369,698,0,NTB,tipo,108671,109369,698
109369,110382,1013,0,GE-Phrase,230,107960,110406,2446
109369,110382,1013,0,NTB,exemplos,109369,110382,1013
111370,113448,2078,0,GE-Phrase,234,112627,113705,1078
111370,113448,2078,0,NTB,pra que que aquilo é usado,111370,113448,2078
124510,125198,688,0,GE-Phrase,241,121878,125705,3827
124510,125198,688,0,NTB,estruturados,124510,125198,688
125198,125513,315,0,GE-Phrase,241,121878,125705,3827
125198,125513,315,0,NTB,e tal,125198,125513,315
45843,46185,342,0,GE-Phrase,201,43285,46196,2911
45843,46185,342,0,NTB,por exemplo,45843,46185,342
46185,48237,2052,0,GE-Phrase,202,46196,50278,4082
46185,48237,2052,0,NTB,se eles vão produzir um statement of purpose,46185,48237,2052
48982,50259,1277,0,GE-Phrase,202,46196,50278,4082
48982,50259,1277,0,NTB,a escrita dele,48982,50259,1277
89733,90527,794,0,GE-Phrase,223,89435,91263,1828
89733,90527,794,0,NTB,basicamente,89733,90527,794
101775,103364,1589,0,GE-Phrase,226,101601,103369,1768
101775,103364,1589,0,NTB,aí acho que a Elisa faz assim também,101775,103364,1589
106867,108194,1327,0,GE-Phrase,230,107960,110406,2446
106867,108194,1327,0,NTB,o que é um statement of purpose,106867,108194,1327
108194,108671,477,0,GE-Phrase,230,107960,110406,2446
108194,108671,477,0,NTB,vê,108194,108671,477
108671,109369,698,0,GE-Phrase,230,107960,110406,2446
108671,109369,698,0,NTB,tipo,108671,109369,698
109369,110382,1013,0,GE-Phrase,230,107960,110406,2446
109369,110382,1013,0,NTB,exemplos,109369,110382,1013
111370,113448,2078,0,GE-Phrase,234,112627,113705,1078
111370,113448,2078,0,NTB,pra que que aquilo é usado,111370,113448,2078
124510,125198,688,0,GE-Phrase,241,121878,125705,3827
124510,125198,688,0,NTB,estruturados,124510,125198,688
125198,125513,315,0,GE-Phrase,241,121878,125705,3827
125198,125513,315,0,NTB,e tal,125198,125513,315
45843,46185,342,0,GE-Phrase,201,43285,46196,2911
45843,46185,342,0,NTB,por exemplo,45843,46185,342
46185,48237,2052,0,GE-Phrase,202,46196,50278,4082
46185,48237,2052,0,NTB,se eles vão produzir um statement of purpose,46185,48237,2052
48982,50259,1277,0,GE-Phrase,202,46196,50278,4082
48982,50259,1277,0,NTB,a escrita dele,48982,50259,1277
89733,90527,794,0,GE-Phrase,223,89435,91263,1828
89733,90527,794,0,NTB,basicamente,89733,90527,794
101775,103364,1589,0,GE-Phrase,226,101601,103369,1768
101775,103364,1589,0,NTB,aí acho que a Elisa faz assim também,101775,103364,1589
106867,108194,1327,0,GE-Phrase,230,107960,110406,2446
106867,108194,1327,0,NTB,o que é um statement of purpose,106867,108194,1327
108194,108671,477,0,GE-Phrase,230,107960,110406,2446
108194,108671,477,0,NTB,vê,108194,108671,477
108671,109369,698,0,GE-Phrase,230,107960,110406,2446
108671,109369,698,0,NTB,tipo,108671,109369,698
109369,110382,1013,0,GE-Phrase,230,107960,110406,2446
109369,110382,1013,0,NTB,exemplos,109369,110382,1013
111370,113448,2078,0,GE-Phrase,234,112627,113705,1078
111370,113448,2078,0,NTB,pra que que aquilo é usado,111370,113448,2078
124510,125198,688,0,GE-Phrase,241,121878,125705,3827
124510,125198,688,0,NTB,estruturados,124510,125198,688
125198,125513,315,0,GE-Phrase,241,121878,125705,3827
125198,125513,315,0,NTB,e tal,125198,125513,315
45843,46185,342,0,GE-Phrase,201,43285,46196,2911
45843,46185,342,0,NTB,por exemplo,45843,46185,342
46185,48237,2052,0,GE-Phrase,202,46196,50278,4082
46185,48237,2052,0,NTB,se eles vão produzir um statement of purpose,46185,48237,2052
48982,50259,1277,0,GE-Phrase,202,46196,50278,4082
48982,50259,1277,0,NTB,a escrita dele,48982,50259,1277
89733,90527,794,0,GE-Phrase,223,89435,91263,1828
89733,90527,794,0,NTB,basicamente,89733,90527,794
101775,103364,1589,0,GE-Phrase,226,101601,103369,1768
101775,103364,1589,0,NTB,aí acho que a Elisa faz assim também,101775,103364,1589
106867,108194,1327,0,GE-Phrase,230,107960,110406,2446
106867,108194,1327,0,NTB,o que é um statement of purpose,106867,108194,1327
108194,108671,477,0,GE-Phrase,230,107960,110406,2446
108194,108671,477,0,NTB,vê,108194,108671,477
108671,109369,698,0,GE-Phrase,230,107960,110406,2446
108671,109369,698,0,NTB,tipo,108671,109369,698
109369,110382,1013,0,GE-Phrase,230,107960,110406,2446
109369,110382,1013,0,NTB,exemplos,109369,110382,1013
111370,113448,2078,0,GE-Phrase,234,112627,113705,1078
111370,113448,2078,0,NTB,pra que que aquilo é usado,111370,113448,2078
124510,125198,688,0,GE-Phrase,241,121878,125705,3827
124510,125198,688,0,NTB,estruturados,124510,125198,688
125198,125513,315,0,GE-Phrase,241,121878,125705,3827
125198,125513,315,0,NTB,e tal,125198,125513,315
45843,46185,342,0,GE-Phrase,201,43285,46196,2911
45843,46185,342,0,NTB,por exemplo,45843,46185,342
46185,48237,2052,0,GE-Phrase,202,46196,50278,4082
46185,48237,2052,0,NTB,se eles vão produzir um statement of purpose,46185,48237,2052
48982,50259,1277,0,GE-Phrase,202,46196,50278,4082
48982,50259,1277,0,NTB,a escrita dele,48982,50259,1277
89733,90527,794,0,GE-Phrase,223,89435,91263,1828
89733,90527,794,0,NTB,basicamente,89733,90527,794
101775,103364,1589,0,GE-Phrase,226,101601,103369,1768
101775,103364,1589,0,NTB,aí acho que a Elisa faz assim também,101775,103364,1589
106867,108194,1327,0,GE-Phrase,230,107960,110406,2446
106867,108194,1327,0,NTB,o que é um statement of purpose,106867,108194,1327
108194,108671,477,0,GE-Phrase,230,107960,110406,2446
108194,108671,477,0,NTB,vê,108194,108671,477
108671,109369,698,0,GE-Phrase,230,107960,110406,2446
108671,109369,698,0,NTB,tipo,108671,109369,698
109369,110382,1013,0,GE-Phrase,230,107960,110406,2446
109369,110382,1013,0,NTB,exemplos,109369,110382,1013
111370,113448,2078,0,GE-Phrase,234,112627,113705,1078
111370,113448,2078,0,NTB,pra que que aquilo é usado,111370,113448,2078
124510,125198,688,0,GE-Phrase,241,121878,125705,3827
124510,125198,688,0,NTB,estruturados,124510,125198,688
125198,125513,315,0,GE-Phrase,241,121878,125705,3827
125198,125513,315,0,NTB,e tal,125198,125513,315
45843,46185,342,0,GE-Phrase,201,43285,46196,2911
45843,46185,342,0,NTB,por exemplo,45843,46185,342
46185,48237,2052,0,GE-Phrase,202,46196,50278,4082
46185,48237,2052,0,NTB,se eles vão produzir um statement of purpose,46185,48237,2052
48982,50259,1277,0,GE-Phrase,202,46196,50278,4082
48982,50259,1277,0,NTB,a escrita dele,48982,50259,1277
89733,90527,794,0,GE-Phrase,223,89435,91263,1828
89733,90527,794,0,NTB,basicamente,89733,90527,794
101775,103364,1589,0,GE-Phrase,226,101601,103369,1768
101775,103364,1589,0,NTB,aí acho que a Elisa faz assim também,101775,103364,1589
106867,108194,1327,0,GE-Phrase,230,107960,110406,2446
106867,108194,1327,0,NTB,o que é um statement of purpose,106867,108194,1327
108194,108671,477,0,GE-Phrase,230,107960,110406,2446
108194,108671,477,0,NTB,vê,108194,108671,477
108671,109369,698,0,GE-Phrase,230,107960,110406,2446
108671,109369,698,0,NTB,tipo,108671,109369,698
109369,110382,1013,0,GE-Phrase,230,107960,110406,2446
109369,110382,1013,0,NTB,exemplos,109369,110382,1013
111370,113448,2078,0,GE-Phrase,234,112627,113705,1078
111370,113448,2078,0,NTB,pra que que aquilo é usado,111370,113448,2078
124510,125198,688,0,GE-Phrase,241,121878,125705,3827
124510,125198,688,0,NTB,estruturados,124510,125198,688
125198,125513,315,0,GE-Phrase,241,121878,125705,3827
125198,125513,315,0,NTB,e tal,125198,125513,315
45843,46185,342,0,GE-Phrase,201,43285,46196,2911
45843,46185,342,0,NTB,por exemplo,45843,46185,342
46185,48237,2052,0,GE-Phrase,202,46196,50278,4082
46185,48237,2052,0,NTB,se eles vão produzir um statement of purpose,46185,48237,2052
48982,50259,1277,0,GE-Phrase,202,46196,50278,4082
48982,50259,1277,0,NTB,a escrita dele,48982,50259,1277
89733,90527,794,0,GE-Phrase,223,89435,91263,1828
89733,90527,794,0,NTB,basicamente,89733,90527,794
101775,103364,1589,0,GE-Phrase,226,101601,103369,1768
101775,103364,1589,0,NTB,aí acho que a Elisa faz assim também,101775,103364,1589
106867,108194,1327,0,GE-Phrase,230,107960,110406,2446
106867,108194,1327,0,NTB,o que é um statement of purpose,106867,108194,1327
108194,108671,477,0,GE-Phrase,230,107960,110406,2446
108194,108671,477,0,NTB,vê,108194,108671,477
108671,109369,698,0,GE-Phrase,230,107960,110406,2446
108671,109369,698,0,NTB,tipo,108671,109369,698
109369,110382,1013,0,GE-Phrase,230,107960,110406,2446
109369,110382,1013,0,NTB,exemplos,109369,110382,1013
111370,113448,2078,0,GE-Phrase,234,112627,113705,1078
111370,113448,2078,0,NTB,pra que que aquilo é usado,111370,113448,2078
124510,125198,688,0,GE-Phrase,241,121878,125705,3827
124510,125198,688,0,NTB,estruturados,124510,125198,688
125198,125513,315,0,GE-Phrase,241,121878,125705,3827
125198,125513,315,0,NTB,e tal,125198,125513,315
45843,46185,342,0,GE-Phrase,201,43285,46196,2911
45843,46185,342,0,NTB,por exemplo,45843,46185,342
46185,48237,2052,0,GE-Phrase,202,46196,50278,4082
46185,48237,2052,0,NTB,se eles vão produzir um statement of purpose,46185,48237,2052
48982,50259,1277,0,GE-Phrase,202,46196,50278,4082
48982,50259,1277,0,NTB,a escrita dele,48982,50259,1277
89733,90527,794,0,GE-Phrase,223,89435,91263,1828
89733,90527,794,0,NTB,basicamente,89733,90527,794
101775,103364,1589,0,GE-Phrase,226,101601,103369,1768
101775,103364,1589,0,NTB,aí acho que a Elisa faz assim também,101775,103364,1589
106867,108194,1327,0,GE-Phrase,230,107960,110406,2446
106867,108194,1327,0,NTB,o que é um statement of purpose,106867,108194,1327
108194,108671,477,0,GE-Phrase,230,107960,110406,2446
108194,108671,477,0,NTB,vê,108194,108671,477
108671,109369,698,0,GE-Phrase,230,107960,110406,2446
108671,109369,698,0,NTB,tipo,108671,109369,698
109369,110382,1013,0,GE-Phrase,230,107960,110406,2446
109369,110382,1013,0,NTB,exemplos,109369,110382,1013
111370,113448,2078,0,GE-Phrase,234,112627,113705,1078
111370,113448,2078,0,NTB,pra que que aquilo é usado,111370,113448,2078
124510,125198,688,0,GE-Phrase,241,121878,125705,3827
124510,125198,688,0,NTB,estruturados,124510,125198,688
125198,125513,315,0,GE-Phrase,241,121878,125705,3827
125198,125513,315,0,NTB,e tal,125198,125513,315
45843,46185,342,0,GE-Phrase,201,43285,46196,2911
45843,46185,342,0,NTB,por exemplo,45843,46185,342
46185,48237,2052,0,GE-Phrase,202,46196,50278,4082
46185,48237,2052,0,NTB,se eles vão produzir um statement of purpose,46185,48237,2052
48982,50259,1277,0,GE-Phrase,202,46196,50278,4082
48982,50259,1277,0,NTB,a escrita dele,48982,50259,1277
89733,90527,794,0,GE-Phrase,223,89435,91263,1828
89733,90527,794,0,NTB,basicamente,89733,90527,794
101775,103364,1589,0,GE-Phrase,226,101601,103369,1768
101775,103364,1589,0,NTB,aí acho que a Elisa faz assim também,101775,103364,1589
106867,108194,1327,0,GE-Phrase,230,107960,110406,2446
106867,108194,1327,0,NTB,o que é um statement of purpose,106867,108194,1327
108194,108671,477,0,GE-Phrase,230,107960,110406,2446
108194,108671,477,0,NTB,vê,108194,108671,477
108671,109369,698,0,GE-Phrase,230,107960,110406,2446
108671,109369,698,0,NTB,tipo,108671,109369,698
109369,110382,1013,0,GE-Phrase,230,107960,110406,2446
109369,110382,1013,0,NTB,exemplos,109369,110382,1013
111370,113448,2078,0,GE-Phrase,234,112627,113705,1078
111370,113448,2078,0,NTB,pra que que aquilo é usado,111370,113448,2078
124510,125198,688,0,GE-Phrase,241,121878,125705,3827
124510,125198,688,0,NTB,estruturados,124510,125198,688
125198,125513,315,0,GE-Phrase,241,121878,125705,3827
125198,125513,315,0,NTB,e tal,125198,125513,315
45843,46185,342,0,GE-Phrase,201,43285,46196,2911
45843,46185,342,0,NTB,por exemplo,45843,46185,342
46185,48237,2052,0,GE-Phrase,202,46196,50278,4082
46185,48237,2052,0,NTB,se eles vão produzir um statement of purpose,46185,48237,2052
48982,50259,1277,0,GE-Phrase,202,46196,50278,4082
48982,50259,1277,0,NTB,a escrita dele,48982,50259,1277
89733,90527,794,0,GE-Phrase,223,89435,91263,1828
89733,90527,794,0,NTB,basicamente,89733,90527,794
101775,103364,1589,0,GE-Phrase,226,101601,103369,1768
101775,103364,1589,0,NTB,aí acho que a Elisa faz assim também,101775,103364,1589
106867,108194,1327,0,GE-Phrase,230,107960,110406,2446
106867,108194,1327,0,NTB,o que é um statement of purpose,106867,108194,1327
108194,108671,477,0,GE-Phrase,230,107960,110406,2446
108194,108671,477,0,NTB,vê,108194,108671,477
108671,109369,698,0,GE-Phrase,230,107960,110406,2446
108671,109369,698,0,NTB,tipo,108671,109369,698
109369,110382,1013,0,GE-Phrase,230,107960,110406,2446
109369,110382,1013,0,NTB,exemplos,109369,110382,1013
111370,113448,2078,0,GE-Phrase,234,112627,113705,1078
111370,113448,2078,0,NTB,pra que que aquilo é usado,111370,113448,2078
124510,125198,688,0,GE-Phrase,241,121878,125705,3827
124510,125198,688,0,NTB,estruturados,124510,125198,688
125198,125513,315,0,GE-Phrase,241,121878,125705,3827
125198,125513,315,0,NTB,e tal,125198,125513,315
45843,46185,342,0,GE-Phrase,201,43285,46196,2911
45843,46185,342,0,NTB,por exemplo,45843,46185,342
46185,48237,2052,0,GE-Phrase,202,46196,50278,4082
46185,48237,2052,0,NTB,se eles vão produzir um statement of purpose,46185,48237,2052
48982,50259,1277,0,GE-Phrase,202,46196,50278,4082
48982,50259,1277,0,NTB,a escrita dele,48982,50259,1277
89733,90527,794,0,GE-Phrase,223,89435,91263,1828
89733,90527,794,0,NTB,basicamente,89733,90527,794
101775,103364,1589,0,GE-Phrase,226,101601,103369,1768
101775,103364,1589,0,NTB,aí acho que a Elisa faz assim também,101775,103364,1589
106867,108194,1327,0,GE-Phrase,230,107960,110406,2446
106867,108194,1327,0,NTB,o que é um statement of purpose,106867,108194,1327
108194,108671,477,0,GE-Phrase,230,107960,110406,2446
108194,108671,477,0,NTB,vê,108194,108671,477
108671,109369,698,0,GE-Phrase,230,107960,110406,2446
108671,109369,698,0,NTB,tipo,108671,109369,698
109369,110382,1013,0,GE-Phrase,230,107960,110406,2446
109369,110382,1013,0,NTB,exemplos,109369,110382,1013
111370,113448,2078,0,GE-Phrase,234,112627,113705,1078
111370,113448,2078,0,NTB,pra que que aquilo é usado,111370,113448,2078
124510,125198,688,0,GE-Phrase,241,121878,125705,3827
124510,125198,688,0,NTB,estruturados,124510,125198,688
125198,125513,315,0,GE-Phrase,241,121878,125705,3827
125198,125513,315,0,NTB,e tal,125198,125513,315
45843,46185,342,0,GE-Phrase,201,43285,46196,2911
45843,46185,342,0,NTB,por exemplo,45843,46185,342
46185,48237,2052,0,GE-Phrase,202,46196,50278,4082
46185,48237,2052,0,NTB,se eles vão produzir um statement of purpose,46185,48237,2052
48982,50259,1277,0,GE-Phrase,202,46196,50278,4082
48982,50259,1277,0,NTB,a escrita dele,48982,50259,1277
89733,90527,794,0,GE-Phrase,223,89435,91263,1828
89733,90527,794,0,NTB,basicamente,89733,90527,794
101775,103364,1589,0,GE-Phrase,226,101601,103369,1768
101775,103364,1589,0,NTB,aí acho que a Elisa faz assim também,101775,103364,1589
106867,108194,1327,0,GE-Phrase,230,107960,110406,2446
106867,108194,1327,0,NTB,o que é um statement of purpose,106867,108194,1327
108194,108671,477,0,GE-Phrase,230,107960,110406,2446
108194,108671,477,0,NTB,vê,108194,108671,477
108671,109369,698,0,GE-Phrase,230,107960,110406,2446
108671,109369,698,0,NTB,tipo,108671,109369,698
109369,110382,1013,0,GE-Phrase,230,107960,110406,2446
109369,110382,1013,0,NTB,exemplos,109369,110382,1013
111370,113448,2078,0,GE-Phrase,234,112627,113705,1078
111370,113448,2078,0,NTB,pra que que aquilo é usado,111370,113448,2078
124510,125198,688,0,GE-Phrase,241,121878,125705,3827
124510,125198,688,0,NTB,estruturados,124510,125198,688
125198,125513,315,0,GE-Phrase,241,121878,125705,3827
125198,125513,315,0,NTB,e tal,125198,125513,315
45843,46185,342,0,GE-Phrase,201,43285,46196,2911
45843,46185,342,0,NTB,por exemplo,45843,46185,342
46185,48237,2052,0,GE-Phrase,202,46196,50278,4082
46185,48237,2052,0,NTB,se eles vão produzir um statement of purpose,46185,48237,2052
48982,50259,1277,0,GE-Phrase,202,46196,50278,4082
48982,50259,1277,0,NTB,a escrita dele,48982,50259,1277
89733,90527,794,0,GE-Phrase,223,89435,91263,1828
89733,90527,794,0,NTB,basicamente,89733,90527,794
101775,103364,1589,0,GE-Phrase,226,101601,103369,1768
101775,103364,1589,0,NTB,aí acho que a Elisa faz assim também,101775,103364,1589
106867,108194,1327,0,GE-Phrase,230,107960,110406,2446
106867,108194,1327,0,NTB,o que é um statement of purpose,106867,108194,1327
108194,108671,477,0,GE-Phrase,230,107960,110406,2446
108194,108671,477,0,NTB,vê,108194,108671,477
108671,109369,698,0,GE-Phrase,230,107960,110406,2446
108671,109369,698,0,NTB,tipo,108671,109369,698
109369,110382,1013,0,GE-Phrase,230,107960,110406,2446
109369,110382,1013,0,NTB,exemplos,109369,110382,1013
111370,113448,2078,0,GE-Phrase,234,112627,113705,1078
111370,113448,2078,0,NTB,pra que que aquilo é usado,111370,113448,2078
124510,125198,688,0,GE-Phrase,241,121878,125705,3827
124510,125198,688,0,NTB,estruturados,124510,125198,688
125198,125513,315,0,GE-Phrase,241,121878,125705,3827
125198,125513,315,0,NTB,e tal,125198,125513,315
45843,46185,342,0,GE-Phrase,201,43285,46196,2911
45843,46185,342,0,NTB,por exemplo,45843,46185,342
46185,48237,2052,0,GE-Phrase,202,46196,50278,4082
46185,48237,2052,0,NTB,se eles vão produzir um statement of purpose,46185,48237,2052
48982,50259,1277,0,GE-Phrase,202,46196,50278,4082
48982,50259,1277,0,NTB,a escrita dele,48982,50259,1277
89733,90527,794,0,GE-Phrase,223,89435,91263,1828
89733,90527,794,0,NTB,basicamente,89733,90527,794
101775,103364,1589,0,GE-Phrase,226,101601,103369,1768
101775,103364,1589,0,NTB,aí acho que a Elisa faz assim também,101775,103364,1589
106867,108194,1327,0,GE-Phrase,230,107960,110406,2446
106867,108194,1327,0,NTB,o que é um statement of purpose,106867,108194,1327
108194,108671,477,0,GE-Phrase,230,107960,110406,2446
108194,108671,477,0,NTB,vê,108194,108671,477
108671,109369,698,0,GE-Phrase,230,107960,110406,2446
108671,109369,698,0,NTB,tipo,108671,109369,698
109369,110382,1013,0,GE-Phrase,230,107960,110406,2446
109369,110382,1013,0,NTB,exemplos,109369,110382,1013
111370,113448,2078,0,GE-Phrase,234,112627,113705,1078
111370,113448,2078,0,NTB,pra que que aquilo é usado,111370,113448,2078
124510,125198,688,0,GE-Phrase,241,121878,125705,3827
124510,125198,688,0,NTB,estruturados,124510,125198,688
125198,125513,315,0,GE-Phrase,241,121878,125705,3827
125198,125513,315,0,NTB,e tal,125198,125513,315
45843,46185,342,0,GE-Phrase,201,43285,46196,2911
45843,46185,342,0,NTB,por exemplo,45843,46185,342
46185,48237,2052,0,GE-Phrase,202,46196,50278,4082
46185,48237,2052,0,NTB,se eles vão produzir um statement of purpose,46185,48237,2052
48982,50259,1277,0,GE-Phrase,202,46196,50278,4082
48982,50259,1277,0,NTB,a escrita dele,48982,50259,1277
89733,90527,794,0,GE-Phrase,223,89435,91263,1828
89733,90527,794,0,NTB,basicamente,89733,90527,794
101775,103364,1589,0,GE-Phrase,226,101601,103369,1768
101775,103364,1589,0,NTB,aí acho que a Elisa faz assim também,101775,103364,1589
106867,108194,1327,0,GE-Phrase,230,107960,110406,2446
106867,108194,1327,0,NTB,o que é um statement of purpose,106867,108194,1327
108194,108671,477,0,GE-Phrase,230,107960,110406,2446
108194,108671,477,0,NTB,vê,108194,108671,477
108671,109369,698,0,GE-Phrase,230,107960,110406,2446
108671,109369,698,0,NTB,tipo,108671,109369,698
109369,110382,1013,0,GE-Phrase,230,107960,110406,2446
109369,110382,1013,0,NTB,exemplos,109369,110382,1013
111370,113448,2078,0,GE-Phrase,234,112627,113705,1078
111370,113448,2078,0,NTB,pra que que aquilo é usado,111370,113448,2078
124510,125198,688,0,GE-Phrase,241,121878,125705,3827
124510,125198,688,0,NTB,estruturados,124510,125198,688
125198,125513,315,0,GE-Phrase,241,121878,125705,3827
125198,125513,315,0,NTB,e tal,125198,125513,315
45843,46185,342,0,GE-Phrase,201,43285,46196,2911
45843,46185,342,0,NTB,por exemplo,45843,46185,342
46185,48237,2052,0,GE-Phrase,202,46196,50278,4082
46185,48237,2052,0,NTB,se eles vão produzir um statement of purpose,46185,48237,2052
48982,50259,1277,0,GE-Phrase,202,46196,50278,4082
48982,50259,1277,0,NTB,a escrita dele,48982,50259,1277
89733,90527,794,0,GE-Phrase,223,89435,91263,1828
89733,90527,794,0,NTB,basicamente,89733,90527,794
101775,103364,1589,0,GE-Phrase,226,101601,103369,1768
101775,103364,1589,0,NTB,aí acho que a Elisa faz assim também,101775,103364,1589
106867,108194,1327,0,GE-Phrase,230,107960,110406,2446
106867,108194,1327,0,NTB,o que é um statement of purpose,106867,108194,1327
108194,108671,477,0,GE-Phrase,230,107960,110406,2446
108194,108671,477,0,NTB,vê,108194,108671,477
108671,109369,698,0,GE-Phrase,230,107960,110406,2446
108671,109369,698,0,NTB,tipo,108671,109369,698
109369,110382,1013,0,GE-Phrase,230,107960,110406,2446
109369,110382,1013,0,NTB,exemplos,109369,110382,1013
111370,113448,2078,0,GE-Phrase,234,112627,113705,1078
111370,113448,2078,0,NTB,pra que que aquilo é usado,111370,113448,2078
124510,125198,688,0,GE-Phrase,241,121878,125705,3827
124510,125198,688,0,NTB,estruturados,124510,125198,688
125198,125513,315,0,GE-Phrase,241,121878,125705,3827
125198,125513,315,0,NTB,e tal,125198,125513,315
45843,46185,342,0,GE-Phrase,201,43285,46196,2911
45843,46185,342,0,NTB,por exemplo,45843,46185,342
46185,48237,2052,0,GE-Phrase,202,46196,50278,4082
46185,48237,2052,0,NTB,se eles vão produzir um statement of purpose,46185,48237,2052
48982,50259,1277,0,GE-Phrase,202,46196,50278,4082
48982,50259,1277,0,NTB,a escrita dele,48982,50259,1277
89733,90527,794,0,GE-Phrase,223,89435,91263,1828
89733,90527,794,0,NTB,basicamente,89733,90527,794
101775,103364,1589,0,GE-Phrase,226,101601,103369,1768
101775,103364,1589,0,NTB,aí acho que a Elisa faz assim também,101775,103364,1589
106867,108194,1327,0,GE-Phrase,230,107960,110406,2446
106867,108194,1327,0,NTB,o que é um statement of purpose,106867,108194,1327
108194,108671,477,0,GE-Phrase,230,107960,110406,2446
108194,108671,477,0,NTB,vê,108194,108671,477
108671,109369,698,0,GE-Phrase,230,107960,110406,2446
108671,109369,698,0,NTB,tipo,108671,109369,698
109369,110382,1013,0,GE-Phrase,230,107960,110406,2446
109369,110382,1013,0,NTB,exemplos,109369,110382,1013
111370,113448,2078,0,GE-Phrase,234,112627,113705,1078
111370,113448,2078,0,NTB,pra que que aquilo é usado,111370,113448,2078
124510,125198,688,0,GE-Phrase,241,121878,125705,3827
124510,125198,688,0,NTB,estruturados,124510,125198,688
125198,125513,315,0,GE-Phrase,241,121878,125705,3827
125198,125513,315,0,NTB,e tal,125198,125513,315
45843,46185,342,0,GE-Phrase,201,43285,46196,2911
45843,46185,342,0,NTB,por exemplo,45843,46185,342
46185,48237,2052,0,GE-Phrase,202,46196,50278,4082
46185,48237,2052,0,NTB,se eles vão produzir um statement of purpose,46185,48237,2052
48982,50259,1277,0,GE-Phrase,202,46196,50278,4082
48982,50259,1277,0,NTB,a escrita dele,48982,50259,1277
89733,90527,794,0,GE-Phrase,223,89435,91263,1828
89733,90527,794,0,NTB,basicamente,89733,90527,794
101775,103364,1589,0,GE-Phrase,226,101601,103369,1768
101775,103364,1589,0,NTB,aí acho que a Elisa faz assim também,101775,103364,1589
106867,108194,1327,0,GE-Phrase,230,107960,110406,2446
106867,108194,1327,0,NTB,o que é um statement of purpose,106867,108194,1327
108194,108671,477,0,GE-Phrase,230,107960,110406,2446
108194,108671,477,0,NTB,vê,108194,108671,477
108671,109369,698,0,GE-Phrase,230,107960,110406,2446
108671,109369,698,0,NTB,tipo,108671,109369,698
109369,110382,1013,0,GE-Phrase,230,107960,110406,2446
109369,110382,1013,0,NTB,exemplos,109369,110382,1013
111370,113448,2078,0,GE-Phrase,234,112627,113705,1078
111370,113448,2078,0,NTB,pra que que aquilo é usado,111370,113448,2078
124510,125198,688,0,GE-Phrase,241,121878,125705,3827
124510,125198,688,0,NTB,estruturados,124510,125198,688
125198,125513,315,0,GE-Phrase,241,121878,125705,3827
125198,125513,315,0,NTB,e tal,125198,125513,315
45843,46185,342,0,GE-Phrase,201,43285,46196,2911
45843,46185,342,0,NTB,por exemplo,45843,46185,342
46185,48237,2052,0,GE-Phrase,202,46196,50278,4082
46185,48237,2052,0,NTB,se eles vão produzir um statement of purpose,46185,48237,2052
48982,50259,1277,0,GE-Phrase,202,46196,50278,4082
48982,50259,1277,0,NTB,a escrita dele,48982,50259,1277
89733,90527,794,0,GE-Phrase,223,89435,91263,1828
89733,90527,794,0,NTB,basicamente,89733,90527,794
101775,103364,1589,0,GE-Phrase,226,101601,103369,1768
101775,103364,1589,0,NTB,aí acho que a Elisa faz assim também,101775,103364,1589
106867,108194,1327,0,GE-Phrase,230,107960,110406,2446
106867,108194,1327,0,NTB,o que é um statement of purpose,106867,108194,1327
108194,108671,477,0,GE-Phrase,230,107960,110406,2446
108194,108671,477,0,NTB,vê,108194,108671,477
108671,109369,698,0,GE-Phrase,230,107960,110406,2446
108671,109369,698,0,NTB,tipo,108671,109369,698
109369,110382,1013,0,GE-Phrase,230,107960,110406,2446
109369,110382,1013,0,NTB,exemplos,109369,110382,1013
111370,113448,2078,0,GE-Phrase,234,112627,113705,1078
111370,113448,2078,0,NTB,pra que que aquilo é usado,111370,113448,2078
124510,125198,688,0,GE-Phrase,241,121878,125705,3827
124510,125198,688,0,NTB,estruturados,124510,125198,688
125198,125513,315,0,GE-Phrase,241,121878,125705,3827
125198,125513,315,0,NTB,e tal,125198,125513,315
45843,46185,342,0,GE-Phrase,201,43285,46196,2911
45843,46185,342,0,NTB,por exemplo,45843,46185,342
46185,48237,2052,0,GE-Phrase,202,46196,50278,4082
46185,48237,2052,0,NTB,se eles vão produzir um statement of purpose,46185,48237,2052
48982,50259,1277,0,GE-Phrase,202,46196,50278,4082
48982,50259,1277,0,NTB,a escrita dele,48982,50259,1277
89733,90527,794,0,GE-Phrase,223,89435,91263,1828
89733,90527,794,0,NTB,basicamente,89733,90527,794
101775,103364,1589,0,GE-Phrase,226,101601,103369,1768
101775,103364,1589,0,NTB,aí acho que a Elisa faz assim também,101775,103364,1589
106867,108194,1327,0,GE-Phrase,230,107960,110406,2446
106867,108194,1327,0,NTB,o que é um statement of purpose,106867,108194,1327
108194,108671,477,0,GE-Phrase,230,107960,110406,2446
108194,108671,477,0,NTB,vê,108194,108671,477
108671,109369,698,0,GE-Phrase,230,107960,110406,2446
108671,109369,698,0,NTB,tipo,108671,109369,698
109369,110382,1013,0,GE-Phrase,230,107960,110406,2446
109369,110382,1013,0,NTB,exemplos,109369,110382,1013
111370,113448,2078,0,GE-Phrase,234,112627,113705,1078
111370,113448,2078,0,NTB,pra que que aquilo é usado,111370,113448,2078
124510,125198,688,0,GE-Phrase,241,121878,125705,3827
124510,125198,688,0,NTB,estruturados,124510,125198,688
125198,125513,315,0,GE-Phrase,241,121878,125705,3827
125198,125513,315,0,NTB,e tal,125198,125513,315
45843,46185,342,0,GE-Phrase,201,43285,46196,2911
45843,46185,342,0,NTB,por exemplo,45843,46185,342
46185,48237,2052,0,GE-Phrase,202,46196,50278,4082
46185,48237,2052,0,NTB,se eles vão produzir um statement of purpose,46185,48237,2052
48982,50259,1277,0,GE-Phrase,202,46196,50278,4082
48982,50259,1277,0,NTB,a escrita dele,48982,50259,1277
89733,90527,794,0,GE-Phrase,223,89435,91263,1828
89733,90527,794,0,NTB,basicamente,89733,90527,794
101775,103364,1589,0,GE-Phrase,226,101601,103369,1768
101775,103364,1589,0,NTB,aí acho que a Elisa faz assim também,101775,103364,1589
106867,108194,1327,0,GE-Phrase,230,107960,110406,2446
106867,108194,1327,0,NTB,o que é um statement of purpose,106867,108194,1327
108194,108671,477,0,GE-Phrase,230,107960,110406,2446
108194,108671,477,0,NTB,vê,108194,108671,477
108671,109369,698,0,GE-Phrase,230,107960,110406,2446
108671,109369,698,0,NTB,tipo,108671,109369,698
109369,110382,1013,0,GE-Phrase,230,107960,110406,2446
109369,110382,1013,0,NTB,exemplos,109369,110382,1013
111370,113448,2078,0,GE-Phrase,234,112627,113705,1078
111370,113448,2078,0,NTB,pra que que aquilo é usado,111370,113448,2078
124510,125198,688,0,GE-Phrase,241,121878,125705,3827
124510,125198,688,0,NTB,estruturados,124510,125198,688
125198,125513,315,0,GE-Phrase,241,121878,125705,3827
125198,125513,315,0,NTB,e tal,125198,125513,315
45843,46185,342,0,GE-Phrase,201,43285,46196,2911
45843,46185,342,0,NTB,por exemplo,45843,46185,342
46185,48237,2052,0,GE-Phrase,202,46196,50278,4082
46185,48237,2052,0,NTB,se eles vão produzir um statement of purpose,46185,48237,2052
48982,50259,1277,0,GE-Phrase,202,46196,50278,4082
48982,50259,1277,0,NTB,a escrita dele,48982,50259,1277
89733,90527,794,0,GE-Phrase,223,89435,91263,1828
89733,90527,794,0,NTB,basicamente,89733,90527,794
101775,103364,1589,0,GE-Phrase,226,101601,103369,1768
101775,103364,1589,0,NTB,aí acho que a Elisa faz assim também,101775,103364,1589
106867,108194,1327,0,GE-Phrase,230,107960,110406,2446
106867,108194,1327,0,NTB,o que é um statement of purpose,106867,108194,1327
108194,108671,477,0,GE-Phrase,230,107960,110406,2446
108194,108671,477,0,NTB,vê,108194,108671,477
108671,109369,698,0,GE-Phrase,230,107960,110406,2446
108671,109369,698,0,NTB,tipo,108671,109369,698
109369,110382,1013,0,GE-Phrase,230,107960,110406,2446
109369,110382,1013,0,NTB,exemplos,109369,110382,1013
111370,113448,2078,0,GE-Phrase,234,112627,113705,1078
111370,113448,2078,0,NTB,pra que que aquilo é usado,111370,113448,2078
124510,125198,688,0,GE-Phrase,241,121878,125705,3827
124510,125198,688,0,NTB,estruturados,124510,125198,688
125198,125513,315,0,GE-Phrase,241,121878,125705,3827
125198,125513,315,0,NTB,e tal,125198,125513,315
45843,46185,342,0,GE-Phrase,201,43285,46196,2911
45843,46185,342,0,NTB,por exemplo,45843,46185,342
46185,48237,2052,0,GE-Phrase,202,46196,50278,4082
46185,48237,2052,0,NTB,se eles vão produzir um statement of purpose,46185,48237,2052
48982,50259,1277,0,GE-Phrase,202,46196,50278,4082
48982,50259,1277,0,NTB,a escrita dele,48982,50259,1277
89733,90527,794,0,GE-Phrase,223,89435,91263,1828
89733,90527,794,0,NTB,basicamente,89733,90527,794
101775,103364,1589,0,GE-Phrase,226,101601,103369,1768
101775,103364,1589,0,NTB,aí acho que a Elisa faz assim também,101775,103364,1589
106867,108194,1327,0,GE-Phrase,230,107960,110406,2446
106867,108194,1327,0,NTB,o que é um statement of purpose,106867,108194,1327
108194,108671,477,0,GE-Phrase,230,107960,110406,2446
108194,108671,477,0,NTB,vê,108194,108671,477
108671,109369,698,0,GE-Phrase,230,107960,110406,2446
108671,109369,698,0,NTB,tipo,108671,109369,698
109369,110382,1013,0,GE-Phrase,230,107960,110406,2446
109369,110382,1013,0,NTB,exemplos,109369,110382,1013
111370,113448,2078,0,GE-Phrase,234,112627,113705,1078
111370,113448,2078,0,NTB,pra que que aquilo é usado,111370,113448,2078
124510,125198,688,0,GE-Phrase,241,121878,125705,3827
124510,125198,688,0,NTB,estruturados,124510,125198,688
125198,125513,315,0,GE-Phrase,241,121878,125705,3827
125198,125513,315,0,NTB,e tal,125198,125513,315
45843,46185,342,0,GE-Phrase,201,43285,46196,2911
45843,46185,342,0,NTB,por exemplo,45843,46185,342
46185,48237,2052,0,GE-Phrase,202,46196,50278,4082
46185,48237,2052,0,NTB,se eles vão produzir um statement of purpose,46185,48237,2052
48982,50259,1277,0,GE-Phrase,202,46196,50278,4082
48982,50259,1277,0,NTB,a escrita dele,48982,50259,1277
89733,90527,794,0,GE-Phrase,223,89435,91263,1828
89733,90527,794,0,NTB,basicamente,89733,90527,794
101775,103364,1589,0,GE-Phrase,226,101601,103369,1768
101775,103364,1589,0,NTB,aí acho que a Elisa faz assim também,101775,103364,1589
106867,108194,1327,0,GE-Phrase,230,107960,110406,2446
106867,108194,1327,0,NTB,o que é um statement of purpose,106867,108194,1327
108194,108671,477,0,GE-Phrase,230,107960,110406,2446
108194,108671,477,0,NTB,vê,108194,108671,477
108671,109369,698,0,GE-Phrase,230,107960,110406,2446
108671,109369,698,0,NTB,tipo,108671,109369,698
109369,110382,1013,0,GE-Phrase,230,107960,110406,2446
109369,110382,1013,0,NTB,exemplos,109369,110382,1013
111370,113448,2078,0,GE-Phrase,234,112627,113705,1078
111370,113448,2078,0,NTB,pra que que aquilo é usado,111370,113448,2078
124510,125198,688,0,GE-Phrase,241,121878,125705,3827
124510,125198,688,0,NTB,estruturados,124510,125198,688
125198,125513,315,0,GE-Phrase,241,121878,125705,3827
125198,125513,315,0,NTB,e tal,125198,125513,315
45843,46185,342,0,GE-Phrase,201,43285,46196,2911
45843,46185,342,0,NTB,por exemplo,45843,46185,342
46185,48237,2052,0,GE-Phrase,202,46196,50278,4082
46185,48237,2052,0,NTB,se eles vão produzir um statement of purpose,46185,48237,2052
48982,50259,1277,0,GE-Phrase,202,46196,50278,4082
48982,50259,1277,0,NTB,a escrita dele,48982,50259,1277
89733,90527,794,0,GE-Phrase,223,89435,91263,1828
89733,90527,794,0,NTB,basicamente,89733,90527,794
101775,103364,1589,0,GE-Phrase,226,101601,103369,1768
101775,103364,1589,0,NTB,aí acho que a Elisa faz assim também,101775,103364,1589
106867,108194,1327,0,GE-Phrase,230,107960,110406,2446
106867,108194,1327,0,NTB,o que é um statement of purpose,106867,108194,1327
108194,108671,477,0,GE-Phrase,230,107960,110406,2446
108194,108671,477,0,NTB,vê,108194,108671,477
108671,109369,698,0,GE-Phrase,230,107960,110406,2446
108671,109369,698,0,NTB,tipo,108671,109369,698
109369,110382,1013,0,GE-Phrase,230,107960,110406,2446
109369,110382,1013,0,NTB,exemplos,109369,110382,1013
111370,113448,2078,0,GE-Phrase,234,112627,113705,1078
111370,113448,2078,0,NTB,pra que que aquilo é usado,111370,113448,2078
124510,125198,688,0,GE-Phrase,241,121878,125705,3827
124510,125198,688,0,NTB,estruturados,124510,125198,688
125198,125513,315,0,GE-Phrase,241,121878,125705,3827
125198,125513,315,0,NTB,e tal,125198,125513,315
45843,46185,342,0,GE-Phrase,201,43285,46196,2911
45843,46185,342,0,NTB,por exemplo,45843,46185,342
46185,48237,2052,0,GE-Phrase,202,46196,50278,4082
46185,48237,2052,0,NTB,se eles vão produzir um statement of purpose,46185,48237,2052
48982,50259,1277,0,GE-Phrase,202,46196,50278,4082
48982,50259,1277,0,NTB,a escrita dele,48982,50259,1277
89733,90527,794,0,GE-Phrase,223,89435,91263,1828
89733,90527,794,0,NTB,basicamente,89733,90527,794
101775,103364,1589,0,GE-Phrase,226,101601,103369,1768
101775,103364,1589,0,NTB,aí acho que a Elisa faz assim também,101775,103364,1589
106867,108194,1327,0,GE-Phrase,230,107960,110406,2446
106867,108194,1327,0,NTB,o que é um statement of purpose,106867,108194,1327
108194,108671,477,0,GE-Phrase,230,107960,110406,2446
108194,108671,477,0,NTB,vê,108194,108671,477
108671,109369,698,0,GE-Phrase,230,107960,110406,2446
108671,109369,698,0,NTB,tipo,108671,109369,698
109369,110382,1013,0,GE-Phrase,230,107960,110406,2446
109369,110382,1013,0,NTB,exemplos,109369,110382,1013
111370,113448,2078,0,GE-Phrase,234,112627,113705,1078
111370,113448,2078,0,NTB,pra que que aquilo é usado,111370,113448,2078
124510,125198,688,0,GE-Phrase,241,121878,125705,3827
124510,125198,688,0,NTB,estruturados,124510,125198,688
125198,125513,315,0,GE-Phrase,241,121878,125705,3827
125198,125513,315,0,NTB,e tal,125198,125513,315
45843,46185,342,0,GE-Phrase,201,43285,46196,2911
45843,46185,342,0,NTB,por exemplo,45843,46185,342
46185,48237,2052,0,GE-Phrase,202,46196,50278,4082
46185,48237,2052,0,NTB,se eles vão produzir um statement of purpose,46185,48237,2052
48982,50259,1277,0,GE-Phrase,202,46196,50278,4082
48982,50259,1277,0,NTB,a escrita dele,48982,50259,1277
89733,90527,794,0,GE-Phrase,223,89435,91263,1828
89733,90527,794,0,NTB,basicamente,89733,90527,794
101775,103364,1589,0,GE-Phrase,226,101601,103369,1768
101775,103364,1589,0,NTB,aí acho que a Elisa faz assim também,101775,103364,1589
106867,108194,1327,0,GE-Phrase,230,107960,110406,2446
106867,108194,1327,0,NTB,o que é um statement of purpose,106867,108194,1327
108194,108671,477,0,GE-Phrase,230,107960,110406,2446
108194,108671,477,0,NTB,vê,108194,108671,477
108671,109369,698,0,GE-Phrase,230,107960,110406,2446
108671,109369,698,0,NTB,tipo,108671,109369,698
109369,110382,1013,0,GE-Phrase,230,107960,110406,2446
109369,110382,1013,0,NTB,exemplos,109369,110382,1013
111370,113448,2078,0,GE-Phrase,234,112627,113705,1078
111370,113448,2078,0,NTB,pra que que aquilo é usado,111370,113448,2078
124510,125198,688,0,GE-Phrase,241,121878,125705,3827
124510,125198,688,0,NTB,estruturados,124510,125198,688
125198,125513,315,0,GE-Phrase,241,121878,125705,3827
125198,125513,315,0,NTB,e tal,125198,125513,315
45843,46185,342,0,GE-Phrase,201,43285,46196,2911
45843,46185,342,0,NTB,por exemplo,45843,46185,342
46185,48237,2052,0,GE-Phrase,202,46196,50278,4082
46185,48237,2052,0,NTB,se eles vão produzir um statement of purpose,46185,48237,2052
48982,50259,1277,0,GE-Phrase,202,46196,50278,4082
48982,50259,1277,0,NTB,a escrita dele,48982,50259,1277
89733,90527,794,0,GE-Phrase,223,89435,91263,1828
89733,90527,794,0,NTB,basicamente,89733,90527,794
101775,103364,1589,0,GE-Phrase,226,101601,103369,1768
101775,103364,1589,0,NTB,aí acho que a Elisa faz assim também,101775,103364,1589
106867,108194,1327,0,GE-Phrase,230,107960,110406,2446
106867,108194,1327,0,NTB,o que é um statement of purpose,106867,108194,1327
108194,108671,477,0,GE-Phrase,230,107960,110406,2446
108194,108671,477,0,NTB,vê,108194,108671,477
108671,109369,698,0,GE-Phrase,230,107960,110406,2446
108671,109369,698,0,NTB,tipo,108671,109369,698
109369,110382,1013,0,GE-Phrase,230,107960,110406,2446
109369,110382,1013,0,NTB,exemplos,109369,110382,1013
111370,113448,2078,0,GE-Phrase,234,112627,113705,1078
111370,113448,2078,0,NTB,pra que que aquilo é usado,111370,113448,2078
124510,125198,688,0,GE-Phrase,241,121878,125705,3827
124510,125198,688,0,NTB,estruturados,124510,125198,688
125198,125513,315,0,GE-Phrase,241,121878,125705,3827
125198,125513,315,0,NTB,e tal,125198,125513,315
45843,46185,342,0,GE-Phrase,201,43285,46196,2911
45843,46185,342,0,NTB,por exemplo,45843,46185,342
46185,48237,2052,0,GE-Phrase,202,46196,50278,4082
46185,48237,2052,0,NTB,se eles vão produzir um statement of purpose,46185,48237,2052
48982,50259,1277,0,GE-Phrase,202,46196,50278,4082
48982,50259,1277,0,NTB,a escrita dele,48982,50259,1277
89733,90527,794,0,GE-Phrase,223,89435,91263,1828
89733,90527,794,0,NTB,basicamente,89733,90527,794
101775,103364,1589,0,GE-Phrase,226,101601,103369,1768
101775,103364,1589,0,NTB,aí acho que a Elisa faz assim também,101775,103364,1589
106867,108194,1327,0,GE-Phrase,230,107960,110406,2446
106867,108194,1327,0,NTB,o que é um statement of purpose,106867,108194,1327
108194,108671,477,0,GE-Phrase,230,107960,110406,2446
108194,108671,477,0,NTB,vê,108194,108671,477
108671,109369,698,0,GE-Phrase,230,107960,110406,2446
108671,109369,698,0,NTB,tipo,108671,109369,698
109369,110382,1013,0,GE-Phrase,230,107960,110406,2446
109369,110382,1013,0,NTB,exemplos,109369,110382,1013
111370,113448,2078,0,GE-Phrase,234,112627,113705,1078
111370,113448,2078,0,NTB,pra que que aquilo é usado,111370,113448,2078
124510,125198,688,0,GE-Phrase,241,121878,125705,3827
124510,125198,688,0,NTB,estruturados,124510,125198,688
125198,125513,315,0,GE-Phrase,241,121878,125705,3827
125198,125513,315,0,NTB,e tal,125198,125513,315
45843,46185,342,0,GE-Phrase,201,43285,46196,2911
45843,46185,342,0,NTB,por exemplo,45843,46185,342
46185,48237,2052,0,GE-Phrase,202,46196,50278,4082
46185,48237,2052,0,NTB,se eles vão produzir um statement of purpose,46185,48237,2052
48982,50259,1277,0,GE-Phrase,202,46196,50278,4082
48982,50259,1277,0,NTB,a escrita dele,48982,50259,1277
89733,90527,794,0,GE-Phrase,223,89435,91263,1828
89733,90527,794,0,NTB,basicamente,89733,90527,794
101775,103364,1589,0,GE-Phrase,226,101601,103369,1768
101775,103364,1589,0,NTB,aí acho que a Elisa faz assim também,101775,103364,1589
106867,108194,1327,0,GE-Phrase,230,107960,110406,2446
106867,108194,1327,0,NTB,o que é um statement of purpose,106867,108194,1327
108194,108671,477,0,GE-Phrase,230,107960,110406,2446
108194,108671,477,0,NTB,vê,108194,108671,477
108671,109369,698,0,GE-Phrase,230,107960,110406,2446
108671,109369,698,0,NTB,tipo,108671,109369,698
109369,110382,1013,0,GE-Phrase,230,107960,110406,2446
109369,110382,1013,0,NTB,exemplos,109369,110382,1013
111370,113448,2078,0,GE-Phrase,234,112627,113705,1078
111370,113448,2078,0,NTB,pra que que aquilo é usado,111370,113448,2078
124510,125198,688,0,GE-Phrase,241,121878,125705,3827
124510,125198,688,0,NTB,estruturados,124510,125198,688
125198,125513,315,0,GE-Phrase,241,121878,125705,3827
125198,125513,315,0,NTB,e tal,125198,125513,315
45843,46185,342,0,GE-Phrase,201,43285,46196,2911
45843,46185,342,0,NTB,por exemplo,45843,46185,342
46185,48237,2052,0,GE-Phrase,202,46196,50278,4082
46185,48237,2052,0,NTB,se eles vão produzir um statement of purpose,46185,48237,2052
48982,50259,1277,0,GE-Phrase,202,46196,50278,4082
48982,50259,1277,0,NTB,a escrita dele,48982,50259,1277
89733,90527,794,0,GE-Phrase,223,89435,91263,1828
89733,90527,794,0,NTB,basicamente,89733,90527,794
101775,103364,1589,0,GE-Phrase,226,101601,103369,1768
101775,103364,1589,0,NTB,aí acho que a Elisa faz assim também,101775,103364,1589
106867,108194,1327,0,GE-Phrase,230,107960,110406,2446
106867,108194,1327,0,NTB,o que é um statement of purpose,106867,108194,1327
108194,108671,477,0,GE-Phrase,230,107960,110406,2446
108194,108671,477,0,NTB,vê,108194,108671,477
108671,109369,698,0,GE-Phrase,230,107960,110406,2446
108671,109369,698,0,NTB,tipo,108671,109369,698
109369,110382,1013,0,GE-Phrase,230,107960,110406,2446
109369,110382,1013,0,NTB,exemplos,109369,110382,1013
111370,113448,2078,0,GE-Phrase,234,112627,113705,1078
111370,113448,2078,0,NTB,pra que que aquilo é usado,111370,113448,2078
124510,125198,688,0,GE-Phrase,241,121878,125705,3827
124510,125198,688,0,NTB,estruturados,124510,125198,688
125198,125513,315,0,GE-Phrase,241,121878,125705,3827
125198,125513,315,0,NTB,e tal,125198,125513,315
45843,46185,342,0,GE-Phrase,201,43285,46196,2911
45843,46185,342,0,NTB,por exemplo,45843,46185,342
46185,48237,2052,0,GE-Phrase,202,46196,50278,4082
46185,48237,2052,0,NTB,se eles vão produzir um statement of purpose,46185,48237,2052
48982,50259,1277,0,GE-Phrase,202,46196,50278,4082
48982,50259,1277,0,NTB,a escrita dele,48982,50259,1277
89733,90527,794,0,GE-Phrase,223,89435,91263,1828
89733,90527,794,0,NTB,basicamente,89733,90527,794
101775,103364,1589,0,GE-Phrase,226,101601,103369,1768
101775,103364,1589,0,NTB,aí acho que a Elisa faz assim também,101775,103364,1589
106867,108194,1327,0,GE-Phrase,230,107960,110406,2446
106867,108194,1327,0,NTB,o que é um statement of purpose,106867,108194,1327
108194,108671,477,0,GE-Phrase,230,107960,110406,2446
108194,108671,477,0,NTB,vê,108194,108671,477
108671,109369,698,0,GE-Phrase,230,107960,110406,2446
108671,109369,698,0,NTB,tipo,108671,109369,698
109369,110382,1013,0,GE-Phrase,230,107960,110406,2446
109369,110382,1013,0,NTB,exemplos,109369,110382,1013
111370,113448,2078,0,GE-Phrase,234,112627,113705,1078
111370,113448,2078,0,NTB,pra que que aquilo é usado,111370,113448,2078
124510,125198,688,0,GE-Phrase,241,121878,125705,3827
124510,125198,688,0,NTB,estruturados,124510,125198,688
125198,125513,315,0,GE-Phrase,241,121878,125705,3827
125198,125513,315,0,NTB,e tal,125198,125513,315
45843,46185,342,0,GE-Phrase,201,43285,46196,2911
45843,46185,342,0,NTB,por exemplo,45843,46185,342
46185,48237,2052,0,GE-Phrase,202,46196,50278,4082
46185,48237,2052,0,NTB,se eles vão produzir um statement of purpose,46185,48237,2052
48982,50259,1277,0,GE-Phrase,202,46196,50278,4082
48982,50259,1277,0,NTB,a escrita dele,48982,50259,1277
89733,90527,794,0,GE-Phrase,223,89435,91263,1828
89733,90527,794,0,NTB,basicamente,89733,90527,794
101775,103364,1589,0,GE-Phrase,226,101601,103369,1768
101775,103364,1589,0,NTB,aí acho que a Elisa faz assim também,101775,103364,1589
106867,108194,1327,0,GE-Phrase,230,107960,110406,2446
106867,108194,1327,0,NTB,o que é um statement of purpose,106867,108194,1327
108194,108671,477,0,GE-Phrase,230,107960,110406,2446
108194,108671,477,0,NTB,vê,108194,108671,477
108671,109369,698,0,GE-Phrase,230,107960,110406,2446
108671,109369,698,0,NTB,tipo,108671,109369,698
109369,110382,1013,0,GE-Phrase,230,107960,110406,2446
109369,110382,1013,0,NTB,exemplos,109369,110382,1013
111370,113448,2078,0,GE-Phrase,234,112627,113705,1078
111370,113448,2078,0,NTB,pra que que aquilo é usado,111370,113448,2078
124510,125198,688,0,GE-Phrase,241,121878,125705,3827
124510,125198,688,0,NTB,estruturados,124510,125198,688
125198,125513,315,0,GE-Phrase,241,121878,125705,3827
125198,125513,315,0,NTB,e tal,125198,125513,315
45843,46185,342,0,GE-Phrase,201,43285,46196,2911
45843,46185,342,0,NTB,por exemplo,45843,46185,342
46185,48237,2052,0,GE-Phrase,202,46196,50278,4082
46185,48237,2052,0,NTB,se eles vão produzir um statement of purpose,46185,48237,2052
48982,50259,1277,0,GE-Phrase,202,46196,50278,4082
48982,50259,1277,0,NTB,a escrita dele,48982,50259,1277
89733,90527,794,0,GE-Phrase,223,89435,91263,1828
89733,90527,794,0,NTB,basicamente,89733,90527,794
101775,103364,1589,0,GE-Phrase,226,101601,103369,1768
101775,103364,1589,0,NTB,aí acho que a Elisa faz assim também,101775,103364,1589
106867,108194,1327,0,GE-Phrase,230,107960,110406,2446
106867,108194,1327,0,NTB,o que é um statement of purpose,106867,108194,1327
108194,108671,477,0,GE-Phrase,230,107960,110406,2446
108194,108671,477,0,NTB,vê,108194,108671,477
108671,109369,698,0,GE-Phrase,230,107960,110406,2446
108671,109369,698,0,NTB,tipo,108671,109369,698
109369,110382,1013,0,GE-Phrase,230,107960,110406,2446
109369,110382,1013,0,NTB,exemplos,109369,110382,1013
111370,113448,2078,0,GE-Phrase,234,112627,113705,1078
111370,113448,2078,0,NTB,pra que que aquilo é usado,111370,113448,2078
124510,125198,688,0,GE-Phrase,241,121878,125705,3827
124510,125198,688,0,NTB,estruturados,124510,125198,688
125198,125513,315,0,GE-Phrase,241,121878,125705,3827
125198,125513,315,0,NTB,e tal,125198,125513,315
45843,46185,342,0,GE-Phrase,201,43285,46196,2911
45843,46185,342,0,NTB,por exemplo,45843,46185,342
46185,48237,2052,0,GE-Phrase,202,46196,50278,4082
46185,48237,2052,0,NTB,se eles vão produzir um statement of purpose,46185,48237,2052
48982,50259,1277,0,GE-Phrase,202,46196,50278,4082
48982,50259,1277,0,NTB,a escrita dele,48982,50259,1277
89733,90527,794,0,GE-Phrase,223,89435,91263,1828
89733,90527,794,0,NTB,basicamente,89733,90527,794
101775,103364,1589,0,GE-Phrase,226,101601,103369,1768
101775,103364,1589,0,NTB,aí acho que a Elisa faz assim também,101775,103364,1589
106867,108194,1327,0,GE-Phrase,230,107960,110406,2446
106867,108194,1327,0,NTB,o que é um statement of purpose,106867,108194,1327
108194,108671,477,0,GE-Phrase,230,107960,110406,2446
108194,108671,477,0,NTB,vê,108194,108671,477
108671,109369,698,0,GE-Phrase,230,107960,110406,2446
108671,109369,698,0,NTB,tipo,108671,109369,698
109369,110382,1013,0,GE-Phrase,230,107960,110406,2446
109369,110382,1013,0,NTB,exemplos,109369,110382,1013
111370,113448,2078,0,GE-Phrase,234,112627,113705,1078
111370,113448,2078,0,NTB,pra que que aquilo é usado,111370,113448,2078
124510,125198,688,0,GE-Phrase,241,121878,125705,3827
124510,125198,688,0,NTB,estruturados,124510,125198,688
125198,125513,315,0,GE-Phrase,241,121878,125705,3827
125198,125513,315,0,NTB,e tal,125198,125513,315
45843,46185,342,0,GE-Phrase,201,43285,46196,2911
45843,46185,342,0,NTB,por exemplo,45843,46185,342
46185,48237,2052,0,GE-Phrase,202,46196,50278,4082
46185,48237,2052,0,NTB,se eles vão produzir um statement of purpose,46185,48237,2052
48982,50259,1277,0,GE-Phrase,202,46196,50278,4082
48982,50259,1277,0,NTB,a escrita dele,48982,50259,1277
89733,90527,794,0,GE-Phrase,223,89435,91263,1828
89733,90527,794,0,NTB,basicamente,89733,90527,794
101775,103364,1589,0,GE-Phrase,226,101601,103369,1768
101775,103364,1589,0,NTB,aí acho que a Elisa faz assim também,101775,103364,1589
106867,108194,1327,0,GE-Phrase,230,107960,110406,2446
106867,108194,1327,0,NTB,o que é um statement of purpose,106867,108194,1327
108194,108671,477,0,GE-Phrase,230,107960,110406,2446
108194,108671,477,0,NTB,vê,108194,108671,477
108671,109369,698,0,GE-Phrase,230,107960,110406,2446
108671,109369,698,0,NTB,tipo,108671,109369,698
109369,110382,1013,0,GE-Phrase,230,107960,110406,2446
109369,110382,1013,0,NTB,exemplos,109369,110382,1013
111370,113448,2078,0,GE-Phrase,234,112627,113705,1078
111370,113448,2078,0,NTB,pra que que aquilo é usado,111370,113448,2078
124510,125198,688,0,GE-Phrase,241,121878,125705,3827
124510,125198,688,0,NTB,estruturados,124510,125198,688
125198,125513,315,0,GE-Phrase,241,121878,125705,3827
125198,125513,315,0,NTB,e tal,125198,125513,315
45843,46185,342,0,GE-Phrase,201,43285,46196,2911
45843,46185,342,0,NTB,por exemplo,45843,46185,342
46185,48237,2052,0,GE-Phrase,202,46196,50278,4082
46185,48237,2052,0,NTB,se eles vão produzir um statement of purpose,46185,48237,2052
48982,50259,1277,0,GE-Phrase,202,46196,50278,4082
48982,50259,1277,0,NTB,a escrita dele,48982,50259,1277
89733,90527,794,0,GE-Phrase,223,89435,91263,1828
89733,90527,794,0,NTB,basicamente,89733,90527,794
101775,103364,1589,0,GE-Phrase,226,101601,103369,1768
101775,103364,1589,0,NTB,aí acho que a Elisa faz assim também,101775,103364,1589
106867,108194,1327,0,GE-Phrase,230,107960,110406,2446
106867,108194,1327,0,NTB,o que é um statement of purpose,106867,108194,1327
108194,108671,477,0,GE-Phrase,230,107960,110406,2446
108194,108671,477,0,NTB,vê,108194,108671,477
108671,109369,698,0,GE-Phrase,230,107960,110406,2446
108671,109369,698,0,NTB,tipo,108671,109369,698
109369,110382,1013,0,GE-Phrase,230,107960,110406,2446
109369,110382,1013,0,NTB,exemplos,109369,110382,1013
111370,113448,2078,0,GE-Phrase,234,112627,113705,1078
111370,113448,2078,0,NTB,pra que que aquilo é usado,111370,113448,2078
124510,125198,688,0,GE-Phrase,241,121878,125705,3827
124510,125198,688,0,NTB,estruturados,124510,125198,688
125198,125513,315,0,GE-Phrase,241,121878,125705,3827
125198,125513,315,0,NTB,e tal,125198,125513,315
45843,46185,342,0,GE-Phrase,201,43285,46196,2911
45843,46185,342,0,NTB,por exemplo,45843,46185,342
46185,48237,2052,0,GE-Phrase,202,46196,50278,4082
46185,48237,2052,0,NTB,se eles vão produzir um statement of purpose,46185,48237,2052
48982,50259,1277,0,GE-Phrase,202,46196,50278,4082
48982,50259,1277,0,NTB,a escrita dele,48982,50259,1277
89733,90527,794,0,GE-Phrase,223,89435,91263,1828
89733,90527,794,0,NTB,basicamente,89733,90527,794
101775,103364,1589,0,GE-Phrase,226,101601,103369,1768
101775,103364,1589,0,NTB,aí acho que a Elisa faz assim também,101775,103364,1589
106867,108194,1327,0,GE-Phrase,230,107960,110406,2446
106867,108194,1327,0,NTB,o que é um statement of purpose,106867,108194,1327
108194,108671,477,0,GE-Phrase,230,107960,110406,2446
108194,108671,477,0,NTB,vê,108194,108671,477
108671,109369,698,0,GE-Phrase,230,107960,110406,2446
108671,109369,698,0,NTB,tipo,108671,109369,698
109369,110382,1013,0,GE-Phrase,230,107960,110406,2446
109369,110382,1013,0,NTB,exemplos,109369,110382,1013
111370,113448,2078,0,GE-Phrase,234,112627,113705,1078
111370,113448,2078,0,NTB,pra que que aquilo é usado,111370,113448,2078
124510,125198,688,0,GE-Phrase,241,121878,125705,3827
124510,125198,688,0,NTB,estruturados,124510,125198,688
125198,125513,315,0,GE-Phrase,241,121878,125705,3827
125198,125513,315,0,NTB,e tal,125198,125513,315
45843,46185,342,0,GE-Phrase,201,43285,46196,2911
45843,46185,342,0,NTB,por exemplo,45843,46185,342
46185,48237,2052,0,GE-Phrase,202,46196,50278,4082
46185,48237,2052,0,NTB,se eles vão produzir um statement of purpose,46185,48237,2052
48982,50259,1277,0,GE-Phrase,202,46196,50278,4082
48982,50259,1277,0,NTB,a escrita dele,48982,50259,1277
89733,90527,794,0,GE-Phrase,223,89435,91263,1828
89733,90527,794,0,NTB,basicamente,89733,90527,794
101775,103364,1589,0,GE-Phrase,226,101601,103369,1768
101775,103364,1589,0,NTB,aí acho que a Elisa faz assim também,101775,103364,1589
106867,108194,1327,0,GE-Phrase,230,107960,110406,2446
106867,108194,1327,0,NTB,o que é um statement of purpose,106867,108194,1327
108194,108671,477,0,GE-Phrase,230,107960,110406,2446
108194,108671,477,0,NTB,vê,108194,108671,477
108671,109369,698,0,GE-Phrase,230,107960,110406,2446
108671,109369,698,0,NTB,tipo,108671,109369,698
109369,110382,1013,0,GE-Phrase,230,107960,110406,2446
109369,110382,1013,0,NTB,exemplos,109369,110382,1013
111370,113448,2078,0,GE-Phrase,234,112627,113705,1078
111370,113448,2078,0,NTB,pra que que aquilo é usado,111370,113448,2078
124510,125198,688,0,GE-Phrase,241,121878,125705,3827
124510,125198,688,0,NTB,estruturados,124510,125198,688
125198,125513,315,0,GE-Phrase,241,121878,125705,3827
125198,125513,315,0,NTB,e tal,125198,125513,315
45843,46185,342,0,GE-Phrase,201,43285,46196,2911
45843,46185,342,0,NTB,por exemplo,45843,46185,342
46185,48237,2052,0,GE-Phrase,202,46196,50278,4082
46185,48237,2052,0,NTB,se eles vão produzir um statement of purpose,46185,48237,2052
48982,50259,1277,0,GE-Phrase,202,46196,50278,4082
48982,50259,1277,0,NTB,a escrita dele,48982,50259,1277
89733,90527,794,0,GE-Phrase,223,89435,91263,1828
89733,90527,794,0,NTB,basicamente,89733,90527,794
101775,103364,1589,0,GE-Phrase,226,101601,103369,1768
101775,103364,1589,0,NTB,aí acho que a Elisa faz assim também,101775,103364,1589
106867,108194,1327,0,GE-Phrase,230,107960,110406,2446
106867,108194,1327,0,NTB,o que é um statement of purpose,106867,108194,1327
108194,108671,477,0,GE-Phrase,230,107960,110406,2446
108194,108671,477,0,NTB,vê,108194,108671,477
108671,109369,698,0,GE-Phrase,230,107960,110406,2446
108671,109369,698,0,NTB,tipo,108671,109369,698
109369,110382,1013,0,GE-Phrase,230,107960,110406,2446
109369,110382,1013,0,NTB,exemplos,109369,110382,1013
111370,113448,2078,0,GE-Phrase,234,112627,113705,1078
111370,113448,2078,0,NTB,pra que que aquilo é usado,111370,113448,2078
124510,125198,688,0,GE-Phrase,241,121878,125705,3827
124510,125198,688,0,NTB,estruturados,124510,125198,688
125198,125513,315,0,GE-Phrase,241,121878,125705,3827
125198,125513,315,0,NTB,e tal,125198,125513,315
10765,11888,1123,0,GE-Phrase,205,11709,12745,1036
10765,11888,1123,0,NTB,isso é coisa boa,10765,11888,1123
14587,15964,1377,0,GE-Phrase,207,15828,17061,1233
14587,15964,1377,0,NTB,nesse trabalho novo dela,14587,15964,1377
22557,25674,3117,0,GE-Phrase,209,23133,25933,2800
22557,25674,3117,0,NTB,já o tempo que eu tô fora de casa,22557,25674,3117
26022,27563,1541,0,GE-Phrase,211,27493,29702,2209
26022,27563,1541,0,NTB,também por causa disso,26022,27563,1541
29529,31227,1698,0,NTB,a renda maior da casa,29529,31227,1698
33285,34491,1206,0,GE-Phrase,213,32366,34665,2299
33285,34491,1206,0,NTB,me explicaram,33285,34491,1206
50217,51572,1355,0,GE-Phrase,221,49804,51662,1858
50217,51572,1355,0,NTB,o trabalho dele oferece,50217,51572,1355
62628,63778,1150,0,GE-Phrase,224,62322,63789,1467
62628,63778,1150,0,NTB,cê tiver alguma coisa,62628,63778,1150
63778,65033,1255,0,GE-Phrase,226,64734,66622,1888
63778,65033,1255,0,NTB,você vem pra cá,63778,65033,1255
10765,11888,1123,0,GE-Phrase,205,11709,12745,1036
10765,11888,1123,0,NTB,isso é coisa boa,10765,11888,1123
14587,15964,1377,0,GE-Phrase,207,15828,17061,1233
14587,15964,1377,0,NTB,nesse trabalho novo dela,14587,15964,1377
22557,25674,3117,0,GE-Phrase,209,23133,25933,2800
22557,25674,3117,0,NTB,já o tempo que eu tô fora de casa,22557,25674,3117
26022,27563,1541,0,GE-Phrase,211,27493,29702,2209
26022,27563,1541,0,NTB,também por causa disso,26022,27563,1541
29529,31227,1698,0,NTB,a renda maior da casa,29529,31227,1698
33285,34491,1206,0,GE-Phrase,213,32366,34665,2299
33285,34491,1206,0,NTB,me explicaram,33285,34491,1206
50217,51572,1355,0,GE-Phrase,221,49804,51662,1858
50217,51572,1355,0,NTB,o trabalho dele oferece,50217,51572,1355
62628,63778,1150,0,GE-Phrase,224,62322,63789,1467
62628,63778,1150,0,NTB,cê tiver alguma coisa,62628,63778,1150
63778,65033,1255,0,GE-Phrase,226,64734,66622,1888
63778,65033,1255,0,NTB,você vem pra cá,63778,65033,1255
10765,11888,1123,0,GE-Phrase,205,11709,12745,1036
10765,11888,1123,0,NTB,isso é coisa boa,10765,11888,1123
14587,15964,1377,0,GE-Phrase,207,15828,17061,1233
14587,15964,1377,0,NTB,nesse trabalho novo dela,14587,15964,1377
22557,25674,3117,0,GE-Phrase,209,23133,25933,2800
22557,25674,3117,0,NTB,já o tempo que eu tô fora de casa,22557,25674,3117
26022,27563,1541,0,GE-Phrase,211,27493,29702,2209
26022,27563,1541,0,NTB,também por causa disso,26022,27563,1541
29529,31227,1698,0,NTB,a renda maior da casa,29529,31227,1698
33285,34491,1206,0,GE-Phrase,213,32366,34665,2299
33285,34491,1206,0,NTB,me explicaram,33285,34491,1206
50217,51572,1355,0,GE-Phrase,221,49804,51662,1858
50217,51572,1355,0,NTB,o trabalho dele oferece,50217,51572,1355
62628,63778,1150,0,GE-Phrase,224,62322,63789,1467
62628,63778,1150,0,NTB,cê tiver alguma coisa,62628,63778,1150
63778,65033,1255,0,GE-Phrase,226,64734,66622,1888
63778,65033,1255,0,NTB,você vem pra cá,63778,65033,1255
10765,11888,1123,0,GE-Phrase,205,11709,12745,1036
10765,11888,1123,0,NTB,isso é coisa boa,10765,11888,1123
14587,15964,1377,0,GE-Phrase,207,15828,17061,1233
14587,15964,1377,0,NTB,nesse trabalho novo dela,14587,15964,1377
22557,25674,3117,0,GE-Phrase,209,23133,25933,2800
22557,25674,3117,0,NTB,já o tempo que eu tô fora de casa,22557,25674,3117
26022,27563,1541,0,GE-Phrase,211,27493,29702,2209
26022,27563,1541,0,NTB,também por causa disso,26022,27563,1541
29529,31227,1698,0,NTB,a renda maior da casa,29529,31227,1698
33285,34491,1206,0,GE-Phrase,213,32366,34665,2299
33285,34491,1206,0,NTB,me explicaram,33285,34491,1206
50217,51572,1355,0,GE-Phrase,221,49804,51662,1858
50217,51572,1355,0,NTB,o trabalho dele oferece,50217,51572,1355
62628,63778,1150,0,GE-Phrase,224,62322,63789,1467
62628,63778,1150,0,NTB,cê tiver alguma coisa,62628,63778,1150
63778,65033,1255,0,GE-Phrase,226,64734,66622,1888
63778,65033,1255,0,NTB,você vem pra cá,63778,65033,1255
10765,11888,1123,0,GE-Phrase,205,11709,12745,1036
10765,11888,1123,0,NTB,isso é coisa boa,10765,11888,1123
14587,15964,1377,0,GE-Phrase,207,15828,17061,1233
14587,15964,1377,0,NTB,nesse trabalho novo dela,14587,15964,1377
22557,25674,3117,0,GE-Phrase,209,23133,25933,2800
22557,25674,3117,0,NTB,já o tempo que eu tô fora de casa,22557,25674,3117
26022,27563,1541,0,GE-Phrase,211,27493,29702,2209
26022,27563,1541,0,NTB,também por causa disso,26022,27563,1541
29529,31227,1698,0,NTB,a renda maior da casa,29529,31227,1698
33285,34491,1206,0,GE-Phrase,213,32366,34665,2299
33285,34491,1206,0,NTB,me explicaram,33285,34491,1206
50217,51572,1355,0,GE-Phrase,221,49804,51662,1858
50217,51572,1355,0,NTB,o trabalho dele oferece,50217,51572,1355
62628,63778,1150,0,GE-Phrase,224,62322,63789,1467
62628,63778,1150,0,NTB,cê tiver alguma coisa,62628,63778,1150
63778,65033,1255,0,GE-Phrase,226,64734,66622,1888
63778,65033,1255,0,NTB,você vem pra cá,63778,65033,1255
10765,11888,1123,0,GE-Phrase,205,11709,12745,1036
10765,11888,1123,0,NTB,isso é coisa boa,10765,11888,1123
14587,15964,1377,0,GE-Phrase,207,15828,17061,1233
14587,15964,1377,0,NTB,nesse trabalho novo dela,14587,15964,1377
22557,25674,3117,0,GE-Phrase,209,23133,25933,2800
22557,25674,3117,0,NTB,já o tempo que eu tô fora de casa,22557,25674,3117
26022,27563,1541,0,GE-Phrase,211,27493,29702,2209
26022,27563,1541,0,NTB,também por causa disso,26022,27563,1541
29529,31227,1698,0,NTB,a renda maior da casa,29529,31227,1698
33285,34491,1206,0,GE-Phrase,213,32366,34665,2299
33285,34491,1206,0,NTB,me explicaram,33285,34491,1206
50217,51572,1355,0,GE-Phrase,221,49804,51662,1858
50217,51572,1355,0,NTB,o trabalho dele oferece,50217,51572,1355
62628,63778,1150,0,GE-Phrase,224,62322,63789,1467
62628,63778,1150,0,NTB,cê tiver alguma coisa,62628,63778,1150
63778,65033,1255,0,GE-Phrase,226,64734,66622,1888
63778,65033,1255,0,NTB,você vem pra cá,63778,65033,1255
10765,11888,1123,0,GE-Phrase,205,11709,12745,1036
10765,11888,1123,0,NTB,isso é coisa boa,10765,11888,1123
14587,15964,1377,0,GE-Phrase,207,15828,17061,1233
14587,15964,1377,0,NTB,nesse trabalho novo dela,14587,15964,1377
22557,25674,3117,0,GE-Phrase,209,23133,25933,2800
22557,25674,3117,0,NTB,já o tempo que eu tô fora de casa,22557,25674,3117
26022,27563,1541,0,GE-Phrase,211,27493,29702,2209
26022,27563,1541,0,NTB,também por causa disso,26022,27563,1541
29529,31227,1698,0,NTB,a renda maior da casa,29529,31227,1698
33285,34491,1206,0,GE-Phrase,213,32366,34665,2299
33285,34491,1206,0,NTB,me explicaram,33285,34491,1206
50217,51572,1355,0,GE-Phrase,221,49804,51662,1858
50217,51572,1355,0,NTB,o trabalho dele oferece,50217,51572,1355
62628,63778,1150,0,GE-Phrase,224,62322,63789,1467
62628,63778,1150,0,NTB,cê tiver alguma coisa,62628,63778,1150
63778,65033,1255,0,GE-Phrase,226,64734,66622,1888
63778,65033,1255,0,NTB,você vem pra cá,63778,65033,1255
10765,11888,1123,0,GE-Phrase,205,11709,12745,1036
10765,11888,1123,0,NTB,isso é coisa boa,10765,11888,1123
14587,15964,1377,0,GE-Phrase,207,15828,17061,1233
14587,15964,1377,0,NTB,nesse trabalho novo dela,14587,15964,1377
22557,25674,3117,0,GE-Phrase,209,23133,25933,2800
22557,25674,3117,0,NTB,já o tempo que eu tô fora de casa,22557,25674,3117
26022,27563,1541,0,GE-Phrase,211,27493,29702,2209
26022,27563,1541,0,NTB,também por causa disso,26022,27563,1541
29529,31227,1698,0,NTB,a renda maior da casa,29529,31227,1698
33285,34491,1206,0,GE-Phrase,213,32366,34665,2299
33285,34491,1206,0,NTB,me explicaram,33285,34491,1206
50217,51572,1355,0,GE-Phrase,221,49804,51662,1858
50217,51572,1355,0,NTB,o trabalho dele oferece,50217,51572,1355
62628,63778,1150,0,GE-Phrase,224,62322,63789,1467
62628,63778,1150,0,NTB,cê tiver alguma coisa,62628,63778,1150
63778,65033,1255,0,GE-Phrase,226,64734,66622,1888
63778,65033,1255,0,NTB,você vem pra cá,63778,65033,1255
10765,11888,1123,0,GE-Phrase,205,11709,12745,1036
10765,11888,1123,0,NTB,isso é coisa boa,10765,11888,1123
14587,15964,1377,0,GE-Phrase,207,15828,17061,1233
14587,15964,1377,0,NTB,nesse trabalho novo dela,14587,15964,1377
22557,25674,3117,0,GE-Phrase,209,23133,25933,2800
22557,25674,3117,0,NTB,já o tempo que eu tô fora de casa,22557,25674,3117
26022,27563,1541,0,GE-Phrase,211,27493,29702,2209
26022,27563,1541,0,NTB,também por causa disso,26022,27563,1541
29529,31227,1698,0,NTB,a renda maior da casa,29529,31227,1698
33285,34491,1206,0,GE-Phrase,213,32366,34665,2299
33285,34491,1206,0,NTB,me explicaram,33285,34491,1206
50217,51572,1355,0,GE-Phrase,221,49804,51662,1858
50217,51572,1355,0,NTB,o trabalho dele oferece,50217,51572,1355
62628,63778,1150,0,GE-Phrase,224,62322,63789,1467
62628,63778,1150,0,NTB,cê tiver alguma coisa,62628,63778,1150
63778,65033,1255,0,GE-Phrase,226,64734,66622,1888
63778,65033,1255,0,NTB,você vem pra cá,63778,65033,1255
10765,11888,1123,0,GE-Phrase,205,11709,12745,1036
10765,11888,1123,0,NTB,isso é coisa boa,10765,11888,1123
14587,15964,1377,0,GE-Phrase,207,15828,17061,1233
14587,15964,1377,0,NTB,nesse trabalho novo dela,14587,15964,1377
22557,25674,3117,0,GE-Phrase,209,23133,25933,2800
22557,25674,3117,0,NTB,já o tempo que eu tô fora de casa,22557,25674,3117
26022,27563,1541,0,GE-Phrase,211,27493,29702,2209
26022,27563,1541,0,NTB,também por causa disso,26022,27563,1541
29529,31227,1698,0,NTB,a renda maior da casa,29529,31227,1698
33285,34491,1206,0,GE-Phrase,213,32366,34665,2299
33285,34491,1206,0,NTB,me explicaram,33285,34491,1206
50217,51572,1355,0,GE-Phrase,221,49804,51662,1858
50217,51572,1355,0,NTB,o trabalho dele oferece,50217,51572,1355
62628,63778,1150,0,GE-Phrase,224,62322,63789,1467
62628,63778,1150,0,NTB,cê tiver alguma coisa,62628,63778,1150
63778,65033,1255,0,GE-Phrase,226,64734,66622,1888
63778,65033,1255,0,NTB,você vem pra cá,63778,65033,1255
10765,11888,1123,0,GE-Phrase,205,11709,12745,1036
10765,11888,1123,0,NTB,isso é coisa boa,10765,11888,1123
14587,15964,1377,0,GE-Phrase,207,15828,17061,1233
14587,15964,1377,0,NTB,nesse trabalho novo dela,14587,15964,1377
22557,25674,3117,0,GE-Phrase,209,23133,25933,2800
22557,25674,3117,0,NTB,já o tempo que eu tô fora de casa,22557,25674,3117
26022,27563,1541,0,GE-Phrase,211,27493,29702,2209
26022,27563,1541,0,NTB,também por causa disso,26022,27563,1541
29529,31227,1698,0,NTB,a renda maior da casa,29529,31227,1698
33285,34491,1206,0,GE-Phrase,213,32366,34665,2299
33285,34491,1206,0,NTB,me explicaram,33285,34491,1206
50217,51572,1355,0,GE-Phrase,221,49804,51662,1858
50217,51572,1355,0,NTB,o trabalho dele oferece,50217,51572,1355
62628,63778,1150,0,GE-Phrase,224,62322,63789,1467
62628,63778,1150,0,NTB,cê tiver alguma coisa,62628,63778,1150
63778,65033,1255,0,GE-Phrase,226,64734,66622,1888
63778,65033,1255,0,NTB,você vem pra cá,63778,65033,1255
10765,11888,1123,0,GE-Phrase,205,11709,12745,1036
10765,11888,1123,0,NTB,isso é coisa boa,10765,11888,1123
14587,15964,1377,0,GE-Phrase,207,15828,17061,1233
14587,15964,1377,0,NTB,nesse trabalho novo dela,14587,15964,1377
22557,25674,3117,0,GE-Phrase,209,23133,25933,2800
22557,25674,3117,0,NTB,já o tempo que eu tô fora de casa,22557,25674,3117
26022,27563,1541,0,GE-Phrase,211,27493,29702,2209
26022,27563,1541,0,NTB,também por causa disso,26022,27563,1541
29529,31227,1698,0,NTB,a renda maior da casa,29529,31227,1698
33285,34491,1206,0,GE-Phrase,213,32366,34665,2299
33285,34491,1206,0,NTB,me explicaram,33285,34491,1206
50217,51572,1355,0,GE-Phrase,221,49804,51662,1858
50217,51572,1355,0,NTB,o trabalho dele oferece,50217,51572,1355
62628,63778,1150,0,GE-Phrase,224,62322,63789,1467
62628,63778,1150,0,NTB,cê tiver alguma coisa,62628,63778,1150
63778,65033,1255,0,GE-Phrase,226,64734,66622,1888
63778,65033,1255,0,NTB,você vem pra cá,63778,65033,1255
10765,11888,1123,0,GE-Phrase,205,11709,12745,1036
10765,11888,1123,0,NTB,isso é coisa boa,10765,11888,1123
14587,15964,1377,0,GE-Phrase,207,15828,17061,1233
14587,15964,1377,0,NTB,nesse trabalho novo dela,14587,15964,1377
22557,25674,3117,0,GE-Phrase,209,23133,25933,2800
22557,25674,3117,0,NTB,já o tempo que eu tô fora de casa,22557,25674,3117
26022,27563,1541,0,GE-Phrase,211,27493,29702,2209
26022,27563,1541,0,NTB,também por causa disso,26022,27563,1541
29529,31227,1698,0,NTB,a renda maior da casa,29529,31227,1698
33285,34491,1206,0,GE-Phrase,213,32366,34665,2299
33285,34491,1206,0,NTB,me explicaram,33285,34491,1206
50217,51572,1355,0,GE-Phrase,221,49804,51662,1858
50217,51572,1355,0,NTB,o trabalho dele oferece,50217,51572,1355
62628,63778,1150,0,GE-Phrase,224,62322,63789,1467
62628,63778,1150,0,NTB,cê tiver alguma coisa,62628,63778,1150
63778,65033,1255,0,GE-Phrase,226,64734,66622,1888
63778,65033,1255,0,NTB,você vem pra cá,63778,65033,1255
10765,11888,1123,0,GE-Phrase,205,11709,12745,1036
10765,11888,1123,0,NTB,isso é coisa boa,10765,11888,1123
14587,15964,1377,0,GE-Phrase,207,15828,17061,1233
14587,15964,1377,0,NTB,nesse trabalho novo dela,14587,15964,1377
22557,25674,3117,0,GE-Phrase,209,23133,25933,2800
22557,25674,3117,0,NTB,já o tempo que eu tô fora de casa,22557,25674,3117
26022,27563,1541,0,GE-Phrase,211,27493,29702,2209
26022,27563,1541,0,NTB,também por causa disso,26022,27563,1541
29529,31227,1698,0,NTB,a renda maior da casa,29529,31227,1698
33285,34491,1206,0,GE-Phrase,213,32366,34665,2299
33285,34491,1206,0,NTB,me explicaram,33285,34491,1206
50217,51572,1355,0,GE-Phrase,221,49804,51662,1858
50217,51572,1355,0,NTB,o trabalho dele oferece,50217,51572,1355
62628,63778,1150,0,GE-Phrase,224,62322,63789,1467
62628,63778,1150,0,NTB,cê tiver alguma coisa,62628,63778,1150
63778,65033,1255,0,GE-Phrase,226,64734,66622,1888
63778,65033,1255,0,NTB,você vem pra cá,63778,65033,1255
10765,11888,1123,0,GE-Phrase,205,11709,12745,1036
10765,11888,1123,0,NTB,isso é coisa boa,10765,11888,1123
14587,15964,1377,0,GE-Phrase,207,15828,17061,1233
14587,15964,1377,0,NTB,nesse trabalho novo dela,14587,15964,1377
22557,25674,3117,0,GE-Phrase,209,23133,25933,2800
22557,25674,3117,0,NTB,já o tempo que eu tô fora de casa,22557,25674,3117
26022,27563,1541,0,GE-Phrase,211,27493,29702,2209
26022,27563,1541,0,NTB,também por causa disso,26022,27563,1541
29529,31227,1698,0,NTB,a renda maior da casa,29529,31227,1698
33285,34491,1206,0,GE-Phrase,213,32366,34665,2299
33285,34491,1206,0,NTB,me explicaram,33285,34491,1206
50217,51572,1355,0,GE-Phrase,221,49804,51662,1858
50217,51572,1355,0,NTB,o trabalho dele oferece,50217,51572,1355
62628,63778,1150,0,GE-Phrase,224,62322,63789,1467
62628,63778,1150,0,NTB,cê tiver alguma coisa,62628,63778,1150
63778,65033,1255,0,GE-Phrase,226,64734,66622,1888
63778,65033,1255,0,NTB,você vem pra cá,63778,65033,1255
10765,11888,1123,0,GE-Phrase,205,11709,12745,1036
10765,11888,1123,0,NTB,isso é coisa boa,10765,11888,1123
14587,15964,1377,0,GE-Phrase,207,15828,17061,1233
14587,15964,1377,0,NTB,nesse trabalho novo dela,14587,15964,1377
22557,25674,3117,0,GE-Phrase,209,23133,25933,2800
22557,25674,3117,0,NTB,já o tempo que eu tô fora de casa,22557,25674,3117
26022,27563,1541,0,GE-Phrase,211,27493,29702,2209
26022,27563,1541,0,NTB,também por causa disso,26022,27563,1541
29529,31227,1698,0,NTB,a renda maior da casa,29529,31227,1698
33285,34491,1206,0,GE-Phrase,213,32366,34665,2299
33285,34491,1206,0,NTB,me explicaram,33285,34491,1206
50217,51572,1355,0,GE-Phrase,221,49804,51662,1858
50217,51572,1355,0,NTB,o trabalho dele oferece,50217,51572,1355
62628,63778,1150,0,GE-Phrase,224,62322,63789,1467
62628,63778,1150,0,NTB,cê tiver alguma coisa,62628,63778,1150
63778,65033,1255,0,GE-Phrase,226,64734,66622,1888
63778,65033,1255,0,NTB,você vem pra cá,63778,65033,1255
10765,11888,1123,0,GE-Phrase,205,11709,12745,1036
10765,11888,1123,0,NTB,isso é coisa boa,10765,11888,1123
14587,15964,1377,0,GE-Phrase,207,15828,17061,1233
14587,15964,1377,0,NTB,nesse trabalho novo dela,14587,15964,1377
22557,25674,3117,0,GE-Phrase,209,23133,25933,2800
22557,25674,3117,0,NTB,já o tempo que eu tô fora de casa,22557,25674,3117
26022,27563,1541,0,GE-Phrase,211,27493,29702,2209
26022,27563,1541,0,NTB,também por causa disso,26022,27563,1541
29529,31227,1698,0,NTB,a renda maior da casa,29529,31227,1698
33285,34491,1206,0,GE-Phrase,213,32366,34665,2299
33285,34491,1206,0,NTB,me explicaram,33285,34491,1206
50217,51572,1355,0,GE-Phrase,221,49804,51662,1858
50217,51572,1355,0,NTB,o trabalho dele oferece,50217,51572,1355
62628,63778,1150,0,GE-Phrase,224,62322,63789,1467
62628,63778,1150,0,NTB,cê tiver alguma coisa,62628,63778,1150
63778,65033,1255,0,GE-Phrase,226,64734,66622,1888
63778,65033,1255,0,NTB,você vem pra cá,63778,65033,1255
10765,11888,1123,0,GE-Phrase,205,11709,12745,1036
10765,11888,1123,0,NTB,isso é coisa boa,10765,11888,1123
14587,15964,1377,0,GE-Phrase,207,15828,17061,1233
14587,15964,1377,0,NTB,nesse trabalho novo dela,14587,15964,1377
22557,25674,3117,0,GE-Phrase,209,23133,25933,2800
22557,25674,3117,0,NTB,já o tempo que eu tô fora de casa,22557,25674,3117
26022,27563,1541,0,GE-Phrase,211,27493,29702,2209
26022,27563,1541,0,NTB,também por causa disso,26022,27563,1541
29529,31227,1698,0,NTB,a renda maior da casa,29529,31227,1698
33285,34491,1206,0,GE-Phrase,213,32366,34665,2299
33285,34491,1206,0,NTB,me explicaram,33285,34491,1206
50217,51572,1355,0,GE-Phrase,221,49804,51662,1858
50217,51572,1355,0,NTB,o trabalho dele oferece,50217,51572,1355
62628,63778,1150,0,GE-Phrase,224,62322,63789,1467
62628,63778,1150,0,NTB,cê tiver alguma coisa,62628,63778,1150
63778,65033,1255,0,GE-Phrase,226,64734,66622,1888
63778,65033,1255,0,NTB,você vem pra cá,63778,65033,1255
10765,11888,1123,0,GE-Phrase,205,11709,12745,1036
10765,11888,1123,0,NTB,isso é coisa boa,10765,11888,1123
14587,15964,1377,0,GE-Phrase,207,15828,17061,1233
14587,15964,1377,0,NTB,nesse trabalho novo dela,14587,15964,1377
22557,25674,3117,0,GE-Phrase,209,23133,25933,2800
22557,25674,3117,0,NTB,já o tempo que eu tô fora de casa,22557,25674,3117
26022,27563,1541,0,GE-Phrase,211,27493,29702,2209
26022,27563,1541,0,NTB,também por causa disso,26022,27563,1541
29529,31227,1698,0,NTB,a renda maior da casa,29529,31227,1698
33285,34491,1206,0,GE-Phrase,213,32366,34665,2299
33285,34491,1206,0,NTB,me explicaram,33285,34491,1206
50217,51572,1355,0,GE-Phrase,221,49804,51662,1858
50217,51572,1355,0,NTB,o trabalho dele oferece,50217,51572,1355
62628,63778,1150,0,GE-Phrase,224,62322,63789,1467
62628,63778,1150,0,NTB,cê tiver alguma coisa,62628,63778,1150
63778,65033,1255,0,GE-Phrase,226,64734,66622,1888
63778,65033,1255,0,NTB,você vem pra cá,63778,65033,1255
10765,11888,1123,0,GE-Phrase,205,11709,12745,1036
10765,11888,1123,0,NTB,isso é coisa boa,10765,11888,1123
14587,15964,1377,0,GE-Phrase,207,15828,17061,1233
14587,15964,1377,0,NTB,nesse trabalho novo dela,14587,15964,1377
22557,25674,3117,0,GE-Phrase,209,23133,25933,2800
22557,25674,3117,0,NTB,já o tempo que eu tô fora de casa,22557,25674,3117
26022,27563,1541,0,GE-Phrase,211,27493,29702,2209
26022,27563,1541,0,NTB,também por causa disso,26022,27563,1541
29529,31227,1698,0,NTB,a renda maior da casa,29529,31227,1698
33285,34491,1206,0,GE-Phrase,213,32366,34665,2299
33285,34491,1206,0,NTB,me explicaram,33285,34491,1206
50217,51572,1355,0,GE-Phrase,221,49804,51662,1858
50217,51572,1355,0,NTB,o trabalho dele oferece,50217,51572,1355
62628,63778,1150,0,GE-Phrase,224,62322,63789,1467
62628,63778,1150,0,NTB,cê tiver alguma coisa,62628,63778,1150
63778,65033,1255,0,GE-Phrase,226,64734,66622,1888
63778,65033,1255,0,NTB,você vem pra cá,63778,65033,1255
10765,11888,1123,0,GE-Phrase,205,11709,12745,1036
10765,11888,1123,0,NTB,isso é coisa boa,10765,11888,1123
14587,15964,1377,0,GE-Phrase,207,15828,17061,1233
14587,15964,1377,0,NTB,nesse trabalho novo dela,14587,15964,1377
22557,25674,3117,0,GE-Phrase,209,23133,25933,2800
22557,25674,3117,0,NTB,já o tempo que eu tô fora de casa,22557,25674,3117
26022,27563,1541,0,GE-Phrase,211,27493,29702,2209
26022,27563,1541,0,NTB,também por causa disso,26022,27563,1541
29529,31227,1698,0,NTB,a renda maior da casa,29529,31227,1698
33285,34491,1206,0,GE-Phrase,213,32366,34665,2299
33285,34491,1206,0,NTB,me explicaram,33285,34491,1206
50217,51572,1355,0,GE-Phrase,221,49804,51662,1858
50217,51572,1355,0,NTB,o trabalho dele oferece,50217,51572,1355
62628,63778,1150,0,GE-Phrase,224,62322,63789,1467
62628,63778,1150,0,NTB,cê tiver alguma coisa,62628,63778,1150
63778,65033,1255,0,GE-Phrase,226,64734,66622,1888
63778,65033,1255,0,NTB,você vem pra cá,63778,65033,1255
10765,11888,1123,0,GE-Phrase,205,11709,12745,1036
10765,11888,1123,0,NTB,isso é coisa boa,10765,11888,1123
14587,15964,1377,0,GE-Phrase,207,15828,17061,1233
14587,15964,1377,0,NTB,nesse trabalho novo dela,14587,15964,1377
22557,25674,3117,0,GE-Phrase,209,23133,25933,2800
22557,25674,3117,0,NTB,já o tempo que eu tô fora de casa,22557,25674,3117
26022,27563,1541,0,GE-Phrase,211,27493,29702,2209
26022,27563,1541,0,NTB,também por causa disso,26022,27563,1541
29529,31227,1698,0,NTB,a renda maior da casa,29529,31227,1698
33285,34491,1206,0,GE-Phrase,213,32366,34665,2299
33285,34491,1206,0,NTB,me explicaram,33285,34491,1206
50217,51572,1355,0,GE-Phrase,221,49804,51662,1858
50217,51572,1355,0,NTB,o trabalho dele oferece,50217,51572,1355
62628,63778,1150,0,GE-Phrase,224,62322,63789,1467
62628,63778,1150,0,NTB,cê tiver alguma coisa,62628,63778,1150
63778,65033,1255,0,GE-Phrase,226,64734,66622,1888
63778,65033,1255,0,NTB,você vem pra cá,63778,65033,1255
10765,11888,1123,0,GE-Phrase,205,11709,12745,1036
10765,11888,1123,0,NTB,isso é coisa boa,10765,11888,1123
14587,15964,1377,0,GE-Phrase,207,15828,17061,1233
14587,15964,1377,0,NTB,nesse trabalho novo dela,14587,15964,1377
22557,25674,3117,0,GE-Phrase,209,23133,25933,2800
22557,25674,3117,0,NTB,já o tempo que eu tô fora de casa,22557,25674,3117
26022,27563,1541,0,GE-Phrase,211,27493,29702,2209
26022,27563,1541,0,NTB,também por causa disso,26022,27563,1541
29529,31227,1698,0,NTB,a renda maior da casa,29529,31227,1698
33285,34491,1206,0,GE-Phrase,213,32366,34665,2299
33285,34491,1206,0,NTB,me explicaram,33285,34491,1206
50217,51572,1355,0,GE-Phrase,221,49804,51662,1858
50217,51572,1355,0,NTB,o trabalho dele oferece,50217,51572,1355
62628,63778,1150,0,GE-Phrase,224,62322,63789,1467
62628,63778,1150,0,NTB,cê tiver alguma coisa,62628,63778,1150
63778,65033,1255,0,GE-Phrase,226,64734,66622,1888
63778,65033,1255,0,NTB,você vem pra cá,63778,65033,1255
10765,11888,1123,0,GE-Phrase,205,11709,12745,1036
10765,11888,1123,0,NTB,isso é coisa boa,10765,11888,1123
14587,15964,1377,0,GE-Phrase,207,15828,17061,1233
14587,15964,1377,0,NTB,nesse trabalho novo dela,14587,15964,1377
22557,25674,3117,0,GE-Phrase,209,23133,25933,2800
22557,25674,3117,0,NTB,já o tempo que eu tô fora de casa,22557,25674,3117
26022,27563,1541,0,GE-Phrase,211,27493,29702,2209
26022,27563,1541,0,NTB,também por causa disso,26022,27563,1541
29529,31227,1698,0,NTB,a renda maior da casa,29529,31227,1698
33285,34491,1206,0,GE-Phrase,213,32366,34665,2299
33285,34491,1206,0,NTB,me explicaram,33285,34491,1206
50217,51572,1355,0,GE-Phrase,221,49804,51662,1858
50217,51572,1355,0,NTB,o trabalho dele oferece,50217,51572,1355
62628,63778,1150,0,GE-Phrase,224,62322,63789,1467
62628,63778,1150,0,NTB,cê tiver alguma coisa,62628,63778,1150
63778,65033,1255,0,GE-Phrase,226,64734,66622,1888
63778,65033,1255,0,NTB,você vem pra cá,63778,65033,1255
10765,11888,1123,0,GE-Phrase,205,11709,12745,1036
10765,11888,1123,0,NTB,isso é coisa boa,10765,11888,1123
14587,15964,1377,0,GE-Phrase,207,15828,17061,1233
14587,15964,1377,0,NTB,nesse trabalho novo dela,14587,15964,1377
22557,25674,3117,0,GE-Phrase,209,23133,25933,2800
22557,25674,3117,0,NTB,já o tempo que eu tô fora de casa,22557,25674,3117
26022,27563,1541,0,GE-Phrase,211,27493,29702,2209
26022,27563,1541,0,NTB,também por causa disso,26022,27563,1541
29529,31227,1698,0,NTB,a renda maior da casa,29529,31227,1698
33285,34491,1206,0,GE-Phrase,213,32366,34665,2299
33285,34491,1206,0,NTB,me explicaram,33285,34491,1206
50217,51572,1355,0,GE-Phrase,221,49804,51662,1858
50217,51572,1355,0,NTB,o trabalho dele oferece,50217,51572,1355
62628,63778,1150,0,GE-Phrase,224,62322,63789,1467
62628,63778,1150,0,NTB,cê tiver alguma coisa,62628,63778,1150
63778,65033,1255,0,GE-Phrase,226,64734,66622,1888
63778,65033,1255,0,NTB,você vem pra cá,63778,65033,1255
10765,11888,1123,0,GE-Phrase,205,11709,12745,1036
10765,11888,1123,0,NTB,isso é coisa boa,10765,11888,1123
14587,15964,1377,0,GE-Phrase,207,15828,17061,1233
14587,15964,1377,0,NTB,nesse trabalho novo dela,14587,15964,1377
22557,25674,3117,0,GE-Phrase,209,23133,25933,2800
22557,25674,3117,0,NTB,já o tempo que eu tô fora de casa,22557,25674,3117
26022,27563,1541,0,GE-Phrase,211,27493,29702,2209
26022,27563,1541,0,NTB,também por causa disso,26022,27563,1541
29529,31227,1698,0,NTB,a renda maior da casa,29529,31227,1698
33285,34491,1206,0,GE-Phrase,213,32366,34665,2299
33285,34491,1206,0,NTB,me explicaram,33285,34491,1206
50217,51572,1355,0,GE-Phrase,221,49804,51662,1858
50217,51572,1355,0,NTB,o trabalho dele oferece,50217,51572,1355
62628,63778,1150,0,GE-Phrase,224,62322,63789,1467
62628,63778,1150,0,NTB,cê tiver alguma coisa,62628,63778,1150
63778,65033,1255,0,GE-Phrase,226,64734,66622,1888
63778,65033,1255,0,NTB,você vem pra cá,63778,65033,1255
10765,11888,1123,0,GE-Phrase,205,11709,12745,1036
10765,11888,1123,0,NTB,isso é coisa boa,10765,11888,1123
14587,15964,1377,0,GE-Phrase,207,15828,17061,1233
14587,15964,1377,0,NTB,nesse trabalho novo dela,14587,15964,1377
22557,25674,3117,0,GE-Phrase,209,23133,25933,2800
22557,25674,3117,0,NTB,já o tempo que eu tô fora de casa,22557,25674,3117
26022,27563,1541,0,GE-Phrase,211,27493,29702,2209
26022,27563,1541,0,NTB,também por causa disso,26022,27563,1541
29529,31227,1698,0,NTB,a renda maior da casa,29529,31227,1698
33285,34491,1206,0,GE-Phrase,213,32366,34665,2299
33285,34491,1206,0,NTB,me explicaram,33285,34491,1206
50217,51572,1355,0,GE-Phrase,221,49804,51662,1858
50217,51572,1355,0,NTB,o trabalho dele oferece,50217,51572,1355
62628,63778,1150,0,GE-Phrase,224,62322,63789,1467
62628,63778,1150,0,NTB,cê tiver alguma coisa,62628,63778,1150
63778,65033,1255,0,GE-Phrase,226,64734,66622,1888
63778,65033,1255,0,NTB,você vem pra cá,63778,65033,1255
10765,11888,1123,0,GE-Phrase,205,11709,12745,1036
10765,11888,1123,0,NTB,isso é coisa boa,10765,11888,1123
14587,15964,1377,0,GE-Phrase,207,15828,17061,1233
14587,15964,1377,0,NTB,nesse trabalho novo dela,14587,15964,1377
22557,25674,3117,0,GE-Phrase,209,23133,25933,2800
22557,25674,3117,0,NTB,já o tempo que eu tô fora de casa,22557,25674,3117
26022,27563,1541,0,GE-Phrase,211,27493,29702,2209
26022,27563,1541,0,NTB,também por causa disso,26022,27563,1541
29529,31227,1698,0,NTB,a renda maior da casa,29529,31227,1698
33285,34491,1206,0,GE-Phrase,213,32366,34665,2299
33285,34491,1206,0,NTB,me explicaram,33285,34491,1206
50217,51572,1355,0,GE-Phrase,221,49804,51662,1858
50217,51572,1355,0,NTB,o trabalho dele oferece,50217,51572,1355
62628,63778,1150,0,GE-Phrase,224,62322,63789,1467
62628,63778,1150,0,NTB,cê tiver alguma coisa,62628,63778,1150
63778,65033,1255,0,GE-Phrase,226,64734,66622,1888
63778,65033,1255,0,NTB,você vem pra cá,63778,65033,1255
10765,11888,1123,0,GE-Phrase,205,11709,12745,1036
10765,11888,1123,0,NTB,isso é coisa boa,10765,11888,1123
14587,15964,1377,0,GE-Phrase,207,15828,17061,1233
14587,15964,1377,0,NTB,nesse trabalho novo dela,14587,15964,1377
22557,25674,3117,0,GE-Phrase,209,23133,25933,2800
22557,25674,3117,0,NTB,já o tempo que eu tô fora de casa,22557,25674,3117
26022,27563,1541,0,GE-Phrase,211,27493,29702,2209
26022,27563,1541,0,NTB,também por causa disso,26022,27563,1541
29529,31227,1698,0,NTB,a renda maior da casa,29529,31227,1698
33285,34491,1206,0,GE-Phrase,213,32366,34665,2299
33285,34491,1206,0,NTB,me explicaram,33285,34491,1206
50217,51572,1355,0,GE-Phrase,221,49804,51662,1858
50217,51572,1355,0,NTB,o trabalho dele oferece,50217,51572,1355
62628,63778,1150,0,GE-Phrase,224,62322,63789,1467
62628,63778,1150,0,NTB,cê tiver alguma coisa,62628,63778,1150
63778,65033,1255,0,GE-Phrase,226,64734,66622,1888
63778,65033,1255,0,NTB,você vem pra cá,63778,65033,1255
10765,11888,1123,0,GE-Phrase,205,11709,12745,1036
10765,11888,1123,0,NTB,isso é coisa boa,10765,11888,1123
14587,15964,1377,0,GE-Phrase,207,15828,17061,1233
14587,15964,1377,0,NTB,nesse trabalho novo dela,14587,15964,1377
22557,25674,3117,0,GE-Phrase,209,23133,25933,2800
22557,25674,3117,0,NTB,já o tempo que eu tô fora de casa,22557,25674,3117
26022,27563,1541,0,GE-Phrase,211,27493,29702,2209
26022,27563,1541,0,NTB,também por causa disso,26022,27563,1541
29529,31227,1698,0,NTB,a renda maior da casa,29529,31227,1698
33285,34491,1206,0,GE-Phrase,213,32366,34665,2299
33285,34491,1206,0,NTB,me explicaram,33285,34491,1206
50217,51572,1355,0,GE-Phrase,221,49804,51662,1858
50217,51572,1355,0,NTB,o trabalho dele oferece,50217,51572,1355
62628,63778,1150,0,GE-Phrase,224,62322,63789,1467
62628,63778,1150,0,NTB,cê tiver alguma coisa,62628,63778,1150
63778,65033,1255,0,GE-Phrase,226,64734,66622,1888
63778,65033,1255,0,NTB,você vem pra cá,63778,65033,1255
10765,11888,1123,0,GE-Phrase,205,11709,12745,1036
10765,11888,1123,0,NTB,isso é coisa boa,10765,11888,1123
14587,15964,1377,0,GE-Phrase,207,15828,17061,1233
14587,15964,1377,0,NTB,nesse trabalho novo dela,14587,15964,1377
22557,25674,3117,0,GE-Phrase,209,23133,25933,2800
22557,25674,3117,0,NTB,já o tempo que eu tô fora de casa,22557,25674,3117
26022,27563,1541,0,GE-Phrase,211,27493,29702,2209
26022,27563,1541,0,NTB,também por causa disso,26022,27563,1541
29529,31227,1698,0,NTB,a renda maior da casa,29529,31227,1698
33285,34491,1206,0,GE-Phrase,213,32366,34665,2299
33285,34491,1206,0,NTB,me explicaram,33285,34491,1206
50217,51572,1355,0,GE-Phrase,221,49804,51662,1858
50217,51572,1355,0,NTB,o trabalho dele oferece,50217,51572,1355
62628,63778,1150,0,GE-Phrase,224,62322,63789,1467
62628,63778,1150,0,NTB,cê tiver alguma coisa,62628,63778,1150
63778,65033,1255,0,GE-Phrase,226,64734,66622,1888
63778,65033,1255,0,NTB,você vem pra cá,63778,65033,1255
10765,11888,1123,0,GE-Phrase,205,11709,12745,1036
10765,11888,1123,0,NTB,isso é coisa boa,10765,11888,1123
14587,15964,1377,0,GE-Phrase,207,15828,17061,1233
14587,15964,1377,0,NTB,nesse trabalho novo dela,14587,15964,1377
22557,25674,3117,0,GE-Phrase,209,23133,25933,2800
22557,25674,3117,0,NTB,já o tempo que eu tô fora de casa,22557,25674,3117
26022,27563,1541,0,GE-Phrase,211,27493,29702,2209
26022,27563,1541,0,NTB,também por causa disso,26022,27563,1541
29529,31227,1698,0,NTB,a renda maior da casa,29529,31227,1698
33285,34491,1206,0,GE-Phrase,213,32366,34665,2299
33285,34491,1206,0,NTB,me explicaram,33285,34491,1206
50217,51572,1355,0,GE-Phrase,221,49804,51662,1858
50217,51572,1355,0,NTB,o trabalho dele oferece,50217,51572,1355
62628,63778,1150,0,GE-Phrase,224,62322,63789,1467
62628,63778,1150,0,NTB,cê tiver alguma coisa,62628,63778,1150
63778,65033,1255,0,GE-Phrase,226,64734,66622,1888
63778,65033,1255,0,NTB,você vem pra cá,63778,65033,1255
10765,11888,1123,0,GE-Phrase,205,11709,12745,1036
10765,11888,1123,0,NTB,isso é coisa boa,10765,11888,1123
14587,15964,1377,0,GE-Phrase,207,15828,17061,1233
14587,15964,1377,0,NTB,nesse trabalho novo dela,14587,15964,1377
22557,25674,3117,0,GE-Phrase,209,23133,25933,2800
22557,25674,3117,0,NTB,já o tempo que eu tô fora de casa,22557,25674,3117
26022,27563,1541,0,GE-Phrase,211,27493,29702,2209
26022,27563,1541,0,NTB,também por causa disso,26022,27563,1541
29529,31227,1698,0,NTB,a renda maior da casa,29529,31227,1698
33285,34491,1206,0,GE-Phrase,213,32366,34665,2299
33285,34491,1206,0,NTB,me explicaram,33285,34491,1206
50217,51572,1355,0,GE-Phrase,221,49804,51662,1858
50217,51572,1355,0,NTB,o trabalho dele oferece,50217,51572,1355
62628,63778,1150,0,GE-Phrase,224,62322,63789,1467
62628,63778,1150,0,NTB,cê tiver alguma coisa,62628,63778,1150
63778,65033,1255,0,GE-Phrase,226,64734,66622,1888
63778,65033,1255,0,NTB,você vem pra cá,63778,65033,1255
10765,11888,1123,0,GE-Phrase,205,11709,12745,1036
10765,11888,1123,0,NTB,isso é coisa boa,10765,11888,1123
14587,15964,1377,0,GE-Phrase,207,15828,17061,1233
14587,15964,1377,0,NTB,nesse trabalho novo dela,14587,15964,1377
22557,25674,3117,0,GE-Phrase,209,23133,25933,2800
22557,25674,3117,0,NTB,já o tempo que eu tô fora de casa,22557,25674,3117
26022,27563,1541,0,GE-Phrase,211,27493,29702,2209
26022,27563,1541,0,NTB,também por causa disso,26022,27563,1541
29529,31227,1698,0,NTB,a renda maior da casa,29529,31227,1698
33285,34491,1206,0,GE-Phrase,213,32366,34665,2299
33285,34491,1206,0,NTB,me explicaram,33285,34491,1206
50217,51572,1355,0,GE-Phrase,221,49804,51662,1858
50217,51572,1355,0,NTB,o trabalho dele oferece,50217,51572,1355
62628,63778,1150,0,GE-Phrase,224,62322,63789,1467
62628,63778,1150,0,NTB,cê tiver alguma coisa,62628,63778,1150
63778,65033,1255,0,GE-Phrase,226,64734,66622,1888
63778,65033,1255,0,NTB,você vem pra cá,63778,65033,1255
10765,11888,1123,0,GE-Phrase,205,11709,12745,1036
10765,11888,1123,0,NTB,isso é coisa boa,10765,11888,1123
14587,15964,1377,0,GE-Phrase,207,15828,17061,1233
14587,15964,1377,0,NTB,nesse trabalho novo dela,14587,15964,1377
22557,25674,3117,0,GE-Phrase,209,23133,25933,2800
22557,25674,3117,0,NTB,já o tempo que eu tô fora de casa,22557,25674,3117
26022,27563,1541,0,GE-Phrase,211,27493,29702,2209
26022,27563,1541,0,NTB,também por causa disso,26022,27563,1541
29529,31227,1698,0,NTB,a renda maior da casa,29529,31227,1698
33285,34491,1206,0,GE-Phrase,213,32366,34665,2299
33285,34491,1206,0,NTB,me explicaram,33285,34491,1206
50217,51572,1355,0,GE-Phrase,221,49804,51662,1858
50217,51572,1355,0,NTB,o trabalho dele oferece,50217,51572,1355
62628,63778,1150,0,GE-Phrase,224,62322,63789,1467
62628,63778,1150,0,NTB,cê tiver alguma coisa,62628,63778,1150
63778,65033,1255,0,GE-Phrase,226,64734,66622,1888
63778,65033,1255,0,NTB,você vem pra cá,63778,65033,1255
10765,11888,1123,0,GE-Phrase,205,11709,12745,1036
10765,11888,1123,0,NTB,isso é coisa boa,10765,11888,1123
14587,15964,1377,0,GE-Phrase,207,15828,17061,1233
14587,15964,1377,0,NTB,nesse trabalho novo dela,14587,15964,1377
22557,25674,3117,0,GE-Phrase,209,23133,25933,2800
22557,25674,3117,0,NTB,já o tempo que eu tô fora de casa,22557,25674,3117
26022,27563,1541,0,GE-Phrase,211,27493,29702,2209
26022,27563,1541,0,NTB,também por causa disso,26022,27563,1541
29529,31227,1698,0,NTB,a renda maior da casa,29529,31227,1698
33285,34491,1206,0,GE-Phrase,213,32366,34665,2299
33285,34491,1206,0,NTB,me explicaram,33285,34491,1206
50217,51572,1355,0,GE-Phrase,221,49804,51662,1858
50217,51572,1355,0,NTB,o trabalho dele oferece,50217,51572,1355
62628,63778,1150,0,GE-Phrase,224,62322,63789,1467
62628,63778,1150,0,NTB,cê tiver alguma coisa,62628,63778,1150
63778,65033,1255,0,GE-Phrase,226,64734,66622,1888
63778,65033,1255,0,NTB,você vem pra cá,63778,65033,1255
10765,11888,1123,0,GE-Phrase,205,11709,12745,1036
10765,11888,1123,0,NTB,isso é coisa boa,10765,11888,1123
14587,15964,1377,0,GE-Phrase,207,15828,17061,1233
14587,15964,1377,0,NTB,nesse trabalho novo dela,14587,15964,1377
22557,25674,3117,0,GE-Phrase,209,23133,25933,2800
22557,25674,3117,0,NTB,já o tempo que eu tô fora de casa,22557,25674,3117
26022,27563,1541,0,GE-Phrase,211,27493,29702,2209
26022,27563,1541,0,NTB,também por causa disso,26022,27563,1541
29529,31227,1698,0,NTB,a renda maior da casa,29529,31227,1698
33285,34491,1206,0,GE-Phrase,213,32366,34665,2299
33285,34491,1206,0,NTB,me explicaram,33285,34491,1206
50217,51572,1355,0,GE-Phrase,221,49804,51662,1858
50217,51572,1355,0,NTB,o trabalho dele oferece,50217,51572,1355
62628,63778,1150,0,GE-Phrase,224,62322,63789,1467
62628,63778,1150,0,NTB,cê tiver alguma coisa,62628,63778,1150
63778,65033,1255,0,GE-Phrase,226,64734,66622,1888
63778,65033,1255,0,NTB,você vem pra cá,63778,65033,1255
10765,11888,1123,0,GE-Phrase,205,11709,12745,1036
10765,11888,1123,0,NTB,isso é coisa boa,10765,11888,1123
14587,15964,1377,0,GE-Phrase,207,15828,17061,1233
14587,15964,1377,0,NTB,nesse trabalho novo dela,14587,15964,1377
22557,25674,3117,0,GE-Phrase,209,23133,25933,2800
22557,25674,3117,0,NTB,já o tempo que eu tô fora de casa,22557,25674,3117
26022,27563,1541,0,GE-Phrase,211,27493,29702,2209
26022,27563,1541,0,NTB,também por causa disso,26022,27563,1541
29529,31227,1698,0,NTB,a renda maior da casa,29529,31227,1698
33285,34491,1206,0,GE-Phrase,213,32366,34665,2299
33285,34491,1206,0,NTB,me explicaram,33285,34491,1206
50217,51572,1355,0,GE-Phrase,221,49804,51662,1858
50217,51572,1355,0,NTB,o trabalho dele oferece,50217,51572,1355
62628,63778,1150,0,GE-Phrase,224,62322,63789,1467
62628,63778,1150,0,NTB,cê tiver alguma coisa,62628,63778,1150
63778,65033,1255,0,GE-Phrase,226,64734,66622,1888
63778,65033,1255,0,NTB,você vem pra cá,63778,65033,1255
10765,11888,1123,0,GE-Phrase,205,11709,12745,1036
10765,11888,1123,0,NTB,isso é coisa boa,10765,11888,1123
14587,15964,1377,0,GE-Phrase,207,15828,17061,1233
14587,15964,1377,0,NTB,nesse trabalho novo dela,14587,15964,1377
22557,25674,3117,0,GE-Phrase,209,23133,25933,2800
22557,25674,3117,0,NTB,já o tempo que eu tô fora de casa,22557,25674,3117
26022,27563,1541,0,GE-Phrase,211,27493,29702,2209
26022,27563,1541,0,NTB,também por causa disso,26022,27563,1541
29529,31227,1698,0,NTB,a renda maior da casa,29529,31227,1698
33285,34491,1206,0,GE-Phrase,213,32366,34665,2299
33285,34491,1206,0,NTB,me explicaram,33285,34491,1206
50217,51572,1355,0,GE-Phrase,221,49804,51662,1858
50217,51572,1355,0,NTB,o trabalho dele oferece,50217,51572,1355
62628,63778,1150,0,GE-Phrase,224,62322,63789,1467
62628,63778,1150,0,NTB,cê tiver alguma coisa,62628,63778,1150
63778,65033,1255,0,GE-Phrase,226,64734,66622,1888
63778,65033,1255,0,NTB,você vem pra cá,63778,65033,1255
10765,11888,1123,0,GE-Phrase,205,11709,12745,1036
10765,11888,1123,0,NTB,isso é coisa boa,10765,11888,1123
14587,15964,1377,0,GE-Phrase,207,15828,17061,1233
14587,15964,1377,0,NTB,nesse trabalho novo dela,14587,15964,1377
22557,25674,3117,0,GE-Phrase,209,23133,25933,2800
22557,25674,3117,0,NTB,já o tempo que eu tô fora de casa,22557,25674,3117
26022,27563,1541,0,GE-Phrase,211,27493,29702,2209
26022,27563,1541,0,NTB,também por causa disso,26022,27563,1541
29529,31227,1698,0,NTB,a renda maior da casa,29529,31227,1698
33285,34491,1206,0,GE-Phrase,213,32366,34665,2299
33285,34491,1206,0,NTB,me explicaram,33285,34491,1206
50217,51572,1355,0,GE-Phrase,221,49804,51662,1858
50217,51572,1355,0,NTB,o trabalho dele oferece,50217,51572,1355
62628,63778,1150,0,GE-Phrase,224,62322,63789,1467
62628,63778,1150,0,NTB,cê tiver alguma coisa,62628,63778,1150
63778,65033,1255,0,GE-Phrase,226,64734,66622,1888
63778,65033,1255,0,NTB,você vem pra cá,63778,65033,1255
10765,11888,1123,0,GE-Phrase,205,11709,12745,1036
10765,11888,1123,0,NTB,isso é coisa boa,10765,11888,1123
14587,15964,1377,0,GE-Phrase,207,15828,17061,1233
14587,15964,1377,0,NTB,nesse trabalho novo dela,14587,15964,1377
22557,25674,3117,0,GE-Phrase,209,23133,25933,2800
22557,25674,3117,0,NTB,já o tempo que eu tô fora de casa,22557,25674,3117
26022,27563,1541,0,GE-Phrase,211,27493,29702,2209
26022,27563,1541,0,NTB,também por causa disso,26022,27563,1541
29529,31227,1698,0,NTB,a renda maior da casa,29529,31227,1698
33285,34491,1206,0,GE-Phrase,213,32366,34665,2299
33285,34491,1206,0,NTB,me explicaram,33285,34491,1206
50217,51572,1355,0,GE-Phrase,221,49804,51662,1858
50217,51572,1355,0,NTB,o trabalho dele oferece,50217,51572,1355
62628,63778,1150,0,GE-Phrase,224,62322,63789,1467
62628,63778,1150,0,NTB,cê tiver alguma coisa,62628,63778,1150
63778,65033,1255,0,GE-Phrase,226,64734,66622,1888
63778,65033,1255,0,NTB,você vem pra cá,63778,65033,1255
10765,11888,1123,0,GE-Phrase,205,11709,12745,1036
10765,11888,1123,0,NTB,isso é coisa boa,10765,11888,1123
14587,15964,1377,0,GE-Phrase,207,15828,17061,1233
14587,15964,1377,0,NTB,nesse trabalho novo dela,14587,15964,1377
22557,25674,3117,0,GE-Phrase,209,23133,25933,2800
22557,25674,3117,0,NTB,já o tempo que eu tô fora de casa,22557,25674,3117
26022,27563,1541,0,GE-Phrase,211,27493,29702,2209
26022,27563,1541,0,NTB,também por causa disso,26022,27563,1541
29529,31227,1698,0,NTB,a renda maior da casa,29529,31227,1698
33285,34491,1206,0,GE-Phrase,213,32366,34665,2299
33285,34491,1206,0,NTB,me explicaram,33285,34491,1206
50217,51572,1355,0,GE-Phrase,221,49804,51662,1858
50217,51572,1355,0,NTB,o trabalho dele oferece,50217,51572,1355
62628,63778,1150,0,GE-Phrase,224,62322,63789,1467
62628,63778,1150,0,NTB,cê tiver alguma coisa,62628,63778,1150
63778,65033,1255,0,GE-Phrase,226,64734,66622,1888
63778,65033,1255,0,NTB,você vem pra cá,63778,65033,1255
10765,11888,1123,0,GE-Phrase,205,11709,12745,1036
10765,11888,1123,0,NTB,isso é coisa boa,10765,11888,1123
14587,15964,1377,0,GE-Phrase,207,15828,17061,1233
14587,15964,1377,0,NTB,nesse trabalho novo dela,14587,15964,1377
22557,25674,3117,0,GE-Phrase,209,23133,25933,2800
22557,25674,3117,0,NTB,já o tempo que eu tô fora de casa,22557,25674,3117
26022,27563,1541,0,GE-Phrase,211,27493,29702,2209
26022,27563,1541,0,NTB,também por causa disso,26022,27563,1541
29529,31227,1698,0,NTB,a renda maior da casa,29529,31227,1698
33285,34491,1206,0,GE-Phrase,213,32366,34665,2299
33285,34491,1206,0,NTB,me explicaram,33285,34491,1206
50217,51572,1355,0,GE-Phrase,221,49804,51662,1858
50217,51572,1355,0,NTB,o trabalho dele oferece,50217,51572,1355
62628,63778,1150,0,GE-Phrase,224,62322,63789,1467
62628,63778,1150,0,NTB,cê tiver alguma coisa,62628,63778,1150
63778,65033,1255,0,GE-Phrase,226,64734,66622,1888
63778,65033,1255,0,NTB,você vem pra cá,63778,65033,1255
10765,11888,1123,0,GE-Phrase,205,11709,12745,1036
10765,11888,1123,0,NTB,isso é coisa boa,10765,11888,1123
14587,15964,1377,0,GE-Phrase,207,15828,17061,1233
14587,15964,1377,0,NTB,nesse trabalho novo dela,14587,15964,1377
22557,25674,3117,0,GE-Phrase,209,23133,25933,2800
22557,25674,3117,0,NTB,já o tempo que eu tô fora de casa,22557,25674,3117
26022,27563,1541,0,GE-Phrase,211,27493,29702,2209
26022,27563,1541,0,NTB,também por causa disso,26022,27563,1541
29529,31227,1698,0,NTB,a renda maior da casa,29529,31227,1698
33285,34491,1206,0,GE-Phrase,213,32366,34665,2299
33285,34491,1206,0,NTB,me explicaram,33285,34491,1206
50217,51572,1355,0,GE-Phrase,221,49804,51662,1858
50217,51572,1355,0,NTB,o trabalho dele oferece,50217,51572,1355
62628,63778,1150,0,GE-Phrase,224,62322,63789,1467
62628,63778,1150,0,NTB,cê tiver alguma coisa,62628,63778,1150
63778,65033,1255,0,GE-Phrase,226,64734,66622,1888
63778,65033,1255,0,NTB,você vem pra cá,63778,65033,1255
10765,11888,1123,0,GE-Phrase,205,11709,12745,1036
10765,11888,1123,0,NTB,isso é coisa boa,10765,11888,1123
14587,15964,1377,0,GE-Phrase,207,15828,17061,1233
14587,15964,1377,0,NTB,nesse trabalho novo dela,14587,15964,1377
22557,25674,3117,0,GE-Phrase,209,23133,25933,2800
22557,25674,3117,0,NTB,já o tempo que eu tô fora de casa,22557,25674,3117
26022,27563,1541,0,GE-Phrase,211,27493,29702,2209
26022,27563,1541,0,NTB,também por causa disso,26022,27563,1541
29529,31227,1698,0,NTB,a renda maior da casa,29529,31227,1698
33285,34491,1206,0,GE-Phrase,213,32366,34665,2299
33285,34491,1206,0,NTB,me explicaram,33285,34491,1206
50217,51572,1355,0,GE-Phrase,221,49804,51662,1858
50217,51572,1355,0,NTB,o trabalho dele oferece,50217,51572,1355
62628,63778,1150,0,GE-Phrase,224,62322,63789,1467
62628,63778,1150,0,NTB,cê tiver alguma coisa,62628,63778,1150
63778,65033,1255,0,GE-Phrase,226,64734,66622,1888
63778,65033,1255,0,NTB,você vem pra cá,63778,65033,1255
10765,11888,1123,0,GE-Phrase,205,11709,12745,1036
10765,11888,1123,0,NTB,isso é coisa boa,10765,11888,1123
14587,15964,1377,0,GE-Phrase,207,15828,17061,1233
14587,15964,1377,0,NTB,nesse trabalho novo dela,14587,15964,1377
22557,25674,3117,0,GE-Phrase,209,23133,25933,2800
22557,25674,3117,0,NTB,já o tempo que eu tô fora de casa,22557,25674,3117
26022,27563,1541,0,GE-Phrase,211,27493,29702,2209
26022,27563,1541,0,NTB,também por causa disso,26022,27563,1541
29529,31227,1698,0,NTB,a renda maior da casa,29529,31227,1698
33285,34491,1206,0,GE-Phrase,213,32366,34665,2299
33285,34491,1206,0,NTB,me explicaram,33285,34491,1206
50217,51572,1355,0,GE-Phrase,221,49804,51662,1858
50217,51572,1355,0,NTB,o trabalho dele oferece,50217,51572,1355
62628,63778,1150,0,GE-Phrase,224,62322,63789,1467
62628,63778,1150,0,NTB,cê tiver alguma coisa,62628,63778,1150
63778,65033,1255,0,GE-Phrase,226,64734,66622,1888
63778,65033,1255,0,NTB,você vem pra cá,63778,65033,1255
10765,11888,1123,0,GE-Phrase,205,11709,12745,1036
10765,11888,1123,0,NTB,isso é coisa boa,10765,11888,1123
14587,15964,1377,0,GE-Phrase,207,15828,17061,1233
14587,15964,1377,0,NTB,nesse trabalho novo dela,14587,15964,1377
22557,25674,3117,0,GE-Phrase,209,23133,25933,2800
22557,25674,3117,0,NTB,já o tempo que eu tô fora de casa,22557,25674,3117
26022,27563,1541,0,GE-Phrase,211,27493,29702,2209
26022,27563,1541,0,NTB,também por causa disso,26022,27563,1541
29529,31227,1698,0,NTB,a renda maior da casa,29529,31227,1698
33285,34491,1206,0,GE-Phrase,213,32366,34665,2299
33285,34491,1206,0,NTB,me explicaram,33285,34491,1206
50217,51572,1355,0,GE-Phrase,221,49804,51662,1858
50217,51572,1355,0,NTB,o trabalho dele oferece,50217,51572,1355
62628,63778,1150,0,GE-Phrase,224,62322,63789,1467
62628,63778,1150,0,NTB,cê tiver alguma coisa,62628,63778,1150
63778,65033,1255,0,GE-Phrase,226,64734,66622,1888
63778,65033,1255,0,NTB,você vem pra cá,63778,65033,1255
10765,11888,1123,0,GE-Phrase,205,11709,12745,1036
10765,11888,1123,0,NTB,isso é coisa boa,10765,11888,1123
14587,15964,1377,0,GE-Phrase,207,15828,17061,1233
14587,15964,1377,0,NTB,nesse trabalho novo dela,14587,15964,1377
22557,25674,3117,0,GE-Phrase,209,23133,25933,2800
22557,25674,3117,0,NTB,já o tempo que eu tô fora de casa,22557,25674,3117
26022,27563,1541,0,GE-Phrase,211,27493,29702,2209
26022,27563,1541,0,NTB,também por causa disso,26022,27563,1541
29529,31227,1698,0,NTB,a renda maior da casa,29529,31227,1698
33285,34491,1206,0,GE-Phrase,213,32366,34665,2299
33285,34491,1206,0,NTB,me explicaram,33285,34491,1206
50217,51572,1355,0,GE-Phrase,221,49804,51662,1858
50217,51572,1355,0,NTB,o trabalho dele oferece,50217,51572,1355
62628,63778,1150,0,GE-Phrase,224,62322,63789,1467
62628,63778,1150,0,NTB,cê tiver alguma coisa,62628,63778,1150
63778,65033,1255,0,GE-Phrase,226,64734,66622,1888
63778,65033,1255,0,NTB,você vem pra cá,63778,65033,1255
10765,11888,1123,0,GE-Phrase,205,11709,12745,1036
10765,11888,1123,0,NTB,isso é coisa boa,10765,11888,1123
14587,15964,1377,0,GE-Phrase,207,15828,17061,1233
14587,15964,1377,0,NTB,nesse trabalho novo dela,14587,15964,1377
22557,25674,3117,0,GE-Phrase,209,23133,25933,2800
22557,25674,3117,0,NTB,já o tempo que eu tô fora de casa,22557,25674,3117
26022,27563,1541,0,GE-Phrase,211,27493,29702,2209
26022,27563,1541,0,NTB,também por causa disso,26022,27563,1541
29529,31227,1698,0,NTB,a renda maior da casa,29529,31227,1698
33285,34491,1206,0,GE-Phrase,213,32366,34665,2299
33285,34491,1206,0,NTB,me explicaram,33285,34491,1206
50217,51572,1355,0,GE-Phrase,221,49804,51662,1858
50217,51572,1355,0,NTB,o trabalho dele oferece,50217,51572,1355
62628,63778,1150,0,GE-Phrase,224,62322,63789,1467
62628,63778,1150,0,NTB,cê tiver alguma coisa,62628,63778,1150
63778,65033,1255,0,GE-Phrase,226,64734,66622,1888
63778,65033,1255,0,NTB,você vem pra cá,63778,65033,1255
10765,11888,1123,0,GE-Phrase,205,11709,12745,1036
10765,11888,1123,0,NTB,isso é coisa boa,10765,11888,1123
14587,15964,1377,0,GE-Phrase,207,15828,17061,1233
14587,15964,1377,0,NTB,nesse trabalho novo dela,14587,15964,1377
22557,25674,3117,0,GE-Phrase,209,23133,25933,2800
22557,25674,3117,0,NTB,já o tempo que eu tô fora de casa,22557,25674,3117
26022,27563,1541,0,GE-Phrase,211,27493,29702,2209
26022,27563,1541,0,NTB,também por causa disso,26022,27563,1541
29529,31227,1698,0,NTB,a renda maior da casa,29529,31227,1698
33285,34491,1206,0,GE-Phrase,213,32366,34665,2299
33285,34491,1206,0,NTB,me explicaram,33285,34491,1206
50217,51572,1355,0,GE-Phrase,221,49804,51662,1858
50217,51572,1355,0,NTB,o trabalho dele oferece,50217,51572,1355
62628,63778,1150,0,GE-Phrase,224,62322,63789,1467
62628,63778,1150,0,NTB,cê tiver alguma coisa,62628,63778,1150
63778,65033,1255,0,GE-Phrase,226,64734,66622,1888
63778,65033,1255,0,NTB,você vem pra cá,63778,65033,1255
10765,11888,1123,0,GE-Phrase,205,11709,12745,1036
10765,11888,1123,0,NTB,isso é coisa boa,10765,11888,1123
14587,15964,1377,0,GE-Phrase,207,15828,17061,1233
14587,15964,1377,0,NTB,nesse trabalho novo dela,14587,15964,1377
22557,25674,3117,0,GE-Phrase,209,23133,25933,2800
22557,25674,3117,0,NTB,já o tempo que eu tô fora de casa,22557,25674,3117
26022,27563,1541,0,GE-Phrase,211,27493,29702,2209
26022,27563,1541,0,NTB,também por causa disso,26022,27563,1541
29529,31227,1698,0,NTB,a renda maior da casa,29529,31227,1698
33285,34491,1206,0,GE-Phrase,213,32366,34665,2299
33285,34491,1206,0,NTB,me explicaram,33285,34491,1206
50217,51572,1355,0,GE-Phrase,221,49804,51662,1858
50217,51572,1355,0,NTB,o trabalho dele oferece,50217,51572,1355
62628,63778,1150,0,GE-Phrase,224,62322,63789,1467
62628,63778,1150,0,NTB,cê tiver alguma coisa,62628,63778,1150
63778,65033,1255,0,GE-Phrase,226,64734,66622,1888
63778,65033,1255,0,NTB,você vem pra cá,63778,65033,1255
10765,11888,1123,0,GE-Phrase,205,11709,12745,1036
10765,11888,1123,0,NTB,isso é coisa boa,10765,11888,1123
14587,15964,1377,0,GE-Phrase,207,15828,17061,1233
14587,15964,1377,0,NTB,nesse trabalho novo dela,14587,15964,1377
22557,25674,3117,0,GE-Phrase,209,23133,25933,2800
22557,25674,3117,0,NTB,já o tempo que eu tô fora de casa,22557,25674,3117
26022,27563,1541,0,GE-Phrase,211,27493,29702,2209
26022,27563,1541,0,NTB,também por causa disso,26022,27563,1541
29529,31227,1698,0,NTB,a renda maior da casa,29529,31227,1698
33285,34491,1206,0,GE-Phrase,213,32366,34665,2299
33285,34491,1206,0,NTB,me explicaram,33285,34491,1206
50217,51572,1355,0,GE-Phrase,221,49804,51662,1858
50217,51572,1355,0,NTB,o trabalho dele oferece,50217,51572,1355
62628,63778,1150,0,GE-Phrase,224,62322,63789,1467
62628,63778,1150,0,NTB,cê tiver alguma coisa,62628,63778,1150
63778,65033,1255,0,GE-Phrase,226,64734,66622,1888
63778,65033,1255,0,NTB,você vem pra cá,63778,65033,1255
10765,11888,1123,0,GE-Phrase,205,11709,12745,1036
10765,11888,1123,0,NTB,isso é coisa boa,10765,11888,1123
14587,15964,1377,0,GE-Phrase,207,15828,17061,1233
14587,15964,1377,0,NTB,nesse trabalho novo dela,14587,15964,1377
22557,25674,3117,0,GE-Phrase,209,23133,25933,2800
22557,25674,3117,0,NTB,já o tempo que eu tô fora de casa,22557,25674,3117
26022,27563,1541,0,GE-Phrase,211,27493,29702,2209
26022,27563,1541,0,NTB,também por causa disso,26022,27563,1541
29529,31227,1698,0,NTB,a renda maior da casa,29529,31227,1698
33285,34491,1206,0,GE-Phrase,213,32366,34665,2299
33285,34491,1206,0,NTB,me explicaram,33285,34491,1206
50217,51572,1355,0,GE-Phrase,221,49804,51662,1858
50217,51572,1355,0,NTB,o trabalho dele oferece,50217,51572,1355
62628,63778,1150,0,GE-Phrase,224,62322,63789,1467
62628,63778,1150,0,NTB,cê tiver alguma coisa,62628,63778,1150
63778,65033,1255,0,GE-Phrase,226,64734,66622,1888
63778,65033,1255,0,NTB,você vem pra cá,63778,65033,1255
10765,11888,1123,0,GE-Phrase,205,11709,12745,1036
10765,11888,1123,0,NTB,isso é coisa boa,10765,11888,1123
14587,15964,1377,0,GE-Phrase,207,15828,17061,1233
14587,15964,1377,0,NTB,nesse trabalho novo dela,14587,15964,1377
22557,25674,3117,0,GE-Phrase,209,23133,25933,2800
22557,25674,3117,0,NTB,já o tempo que eu tô fora de casa,22557,25674,3117
26022,27563,1541,0,GE-Phrase,211,27493,29702,2209
26022,27563,1541,0,NTB,também por causa disso,26022,27563,1541
29529,31227,1698,0,NTB,a renda maior da casa,29529,31227,1698
33285,34491,1206,0,GE-Phrase,213,32366,34665,2299
33285,34491,1206,0,NTB,me explicaram,33285,34491,1206
50217,51572,1355,0,GE-Phrase,221,49804,51662,1858
50217,51572,1355,0,NTB,o trabalho dele oferece,50217,51572,1355
62628,63778,1150,0,GE-Phrase,224,62322,63789,1467
62628,63778,1150,0,NTB,cê tiver alguma coisa,62628,63778,1150
63778,65033,1255,0,GE-Phrase,226,64734,66622,1888
63778,65033,1255,0,NTB,você vem pra cá,63778,65033,1255
10765,11888,1123,0,GE-Phrase,205,11709,12745,1036
10765,11888,1123,0,NTB,isso é coisa boa,10765,11888,1123
14587,15964,1377,0,GE-Phrase,207,15828,17061,1233
14587,15964,1377,0,NTB,nesse trabalho novo dela,14587,15964,1377
22557,25674,3117,0,GE-Phrase,209,23133,25933,2800
22557,25674,3117,0,NTB,já o tempo que eu tô fora de casa,22557,25674,3117
26022,27563,1541,0,GE-Phrase,211,27493,29702,2209
26022,27563,1541,0,NTB,também por causa disso,26022,27563,1541
29529,31227,1698,0,NTB,a renda maior da casa,29529,31227,1698
33285,34491,1206,0,GE-Phrase,213,32366,34665,2299
33285,34491,1206,0,NTB,me explicaram,33285,34491,1206
50217,51572,1355,0,GE-Phrase,221,49804,51662,1858
50217,51572,1355,0,NTB,o trabalho dele oferece,50217,51572,1355
62628,63778,1150,0,GE-Phrase,224,62322,63789,1467
62628,63778,1150,0,NTB,cê tiver alguma coisa,62628,63778,1150
63778,65033,1255,0,GE-Phrase,226,64734,66622,1888
63778,65033,1255,0,NTB,você vem pra cá,63778,65033,1255
10765,11888,1123,0,GE-Phrase,205,11709,12745,1036
10765,11888,1123,0,NTB,isso é coisa boa,10765,11888,1123
14587,15964,1377,0,GE-Phrase,207,15828,17061,1233
14587,15964,1377,0,NTB,nesse trabalho novo dela,14587,15964,1377
22557,25674,3117,0,GE-Phrase,209,23133,25933,2800
22557,25674,3117,0,NTB,já o tempo que eu tô fora de casa,22557,25674,3117
26022,27563,1541,0,GE-Phrase,211,27493,29702,2209
26022,27563,1541,0,NTB,também por causa disso,26022,27563,1541
29529,31227,1698,0,NTB,a renda maior da casa,29529,31227,1698
33285,34491,1206,0,GE-Phrase,213,32366,34665,2299
33285,34491,1206,0,NTB,me explicaram,33285,34491,1206
50217,51572,1355,0,GE-Phrase,221,49804,51662,1858
50217,51572,1355,0,NTB,o trabalho dele oferece,50217,51572,1355
62628,63778,1150,0,GE-Phrase,224,62322,63789,1467
62628,63778,1150,0,NTB,cê tiver alguma coisa,62628,63778,1150
63778,65033,1255,0,GE-Phrase,226,64734,66622,1888
63778,65033,1255,0,NTB,você vem pra cá,63778,65033,1255
10765,11888,1123,0,GE-Phrase,205,11709,12745,1036
10765,11888,1123,0,NTB,isso é coisa boa,10765,11888,1123
14587,15964,1377,0,GE-Phrase,207,15828,17061,1233
14587,15964,1377,0,NTB,nesse trabalho novo dela,14587,15964,1377
22557,25674,3117,0,GE-Phrase,209,23133,25933,2800
22557,25674,3117,0,NTB,já o tempo que eu tô fora de casa,22557,25674,3117
26022,27563,1541,0,GE-Phrase,211,27493,29702,2209
26022,27563,1541,0,NTB,também por causa disso,26022,27563,1541
29529,31227,1698,0,NTB,a renda maior da casa,29529,31227,1698
33285,34491,1206,0,GE-Phrase,213,32366,34665,2299
33285,34491,1206,0,NTB,me explicaram,33285,34491,1206
50217,51572,1355,0,GE-Phrase,221,49804,51662,1858
50217,51572,1355,0,NTB,o trabalho dele oferece,50217,51572,1355
62628,63778,1150,0,GE-Phrase,224,62322,63789,1467
62628,63778,1150,0,NTB,cê tiver alguma coisa,62628,63778,1150
63778,65033,1255,0,GE-Phrase,226,64734,66622,1888
63778,65033,1255,0,NTB,você vem pra cá,63778,65033,1255
10765,11888,1123,0,GE-Phrase,205,11709,12745,1036
10765,11888,1123,0,NTB,isso é coisa boa,10765,11888,1123
14587,15964,1377,0,GE-Phrase,207,15828,17061,1233
14587,15964,1377,0,NTB,nesse trabalho novo dela,14587,15964,1377
22557,25674,3117,0,GE-Phrase,209,23133,25933,2800
22557,25674,3117,0,NTB,já o tempo que eu tô fora de casa,22557,25674,3117
26022,27563,1541,0,GE-Phrase,211,27493,29702,2209
26022,27563,1541,0,NTB,também por causa disso,26022,27563,1541
29529,31227,1698,0,NTB,a renda maior da casa,29529,31227,1698
33285,34491,1206,0,GE-Phrase,213,32366,34665,2299
33285,34491,1206,0,NTB,me explicaram,33285,34491,1206
50217,51572,1355,0,GE-Phrase,221,49804,51662,1858
50217,51572,1355,0,NTB,o trabalho dele oferece,50217,51572,1355
62628,63778,1150,0,GE-Phrase,224,62322,63789,1467
62628,63778,1150,0,NTB,cê tiver alguma coisa,62628,63778,1150
63778,65033,1255,0,GE-Phrase,226,64734,66622,1888
63778,65033,1255,0,NTB,você vem pra cá,63778,65033,1255
10765,11888,1123,0,GE-Phrase,205,11709,12745,1036
10765,11888,1123,0,NTB,isso é coisa boa,10765,11888,1123
14587,15964,1377,0,GE-Phrase,207,15828,17061,1233
14587,15964,1377,0,NTB,nesse trabalho novo dela,14587,15964,1377
22557,25674,3117,0,GE-Phrase,209,23133,25933,2800
22557,25674,3117,0,NTB,já o tempo que eu tô fora de casa,22557,25674,3117
26022,27563,1541,0,GE-Phrase,211,27493,29702,2209
26022,27563,1541,0,NTB,também por causa disso,26022,27563,1541
29529,31227,1698,0,NTB,a renda maior da casa,29529,31227,1698
33285,34491,1206,0,GE-Phrase,213,32366,34665,2299
33285,34491,1206,0,NTB,me explicaram,33285,34491,1206
50217,51572,1355,0,GE-Phrase,221,49804,51662,1858
50217,51572,1355,0,NTB,o trabalho dele oferece,50217,51572,1355
62628,63778,1150,0,GE-Phrase,224,62322,63789,1467
62628,63778,1150,0,NTB,cê tiver alguma coisa,62628,63778,1150
63778,65033,1255,0,GE-Phrase,226,64734,66622,1888
63778,65033,1255,0,NTB,você vem pra cá,63778,65033,1255
10765,11888,1123,0,GE-Phrase,205,11709,12745,1036
10765,11888,1123,0,NTB,isso é coisa boa,10765,11888,1123
14587,15964,1377,0,GE-Phrase,207,15828,17061,1233
14587,15964,1377,0,NTB,nesse trabalho novo dela,14587,15964,1377
22557,25674,3117,0,GE-Phrase,209,23133,25933,2800
22557,25674,3117,0,NTB,já o tempo que eu tô fora de casa,22557,25674,3117
26022,27563,1541,0,GE-Phrase,211,27493,29702,2209
26022,27563,1541,0,NTB,também por causa disso,26022,27563,1541
29529,31227,1698,0,NTB,a renda maior da casa,29529,31227,1698
33285,34491,1206,0,GE-Phrase,213,32366,34665,2299
33285,34491,1206,0,NTB,me explicaram,33285,34491,1206
50217,51572,1355,0,GE-Phrase,221,49804,51662,1858
50217,51572,1355,0,NTB,o trabalho dele oferece,50217,51572,1355
62628,63778,1150,0,GE-Phrase,224,62322,63789,1467
62628,63778,1150,0,NTB,cê tiver alguma coisa,62628,63778,1150
63778,65033,1255,0,GE-Phrase,226,64734,66622,1888
63778,65033,1255,0,NTB,você vem pra cá,63778,65033,1255
10765,11888,1123,0,GE-Phrase,205,11709,12745,1036
10765,11888,1123,0,NTB,isso é coisa boa,10765,11888,1123
14587,15964,1377,0,GE-Phrase,207,15828,17061,1233
14587,15964,1377,0,NTB,nesse trabalho novo dela,14587,15964,1377
22557,25674,3117,0,GE-Phrase,209,23133,25933,2800
22557,25674,3117,0,NTB,já o tempo que eu tô fora de casa,22557,25674,3117
26022,27563,1541,0,GE-Phrase,211,27493,29702,2209
26022,27563,1541,0,NTB,também por causa disso,26022,27563,1541
29529,31227,1698,0,NTB,a renda maior da casa,29529,31227,1698
33285,34491,1206,0,GE-Phrase,213,32366,34665,2299
33285,34491,1206,0,NTB,me explicaram,33285,34491,1206
50217,51572,1355,0,GE-Phrase,221,49804,51662,1858
50217,51572,1355,0,NTB,o trabalho dele oferece,50217,51572,1355
62628,63778,1150,0,GE-Phrase,224,62322,63789,1467
62628,63778,1150,0,NTB,cê tiver alguma coisa,62628,63778,1150
63778,65033,1255,0,GE-Phrase,226,64734,66622,1888
63778,65033,1255,0,NTB,você vem pra cá,63778,65033,1255
10765,11888,1123,0,GE-Phrase,205,11709,12745,1036
10765,11888,1123,0,NTB,isso é coisa boa,10765,11888,1123
14587,15964,1377,0,GE-Phrase,207,15828,17061,1233
14587,15964,1377,0,NTB,nesse trabalho novo dela,14587,15964,1377
22557,25674,3117,0,GE-Phrase,209,23133,25933,2800
22557,25674,3117,0,NTB,já o tempo que eu tô fora de casa,22557,25674,3117
26022,27563,1541,0,GE-Phrase,211,27493,29702,2209
26022,27563,1541,0,NTB,também por causa disso,26022,27563,1541
29529,31227,1698,0,NTB,a renda maior da casa,29529,31227,1698
33285,34491,1206,0,GE-Phrase,213,32366,34665,2299
33285,34491,1206,0,NTB,me explicaram,33285,34491,1206
50217,51572,1355,0,GE-Phrase,221,49804,51662,1858
50217,51572,1355,0,NTB,o trabalho dele oferece,50217,51572,1355
62628,63778,1150,0,GE-Phrase,224,62322,63789,1467
62628,63778,1150,0,NTB,cê tiver alguma coisa,62628,63778,1150
63778,65033,1255,0,GE-Phrase,226,64734,66622,1888
63778,65033,1255,0,NTB,você vem pra cá,63778,65033,1255
10765,11888,1123,0,GE-Phrase,205,11709,12745,1036
10765,11888,1123,0,NTB,isso é coisa boa,10765,11888,1123
14587,15964,1377,0,GE-Phrase,207,15828,17061,1233
14587,15964,1377,0,NTB,nesse trabalho novo dela,14587,15964,1377
22557,25674,3117,0,GE-Phrase,209,23133,25933,2800
22557,25674,3117,0,NTB,já o tempo que eu tô fora de casa,22557,25674,3117
26022,27563,1541,0,GE-Phrase,211,27493,29702,2209
26022,27563,1541,0,NTB,também por causa disso,26022,27563,1541
29529,31227,1698,0,NTB,a renda maior da casa,29529,31227,1698
33285,34491,1206,0,GE-Phrase,213,32366,34665,2299
33285,34491,1206,0,NTB,me explicaram,33285,34491,1206
50217,51572,1355,0,GE-Phrase,221,49804,51662,1858
50217,51572,1355,0,NTB,o trabalho dele oferece,50217,51572,1355
62628,63778,1150,0,GE-Phrase,224,62322,63789,1467
62628,63778,1150,0,NTB,cê tiver alguma coisa,62628,63778,1150
63778,65033,1255,0,GE-Phrase,226,64734,66622,1888
63778,65033,1255,0,NTB,você vem pra cá,63778,65033,1255
10765,11888,1123,0,GE-Phrase,205,11709,12745,1036
10765,11888,1123,0,NTB,isso é coisa boa,10765,11888,1123
14587,15964,1377,0,GE-Phrase,207,15828,17061,1233
14587,15964,1377,0,NTB,nesse trabalho novo dela,14587,15964,1377
22557,25674,3117,0,GE-Phrase,209,23133,25933,2800
22557,25674,3117,0,NTB,já o tempo que eu tô fora de casa,22557,25674,3117
26022,27563,1541,0,GE-Phrase,211,27493,29702,2209
26022,27563,1541,0,NTB,também por causa disso,26022,27563,1541
29529,31227,1698,0,NTB,a renda maior da casa,29529,31227,1698
33285,34491,1206,0,GE-Phrase,213,32366,34665,2299
33285,34491,1206,0,NTB,me explicaram,33285,34491,1206
50217,51572,1355,0,GE-Phrase,221,49804,51662,1858
50217,51572,1355,0,NTB,o trabalho dele oferece,50217,51572,1355
62628,63778,1150,0,GE-Phrase,224,62322,63789,1467
62628,63778,1150,0,NTB,cê tiver alguma coisa,62628,63778,1150
63778,65033,1255,0,GE-Phrase,226,64734,66622,1888
63778,65033,1255,0,NTB,você vem pra cá,63778,65033,1255
10765,11888,1123,0,GE-Phrase,205,11709,12745,1036
10765,11888,1123,0,NTB,isso é coisa boa,10765,11888,1123
14587,15964,1377,0,GE-Phrase,207,15828,17061,1233
14587,15964,1377,0,NTB,nesse trabalho novo dela,14587,15964,1377
22557,25674,3117,0,GE-Phrase,209,23133,25933,2800
22557,25674,3117,0,NTB,já o tempo que eu tô fora de casa,22557,25674,3117
26022,27563,1541,0,GE-Phrase,211,27493,29702,2209
26022,27563,1541,0,NTB,também por causa disso,26022,27563,1541
29529,31227,1698,0,NTB,a renda maior da casa,29529,31227,1698
33285,34491,1206,0,GE-Phrase,213,32366,34665,2299
33285,34491,1206,0,NTB,me explicaram,33285,34491,1206
50217,51572,1355,0,GE-Phrase,221,49804,51662,1858
50217,51572,1355,0,NTB,o trabalho dele oferece,50217,51572,1355
62628,63778,1150,0,GE-Phrase,224,62322,63789,1467
62628,63778,1150,0,NTB,cê tiver alguma coisa,62628,63778,1150
63778,65033,1255,0,GE-Phrase,226,64734,66622,1888
63778,65033,1255,0,NTB,você vem pra cá,63778,65033,1255
10765,11888,1123,0,GE-Phrase,205,11709,12745,1036
10765,11888,1123,0,NTB,isso é coisa boa,10765,11888,1123
14587,15964,1377,0,GE-Phrase,207,15828,17061,1233
14587,15964,1377,0,NTB,nesse trabalho novo dela,14587,15964,1377
22557,25674,3117,0,GE-Phrase,209,23133,25933,2800
22557,25674,3117,0,NTB,já o tempo que eu tô fora de casa,22557,25674,3117
26022,27563,1541,0,GE-Phrase,211,27493,29702,2209
26022,27563,1541,0,NTB,também por causa disso,26022,27563,1541
29529,31227,1698,0,NTB,a renda maior da casa,29529,31227,1698
33285,34491,1206,0,GE-Phrase,213,32366,34665,2299
33285,34491,1206,0,NTB,me explicaram,33285,34491,1206
50217,51572,1355,0,GE-Phrase,221,49804,51662,1858
50217,51572,1355,0,NTB,o trabalho dele oferece,50217,51572,1355
62628,63778,1150,0,GE-Phrase,224,62322,63789,1467
62628,63778,1150,0,NTB,cê tiver alguma coisa,62628,63778,1150
63778,65033,1255,0,GE-Phrase,226,64734,66622,1888
63778,65033,1255,0,NTB,você vem pra cá,63778,65033,1255
10765,11888,1123,0,GE-Phrase,205,11709,12745,1036
10765,11888,1123,0,NTB,isso é coisa boa,10765,11888,1123
14587,15964,1377,0,GE-Phrase,207,15828,17061,1233
14587,15964,1377,0,NTB,nesse trabalho novo dela,14587,15964,1377
22557,25674,3117,0,GE-Phrase,209,23133,25933,2800
22557,25674,3117,0,NTB,já o tempo que eu tô fora de casa,22557,25674,3117
26022,27563,1541,0,GE-Phrase,211,27493,29702,2209
26022,27563,1541,0,NTB,também por causa disso,26022,27563,1541
29529,31227,1698,0,NTB,a renda maior da casa,29529,31227,1698
33285,34491,1206,0,GE-Phrase,213,32366,34665,2299
33285,34491,1206,0,NTB,me explicaram,33285,34491,1206
50217,51572,1355,0,GE-Phrase,221,49804,51662,1858
50217,51572,1355,0,NTB,o trabalho dele oferece,50217,51572,1355
62628,63778,1150,0,GE-Phrase,224,62322,63789,1467
62628,63778,1150,0,NTB,cê tiver alguma coisa,62628,63778,1150
63778,65033,1255,0,GE-Phrase,226,64734,66622,1888
63778,65033,1255,0,NTB,você vem pra cá,63778,65033,1255
10765,11888,1123,0,GE-Phrase,205,11709,12745,1036
10765,11888,1123,0,NTB,isso é coisa boa,10765,11888,1123
14587,15964,1377,0,GE-Phrase,207,15828,17061,1233
14587,15964,1377,0,NTB,nesse trabalho novo dela,14587,15964,1377
22557,25674,3117,0,GE-Phrase,209,23133,25933,2800
22557,25674,3117,0,NTB,já o tempo que eu tô fora de casa,22557,25674,3117
26022,27563,1541,0,GE-Phrase,211,27493,29702,2209
26022,27563,1541,0,NTB,também por causa disso,26022,27563,1541
29529,31227,1698,0,NTB,a renda maior da casa,29529,31227,1698
33285,34491,1206,0,GE-Phrase,213,32366,34665,2299
33285,34491,1206,0,NTB,me explicaram,33285,34491,1206
50217,51572,1355,0,GE-Phrase,221,49804,51662,1858
50217,51572,1355,0,NTB,o trabalho dele oferece,50217,51572,1355
62628,63778,1150,0,GE-Phrase,224,62322,63789,1467
62628,63778,1150,0,NTB,cê tiver alguma coisa,62628,63778,1150
63778,65033,1255,0,GE-Phrase,226,64734,66622,1888
63778,65033,1255,0,NTB,você vem pra cá,63778,65033,1255
10765,11888,1123,0,GE-Phrase,205,11709,12745,1036
10765,11888,1123,0,NTB,isso é coisa boa,10765,11888,1123
14587,15964,1377,0,GE-Phrase,207,15828,17061,1233
14587,15964,1377,0,NTB,nesse trabalho novo dela,14587,15964,1377
22557,25674,3117,0,GE-Phrase,209,23133,25933,2800
22557,25674,3117,0,NTB,já o tempo que eu tô fora de casa,22557,25674,3117
26022,27563,1541,0,GE-Phrase,211,27493,29702,2209
26022,27563,1541,0,NTB,também por causa disso,26022,27563,1541
29529,31227,1698,0,NTB,a renda maior da casa,29529,31227,1698
33285,34491,1206,0,GE-Phrase,213,32366,34665,2299
33285,34491,1206,0,NTB,me explicaram,33285,34491,1206
50217,51572,1355,0,GE-Phrase,221,49804,51662,1858
50217,51572,1355,0,NTB,o trabalho dele oferece,50217,51572,1355
62628,63778,1150,0,GE-Phrase,224,62322,63789,1467
62628,63778,1150,0,NTB,cê tiver alguma coisa,62628,63778,1150
63778,65033,1255,0,GE-Phrase,226,64734,66622,1888
63778,65033,1255,0,NTB,você vem pra cá,63778,65033,1255
10765,11888,1123,0,GE-Phrase,205,11709,12745,1036
10765,11888,1123,0,NTB,isso é coisa boa,10765,11888,1123
14587,15964,1377,0,GE-Phrase,207,15828,17061,1233
14587,15964,1377,0,NTB,nesse trabalho novo dela,14587,15964,1377
22557,25674,3117,0,GE-Phrase,209,23133,25933,2800
22557,25674,3117,0,NTB,já o tempo que eu tô fora de casa,22557,25674,3117
26022,27563,1541,0,GE-Phrase,211,27493,29702,2209
26022,27563,1541,0,NTB,também por causa disso,26022,27563,1541
29529,31227,1698,0,NTB,a renda maior da casa,29529,31227,1698
33285,34491,1206,0,GE-Phrase,213,32366,34665,2299
33285,34491,1206,0,NTB,me explicaram,33285,34491,1206
50217,51572,1355,0,GE-Phrase,221,49804,51662,1858
50217,51572,1355,0,NTB,o trabalho dele oferece,50217,51572,1355
62628,63778,1150,0,GE-Phrase,224,62322,63789,1467
62628,63778,1150,0,NTB,cê tiver alguma coisa,62628,63778,1150
63778,65033,1255,0,GE-Phrase,226,64734,66622,1888
63778,65033,1255,0,NTB,você vem pra cá,63778,65033,1255
10765,11888,1123,0,GE-Phrase,205,11709,12745,1036
10765,11888,1123,0,NTB,isso é coisa boa,10765,11888,1123
14587,15964,1377,0,GE-Phrase,207,15828,17061,1233
14587,15964,1377,0,NTB,nesse trabalho novo dela,14587,15964,1377
22557,25674,3117,0,GE-Phrase,209,23133,25933,2800
22557,25674,3117,0,NTB,já o tempo que eu tô fora de casa,22557,25674,3117
26022,27563,1541,0,GE-Phrase,211,27493,29702,2209
26022,27563,1541,0,NTB,também por causa disso,26022,27563,1541
29529,31227,1698,0,NTB,a renda maior da casa,29529,31227,1698
33285,34491,1206,0,GE-Phrase,213,32366,34665,2299
33285,34491,1206,0,NTB,me explicaram,33285,34491,1206
50217,51572,1355,0,GE-Phrase,221,49804,51662,1858
50217,51572,1355,0,NTB,o trabalho dele oferece,50217,51572,1355
62628,63778,1150,0,GE-Phrase,224,62322,63789,1467
62628,63778,1150,0,NTB,cê tiver alguma coisa,62628,63778,1150
63778,65033,1255,0,GE-Phrase,226,64734,66622,1888
63778,65033,1255,0,NTB,você vem pra cá,63778,65033,1255
10765,11888,1123,0,GE-Phrase,205,11709,12745,1036
10765,11888,1123,0,NTB,isso é coisa boa,10765,11888,1123
14587,15964,1377,0,GE-Phrase,207,15828,17061,1233
14587,15964,1377,0,NTB,nesse trabalho novo dela,14587,15964,1377
22557,25674,3117,0,GE-Phrase,209,23133,25933,2800
22557,25674,3117,0,NTB,já o tempo que eu tô fora de casa,22557,25674,3117
26022,27563,1541,0,GE-Phrase,211,27493,29702,2209
26022,27563,1541,0,NTB,também por causa disso,26022,27563,1541
29529,31227,1698,0,NTB,a renda maior da casa,29529,31227,1698
33285,34491,1206,0,GE-Phrase,213,32366,34665,2299
33285,34491,1206,0,NTB,me explicaram,33285,34491,1206
50217,51572,1355,0,GE-Phrase,221,49804,51662,1858
50217,51572,1355,0,NTB,o trabalho dele oferece,50217,51572,1355
62628,63778,1150,0,GE-Phrase,224,62322,63789,1467
62628,63778,1150,0,NTB,cê tiver alguma coisa,62628,63778,1150
63778,65033,1255,0,GE-Phrase,226,64734,66622,1888
63778,65033,1255,0,NTB,você vem pra cá,63778,65033,1255
10765,11888,1123,0,GE-Phrase,205,11709,12745,1036
10765,11888,1123,0,NTB,isso é coisa boa,10765,11888,1123
14587,15964,1377,0,GE-Phrase,207,15828,17061,1233
14587,15964,1377,0,NTB,nesse trabalho novo dela,14587,15964,1377
22557,25674,3117,0,GE-Phrase,209,23133,25933,2800
22557,25674,3117,0,NTB,já o tempo que eu tô fora de casa,22557,25674,3117
26022,27563,1541,0,GE-Phrase,211,27493,29702,2209
26022,27563,1541,0,NTB,também por causa disso,26022,27563,1541
29529,31227,1698,0,NTB,a renda maior da casa,29529,31227,1698
33285,34491,1206,0,GE-Phrase,213,32366,34665,2299
33285,34491,1206,0,NTB,me explicaram,33285,34491,1206
50217,51572,1355,0,GE-Phrase,221,49804,51662,1858
50217,51572,1355,0,NTB,o trabalho dele oferece,50217,51572,1355
62628,63778,1150,0,GE-Phrase,224,62322,63789,1467
62628,63778,1150,0,NTB,cê tiver alguma coisa,62628,63778,1150
63778,65033,1255,0,GE-Phrase,226,64734,66622,1888
63778,65033,1255,0,NTB,você vem pra cá,63778,65033,1255
10765,11888,1123,0,GE-Phrase,205,11709,12745,1036
10765,11888,1123,0,NTB,isso é coisa boa,10765,11888,1123
14587,15964,1377,0,GE-Phrase,207,15828,17061,1233
14587,15964,1377,0,NTB,nesse trabalho novo dela,14587,15964,1377
22557,25674,3117,0,GE-Phrase,209,23133,25933,2800
22557,25674,3117,0,NTB,já o tempo que eu tô fora de casa,22557,25674,3117
26022,27563,1541,0,GE-Phrase,211,27493,29702,2209
26022,27563,1541,0,NTB,também por causa disso,26022,27563,1541
29529,31227,1698,0,NTB,a renda maior da casa,29529,31227,1698
33285,34491,1206,0,GE-Phrase,213,32366,34665,2299
33285,34491,1206,0,NTB,me explicaram,33285,34491,1206
50217,51572,1355,0,GE-Phrase,221,49804,51662,1858
50217,51572,1355,0,NTB,o trabalho dele oferece,50217,51572,1355
62628,63778,1150,0,GE-Phrase,224,62322,63789,1467
62628,63778,1150,0,NTB,cê tiver alguma coisa,62628,63778,1150
63778,65033,1255,0,GE-Phrase,226,64734,66622,1888
63778,65033,1255,0,NTB,você vem pra cá,63778,65033,1255
10765,11888,1123,0,GE-Phrase,205,11709,12745,1036
10765,11888,1123,0,NTB,isso é coisa boa,10765,11888,1123
14587,15964,1377,0,GE-Phrase,207,15828,17061,1233
14587,15964,1377,0,NTB,nesse trabalho novo dela,14587,15964,1377
22557,25674,3117,0,GE-Phrase,209,23133,25933,2800
22557,25674,3117,0,NTB,já o tempo que eu tô fora de casa,22557,25674,3117
26022,27563,1541,0,GE-Phrase,211,27493,29702,2209
26022,27563,1541,0,NTB,também por causa disso,26022,27563,1541
29529,31227,1698,0,NTB,a renda maior da casa,29529,31227,1698
33285,34491,1206,0,GE-Phrase,213,32366,34665,2299
33285,34491,1206,0,NTB,me explicaram,33285,34491,1206
50217,51572,1355,0,GE-Phrase,221,49804,51662,1858
50217,51572,1355,0,NTB,o trabalho dele oferece,50217,51572,1355
62628,63778,1150,0,GE-Phrase,224,62322,63789,1467
62628,63778,1150,0,NTB,cê tiver alguma coisa,62628,63778,1150
63778,65033,1255,0,GE-Phrase,226,64734,66622,1888
63778,65033,1255,0,NTB,você vem pra cá,63778,65033,1255
10765,11888,1123,0,GE-Phrase,205,11709,12745,1036
10765,11888,1123,0,NTB,isso é coisa boa,10765,11888,1123
14587,15964,1377,0,GE-Phrase,207,15828,17061,1233
14587,15964,1377,0,NTB,nesse trabalho novo dela,14587,15964,1377
22557,25674,3117,0,GE-Phrase,209,23133,25933,2800
22557,25674,3117,0,NTB,já o tempo que eu tô fora de casa,22557,25674,3117
26022,27563,1541,0,GE-Phrase,211,27493,29702,2209
26022,27563,1541,0,NTB,também por causa disso,26022,27563,1541
29529,31227,1698,0,NTB,a renda maior da casa,29529,31227,1698
33285,34491,1206,0,GE-Phrase,213,32366,34665,2299
33285,34491,1206,0,NTB,me explicaram,33285,34491,1206
50217,51572,1355,0,GE-Phrase,221,49804,51662,1858
50217,51572,1355,0,NTB,o trabalho dele oferece,50217,51572,1355
62628,63778,1150,0,GE-Phrase,224,62322,63789,1467
62628,63778,1150,0,NTB,cê tiver alguma coisa,62628,63778,1150
63778,65033,1255,0,GE-Phrase,226,64734,66622,1888
63778,65033,1255,0,NTB,você vem pra cá,63778,65033,1255
10765,11888,1123,0,GE-Phrase,205,11709,12745,1036
10765,11888,1123,0,NTB,isso é coisa boa,10765,11888,1123
14587,15964,1377,0,GE-Phrase,207,15828,17061,1233
14587,15964,1377,0,NTB,nesse trabalho novo dela,14587,15964,1377
22557,25674,3117,0,GE-Phrase,209,23133,25933,2800
22557,25674,3117,0,NTB,já o tempo que eu tô fora de casa,22557,25674,3117
26022,27563,1541,0,GE-Phrase,211,27493,29702,2209
26022,27563,1541,0,NTB,também por causa disso,26022,27563,1541
29529,31227,1698,0,NTB,a renda maior da casa,29529,31227,1698
33285,34491,1206,0,GE-Phrase,213,32366,34665,2299
33285,34491,1206,0,NTB,me explicaram,33285,34491,1206
50217,51572,1355,0,GE-Phrase,221,49804,51662,1858
50217,51572,1355,0,NTB,o trabalho dele oferece,50217,51572,1355
62628,63778,1150,0,GE-Phrase,224,62322,63789,1467
62628,63778,1150,0,NTB,cê tiver alguma coisa,62628,63778,1150
63778,65033,1255,0,GE-Phrase,226,64734,66622,1888
63778,65033,1255,0,NTB,você vem pra cá,63778,65033,1255
10765,11888,1123,0,GE-Phrase,205,11709,12745,1036
10765,11888,1123,0,NTB,isso é coisa boa,10765,11888,1123
14587,15964,1377,0,GE-Phrase,207,15828,17061,1233
14587,15964,1377,0,NTB,nesse trabalho novo dela,14587,15964,1377
22557,25674,3117,0,GE-Phrase,209,23133,25933,2800
22557,25674,3117,0,NTB,já o tempo que eu tô fora de casa,22557,25674,3117
26022,27563,1541,0,GE-Phrase,211,27493,29702,2209
26022,27563,1541,0,NTB,também por causa disso,26022,27563,1541
29529,31227,1698,0,NTB,a renda maior da casa,29529,31227,1698
33285,34491,1206,0,GE-Phrase,213,32366,34665,2299
33285,34491,1206,0,NTB,me explicaram,33285,34491,1206
50217,51572,1355,0,GE-Phrase,221,49804,51662,1858
50217,51572,1355,0,NTB,o trabalho dele oferece,50217,51572,1355
62628,63778,1150,0,GE-Phrase,224,62322,63789,1467
62628,63778,1150,0,NTB,cê tiver alguma coisa,62628,63778,1150
63778,65033,1255,0,GE-Phrase,226,64734,66622,1888
63778,65033,1255,0,NTB,você vem pra cá,63778,65033,1255
10765,11888,1123,0,GE-Phrase,205,11709,12745,1036
10765,11888,1123,0,NTB,isso é coisa boa,10765,11888,1123
14587,15964,1377,0,GE-Phrase,207,15828,17061,1233
14587,15964,1377,0,NTB,nesse trabalho novo dela,14587,15964,1377
22557,25674,3117,0,GE-Phrase,209,23133,25933,2800
22557,25674,3117,0,NTB,já o tempo que eu tô fora de casa,22557,25674,3117
26022,27563,1541,0,GE-Phrase,211,27493,29702,2209
26022,27563,1541,0,NTB,também por causa disso,26022,27563,1541
29529,31227,1698,0,NTB,a renda maior da casa,29529,31227,1698
33285,34491,1206,0,GE-Phrase,213,32366,34665,2299
33285,34491,1206,0,NTB,me explicaram,33285,34491,1206
50217,51572,1355,0,GE-Phrase,221,49804,51662,1858
50217,51572,1355,0,NTB,o trabalho dele oferece,50217,51572,1355
62628,63778,1150,0,GE-Phrase,224,62322,63789,1467
62628,63778,1150,0,NTB,cê tiver alguma coisa,62628,63778,1150
63778,65033,1255,0,GE-Phrase,226,64734,66622,1888
63778,65033,1255,0,NTB,você vem pra cá,63778,65033,1255
10765,11888,1123,0,GE-Phrase,205,11709,12745,1036
10765,11888,1123,0,NTB,isso é coisa boa,10765,11888,1123
14587,15964,1377,0,GE-Phrase,207,15828,17061,1233
14587,15964,1377,0,NTB,nesse trabalho novo dela,14587,15964,1377
22557,25674,3117,0,GE-Phrase,209,23133,25933,2800
22557,25674,3117,0,NTB,já o tempo que eu tô fora de casa,22557,25674,3117
26022,27563,1541,0,GE-Phrase,211,27493,29702,2209
26022,27563,1541,0,NTB,também por causa disso,26022,27563,1541
29529,31227,1698,0,NTB,a renda maior da casa,29529,31227,1698
33285,34491,1206,0,GE-Phrase,213,32366,34665,2299
33285,34491,1206,0,NTB,me explicaram,33285,34491,1206
50217,51572,1355,0,GE-Phrase,221,49804,51662,1858
50217,51572,1355,0,NTB,o trabalho dele oferece,50217,51572,1355
62628,63778,1150,0,GE-Phrase,224,62322,63789,1467
62628,63778,1150,0,NTB,cê tiver alguma coisa,62628,63778,1150
63778,65033,1255,0,GE-Phrase,226,64734,66622,1888
63778,65033,1255,0,NTB,você vem pra cá,63778,65033,1255
10765,11888,1123,0,GE-Phrase,205,11709,12745,1036
10765,11888,1123,0,NTB,isso é coisa boa,10765,11888,1123
14587,15964,1377,0,GE-Phrase,207,15828,17061,1233
14587,15964,1377,0,NTB,nesse trabalho novo dela,14587,15964,1377
22557,25674,3117,0,GE-Phrase,209,23133,25933,2800
22557,25674,3117,0,NTB,já o tempo que eu tô fora de casa,22557,25674,3117
26022,27563,1541,0,GE-Phrase,211,27493,29702,2209
26022,27563,1541,0,NTB,também por causa disso,26022,27563,1541
29529,31227,1698,0,NTB,a renda maior da casa,29529,31227,1698
33285,34491,1206,0,GE-Phrase,213,32366,34665,2299
33285,34491,1206,0,NTB,me explicaram,33285,34491,1206
50217,51572,1355,0,GE-Phrase,221,49804,51662,1858
50217,51572,1355,0,NTB,o trabalho dele oferece,50217,51572,1355
62628,63778,1150,0,GE-Phrase,224,62322,63789,1467
62628,63778,1150,0,NTB,cê tiver alguma coisa,62628,63778,1150
63778,65033,1255,0,GE-Phrase,226,64734,66622,1888
63778,65033,1255,0,NTB,você vem pra cá,63778,65033,1255
10765,11888,1123,0,GE-Phrase,205,11709,12745,1036
10765,11888,1123,0,NTB,isso é coisa boa,10765,11888,1123
14587,15964,1377,0,GE-Phrase,207,15828,17061,1233
14587,15964,1377,0,NTB,nesse trabalho novo dela,14587,15964,1377
22557,25674,3117,0,GE-Phrase,209,23133,25933,2800
22557,25674,3117,0,NTB,já o tempo que eu tô fora de casa,22557,25674,3117
26022,27563,1541,0,GE-Phrase,211,27493,29702,2209
26022,27563,1541,0,NTB,também por causa disso,26022,27563,1541
29529,31227,1698,0,NTB,a renda maior da casa,29529,31227,1698
33285,34491,1206,0,GE-Phrase,213,32366,34665,2299
33285,34491,1206,0,NTB,me explicaram,33285,34491,1206
50217,51572,1355,0,GE-Phrase,221,49804,51662,1858
50217,51572,1355,0,NTB,o trabalho dele oferece,50217,51572,1355
62628,63778,1150,0,GE-Phrase,224,62322,63789,1467
62628,63778,1150,0,NTB,cê tiver alguma coisa,62628,63778,1150
63778,65033,1255,0,GE-Phrase,226,64734,66622,1888
63778,65033,1255,0,NTB,você vem pra cá,63778,65033,1255
10765,11888,1123,0,GE-Phrase,205,11709,12745,1036
10765,11888,1123,0,NTB,isso é coisa boa,10765,11888,1123
14587,15964,1377,0,GE-Phrase,207,15828,17061,1233
14587,15964,1377,0,NTB,nesse trabalho novo dela,14587,15964,1377
22557,25674,3117,0,GE-Phrase,209,23133,25933,2800
22557,25674,3117,0,NTB,já o tempo que eu tô fora de casa,22557,25674,3117
26022,27563,1541,0,GE-Phrase,211,27493,29702,2209
26022,27563,1541,0,NTB,também por causa disso,26022,27563,1541
29529,31227,1698,0,NTB,a renda maior da casa,29529,31227,1698
33285,34491,1206,0,GE-Phrase,213,32366,34665,2299
33285,34491,1206,0,NTB,me explicaram,33285,34491,1206
50217,51572,1355,0,GE-Phrase,221,49804,51662,1858
50217,51572,1355,0,NTB,o trabalho dele oferece,50217,51572,1355
62628,63778,1150,0,GE-Phrase,224,62322,63789,1467
62628,63778,1150,0,NTB,cê tiver alguma coisa,62628,63778,1150
63778,65033,1255,0,GE-Phrase,226,64734,66622,1888
63778,65033,1255,0,NTB,você vem pra cá,63778,65033,1255
10765,11888,1123,0,GE-Phrase,205,11709,12745,1036
10765,11888,1123,0,NTB,isso é coisa boa,10765,11888,1123
14587,15964,1377,0,GE-Phrase,207,15828,17061,1233
14587,15964,1377,0,NTB,nesse trabalho novo dela,14587,15964,1377
22557,25674,3117,0,GE-Phrase,209,23133,25933,2800
22557,25674,3117,0,NTB,já o tempo que eu tô fora de casa,22557,25674,3117
26022,27563,1541,0,GE-Phrase,211,27493,29702,2209
26022,27563,1541,0,NTB,também por causa disso,26022,27563,1541
29529,31227,1698,0,NTB,a renda maior da casa,29529,31227,1698
33285,34491,1206,0,GE-Phrase,213,32366,34665,2299
33285,34491,1206,0,NTB,me explicaram,33285,34491,1206
50217,51572,1355,0,GE-Phrase,221,49804,51662,1858
50217,51572,1355,0,NTB,o trabalho dele oferece,50217,51572,1355
62628,63778,1150,0,GE-Phrase,224,62322,63789,1467
62628,63778,1150,0,NTB,cê tiver alguma coisa,62628,63778,1150
63778,65033,1255,0,GE-Phrase,226,64734,66622,1888
63778,65033,1255,0,NTB,você vem pra cá,63778,65033,1255
10765,11888,1123,0,GE-Phrase,205,11709,12745,1036
10765,11888,1123,0,NTB,isso é coisa boa,10765,11888,1123
14587,15964,1377,0,GE-Phrase,207,15828,17061,1233
14587,15964,1377,0,NTB,nesse trabalho novo dela,14587,15964,1377
22557,25674,3117,0,GE-Phrase,209,23133,25933,2800
22557,25674,3117,0,NTB,já o tempo que eu tô fora de casa,22557,25674,3117
26022,27563,1541,0,GE-Phrase,211,27493,29702,2209
26022,27563,1541,0,NTB,também por causa disso,26022,27563,1541
29529,31227,1698,0,NTB,a renda maior da casa,29529,31227,1698
33285,34491,1206,0,GE-Phrase,213,32366,34665,2299
33285,34491,1206,0,NTB,me explicaram,33285,34491,1206
50217,51572,1355,0,GE-Phrase,221,49804,51662,1858
50217,51572,1355,0,NTB,o trabalho dele oferece,50217,51572,1355
62628,63778,1150,0,GE-Phrase,224,62322,63789,1467
62628,63778,1150,0,NTB,cê tiver alguma coisa,62628,63778,1150
63778,65033,1255,0,GE-Phrase,226,64734,66622,1888
63778,65033,1255,0,NTB,você vem pra cá,63778,65033,1255
10765,11888,1123,0,GE-Phrase,205,11709,12745,1036
10765,11888,1123,0,NTB,isso é coisa boa,10765,11888,1123
14587,15964,1377,0,GE-Phrase,207,15828,17061,1233
14587,15964,1377,0,NTB,nesse trabalho novo dela,14587,15964,1377
22557,25674,3117,0,GE-Phrase,209,23133,25933,2800
22557,25674,3117,0,NTB,já o tempo que eu tô fora de casa,22557,25674,3117
26022,27563,1541,0,GE-Phrase,211,27493,29702,2209
26022,27563,1541,0,NTB,também por causa disso,26022,27563,1541
29529,31227,1698,0,NTB,a renda maior da casa,29529,31227,1698
33285,34491,1206,0,GE-Phrase,213,32366,34665,2299
33285,34491,1206,0,NTB,me explicaram,33285,34491,1206
50217,51572,1355,0,GE-Phrase,221,49804,51662,1858
50217,51572,1355,0,NTB,o trabalho dele oferece,50217,51572,1355
62628,63778,1150,0,GE-Phrase,224,62322,63789,1467
62628,63778,1150,0,NTB,cê tiver alguma coisa,62628,63778,1150
63778,65033,1255,0,GE-Phrase,226,64734,66622,1888
63778,65033,1255,0,NTB,você vem pra cá,63778,65033,1255
10765,11888,1123,0,GE-Phrase,205,11709,12745,1036
10765,11888,1123,0,NTB,isso é coisa boa,10765,11888,1123
14587,15964,1377,0,GE-Phrase,207,15828,17061,1233
14587,15964,1377,0,NTB,nesse trabalho novo dela,14587,15964,1377
22557,25674,3117,0,GE-Phrase,209,23133,25933,2800
22557,25674,3117,0,NTB,já o tempo que eu tô fora de casa,22557,25674,3117
26022,27563,1541,0,GE-Phrase,211,27493,29702,2209
26022,27563,1541,0,NTB,também por causa disso,26022,27563,1541
29529,31227,1698,0,NTB,a renda maior da casa,29529,31227,1698
33285,34491,1206,0,GE-Phrase,213,32366,34665,2299
33285,34491,1206,0,NTB,me explicaram,33285,34491,1206
50217,51572,1355,0,GE-Phrase,221,49804,51662,1858
50217,51572,1355,0,NTB,o trabalho dele oferece,50217,51572,1355
62628,63778,1150,0,GE-Phrase,224,62322,63789,1467
62628,63778,1150,0,NTB,cê tiver alguma coisa,62628,63778,1150
63778,65033,1255,0,GE-Phrase,226,64734,66622,1888
63778,65033,1255,0,NTB,você vem pra cá,63778,65033,1255
10765,11888,1123,0,GE-Phrase,205,11709,12745,1036
10765,11888,1123,0,NTB,isso é coisa boa,10765,11888,1123
14587,15964,1377,0,GE-Phrase,207,15828,17061,1233
14587,15964,1377,0,NTB,nesse trabalho novo dela,14587,15964,1377
22557,25674,3117,0,GE-Phrase,209,23133,25933,2800
22557,25674,3117,0,NTB,já o tempo que eu tô fora de casa,22557,25674,3117
26022,27563,1541,0,GE-Phrase,211,27493,29702,2209
26022,27563,1541,0,NTB,também por causa disso,26022,27563,1541
29529,31227,1698,0,NTB,a renda maior da casa,29529,31227,1698
33285,34491,1206,0,GE-Phrase,213,32366,34665,2299
33285,34491,1206,0,NTB,me explicaram,33285,34491,1206
50217,51572,1355,0,GE-Phrase,221,49804,51662,1858
50217,51572,1355,0,NTB,o trabalho dele oferece,50217,51572,1355
62628,63778,1150,0,GE-Phrase,224,62322,63789,1467
62628,63778,1150,0,NTB,cê tiver alguma coisa,62628,63778,1150
63778,65033,1255,0,GE-Phrase,226,64734,66622,1888
63778,65033,1255,0,NTB,você vem pra cá,63778,65033,1255
10765,11888,1123,0,GE-Phrase,205,11709,12745,1036
10765,11888,1123,0,NTB,isso é coisa boa,10765,11888,1123
14587,15964,1377,0,GE-Phrase,207,15828,17061,1233
14587,15964,1377,0,NTB,nesse trabalho novo dela,14587,15964,1377
22557,25674,3117,0,GE-Phrase,209,23133,25933,2800
22557,25674,3117,0,NTB,já o tempo que eu tô fora de casa,22557,25674,3117
26022,27563,1541,0,GE-Phrase,211,27493,29702,2209
26022,27563,1541,0,NTB,também por causa disso,26022,27563,1541
29529,31227,1698,0,NTB,a renda maior da casa,29529,31227,1698
33285,34491,1206,0,GE-Phrase,213,32366,34665,2299
33285,34491,1206,0,NTB,me explicaram,33285,34491,1206
50217,51572,1355,0,GE-Phrase,221,49804,51662,1858
50217,51572,1355,0,NTB,o trabalho dele oferece,50217,51572,1355
62628,63778,1150,0,GE-Phrase,224,62322,63789,1467
62628,63778,1150,0,NTB,cê tiver alguma coisa,62628,63778,1150
63778,65033,1255,0,GE-Phrase,226,64734,66622,1888
63778,65033,1255,0,NTB,você vem pra cá,63778,65033,1255
10765,11888,1123,0,GE-Phrase,205,11709,12745,1036
10765,11888,1123,0,NTB,isso é coisa boa,10765,11888,1123
14587,15964,1377,0,GE-Phrase,207,15828,17061,1233
14587,15964,1377,0,NTB,nesse trabalho novo dela,14587,15964,1377
22557,25674,3117,0,GE-Phrase,209,23133,25933,2800
22557,25674,3117,0,NTB,já o tempo que eu tô fora de casa,22557,25674,3117
26022,27563,1541,0,GE-Phrase,211,27493,29702,2209
26022,27563,1541,0,NTB,também por causa disso,26022,27563,1541
29529,31227,1698,0,NTB,a renda maior da casa,29529,31227,1698
33285,34491,1206,0,GE-Phrase,213,32366,34665,2299
33285,34491,1206,0,NTB,me explicaram,33285,34491,1206
50217,51572,1355,0,GE-Phrase,221,49804,51662,1858
50217,51572,1355,0,NTB,o trabalho dele oferece,50217,51572,1355
62628,63778,1150,0,GE-Phrase,224,62322,63789,1467
62628,63778,1150,0,NTB,cê tiver alguma coisa,62628,63778,1150
63778,65033,1255,0,GE-Phrase,226,64734,66622,1888
63778,65033,1255,0,NTB,você vem pra cá,63778,65033,1255
10765,11888,1123,0,GE-Phrase,205,11709,12745,1036
10765,11888,1123,0,NTB,isso é coisa boa,10765,11888,1123
14587,15964,1377,0,GE-Phrase,207,15828,17061,1233
14587,15964,1377,0,NTB,nesse trabalho novo dela,14587,15964,1377
22557,25674,3117,0,GE-Phrase,209,23133,25933,2800
22557,25674,3117,0,NTB,já o tempo que eu tô fora de casa,22557,25674,3117
26022,27563,1541,0,GE-Phrase,211,27493,29702,2209
26022,27563,1541,0,NTB,também por causa disso,26022,27563,1541
29529,31227,1698,0,NTB,a renda maior da casa,29529,31227,1698
33285,34491,1206,0,GE-Phrase,213,32366,34665,2299
33285,34491,1206,0,NTB,me explicaram,33285,34491,1206
50217,51572,1355,0,GE-Phrase,221,49804,51662,1858
50217,51572,1355,0,NTB,o trabalho dele oferece,50217,51572,1355
62628,63778,1150,0,GE-Phrase,224,62322,63789,1467
62628,63778,1150,0,NTB,cê tiver alguma coisa,62628,63778,1150
63778,65033,1255,0,GE-Phrase,226,64734,66622,1888
63778,65033,1255,0,NTB,você vem pra cá,63778,65033,1255
10765,11888,1123,0,GE-Phrase,205,11709,12745,1036
10765,11888,1123,0,NTB,isso é coisa boa,10765,11888,1123
14587,15964,1377,0,GE-Phrase,207,15828,17061,1233
14587,15964,1377,0,NTB,nesse trabalho novo dela,14587,15964,1377
22557,25674,3117,0,GE-Phrase,209,23133,25933,2800
22557,25674,3117,0,NTB,já o tempo que eu tô fora de casa,22557,25674,3117
26022,27563,1541,0,GE-Phrase,211,27493,29702,2209
26022,27563,1541,0,NTB,também por causa disso,26022,27563,1541
29529,31227,1698,0,NTB,a renda maior da casa,29529,31227,1698
33285,34491,1206,0,GE-Phrase,213,32366,34665,2299
33285,34491,1206,0,NTB,me explicaram,33285,34491,1206
50217,51572,1355,0,GE-Phrase,221,49804,51662,1858
50217,51572,1355,0,NTB,o trabalho dele oferece,50217,51572,1355
62628,63778,1150,0,GE-Phrase,224,62322,63789,1467
62628,63778,1150,0,NTB,cê tiver alguma coisa,62628,63778,1150
63778,65033,1255,0,GE-Phrase,226,64734,66622,1888
63778,65033,1255,0,NTB,você vem pra cá,63778,65033,1255
10765,11888,1123,0,GE-Phrase,205,11709,12745,1036
10765,11888,1123,0,NTB,isso é coisa boa,10765,11888,1123
14587,15964,1377,0,GE-Phrase,207,15828,17061,1233
14587,15964,1377,0,NTB,nesse trabalho novo dela,14587,15964,1377
22557,25674,3117,0,GE-Phrase,209,23133,25933,2800
22557,25674,3117,0,NTB,já o tempo que eu tô fora de casa,22557,25674,3117
26022,27563,1541,0,GE-Phrase,211,27493,29702,2209
26022,27563,1541,0,NTB,também por causa disso,26022,27563,1541
29529,31227,1698,0,NTB,a renda maior da casa,29529,31227,1698
33285,34491,1206,0,GE-Phrase,213,32366,34665,2299
33285,34491,1206,0,NTB,me explicaram,33285,34491,1206
50217,51572,1355,0,GE-Phrase,221,49804,51662,1858
50217,51572,1355,0,NTB,o trabalho dele oferece,50217,51572,1355
62628,63778,1150,0,GE-Phrase,224,62322,63789,1467
62628,63778,1150,0,NTB,cê tiver alguma coisa,62628,63778,1150
63778,65033,1255,0,GE-Phrase,226,64734,66622,1888
63778,65033,1255,0,NTB,você vem pra cá,63778,65033,1255
10765,11888,1123,0,GE-Phrase,205,11709,12745,1036
10765,11888,1123,0,NTB,isso é coisa boa,10765,11888,1123
14587,15964,1377,0,GE-Phrase,207,15828,17061,1233
14587,15964,1377,0,NTB,nesse trabalho novo dela,14587,15964,1377
22557,25674,3117,0,GE-Phrase,209,23133,25933,2800
22557,25674,3117,0,NTB,já o tempo que eu tô fora de casa,22557,25674,3117
26022,27563,1541,0,GE-Phrase,211,27493,29702,2209
26022,27563,1541,0,NTB,também por causa disso,26022,27563,1541
29529,31227,1698,0,NTB,a renda maior da casa,29529,31227,1698
33285,34491,1206,0,GE-Phrase,213,32366,34665,2299
33285,34491,1206,0,NTB,me explicaram,33285,34491,1206
50217,51572,1355,0,GE-Phrase,221,49804,51662,1858
50217,51572,1355,0,NTB,o trabalho dele oferece,50217,51572,1355
62628,63778,1150,0,GE-Phrase,224,62322,63789,1467
62628,63778,1150,0,NTB,cê tiver alguma coisa,62628,63778,1150
63778,65033,1255,0,GE-Phrase,226,64734,66622,1888
63778,65033,1255,0,NTB,você vem pra cá,63778,65033,1255
10765,11888,1123,0,GE-Phrase,205,11709,12745,1036
10765,11888,1123,0,NTB,isso é coisa boa,10765,11888,1123
14587,15964,1377,0,GE-Phrase,207,15828,17061,1233
14587,15964,1377,0,NTB,nesse trabalho novo dela,14587,15964,1377
22557,25674,3117,0,GE-Phrase,209,23133,25933,2800
22557,25674,3117,0,NTB,já o tempo que eu tô fora de casa,22557,25674,3117
26022,27563,1541,0,GE-Phrase,211,27493,29702,2209
26022,27563,1541,0,NTB,também por causa disso,26022,27563,1541
29529,31227,1698,0,NTB,a renda maior da casa,29529,31227,1698
33285,34491,1206,0,GE-Phrase,213,32366,34665,2299
33285,34491,1206,0,NTB,me explicaram,33285,34491,1206
50217,51572,1355,0,GE-Phrase,221,49804,51662,1858
50217,51572,1355,0,NTB,o trabalho dele oferece,50217,51572,1355
62628,63778,1150,0,GE-Phrase,224,62322,63789,1467
62628,63778,1150,0,NTB,cê tiver alguma coisa,62628,63778,1150
63778,65033,1255,0,GE-Phrase,226,64734,66622,1888
63778,65033,1255,0,NTB,você vem pra cá,63778,65033,1255
10765,11888,1123,0,GE-Phrase,205,11709,12745,1036
10765,11888,1123,0,NTB,isso é coisa boa,10765,11888,1123
14587,15964,1377,0,GE-Phrase,207,15828,17061,1233
14587,15964,1377,0,NTB,nesse trabalho novo dela,14587,15964,1377
22557,25674,3117,0,GE-Phrase,209,23133,25933,2800
22557,25674,3117,0,NTB,já o tempo que eu tô fora de casa,22557,25674,3117
26022,27563,1541,0,GE-Phrase,211,27493,29702,2209
26022,27563,1541,0,NTB,também por causa disso,26022,27563,1541
29529,31227,1698,0,NTB,a renda maior da casa,29529,31227,1698
33285,34491,1206,0,GE-Phrase,213,32366,34665,2299
33285,34491,1206,0,NTB,me explicaram,33285,34491,1206
50217,51572,1355,0,GE-Phrase,221,49804,51662,1858
50217,51572,1355,0,NTB,o trabalho dele oferece,50217,51572,1355
62628,63778,1150,0,GE-Phrase,224,62322,63789,1467
62628,63778,1150,0,NTB,cê tiver alguma coisa,62628,63778,1150
63778,65033,1255,0,GE-Phrase,226,64734,66622,1888
63778,65033,1255,0,NTB,você vem pra cá,63778,65033,1255
10765,11888,1123,0,GE-Phrase,205,11709,12745,1036
10765,11888,1123,0,NTB,isso é coisa boa,10765,11888,1123
14587,15964,1377,0,GE-Phrase,207,15828,17061,1233
14587,15964,1377,0,NTB,nesse trabalho novo dela,14587,15964,1377
22557,25674,3117,0,GE-Phrase,209,23133,25933,2800
22557,25674,3117,0,NTB,já o tempo que eu tô fora de casa,22557,25674,3117
26022,27563,1541,0,GE-Phrase,211,27493,29702,2209
26022,27563,1541,0,NTB,também por causa disso,26022,27563,1541
29529,31227,1698,0,NTB,a renda maior da casa,29529,31227,1698
33285,34491,1206,0,GE-Phrase,213,32366,34665,2299
33285,34491,1206,0,NTB,me explicaram,33285,34491,1206
50217,51572,1355,0,GE-Phrase,221,49804,51662,1858
50217,51572,1355,0,NTB,o trabalho dele oferece,50217,51572,1355
62628,63778,1150,0,GE-Phrase,224,62322,63789,1467
62628,63778,1150,0,NTB,cê tiver alguma coisa,62628,63778,1150
63778,65033,1255,0,GE-Phrase,226,64734,66622,1888
63778,65033,1255,0,NTB,você vem pra cá,63778,65033,1255
10765,11888,1123,0,GE-Phrase,205,11709,12745,1036
10765,11888,1123,0,NTB,isso é coisa boa,10765,11888,1123
14587,15964,1377,0,GE-Phrase,207,15828,17061,1233
14587,15964,1377,0,NTB,nesse trabalho novo dela,14587,15964,1377
22557,25674,3117,0,GE-Phrase,209,23133,25933,2800
22557,25674,3117,0,NTB,já o tempo que eu tô fora de casa,22557,25674,3117
26022,27563,1541,0,GE-Phrase,211,27493,29702,2209
26022,27563,1541,0,NTB,também por causa disso,26022,27563,1541
29529,31227,1698,0,NTB,a renda maior da casa,29529,31227,1698
33285,34491,1206,0,GE-Phrase,213,32366,34665,2299
33285,34491,1206,0,NTB,me explicaram,33285,34491,1206
50217,51572,1355,0,GE-Phrase,221,49804,51662,1858
50217,51572,1355,0,NTB,o trabalho dele oferece,50217,51572,1355
62628,63778,1150,0,GE-Phrase,224,62322,63789,1467
62628,63778,1150,0,NTB,cê tiver alguma coisa,62628,63778,1150
63778,65033,1255,0,GE-Phrase,226,64734,66622,1888
63778,65033,1255,0,NTB,você vem pra cá,63778,65033,1255
10765,11888,1123,0,GE-Phrase,205,11709,12745,1036
10765,11888,1123,0,NTB,isso é coisa boa,10765,11888,1123
14587,15964,1377,0,GE-Phrase,207,15828,17061,1233
14587,15964,1377,0,NTB,nesse trabalho novo dela,14587,15964,1377
22557,25674,3117,0,GE-Phrase,209,23133,25933,2800
22557,25674,3117,0,NTB,já o tempo que eu tô fora de casa,22557,25674,3117
26022,27563,1541,0,GE-Phrase,211,27493,29702,2209
26022,27563,1541,0,NTB,também por causa disso,26022,27563,1541
29529,31227,1698,0,NTB,a renda maior da casa,29529,31227,1698
33285,34491,1206,0,GE-Phrase,213,32366,34665,2299
33285,34491,1206,0,NTB,me explicaram,33285,34491,1206
50217,51572,1355,0,GE-Phrase,221,49804,51662,1858
50217,51572,1355,0,NTB,o trabalho dele oferece,50217,51572,1355
62628,63778,1150,0,GE-Phrase,224,62322,63789,1467
62628,63778,1150,0,NTB,cê tiver alguma coisa,62628,63778,1150
63778,65033,1255,0,GE-Phrase,226,64734,66622,1888
63778,65033,1255,0,NTB,você vem pra cá,63778,65033,1255
10765,11888,1123,0,GE-Phrase,205,11709,12745,1036
10765,11888,1123,0,NTB,isso é coisa boa,10765,11888,1123
14587,15964,1377,0,GE-Phrase,207,15828,17061,1233
14587,15964,1377,0,NTB,nesse trabalho novo dela,14587,15964,1377
22557,25674,3117,0,GE-Phrase,209,23133,25933,2800
22557,25674,3117,0,NTB,já o tempo que eu tô fora de casa,22557,25674,3117
26022,27563,1541,0,GE-Phrase,211,27493,29702,2209
26022,27563,1541,0,NTB,também por causa disso,26022,27563,1541
29529,31227,1698,0,NTB,a renda maior da casa,29529,31227,1698
33285,34491,1206,0,GE-Phrase,213,32366,34665,2299
33285,34491,1206,0,NTB,me explicaram,33285,34491,1206
50217,51572,1355,0,GE-Phrase,221,49804,51662,1858
50217,51572,1355,0,NTB,o trabalho dele oferece,50217,51572,1355
62628,63778,1150,0,GE-Phrase,224,62322,63789,1467
62628,63778,1150,0,NTB,cê tiver alguma coisa,62628,63778,1150
63778,65033,1255,0,GE-Phrase,226,64734,66622,1888
63778,65033,1255,0,NTB,você vem pra cá,63778,65033,1255
10765,11888,1123,0,GE-Phrase,205,11709,12745,1036
10765,11888,1123,0,NTB,isso é coisa boa,10765,11888,1123
14587,15964,1377,0,GE-Phrase,207,15828,17061,1233
14587,15964,1377,0,NTB,nesse trabalho novo dela,14587,15964,1377
22557,25674,3117,0,GE-Phrase,209,23133,25933,2800
22557,25674,3117,0,NTB,já o tempo que eu tô fora de casa,22557,25674,3117
26022,27563,1541,0,GE-Phrase,211,27493,29702,2209
26022,27563,1541,0,NTB,também por causa disso,26022,27563,1541
29529,31227,1698,0,NTB,a renda maior da casa,29529,31227,1698
33285,34491,1206,0,GE-Phrase,213,32366,34665,2299
33285,34491,1206,0,NTB,me explicaram,33285,34491,1206
50217,51572,1355,0,GE-Phrase,221,49804,51662,1858
50217,51572,1355,0,NTB,o trabalho dele oferece,50217,51572,1355
62628,63778,1150,0,GE-Phrase,224,62322,63789,1467
62628,63778,1150,0,NTB,cê tiver alguma coisa,62628,63778,1150
63778,65033,1255,0,GE-Phrase,226,64734,66622,1888
63778,65033,1255,0,NTB,você vem pra cá,63778,65033,1255
10765,11888,1123,0,GE-Phrase,205,11709,12745,1036
10765,11888,1123,0,NTB,isso é coisa boa,10765,11888,1123
14587,15964,1377,0,GE-Phrase,207,15828,17061,1233
14587,15964,1377,0,NTB,nesse trabalho novo dela,14587,15964,1377
22557,25674,3117,0,GE-Phrase,209,23133,25933,2800
22557,25674,3117,0,NTB,já o tempo que eu tô fora de casa,22557,25674,3117
26022,27563,1541,0,GE-Phrase,211,27493,29702,2209
26022,27563,1541,0,NTB,também por causa disso,26022,27563,1541
29529,31227,1698,0,NTB,a renda maior da casa,29529,31227,1698
33285,34491,1206,0,GE-Phrase,213,32366,34665,2299
33285,34491,1206,0,NTB,me explicaram,33285,34491,1206
50217,51572,1355,0,GE-Phrase,221,49804,51662,1858
50217,51572,1355,0,NTB,o trabalho dele oferece,50217,51572,1355
62628,63778,1150,0,GE-Phrase,224,62322,63789,1467
62628,63778,1150,0,NTB,cê tiver alguma coisa,62628,63778,1150
63778,65033,1255,0,GE-Phrase,226,64734,66622,1888
63778,65033,1255,0,NTB,você vem pra cá,63778,65033,1255
10765,11888,1123,0,GE-Phrase,205,11709,12745,1036
10765,11888,1123,0,NTB,isso é coisa boa,10765,11888,1123
14587,15964,1377,0,GE-Phrase,207,15828,17061,1233
14587,15964,1377,0,NTB,nesse trabalho novo dela,14587,15964,1377
22557,25674,3117,0,GE-Phrase,209,23133,25933,2800
22557,25674,3117,0,NTB,já o tempo que eu tô fora de casa,22557,25674,3117
26022,27563,1541,0,GE-Phrase,211,27493,29702,2209
26022,27563,1541,0,NTB,também por causa disso,26022,27563,1541
29529,31227,1698,0,NTB,a renda maior da casa,29529,31227,1698
33285,34491,1206,0,GE-Phrase,213,32366,34665,2299
33285,34491,1206,0,NTB,me explicaram,33285,34491,1206
50217,51572,1355,0,GE-Phrase,221,49804,51662,1858
50217,51572,1355,0,NTB,o trabalho dele oferece,50217,51572,1355
62628,63778,1150,0,GE-Phrase,224,62322,63789,1467
62628,63778,1150,0,NTB,cê tiver alguma coisa,62628,63778,1150
63778,65033,1255,0,GE-Phrase,226,64734,66622,1888
63778,65033,1255,0,NTB,você vem pra cá,63778,65033,1255
10765,11888,1123,0,GE-Phrase,205,11709,12745,1036
10765,11888,1123,0,NTB,isso é coisa boa,10765,11888,1123
14587,15964,1377,0,GE-Phrase,207,15828,17061,1233
14587,15964,1377,0,NTB,nesse trabalho novo dela,14587,15964,1377
22557,25674,3117,0,GE-Phrase,209,23133,25933,2800
22557,25674,3117,0,NTB,já o tempo que eu tô fora de casa,22557,25674,3117
26022,27563,1541,0,GE-Phrase,211,27493,29702,2209
26022,27563,1541,0,NTB,também por causa disso,26022,27563,1541
29529,31227,1698,0,NTB,a renda maior da casa,29529,31227,1698
33285,34491,1206,0,GE-Phrase,213,32366,34665,2299
33285,34491,1206,0,NTB,me explicaram,33285,34491,1206
50217,51572,1355,0,GE-Phrase,221,49804,51662,1858
50217,51572,1355,0,NTB,o trabalho dele oferece,50217,51572,1355
62628,63778,1150,0,GE-Phrase,224,62322,63789,1467
62628,63778,1150,0,NTB,cê tiver alguma coisa,62628,63778,1150
63778,65033,1255,0,GE-Phrase,226,64734,66622,1888
63778,65033,1255,0,NTB,você vem pra cá,63778,65033,1255
10765,11888,1123,0,GE-Phrase,205,11709,12745,1036
10765,11888,1123,0,NTB,isso é coisa boa,10765,11888,1123
14587,15964,1377,0,GE-Phrase,207,15828,17061,1233
14587,15964,1377,0,NTB,nesse trabalho novo dela,14587,15964,1377
22557,25674,3117,0,GE-Phrase,209,23133,25933,2800
22557,25674,3117,0,NTB,já o tempo que eu tô fora de casa,22557,25674,3117
26022,27563,1541,0,GE-Phrase,211,27493,29702,2209
26022,27563,1541,0,NTB,também por causa disso,26022,27563,1541
29529,31227,1698,0,NTB,a renda maior da casa,29529,31227,1698
33285,34491,1206,0,GE-Phrase,213,32366,34665,2299
33285,34491,1206,0,NTB,me explicaram,33285,34491,1206
50217,51572,1355,0,GE-Phrase,221,49804,51662,1858
50217,51572,1355,0,NTB,o trabalho dele oferece,50217,51572,1355
62628,63778,1150,0,GE-Phrase,224,62322,63789,1467
62628,63778,1150,0,NTB,cê tiver alguma coisa,62628,63778,1150
63778,65033,1255,0,GE-Phrase,226,64734,66622,1888
63778,65033,1255,0,NTB,você vem pra cá,63778,65033,1255
10765,11888,1123,0,GE-Phrase,205,11709,12745,1036
10765,11888,1123,0,NTB,isso é coisa boa,10765,11888,1123
14587,15964,1377,0,GE-Phrase,207,15828,17061,1233
14587,15964,1377,0,NTB,nesse trabalho novo dela,14587,15964,1377
22557,25674,3117,0,GE-Phrase,209,23133,25933,2800
22557,25674,3117,0,NTB,já o tempo que eu tô fora de casa,22557,25674,3117
26022,27563,1541,0,GE-Phrase,211,27493,29702,2209
26022,27563,1541,0,NTB,também por causa disso,26022,27563,1541
29529,31227,1698,0,NTB,a renda maior da casa,29529,31227,1698
33285,34491,1206,0,GE-Phrase,213,32366,34665,2299
33285,34491,1206,0,NTB,me explicaram,33285,34491,1206
50217,51572,1355,0,GE-Phrase,221,49804,51662,1858
50217,51572,1355,0,NTB,o trabalho dele oferece,50217,51572,1355
62628,63778,1150,0,GE-Phrase,224,62322,63789,1467
62628,63778,1150,0,NTB,cê tiver alguma coisa,62628,63778,1150
63778,65033,1255,0,GE-Phrase,226,64734,66622,1888
63778,65033,1255,0,NTB,você vem pra cá,63778,65033,1255
10765,11888,1123,0,GE-Phrase,205,11709,12745,1036
10765,11888,1123,0,NTB,isso é coisa boa,10765,11888,1123
14587,15964,1377,0,GE-Phrase,207,15828,17061,1233
14587,15964,1377,0,NTB,nesse trabalho novo dela,14587,15964,1377
22557,25674,3117,0,GE-Phrase,209,23133,25933,2800
22557,25674,3117,0,NTB,já o tempo que eu tô fora de casa,22557,25674,3117
26022,27563,1541,0,GE-Phrase,211,27493,29702,2209
26022,27563,1541,0,NTB,também por causa disso,26022,27563,1541
29529,31227,1698,0,NTB,a renda maior da casa,29529,31227,1698
33285,34491,1206,0,GE-Phrase,213,32366,34665,2299
33285,34491,1206,0,NTB,me explicaram,33285,34491,1206
50217,51572,1355,0,GE-Phrase,221,49804,51662,1858
50217,51572,1355,0,NTB,o trabalho dele oferece,50217,51572,1355
62628,63778,1150,0,GE-Phrase,224,62322,63789,1467
62628,63778,1150,0,NTB,cê tiver alguma coisa,62628,63778,1150
63778,65033,1255,0,GE-Phrase,226,64734,66622,1888
63778,65033,1255,0,NTB,você vem pra cá,63778,65033,1255
10765,11888,1123,0,GE-Phrase,205,11709,12745,1036
10765,11888,1123,0,NTB,isso é coisa boa,10765,11888,1123
14587,15964,1377,0,GE-Phrase,207,15828,17061,1233
14587,15964,1377,0,NTB,nesse trabalho novo dela,14587,15964,1377
22557,25674,3117,0,GE-Phrase,209,23133,25933,2800
22557,25674,3117,0,NTB,já o tempo que eu tô fora de casa,22557,25674,3117
26022,27563,1541,0,GE-Phrase,211,27493,29702,2209
26022,27563,1541,0,NTB,também por causa disso,26022,27563,1541
29529,31227,1698,0,NTB,a renda maior da casa,29529,31227,1698
33285,34491,1206,0,GE-Phrase,213,32366,34665,2299
33285,34491,1206,0,NTB,me explicaram,33285,34491,1206
50217,51572,1355,0,GE-Phrase,221,49804,51662,1858
50217,51572,1355,0,NTB,o trabalho dele oferece,50217,51572,1355
62628,63778,1150,0,GE-Phrase,224,62322,63789,1467
62628,63778,1150,0,NTB,cê tiver alguma coisa,62628,63778,1150
63778,65033,1255,0,GE-Phrase,226,64734,66622,1888
63778,65033,1255,0,NTB,você vem pra cá,63778,65033,1255
10765,11888,1123,0,GE-Phrase,205,11709,12745,1036
10765,11888,1123,0,NTB,isso é coisa boa,10765,11888,1123
14587,15964,1377,0,GE-Phrase,207,15828,17061,1233
14587,15964,1377,0,NTB,nesse trabalho novo dela,14587,15964,1377
22557,25674,3117,0,GE-Phrase,209,23133,25933,2800
22557,25674,3117,0,NTB,já o tempo que eu tô fora de casa,22557,25674,3117
26022,27563,1541,0,GE-Phrase,211,27493,29702,2209
26022,27563,1541,0,NTB,também por causa disso,26022,27563,1541
29529,31227,1698,0,NTB,a renda maior da casa,29529,31227,1698
33285,34491,1206,0,GE-Phrase,213,32366,34665,2299
33285,34491,1206,0,NTB,me explicaram,33285,34491,1206
50217,51572,1355,0,GE-Phrase,221,49804,51662,1858
50217,51572,1355,0,NTB,o trabalho dele oferece,50217,51572,1355
62628,63778,1150,0,GE-Phrase,224,62322,63789,1467
62628,63778,1150,0,NTB,cê tiver alguma coisa,62628,63778,1150
63778,65033,1255,0,GE-Phrase,226,64734,66622,1888
63778,65033,1255,0,NTB,você vem pra cá,63778,65033,1255
10765,11888,1123,0,GE-Phrase,205,11709,12745,1036
10765,11888,1123,0,NTB,isso é coisa boa,10765,11888,1123
14587,15964,1377,0,GE-Phrase,207,15828,17061,1233
14587,15964,1377,0,NTB,nesse trabalho novo dela,14587,15964,1377
22557,25674,3117,0,GE-Phrase,209,23133,25933,2800
22557,25674,3117,0,NTB,já o tempo que eu tô fora de casa,22557,25674,3117
26022,27563,1541,0,GE-Phrase,211,27493,29702,2209
26022,27563,1541,0,NTB,também por causa disso,26022,27563,1541
29529,31227,1698,0,NTB,a renda maior da casa,29529,31227,1698
33285,34491,1206,0,GE-Phrase,213,32366,34665,2299
33285,34491,1206,0,NTB,me explicaram,33285,34491,1206
50217,51572,1355,0,GE-Phrase,221,49804,51662,1858
50217,51572,1355,0,NTB,o trabalho dele oferece,50217,51572,1355
62628,63778,1150,0,GE-Phrase,224,62322,63789,1467
62628,63778,1150,0,NTB,cê tiver alguma coisa,62628,63778,1150
63778,65033,1255,0,GE-Phrase,226,64734,66622,1888
63778,65033,1255,0,NTB,você vem pra cá,63778,65033,1255
10765,11888,1123,0,GE-Phrase,205,11709,12745,1036
10765,11888,1123,0,NTB,isso é coisa boa,10765,11888,1123
14587,15964,1377,0,GE-Phrase,207,15828,17061,1233
14587,15964,1377,0,NTB,nesse trabalho novo dela,14587,15964,1377
22557,25674,3117,0,GE-Phrase,209,23133,25933,2800
22557,25674,3117,0,NTB,já o tempo que eu tô fora de casa,22557,25674,3117
26022,27563,1541,0,GE-Phrase,211,27493,29702,2209
26022,27563,1541,0,NTB,também por causa disso,26022,27563,1541
29529,31227,1698,0,NTB,a renda maior da casa,29529,31227,1698
33285,34491,1206,0,GE-Phrase,213,32366,34665,2299
33285,34491,1206,0,NTB,me explicaram,33285,34491,1206
50217,51572,1355,0,GE-Phrase,221,49804,51662,1858
50217,51572,1355,0,NTB,o trabalho dele oferece,50217,51572,1355
62628,63778,1150,0,GE-Phrase,224,62322,63789,1467
62628,63778,1150,0,NTB,cê tiver alguma coisa,62628,63778,1150
63778,65033,1255,0,GE-Phrase,226,64734,66622,1888
63778,65033,1255,0,NTB,você vem pra cá,63778,65033,1255
10765,11888,1123,0,GE-Phrase,205,11709,12745,1036
10765,11888,1123,0,NTB,isso é coisa boa,10765,11888,1123
14587,15964,1377,0,GE-Phrase,207,15828,17061,1233
14587,15964,1377,0,NTB,nesse trabalho novo dela,14587,15964,1377
22557,25674,3117,0,GE-Phrase,209,23133,25933,2800
22557,25674,3117,0,NTB,já o tempo que eu tô fora de casa,22557,25674,3117
26022,27563,1541,0,GE-Phrase,211,27493,29702,2209
26022,27563,1541,0,NTB,também por causa disso,26022,27563,1541
29529,31227,1698,0,NTB,a renda maior da casa,29529,31227,1698
33285,34491,1206,0,GE-Phrase,213,32366,34665,2299
33285,34491,1206,0,NTB,me explicaram,33285,34491,1206
50217,51572,1355,0,GE-Phrase,221,49804,51662,1858
50217,51572,1355,0,NTB,o trabalho dele oferece,50217,51572,1355
62628,63778,1150,0,GE-Phrase,224,62322,63789,1467
62628,63778,1150,0,NTB,cê tiver alguma coisa,62628,63778,1150
63778,65033,1255,0,GE-Phrase,226,64734,66622,1888
63778,65033,1255,0,NTB,você vem pra cá,63778,65033,1255
10765,11888,1123,0,GE-Phrase,205,11709,12745,1036
10765,11888,1123,0,NTB,isso é coisa boa,10765,11888,1123
14587,15964,1377,0,GE-Phrase,207,15828,17061,1233
14587,15964,1377,0,NTB,nesse trabalho novo dela,14587,15964,1377
22557,25674,3117,0,GE-Phrase,209,23133,25933,2800
22557,25674,3117,0,NTB,já o tempo que eu tô fora de casa,22557,25674,3117
26022,27563,1541,0,GE-Phrase,211,27493,29702,2209
26022,27563,1541,0,NTB,também por causa disso,26022,27563,1541
29529,31227,1698,0,NTB,a renda maior da casa,29529,31227,1698
33285,34491,1206,0,GE-Phrase,213,32366,34665,2299
33285,34491,1206,0,NTB,me explicaram,33285,34491,1206
50217,51572,1355,0,GE-Phrase,221,49804,51662,1858
50217,51572,1355,0,NTB,o trabalho dele oferece,50217,51572,1355
62628,63778,1150,0,GE-Phrase,224,62322,63789,1467
62628,63778,1150,0,NTB,cê tiver alguma coisa,62628,63778,1150
63778,65033,1255,0,GE-Phrase,226,64734,66622,1888
63778,65033,1255,0,NTB,você vem pra cá,63778,65033,1255
10765,11888,1123,0,GE-Phrase,205,11709,12745,1036
10765,11888,1123,0,NTB,isso é coisa boa,10765,11888,1123
14587,15964,1377,0,GE-Phrase,207,15828,17061,1233
14587,15964,1377,0,NTB,nesse trabalho novo dela,14587,15964,1377
22557,25674,3117,0,GE-Phrase,209,23133,25933,2800
22557,25674,3117,0,NTB,já o tempo que eu tô fora de casa,22557,25674,3117
26022,27563,1541,0,GE-Phrase,211,27493,29702,2209
26022,27563,1541,0,NTB,também por causa disso,26022,27563,1541
29529,31227,1698,0,NTB,a renda maior da casa,29529,31227,1698
33285,34491,1206,0,GE-Phrase,213,32366,34665,2299
33285,34491,1206,0,NTB,me explicaram,33285,34491,1206
50217,51572,1355,0,GE-Phrase,221,49804,51662,1858
50217,51572,1355,0,NTB,o trabalho dele oferece,50217,51572,1355
62628,63778,1150,0,GE-Phrase,224,62322,63789,1467
62628,63778,1150,0,NTB,cê tiver alguma coisa,62628,63778,1150
63778,65033,1255,0,GE-Phrase,226,64734,66622,1888
63778,65033,1255,0,NTB,você vem pra cá,63778,65033,1255
10765,11888,1123,0,GE-Phrase,205,11709,12745,1036
10765,11888,1123,0,NTB,isso é coisa boa,10765,11888,1123
14587,15964,1377,0,GE-Phrase,207,15828,17061,1233
14587,15964,1377,0,NTB,nesse trabalho novo dela,14587,15964,1377
22557,25674,3117,0,GE-Phrase,209,23133,25933,2800
22557,25674,3117,0,NTB,já o tempo que eu tô fora de casa,22557,25674,3117
26022,27563,1541,0,GE-Phrase,211,27493,29702,2209
26022,27563,1541,0,NTB,também por causa disso,26022,27563,1541
29529,31227,1698,0,NTB,a renda maior da casa,29529,31227,1698
33285,34491,1206,0,GE-Phrase,213,32366,34665,2299
33285,34491,1206,0,NTB,me explicaram,33285,34491,1206
50217,51572,1355,0,GE-Phrase,221,49804,51662,1858
50217,51572,1355,0,NTB,o trabalho dele oferece,50217,51572,1355
62628,63778,1150,0,GE-Phrase,224,62322,63789,1467
62628,63778,1150,0,NTB,cê tiver alguma coisa,62628,63778,1150
63778,65033,1255,0,GE-Phrase,226,64734,66622,1888
63778,65033,1255,0,NTB,você vem pra cá,63778,65033,1255
10765,11888,1123,0,GE-Phrase,205,11709,12745,1036
10765,11888,1123,0,NTB,isso é coisa boa,10765,11888,1123
14587,15964,1377,0,GE-Phrase,207,15828,17061,1233
14587,15964,1377,0,NTB,nesse trabalho novo dela,14587,15964,1377
22557,25674,3117,0,GE-Phrase,209,23133,25933,2800
22557,25674,3117,0,NTB,já o tempo que eu tô fora de casa,22557,25674,3117
26022,27563,1541,0,GE-Phrase,211,27493,29702,2209
26022,27563,1541,0,NTB,também por causa disso,26022,27563,1541
29529,31227,1698,0,NTB,a renda maior da casa,29529,31227,1698
33285,34491,1206,0,GE-Phrase,213,32366,34665,2299
33285,34491,1206,0,NTB,me explicaram,33285,34491,1206
50217,51572,1355,0,GE-Phrase,221,49804,51662,1858
50217,51572,1355,0,NTB,o trabalho dele oferece,50217,51572,1355
62628,63778,1150,0,GE-Phrase,224,62322,63789,1467
62628,63778,1150,0,NTB,cê tiver alguma coisa,62628,63778,1150
63778,65033,1255,0,GE-Phrase,226,64734,66622,1888
63778,65033,1255,0,NTB,você vem pra cá,63778,65033,1255
10765,11888,1123,0,GE-Phrase,205,11709,12745,1036
10765,11888,1123,0,NTB,isso é coisa boa,10765,11888,1123
14587,15964,1377,0,GE-Phrase,207,15828,17061,1233
14587,15964,1377,0,NTB,nesse trabalho novo dela,14587,15964,1377
22557,25674,3117,0,GE-Phrase,209,23133,25933,2800
22557,25674,3117,0,NTB,já o tempo que eu tô fora de casa,22557,25674,3117
26022,27563,1541,0,GE-Phrase,211,27493,29702,2209
26022,27563,1541,0,NTB,também por causa disso,26022,27563,1541
29529,31227,1698,0,NTB,a renda maior da casa,29529,31227,1698
33285,34491,1206,0,GE-Phrase,213,32366,34665,2299
33285,34491,1206,0,NTB,me explicaram,33285,34491,1206
50217,51572,1355,0,GE-Phrase,221,49804,51662,1858
50217,51572,1355,0,NTB,o trabalho dele oferece,50217,51572,1355
62628,63778,1150,0,GE-Phrase,224,62322,63789,1467
62628,63778,1150,0,NTB,cê tiver alguma coisa,62628,63778,1150
63778,65033,1255,0,GE-Phrase,226,64734,66622,1888
63778,65033,1255,0,NTB,você vem pra cá,63778,65033,1255
10765,11888,1123,0,GE-Phrase,205,11709,12745,1036
10765,11888,1123,0,NTB,isso é coisa boa,10765,11888,1123
14587,15964,1377,0,GE-Phrase,207,15828,17061,1233
14587,15964,1377,0,NTB,nesse trabalho novo dela,14587,15964,1377
22557,25674,3117,0,GE-Phrase,209,23133,25933,2800
22557,25674,3117,0,NTB,já o tempo que eu tô fora de casa,22557,25674,3117
26022,27563,1541,0,GE-Phrase,211,27493,29702,2209
26022,27563,1541,0,NTB,também por causa disso,26022,27563,1541
29529,31227,1698,0,NTB,a renda maior da casa,29529,31227,1698
33285,34491,1206,0,GE-Phrase,213,32366,34665,2299
33285,34491,1206,0,NTB,me explicaram,33285,34491,1206
50217,51572,1355,0,GE-Phrase,221,49804,51662,1858
50217,51572,1355,0,NTB,o trabalho dele oferece,50217,51572,1355
62628,63778,1150,0,GE-Phrase,224,62322,63789,1467
62628,63778,1150,0,NTB,cê tiver alguma coisa,62628,63778,1150
63778,65033,1255,0,GE-Phrase,226,64734,66622,1888
63778,65033,1255,0,NTB,você vem pra cá,63778,65033,1255
85824,88041,2217,0,GE-Phrase,235,87587,88868,1281
85824,88041,2217,0,NTB,que roda umas otimizações lá,85824,88041,2217
88041,89282,1241,0,NTB,umas viagem,88041,89282,1241
98828,99456,628,0,GE-Phrase,238,97522,99461,1939
98828,99456,628,0,NTB,normalmente é,98828,99456,628
99456,99868,412,0,GE-Phrase,239,99461,102171,2710
99456,99868,412,0,NTB,tipo assim,99456,99868,412
100294,101506,1212,0,GE-Phrase,239,99461,102171,2710
100294,101506,1212,0,NTB,realmente o avião que a gente vai voar,100294,101506,1212
102256,103393,1137,0,GE-Phrase,240,102171,104002,1831
102256,103393,1137,0,NTB,fazer ensaio nele,102256,103393,1137
103393,106072,2679,0,NTB,que tem essa parte também,103393,106072,2679
112081,113696,1615,0,GE-Phrase,242,113521,115411,1890
112081,113696,1615,0,NTB,que é aquelas coisa que fica mexendo e,112081,113696,1615
113696,114860,1164,0,GE-Phrase,242,113521,115411,1890
113696,114860,1164,0,NTB,que tem várias corzinhas,113696,114860,1164
114860,115793,933,0,NTB,bonitinhas e +,114860,115793,933
85824,88041,2217,0,GE-Phrase,235,87587,88868,1281
85824,88041,2217,0,NTB,que roda umas otimizações lá,85824,88041,2217
88041,89282,1241,0,NTB,umas viagem,88041,89282,1241
98828,99456,628,0,GE-Phrase,238,97522,99461,1939
98828,99456,628,0,NTB,normalmente é,98828,99456,628
99456,99868,412,0,GE-Phrase,239,99461,102171,2710
99456,99868,412,0,NTB,tipo assim,99456,99868,412
100294,101506,1212,0,GE-Phrase,239,99461,102171,2710
100294,101506,1212,0,NTB,realmente o avião que a gente vai voar,100294,101506,1212
102256,103393,1137,0,GE-Phrase,240,102171,104002,1831
102256,103393,1137,0,NTB,fazer ensaio nele,102256,103393,1137
103393,106072,2679,0,NTB,que tem essa parte também,103393,106072,2679
112081,113696,1615,0,GE-Phrase,242,113521,115411,1890
112081,113696,1615,0,NTB,que é aquelas coisa que fica mexendo e,112081,113696,1615
113696,114860,1164,0,GE-Phrase,242,113521,115411,1890
113696,114860,1164,0,NTB,que tem várias corzinhas,113696,114860,1164
114860,115793,933,0,NTB,bonitinhas e +,114860,115793,933
85824,88041,2217,0,GE-Phrase,235,87587,88868,1281
85824,88041,2217,0,NTB,que roda umas otimizações lá,85824,88041,2217
88041,89282,1241,0,NTB,umas viagem,88041,89282,1241
98828,99456,628,0,GE-Phrase,238,97522,99461,1939
98828,99456,628,0,NTB,normalmente é,98828,99456,628
99456,99868,412,0,GE-Phrase,239,99461,102171,2710
99456,99868,412,0,NTB,tipo assim,99456,99868,412
100294,101506,1212,0,GE-Phrase,239,99461,102171,2710
100294,101506,1212,0,NTB,realmente o avião que a gente vai voar,100294,101506,1212
102256,103393,1137,0,GE-Phrase,240,102171,104002,1831
102256,103393,1137,0,NTB,fazer ensaio nele,102256,103393,1137
103393,106072,2679,0,NTB,que tem essa parte também,103393,106072,2679
112081,113696,1615,0,GE-Phrase,242,113521,115411,1890
112081,113696,1615,0,NTB,que é aquelas coisa que fica mexendo e,112081,113696,1615
113696,114860,1164,0,GE-Phrase,242,113521,115411,1890
113696,114860,1164,0,NTB,que tem várias corzinhas,113696,114860,1164
114860,115793,933,0,NTB,bonitinhas e +,114860,115793,933
85824,88041,2217,0,GE-Phrase,235,87587,88868,1281
85824,88041,2217,0,NTB,que roda umas otimizações lá,85824,88041,2217
88041,89282,1241,0,NTB,umas viagem,88041,89282,1241
98828,99456,628,0,GE-Phrase,238,97522,99461,1939
98828,99456,628,0,NTB,normalmente é,98828,99456,628
99456,99868,412,0,GE-Phrase,239,99461,102171,2710
99456,99868,412,0,NTB,tipo assim,99456,99868,412
100294,101506,1212,0,GE-Phrase,239,99461,102171,2710
100294,101506,1212,0,NTB,realmente o avião que a gente vai voar,100294,101506,1212
102256,103393,1137,0,GE-Phrase,240,102171,104002,1831
102256,103393,1137,0,NTB,fazer ensaio nele,102256,103393,1137
103393,106072,2679,0,NTB,que tem essa parte também,103393,106072,2679
112081,113696,1615,0,GE-Phrase,242,113521,115411,1890
112081,113696,1615,0,NTB,que é aquelas coisa que fica mexendo e,112081,113696,1615
113696,114860,1164,0,GE-Phrase,242,113521,115411,1890
113696,114860,1164,0,NTB,que tem várias corzinhas,113696,114860,1164
114860,115793,933,0,NTB,bonitinhas e +,114860,115793,933
85824,88041,2217,0,GE-Phrase,235,87587,88868,1281
85824,88041,2217,0,NTB,que roda umas otimizações lá,85824,88041,2217
88041,89282,1241,0,NTB,umas viagem,88041,89282,1241
98828,99456,628,0,GE-Phrase,238,97522,99461,1939
98828,99456,628,0,NTB,normalmente é,98828,99456,628
99456,99868,412,0,GE-Phrase,239,99461,102171,2710
99456,99868,412,0,NTB,tipo assim,99456,99868,412
100294,101506,1212,0,GE-Phrase,239,99461,102171,2710
100294,101506,1212,0,NTB,realmente o avião que a gente vai voar,100294,101506,1212
102256,103393,1137,0,GE-Phrase,240,102171,104002,1831
102256,103393,1137,0,NTB,fazer ensaio nele,102256,103393,1137
103393,106072,2679,0,NTB,que tem essa parte também,103393,106072,2679
112081,113696,1615,0,GE-Phrase,242,113521,115411,1890
112081,113696,1615,0,NTB,que é aquelas coisa que fica mexendo e,112081,113696,1615
113696,114860,1164,0,GE-Phrase,242,113521,115411,1890
113696,114860,1164,0,NTB,que tem várias corzinhas,113696,114860,1164
114860,115793,933,0,NTB,bonitinhas e +,114860,115793,933
85824,88041,2217,0,GE-Phrase,235,87587,88868,1281
85824,88041,2217,0,NTB,que roda umas otimizações lá,85824,88041,2217
88041,89282,1241,0,NTB,umas viagem,88041,89282,1241
98828,99456,628,0,GE-Phrase,238,97522,99461,1939
98828,99456,628,0,NTB,normalmente é,98828,99456,628
99456,99868,412,0,GE-Phrase,239,99461,102171,2710
99456,99868,412,0,NTB,tipo assim,99456,99868,412
100294,101506,1212,0,GE-Phrase,239,99461,102171,2710
100294,101506,1212,0,NTB,realmente o avião que a gente vai voar,100294,101506,1212
102256,103393,1137,0,GE-Phrase,240,102171,104002,1831
102256,103393,1137,0,NTB,fazer ensaio nele,102256,103393,1137
103393,106072,2679,0,NTB,que tem essa parte também,103393,106072,2679
112081,113696,1615,0,GE-Phrase,242,113521,115411,1890
112081,113696,1615,0,NTB,que é aquelas coisa que fica mexendo e,112081,113696,1615
113696,114860,1164,0,GE-Phrase,242,113521,115411,1890
113696,114860,1164,0,NTB,que tem várias corzinhas,113696,114860,1164
114860,115793,933,0,NTB,bonitinhas e +,114860,115793,933
85824,88041,2217,0,GE-Phrase,235,87587,88868,1281
85824,88041,2217,0,NTB,que roda umas otimizações lá,85824,88041,2217
88041,89282,1241,0,NTB,umas viagem,88041,89282,1241
98828,99456,628,0,GE-Phrase,238,97522,99461,1939
98828,99456,628,0,NTB,normalmente é,98828,99456,628
99456,99868,412,0,GE-Phrase,239,99461,102171,2710
99456,99868,412,0,NTB,tipo assim,99456,99868,412
100294,101506,1212,0,GE-Phrase,239,99461,102171,2710
100294,101506,1212,0,NTB,realmente o avião que a gente vai voar,100294,101506,1212
102256,103393,1137,0,GE-Phrase,240,102171,104002,1831
102256,103393,1137,0,NTB,fazer ensaio nele,102256,103393,1137
103393,106072,2679,0,NTB,que tem essa parte também,103393,106072,2679
112081,113696,1615,0,GE-Phrase,242,113521,115411,1890
112081,113696,1615,0,NTB,que é aquelas coisa que fica mexendo e,112081,113696,1615
113696,114860,1164,0,GE-Phrase,242,113521,115411,1890
113696,114860,1164,0,NTB,que tem várias corzinhas,113696,114860,1164
114860,115793,933,0,NTB,bonitinhas e +,114860,115793,933
85824,88041,2217,0,GE-Phrase,235,87587,88868,1281
85824,88041,2217,0,NTB,que roda umas otimizações lá,85824,88041,2217
88041,89282,1241,0,NTB,umas viagem,88041,89282,1241
98828,99456,628,0,GE-Phrase,238,97522,99461,1939
98828,99456,628,0,NTB,normalmente é,98828,99456,628
99456,99868,412,0,GE-Phrase,239,99461,102171,2710
99456,99868,412,0,NTB,tipo assim,99456,99868,412
100294,101506,1212,0,GE-Phrase,239,99461,102171,2710
100294,101506,1212,0,NTB,realmente o avião que a gente vai voar,100294,101506,1212
102256,103393,1137,0,GE-Phrase,240,102171,104002,1831
102256,103393,1137,0,NTB,fazer ensaio nele,102256,103393,1137
103393,106072,2679,0,NTB,que tem essa parte também,103393,106072,2679
112081,113696,1615,0,GE-Phrase,242,113521,115411,1890
112081,113696,1615,0,NTB,que é aquelas coisa que fica mexendo e,112081,113696,1615
113696,114860,1164,0,GE-Phrase,242,113521,115411,1890
113696,114860,1164,0,NTB,que tem várias corzinhas,113696,114860,1164
114860,115793,933,0,NTB,bonitinhas e +,114860,115793,933
85824,88041,2217,0,GE-Phrase,235,87587,88868,1281
85824,88041,2217,0,NTB,que roda umas otimizações lá,85824,88041,2217
88041,89282,1241,0,NTB,umas viagem,88041,89282,1241
98828,99456,628,0,GE-Phrase,238,97522,99461,1939
98828,99456,628,0,NTB,normalmente é,98828,99456,628
99456,99868,412,0,GE-Phrase,239,99461,102171,2710
99456,99868,412,0,NTB,tipo assim,99456,99868,412
100294,101506,1212,0,GE-Phrase,239,99461,102171,2710
100294,101506,1212,0,NTB,realmente o avião que a gente vai voar,100294,101506,1212
102256,103393,1137,0,GE-Phrase,240,102171,104002,1831
102256,103393,1137,0,NTB,fazer ensaio nele,102256,103393,1137
103393,106072,2679,0,NTB,que tem essa parte também,103393,106072,2679
112081,113696,1615,0,GE-Phrase,242,113521,115411,1890
112081,113696,1615,0,NTB,que é aquelas coisa que fica mexendo e,112081,113696,1615
113696,114860,1164,0,GE-Phrase,242,113521,115411,1890
113696,114860,1164,0,NTB,que tem várias corzinhas,113696,114860,1164
114860,115793,933,0,NTB,bonitinhas e +,114860,115793,933
85824,88041,2217,0,GE-Phrase,235,87587,88868,1281
85824,88041,2217,0,NTB,que roda umas otimizações lá,85824,88041,2217
88041,89282,1241,0,NTB,umas viagem,88041,89282,1241
98828,99456,628,0,GE-Phrase,238,97522,99461,1939
98828,99456,628,0,NTB,normalmente é,98828,99456,628
99456,99868,412,0,GE-Phrase,239,99461,102171,2710
99456,99868,412,0,NTB,tipo assim,99456,99868,412
100294,101506,1212,0,GE-Phrase,239,99461,102171,2710
100294,101506,1212,0,NTB,realmente o avião que a gente vai voar,100294,101506,1212
102256,103393,1137,0,GE-Phrase,240,102171,104002,1831
102256,103393,1137,0,NTB,fazer ensaio nele,102256,103393,1137
103393,106072,2679,0,NTB,que tem essa parte também,103393,106072,2679
112081,113696,1615,0,GE-Phrase,242,113521,115411,1890
112081,113696,1615,0,NTB,que é aquelas coisa que fica mexendo e,112081,113696,1615
113696,114860,1164,0,GE-Phrase,242,113521,115411,1890
113696,114860,1164,0,NTB,que tem várias corzinhas,113696,114860,1164
114860,115793,933,0,NTB,bonitinhas e +,114860,115793,933
85824,88041,2217,0,GE-Phrase,235,87587,88868,1281
85824,88041,2217,0,NTB,que roda umas otimizações lá,85824,88041,2217
88041,89282,1241,0,NTB,umas viagem,88041,89282,1241
98828,99456,628,0,GE-Phrase,238,97522,99461,1939
98828,99456,628,0,NTB,normalmente é,98828,99456,628
99456,99868,412,0,GE-Phrase,239,99461,102171,2710
99456,99868,412,0,NTB,tipo assim,99456,99868,412
100294,101506,1212,0,GE-Phrase,239,99461,102171,2710
100294,101506,1212,0,NTB,realmente o avião que a gente vai voar,100294,101506,1212
102256,103393,1137,0,GE-Phrase,240,102171,104002,1831
102256,103393,1137,0,NTB,fazer ensaio nele,102256,103393,1137
103393,106072,2679,0,NTB,que tem essa parte também,103393,106072,2679
112081,113696,1615,0,GE-Phrase,242,113521,115411,1890
112081,113696,1615,0,NTB,que é aquelas coisa que fica mexendo e,112081,113696,1615
113696,114860,1164,0,GE-Phrase,242,113521,115411,1890
113696,114860,1164,0,NTB,que tem várias corzinhas,113696,114860,1164
114860,115793,933,0,NTB,bonitinhas e +,114860,115793,933
85824,88041,2217,0,GE-Phrase,235,87587,88868,1281
85824,88041,2217,0,NTB,que roda umas otimizações lá,85824,88041,2217
88041,89282,1241,0,NTB,umas viagem,88041,89282,1241
98828,99456,628,0,GE-Phrase,238,97522,99461,1939
98828,99456,628,0,NTB,normalmente é,98828,99456,628
99456,99868,412,0,GE-Phrase,239,99461,102171,2710
99456,99868,412,0,NTB,tipo assim,99456,99868,412
100294,101506,1212,0,GE-Phrase,239,99461,102171,2710
100294,101506,1212,0,NTB,realmente o avião que a gente vai voar,100294,101506,1212
102256,103393,1137,0,GE-Phrase,240,102171,104002,1831
102256,103393,1137,0,NTB,fazer ensaio nele,102256,103393,1137
103393,106072,2679,0,NTB,que tem essa parte também,103393,106072,2679
112081,113696,1615,0,GE-Phrase,242,113521,115411,1890
112081,113696,1615,0,NTB,que é aquelas coisa que fica mexendo e,112081,113696,1615
113696,114860,1164,0,GE-Phrase,242,113521,115411,1890
113696,114860,1164,0,NTB,que tem várias corzinhas,113696,114860,1164
114860,115793,933,0,NTB,bonitinhas e +,114860,115793,933
85824,88041,2217,0,GE-Phrase,235,87587,88868,1281
85824,88041,2217,0,NTB,que roda umas otimizações lá,85824,88041,2217
88041,89282,1241,0,NTB,umas viagem,88041,89282,1241
98828,99456,628,0,GE-Phrase,238,97522,99461,1939
98828,99456,628,0,NTB,normalmente é,98828,99456,628
99456,99868,412,0,GE-Phrase,239,99461,102171,2710
99456,99868,412,0,NTB,tipo assim,99456,99868,412
100294,101506,1212,0,GE-Phrase,239,99461,102171,2710
100294,101506,1212,0,NTB,realmente o avião que a gente vai voar,100294,101506,1212
102256,103393,1137,0,GE-Phrase,240,102171,104002,1831
102256,103393,1137,0,NTB,fazer ensaio nele,102256,103393,1137
103393,106072,2679,0,NTB,que tem essa parte também,103393,106072,2679
112081,113696,1615,0,GE-Phrase,242,113521,115411,1890
112081,113696,1615,0,NTB,que é aquelas coisa que fica mexendo e,112081,113696,1615
113696,114860,1164,0,GE-Phrase,242,113521,115411,1890
113696,114860,1164,0,NTB,que tem várias corzinhas,113696,114860,1164
114860,115793,933,0,NTB,bonitinhas e +,114860,115793,933
85824,88041,2217,0,GE-Phrase,235,87587,88868,1281
85824,88041,2217,0,NTB,que roda umas otimizações lá,85824,88041,2217
88041,89282,1241,0,NTB,umas viagem,88041,89282,1241
98828,99456,628,0,GE-Phrase,238,97522,99461,1939
98828,99456,628,0,NTB,normalmente é,98828,99456,628
99456,99868,412,0,GE-Phrase,239,99461,102171,2710
99456,99868,412,0,NTB,tipo assim,99456,99868,412
100294,101506,1212,0,GE-Phrase,239,99461,102171,2710
100294,101506,1212,0,NTB,realmente o avião que a gente vai voar,100294,101506,1212
102256,103393,1137,0,GE-Phrase,240,102171,104002,1831
102256,103393,1137,0,NTB,fazer ensaio nele,102256,103393,1137
103393,106072,2679,0,NTB,que tem essa parte também,103393,106072,2679
112081,113696,1615,0,GE-Phrase,242,113521,115411,1890
112081,113696,1615,0,NTB,que é aquelas coisa que fica mexendo e,112081,113696,1615
113696,114860,1164,0,GE-Phrase,242,113521,115411,1890
113696,114860,1164,0,NTB,que tem várias corzinhas,113696,114860,1164
114860,115793,933,0,NTB,bonitinhas e +,114860,115793,933
85824,88041,2217,0,GE-Phrase,235,87587,88868,1281
85824,88041,2217,0,NTB,que roda umas otimizações lá,85824,88041,2217
88041,89282,1241,0,NTB,umas viagem,88041,89282,1241
98828,99456,628,0,GE-Phrase,238,97522,99461,1939
98828,99456,628,0,NTB,normalmente é,98828,99456,628
99456,99868,412,0,GE-Phrase,239,99461,102171,2710
99456,99868,412,0,NTB,tipo assim,99456,99868,412
100294,101506,1212,0,GE-Phrase,239,99461,102171,2710
100294,101506,1212,0,NTB,realmente o avião que a gente vai voar,100294,101506,1212
102256,103393,1137,0,GE-Phrase,240,102171,104002,1831
102256,103393,1137,0,NTB,fazer ensaio nele,102256,103393,1137
103393,106072,2679,0,NTB,que tem essa parte também,103393,106072,2679
112081,113696,1615,0,GE-Phrase,242,113521,115411,1890
112081,113696,1615,0,NTB,que é aquelas coisa que fica mexendo e,112081,113696,1615
113696,114860,1164,0,GE-Phrase,242,113521,115411,1890
113696,114860,1164,0,NTB,que tem várias corzinhas,113696,114860,1164
114860,115793,933,0,NTB,bonitinhas e +,114860,115793,933
85824,88041,2217,0,GE-Phrase,235,87587,88868,1281
85824,88041,2217,0,NTB,que roda umas otimizações lá,85824,88041,2217
88041,89282,1241,0,NTB,umas viagem,88041,89282,1241
98828,99456,628,0,GE-Phrase,238,97522,99461,1939
98828,99456,628,0,NTB,normalmente é,98828,99456,628
99456,99868,412,0,GE-Phrase,239,99461,102171,2710
99456,99868,412,0,NTB,tipo assim,99456,99868,412
100294,101506,1212,0,GE-Phrase,239,99461,102171,2710
100294,101506,1212,0,NTB,realmente o avião que a gente vai voar,100294,101506,1212
102256,103393,1137,0,GE-Phrase,240,102171,104002,1831
102256,103393,1137,0,NTB,fazer ensaio nele,102256,103393,1137
103393,106072,2679,0,NTB,que tem essa parte também,103393,106072,2679
112081,113696,1615,0,GE-Phrase,242,113521,115411,1890
112081,113696,1615,0,NTB,que é aquelas coisa que fica mexendo e,112081,113696,1615
113696,114860,1164,0,GE-Phrase,242,113521,115411,1890
113696,114860,1164,0,NTB,que tem várias corzinhas,113696,114860,1164
114860,115793,933,0,NTB,bonitinhas e +,114860,115793,933
85824,88041,2217,0,GE-Phrase,235,87587,88868,1281
85824,88041,2217,0,NTB,que roda umas otimizações lá,85824,88041,2217
88041,89282,1241,0,NTB,umas viagem,88041,89282,1241
98828,99456,628,0,GE-Phrase,238,97522,99461,1939
98828,99456,628,0,NTB,normalmente é,98828,99456,628
99456,99868,412,0,GE-Phrase,239,99461,102171,2710
99456,99868,412,0,NTB,tipo assim,99456,99868,412
100294,101506,1212,0,GE-Phrase,239,99461,102171,2710
100294,101506,1212,0,NTB,realmente o avião que a gente vai voar,100294,101506,1212
102256,103393,1137,0,GE-Phrase,240,102171,104002,1831
102256,103393,1137,0,NTB,fazer ensaio nele,102256,103393,1137
103393,106072,2679,0,NTB,que tem essa parte também,103393,106072,2679
112081,113696,1615,0,GE-Phrase,242,113521,115411,1890
112081,113696,1615,0,NTB,que é aquelas coisa que fica mexendo e,112081,113696,1615
113696,114860,1164,0,GE-Phrase,242,113521,115411,1890
113696,114860,1164,0,NTB,que tem várias corzinhas,113696,114860,1164
114860,115793,933,0,NTB,bonitinhas e +,114860,115793,933
85824,88041,2217,0,GE-Phrase,235,87587,88868,1281
85824,88041,2217,0,NTB,que roda umas otimizações lá,85824,88041,2217
88041,89282,1241,0,NTB,umas viagem,88041,89282,1241
98828,99456,628,0,GE-Phrase,238,97522,99461,1939
98828,99456,628,0,NTB,normalmente é,98828,99456,628
99456,99868,412,0,GE-Phrase,239,99461,102171,2710
99456,99868,412,0,NTB,tipo assim,99456,99868,412
100294,101506,1212,0,GE-Phrase,239,99461,102171,2710
100294,101506,1212,0,NTB,realmente o avião que a gente vai voar,100294,101506,1212
102256,103393,1137,0,GE-Phrase,240,102171,104002,1831
102256,103393,1137,0,NTB,fazer ensaio nele,102256,103393,1137
103393,106072,2679,0,NTB,que tem essa parte também,103393,106072,2679
112081,113696,1615,0,GE-Phrase,242,113521,115411,1890
112081,113696,1615,0,NTB,que é aquelas coisa que fica mexendo e,112081,113696,1615
113696,114860,1164,0,GE-Phrase,242,113521,115411,1890
113696,114860,1164,0,NTB,que tem várias corzinhas,113696,114860,1164
114860,115793,933,0,NTB,bonitinhas e +,114860,115793,933
85824,88041,2217,0,GE-Phrase,235,87587,88868,1281
85824,88041,2217,0,NTB,que roda umas otimizações lá,85824,88041,2217
88041,89282,1241,0,NTB,umas viagem,88041,89282,1241
98828,99456,628,0,GE-Phrase,238,97522,99461,1939
98828,99456,628,0,NTB,normalmente é,98828,99456,628
99456,99868,412,0,GE-Phrase,239,99461,102171,2710
99456,99868,412,0,NTB,tipo assim,99456,99868,412
100294,101506,1212,0,GE-Phrase,239,99461,102171,2710
100294,101506,1212,0,NTB,realmente o avião que a gente vai voar,100294,101506,1212
102256,103393,1137,0,GE-Phrase,240,102171,104002,1831
102256,103393,1137,0,NTB,fazer ensaio nele,102256,103393,1137
103393,106072,2679,0,NTB,que tem essa parte também,103393,106072,2679
112081,113696,1615,0,GE-Phrase,242,113521,115411,1890
112081,113696,1615,0,NTB,que é aquelas coisa que fica mexendo e,112081,113696,1615
113696,114860,1164,0,GE-Phrase,242,113521,115411,1890
113696,114860,1164,0,NTB,que tem várias corzinhas,113696,114860,1164
114860,115793,933,0,NTB,bonitinhas e +,114860,115793,933
85824,88041,2217,0,GE-Phrase,235,87587,88868,1281
85824,88041,2217,0,NTB,que roda umas otimizações lá,85824,88041,2217
88041,89282,1241,0,NTB,umas viagem,88041,89282,1241
98828,99456,628,0,GE-Phrase,238,97522,99461,1939
98828,99456,628,0,NTB,normalmente é,98828,99456,628
99456,99868,412,0,GE-Phrase,239,99461,102171,2710
99456,99868,412,0,NTB,tipo assim,99456,99868,412
100294,101506,1212,0,GE-Phrase,239,99461,102171,2710
100294,101506,1212,0,NTB,realmente o avião que a gente vai voar,100294,101506,1212
102256,103393,1137,0,GE-Phrase,240,102171,104002,1831
102256,103393,1137,0,NTB,fazer ensaio nele,102256,103393,1137
103393,106072,2679,0,NTB,que tem essa parte também,103393,106072,2679
112081,113696,1615,0,GE-Phrase,242,113521,115411,1890
112081,113696,1615,0,NTB,que é aquelas coisa que fica mexendo e,112081,113696,1615
113696,114860,1164,0,GE-Phrase,242,113521,115411,1890
113696,114860,1164,0,NTB,que tem várias corzinhas,113696,114860,1164
114860,115793,933,0,NTB,bonitinhas e +,114860,115793,933
85824,88041,2217,0,GE-Phrase,235,87587,88868,1281
85824,88041,2217,0,NTB,que roda umas otimizações lá,85824,88041,2217
88041,89282,1241,0,NTB,umas viagem,88041,89282,1241
98828,99456,628,0,GE-Phrase,238,97522,99461,1939
98828,99456,628,0,NTB,normalmente é,98828,99456,628
99456,99868,412,0,GE-Phrase,239,99461,102171,2710
99456,99868,412,0,NTB,tipo assim,99456,99868,412
100294,101506,1212,0,GE-Phrase,239,99461,102171,2710
100294,101506,1212,0,NTB,realmente o avião que a gente vai voar,100294,101506,1212
102256,103393,1137,0,GE-Phrase,240,102171,104002,1831
102256,103393,1137,0,NTB,fazer ensaio nele,102256,103393,1137
103393,106072,2679,0,NTB,que tem essa parte também,103393,106072,2679
112081,113696,1615,0,GE-Phrase,242,113521,115411,1890
112081,113696,1615,0,NTB,que é aquelas coisa que fica mexendo e,112081,113696,1615
113696,114860,1164,0,GE-Phrase,242,113521,115411,1890
113696,114860,1164,0,NTB,que tem várias corzinhas,113696,114860,1164
114860,115793,933,0,NTB,bonitinhas e +,114860,115793,933
85824,88041,2217,0,GE-Phrase,235,87587,88868,1281
85824,88041,2217,0,NTB,que roda umas otimizações lá,85824,88041,2217
88041,89282,1241,0,NTB,umas viagem,88041,89282,1241
98828,99456,628,0,GE-Phrase,238,97522,99461,1939
98828,99456,628,0,NTB,normalmente é,98828,99456,628
99456,99868,412,0,GE-Phrase,239,99461,102171,2710
99456,99868,412,0,NTB,tipo assim,99456,99868,412
100294,101506,1212,0,GE-Phrase,239,99461,102171,2710
100294,101506,1212,0,NTB,realmente o avião que a gente vai voar,100294,101506,1212
102256,103393,1137,0,GE-Phrase,240,102171,104002,1831
102256,103393,1137,0,NTB,fazer ensaio nele,102256,103393,1137
103393,106072,2679,0,NTB,que tem essa parte também,103393,106072,2679
112081,113696,1615,0,GE-Phrase,242,113521,115411,1890
112081,113696,1615,0,NTB,que é aquelas coisa que fica mexendo e,112081,113696,1615
113696,114860,1164,0,GE-Phrase,242,113521,115411,1890
113696,114860,1164,0,NTB,que tem várias corzinhas,113696,114860,1164
114860,115793,933,0,NTB,bonitinhas e +,114860,115793,933
85824,88041,2217,0,GE-Phrase,235,87587,88868,1281
85824,88041,2217,0,NTB,que roda umas otimizações lá,85824,88041,2217
88041,89282,1241,0,NTB,umas viagem,88041,89282,1241
98828,99456,628,0,GE-Phrase,238,97522,99461,1939
98828,99456,628,0,NTB,normalmente é,98828,99456,628
99456,99868,412,0,GE-Phrase,239,99461,102171,2710
99456,99868,412,0,NTB,tipo assim,99456,99868,412
100294,101506,1212,0,GE-Phrase,239,99461,102171,2710
100294,101506,1212,0,NTB,realmente o avião que a gente vai voar,100294,101506,1212
102256,103393,1137,0,GE-Phrase,240,102171,104002,1831
102256,103393,1137,0,NTB,fazer ensaio nele,102256,103393,1137
103393,106072,2679,0,NTB,que tem essa parte também,103393,106072,2679
112081,113696,1615,0,GE-Phrase,242,113521,115411,1890
112081,113696,1615,0,NTB,que é aquelas coisa que fica mexendo e,112081,113696,1615
113696,114860,1164,0,GE-Phrase,242,113521,115411,1890
113696,114860,1164,0,NTB,que tem várias corzinhas,113696,114860,1164
114860,115793,933,0,NTB,bonitinhas e +,114860,115793,933
85824,88041,2217,0,GE-Phrase,235,87587,88868,1281
85824,88041,2217,0,NTB,que roda umas otimizações lá,85824,88041,2217
88041,89282,1241,0,NTB,umas viagem,88041,89282,1241
98828,99456,628,0,GE-Phrase,238,97522,99461,1939
98828,99456,628,0,NTB,normalmente é,98828,99456,628
99456,99868,412,0,GE-Phrase,239,99461,102171,2710
99456,99868,412,0,NTB,tipo assim,99456,99868,412
100294,101506,1212,0,GE-Phrase,239,99461,102171,2710
100294,101506,1212,0,NTB,realmente o avião que a gente vai voar,100294,101506,1212
102256,103393,1137,0,GE-Phrase,240,102171,104002,1831
102256,103393,1137,0,NTB,fazer ensaio nele,102256,103393,1137
103393,106072,2679,0,NTB,que tem essa parte também,103393,106072,2679
112081,113696,1615,0,GE-Phrase,242,113521,115411,1890
112081,113696,1615,0,NTB,que é aquelas coisa que fica mexendo e,112081,113696,1615
113696,114860,1164,0,GE-Phrase,242,113521,115411,1890
113696,114860,1164,0,NTB,que tem várias corzinhas,113696,114860,1164
114860,115793,933,0,NTB,bonitinhas e +,114860,115793,933
85824,88041,2217,0,GE-Phrase,235,87587,88868,1281
85824,88041,2217,0,NTB,que roda umas otimizações lá,85824,88041,2217
88041,89282,1241,0,NTB,umas viagem,88041,89282,1241
98828,99456,628,0,GE-Phrase,238,97522,99461,1939
98828,99456,628,0,NTB,normalmente é,98828,99456,628
99456,99868,412,0,GE-Phrase,239,99461,102171,2710
99456,99868,412,0,NTB,tipo assim,99456,99868,412
100294,101506,1212,0,GE-Phrase,239,99461,102171,2710
100294,101506,1212,0,NTB,realmente o avião que a gente vai voar,100294,101506,1212
102256,103393,1137,0,GE-Phrase,240,102171,104002,1831
102256,103393,1137,0,NTB,fazer ensaio nele,102256,103393,1137
103393,106072,2679,0,NTB,que tem essa parte também,103393,106072,2679
112081,113696,1615,0,GE-Phrase,242,113521,115411,1890
112081,113696,1615,0,NTB,que é aquelas coisa que fica mexendo e,112081,113696,1615
113696,114860,1164,0,GE-Phrase,242,113521,115411,1890
113696,114860,1164,0,NTB,que tem várias corzinhas,113696,114860,1164
114860,115793,933,0,NTB,bonitinhas e +,114860,115793,933
85824,88041,2217,0,GE-Phrase,235,87587,88868,1281
85824,88041,2217,0,NTB,que roda umas otimizações lá,85824,88041,2217
88041,89282,1241,0,NTB,umas viagem,88041,89282,1241
98828,99456,628,0,GE-Phrase,238,97522,99461,1939
98828,99456,628,0,NTB,normalmente é,98828,99456,628
99456,99868,412,0,GE-Phrase,239,99461,102171,2710
99456,99868,412,0,NTB,tipo assim,99456,99868,412
100294,101506,1212,0,GE-Phrase,239,99461,102171,2710
100294,101506,1212,0,NTB,realmente o avião que a gente vai voar,100294,101506,1212
102256,103393,1137,0,GE-Phrase,240,102171,104002,1831
102256,103393,1137,0,NTB,fazer ensaio nele,102256,103393,1137
103393,106072,2679,0,NTB,que tem essa parte também,103393,106072,2679
112081,113696,1615,0,GE-Phrase,242,113521,115411,1890
112081,113696,1615,0,NTB,que é aquelas coisa que fica mexendo e,112081,113696,1615
113696,114860,1164,0,GE-Phrase,242,113521,115411,1890
113696,114860,1164,0,NTB,que tem várias corzinhas,113696,114860,1164
114860,115793,933,0,NTB,bonitinhas e +,114860,115793,933
85824,88041,2217,0,GE-Phrase,235,87587,88868,1281
85824,88041,2217,0,NTB,que roda umas otimizações lá,85824,88041,2217
88041,89282,1241,0,NTB,umas viagem,88041,89282,1241
98828,99456,628,0,GE-Phrase,238,97522,99461,1939
98828,99456,628,0,NTB,normalmente é,98828,99456,628
99456,99868,412,0,GE-Phrase,239,99461,102171,2710
99456,99868,412,0,NTB,tipo assim,99456,99868,412
100294,101506,1212,0,GE-Phrase,239,99461,102171,2710
100294,101506,1212,0,NTB,realmente o avião que a gente vai voar,100294,101506,1212
102256,103393,1137,0,GE-Phrase,240,102171,104002,1831
102256,103393,1137,0,NTB,fazer ensaio nele,102256,103393,1137
103393,106072,2679,0,NTB,que tem essa parte também,103393,106072,2679
112081,113696,1615,0,GE-Phrase,242,113521,115411,1890
112081,113696,1615,0,NTB,que é aquelas coisa que fica mexendo e,112081,113696,1615
113696,114860,1164,0,GE-Phrase,242,113521,115411,1890
113696,114860,1164,0,NTB,que tem várias corzinhas,113696,114860,1164
114860,115793,933,0,NTB,bonitinhas e +,114860,115793,933
85824,88041,2217,0,GE-Phrase,235,87587,88868,1281
85824,88041,2217,0,NTB,que roda umas otimizações lá,85824,88041,2217
88041,89282,1241,0,NTB,umas viagem,88041,89282,1241
98828,99456,628,0,GE-Phrase,238,97522,99461,1939
98828,99456,628,0,NTB,normalmente é,98828,99456,628
99456,99868,412,0,GE-Phrase,239,99461,102171,2710
99456,99868,412,0,NTB,tipo assim,99456,99868,412
100294,101506,1212,0,GE-Phrase,239,99461,102171,2710
100294,101506,1212,0,NTB,realmente o avião que a gente vai voar,100294,101506,1212
102256,103393,1137,0,GE-Phrase,240,102171,104002,1831
102256,103393,1137,0,NTB,fazer ensaio nele,102256,103393,1137
103393,106072,2679,0,NTB,que tem essa parte também,103393,106072,2679
112081,113696,1615,0,GE-Phrase,242,113521,115411,1890
112081,113696,1615,0,NTB,que é aquelas coisa que fica mexendo e,112081,113696,1615
113696,114860,1164,0,GE-Phrase,242,113521,115411,1890
113696,114860,1164,0,NTB,que tem várias corzinhas,113696,114860,1164
114860,115793,933,0,NTB,bonitinhas e +,114860,115793,933
85824,88041,2217,0,GE-Phrase,235,87587,88868,1281
85824,88041,2217,0,NTB,que roda umas otimizações lá,85824,88041,2217
88041,89282,1241,0,NTB,umas viagem,88041,89282,1241
98828,99456,628,0,GE-Phrase,238,97522,99461,1939
98828,99456,628,0,NTB,normalmente é,98828,99456,628
99456,99868,412,0,GE-Phrase,239,99461,102171,2710
99456,99868,412,0,NTB,tipo assim,99456,99868,412
100294,101506,1212,0,GE-Phrase,239,99461,102171,2710
100294,101506,1212,0,NTB,realmente o avião que a gente vai voar,100294,101506,1212
102256,103393,1137,0,GE-Phrase,240,102171,104002,1831
102256,103393,1137,0,NTB,fazer ensaio nele,102256,103393,1137
103393,106072,2679,0,NTB,que tem essa parte também,103393,106072,2679
112081,113696,1615,0,GE-Phrase,242,113521,115411,1890
112081,113696,1615,0,NTB,que é aquelas coisa que fica mexendo e,112081,113696,1615
113696,114860,1164,0,GE-Phrase,242,113521,115411,1890
113696,114860,1164,0,NTB,que tem várias corzinhas,113696,114860,1164
114860,115793,933,0,NTB,bonitinhas e +,114860,115793,933
85824,88041,2217,0,GE-Phrase,235,87587,88868,1281
85824,88041,2217,0,NTB,que roda umas otimizações lá,85824,88041,2217
88041,89282,1241,0,NTB,umas viagem,88041,89282,1241
98828,99456,628,0,GE-Phrase,238,97522,99461,1939
98828,99456,628,0,NTB,normalmente é,98828,99456,628
99456,99868,412,0,GE-Phrase,239,99461,102171,2710
99456,99868,412,0,NTB,tipo assim,99456,99868,412
100294,101506,1212,0,GE-Phrase,239,99461,102171,2710
100294,101506,1212,0,NTB,realmente o avião que a gente vai voar,100294,101506,1212
102256,103393,1137,0,GE-Phrase,240,102171,104002,1831
102256,103393,1137,0,NTB,fazer ensaio nele,102256,103393,1137
103393,106072,2679,0,NTB,que tem essa parte também,103393,106072,2679
112081,113696,1615,0,GE-Phrase,242,113521,115411,1890
112081,113696,1615,0,NTB,que é aquelas coisa que fica mexendo e,112081,113696,1615
113696,114860,1164,0,GE-Phrase,242,113521,115411,1890
113696,114860,1164,0,NTB,que tem várias corzinhas,113696,114860,1164
114860,115793,933,0,NTB,bonitinhas e +,114860,115793,933
85824,88041,2217,0,GE-Phrase,235,87587,88868,1281
85824,88041,2217,0,NTB,que roda umas otimizações lá,85824,88041,2217
88041,89282,1241,0,NTB,umas viagem,88041,89282,1241
98828,99456,628,0,GE-Phrase,238,97522,99461,1939
98828,99456,628,0,NTB,normalmente é,98828,99456,628
99456,99868,412,0,GE-Phrase,239,99461,102171,2710
99456,99868,412,0,NTB,tipo assim,99456,99868,412
100294,101506,1212,0,GE-Phrase,239,99461,102171,2710
100294,101506,1212,0,NTB,realmente o avião que a gente vai voar,100294,101506,1212
102256,103393,1137,0,GE-Phrase,240,102171,104002,1831
102256,103393,1137,0,NTB,fazer ensaio nele,102256,103393,1137
103393,106072,2679,0,NTB,que tem essa parte também,103393,106072,2679
112081,113696,1615,0,GE-Phrase,242,113521,115411,1890
112081,113696,1615,0,NTB,que é aquelas coisa que fica mexendo e,112081,113696,1615
113696,114860,1164,0,GE-Phrase,242,113521,115411,1890
113696,114860,1164,0,NTB,que tem várias corzinhas,113696,114860,1164
114860,115793,933,0,NTB,bonitinhas e +,114860,115793,933
85824,88041,2217,0,GE-Phrase,235,87587,88868,1281
85824,88041,2217,0,NTB,que roda umas otimizações lá,85824,88041,2217
88041,89282,1241,0,NTB,umas viagem,88041,89282,1241
98828,99456,628,0,GE-Phrase,238,97522,99461,1939
98828,99456,628,0,NTB,normalmente é,98828,99456,628
99456,99868,412,0,GE-Phrase,239,99461,102171,2710
99456,99868,412,0,NTB,tipo assim,99456,99868,412
100294,101506,1212,0,GE-Phrase,239,99461,102171,2710
100294,101506,1212,0,NTB,realmente o avião que a gente vai voar,100294,101506,1212
102256,103393,1137,0,GE-Phrase,240,102171,104002,1831
102256,103393,1137,0,NTB,fazer ensaio nele,102256,103393,1137
103393,106072,2679,0,NTB,que tem essa parte também,103393,106072,2679
112081,113696,1615,0,GE-Phrase,242,113521,115411,1890
112081,113696,1615,0,NTB,que é aquelas coisa que fica mexendo e,112081,113696,1615
113696,114860,1164,0,GE-Phrase,242,113521,115411,1890
113696,114860,1164,0,NTB,que tem várias corzinhas,113696,114860,1164
114860,115793,933,0,NTB,bonitinhas e +,114860,115793,933
85824,88041,2217,0,GE-Phrase,235,87587,88868,1281
85824,88041,2217,0,NTB,que roda umas otimizações lá,85824,88041,2217
88041,89282,1241,0,NTB,umas viagem,88041,89282,1241
98828,99456,628,0,GE-Phrase,238,97522,99461,1939
98828,99456,628,0,NTB,normalmente é,98828,99456,628
99456,99868,412,0,GE-Phrase,239,99461,102171,2710
99456,99868,412,0,NTB,tipo assim,99456,99868,412
100294,101506,1212,0,GE-Phrase,239,99461,102171,2710
100294,101506,1212,0,NTB,realmente o avião que a gente vai voar,100294,101506,1212
102256,103393,1137,0,GE-Phrase,240,102171,104002,1831
102256,103393,1137,0,NTB,fazer ensaio nele,102256,103393,1137
103393,106072,2679,0,NTB,que tem essa parte também,103393,106072,2679
112081,113696,1615,0,GE-Phrase,242,113521,115411,1890
112081,113696,1615,0,NTB,que é aquelas coisa que fica mexendo e,112081,113696,1615
113696,114860,1164,0,GE-Phrase,242,113521,115411,1890
113696,114860,1164,0,NTB,que tem várias corzinhas,113696,114860,1164
114860,115793,933,0,NTB,bonitinhas e +,114860,115793,933
85824,88041,2217,0,GE-Phrase,235,87587,88868,1281
85824,88041,2217,0,NTB,que roda umas otimizações lá,85824,88041,2217
88041,89282,1241,0,NTB,umas viagem,88041,89282,1241
98828,99456,628,0,GE-Phrase,238,97522,99461,1939
98828,99456,628,0,NTB,normalmente é,98828,99456,628
99456,99868,412,0,GE-Phrase,239,99461,102171,2710
99456,99868,412,0,NTB,tipo assim,99456,99868,412
100294,101506,1212,0,GE-Phrase,239,99461,102171,2710
100294,101506,1212,0,NTB,realmente o avião que a gente vai voar,100294,101506,1212
102256,103393,1137,0,GE-Phrase,240,102171,104002,1831
102256,103393,1137,0,NTB,fazer ensaio nele,102256,103393,1137
103393,106072,2679,0,NTB,que tem essa parte também,103393,106072,2679
112081,113696,1615,0,GE-Phrase,242,113521,115411,1890
112081,113696,1615,0,NTB,que é aquelas coisa que fica mexendo e,112081,113696,1615
113696,114860,1164,0,GE-Phrase,242,113521,115411,1890
113696,114860,1164,0,NTB,que tem várias corzinhas,113696,114860,1164
114860,115793,933,0,NTB,bonitinhas e +,114860,115793,933
85824,88041,2217,0,GE-Phrase,235,87587,88868,1281
85824,88041,2217,0,NTB,que roda umas otimizações lá,85824,88041,2217
88041,89282,1241,0,NTB,umas viagem,88041,89282,1241
98828,99456,628,0,GE-Phrase,238,97522,99461,1939
98828,99456,628,0,NTB,normalmente é,98828,99456,628
99456,99868,412,0,GE-Phrase,239,99461,102171,2710
99456,99868,412,0,NTB,tipo assim,99456,99868,412
100294,101506,1212,0,GE-Phrase,239,99461,102171,2710
100294,101506,1212,0,NTB,realmente o avião que a gente vai voar,100294,101506,1212
102256,103393,1137,0,GE-Phrase,240,102171,104002,1831
102256,103393,1137,0,NTB,fazer ensaio nele,102256,103393,1137
103393,106072,2679,0,NTB,que tem essa parte também,103393,106072,2679
112081,113696,1615,0,GE-Phrase,242,113521,115411,1890
112081,113696,1615,0,NTB,que é aquelas coisa que fica mexendo e,112081,113696,1615
113696,114860,1164,0,GE-Phrase,242,113521,115411,1890
113696,114860,1164,0,NTB,que tem várias corzinhas,113696,114860,1164
114860,115793,933,0,NTB,bonitinhas e +,114860,115793,933
85824,88041,2217,0,GE-Phrase,235,87587,88868,1281
85824,88041,2217,0,NTB,que roda umas otimizações lá,85824,88041,2217
88041,89282,1241,0,NTB,umas viagem,88041,89282,1241
98828,99456,628,0,GE-Phrase,238,97522,99461,1939
98828,99456,628,0,NTB,normalmente é,98828,99456,628
99456,99868,412,0,GE-Phrase,239,99461,102171,2710
99456,99868,412,0,NTB,tipo assim,99456,99868,412
100294,101506,1212,0,GE-Phrase,239,99461,102171,2710
100294,101506,1212,0,NTB,realmente o avião que a gente vai voar,100294,101506,1212
102256,103393,1137,0,GE-Phrase,240,102171,104002,1831
102256,103393,1137,0,NTB,fazer ensaio nele,102256,103393,1137
103393,106072,2679,0,NTB,que tem essa parte também,103393,106072,2679
112081,113696,1615,0,GE-Phrase,242,113521,115411,1890
112081,113696,1615,0,NTB,que é aquelas coisa que fica mexendo e,112081,113696,1615
113696,114860,1164,0,GE-Phrase,242,113521,115411,1890
113696,114860,1164,0,NTB,que tem várias corzinhas,113696,114860,1164
114860,115793,933,0,NTB,bonitinhas e +,114860,115793,933
85824,88041,2217,0,GE-Phrase,235,87587,88868,1281
85824,88041,2217,0,NTB,que roda umas otimizações lá,85824,88041,2217
88041,89282,1241,0,NTB,umas viagem,88041,89282,1241
98828,99456,628,0,GE-Phrase,238,97522,99461,1939
98828,99456,628,0,NTB,normalmente é,98828,99456,628
99456,99868,412,0,GE-Phrase,239,99461,102171,2710
99456,99868,412,0,NTB,tipo assim,99456,99868,412
100294,101506,1212,0,GE-Phrase,239,99461,102171,2710
100294,101506,1212,0,NTB,realmente o avião que a gente vai voar,100294,101506,1212
102256,103393,1137,0,GE-Phrase,240,102171,104002,1831
102256,103393,1137,0,NTB,fazer ensaio nele,102256,103393,1137
103393,106072,2679,0,NTB,que tem essa parte também,103393,106072,2679
112081,113696,1615,0,GE-Phrase,242,113521,115411,1890
112081,113696,1615,0,NTB,que é aquelas coisa que fica mexendo e,112081,113696,1615
113696,114860,1164,0,GE-Phrase,242,113521,115411,1890
113696,114860,1164,0,NTB,que tem várias corzinhas,113696,114860,1164
114860,115793,933,0,NTB,bonitinhas e +,114860,115793,933
85824,88041,2217,0,GE-Phrase,235,87587,88868,1281
85824,88041,2217,0,NTB,que roda umas otimizações lá,85824,88041,2217
88041,89282,1241,0,NTB,umas viagem,88041,89282,1241
98828,99456,628,0,GE-Phrase,238,97522,99461,1939
98828,99456,628,0,NTB,normalmente é,98828,99456,628
99456,99868,412,0,GE-Phrase,239,99461,102171,2710
99456,99868,412,0,NTB,tipo assim,99456,99868,412
100294,101506,1212,0,GE-Phrase,239,99461,102171,2710
100294,101506,1212,0,NTB,realmente o avião que a gente vai voar,100294,101506,1212
102256,103393,1137,0,GE-Phrase,240,102171,104002,1831
102256,103393,1137,0,NTB,fazer ensaio nele,102256,103393,1137
103393,106072,2679,0,NTB,que tem essa parte também,103393,106072,2679
112081,113696,1615,0,GE-Phrase,242,113521,115411,1890
112081,113696,1615,0,NTB,que é aquelas coisa que fica mexendo e,112081,113696,1615
113696,114860,1164,0,GE-Phrase,242,113521,115411,1890
113696,114860,1164,0,NTB,que tem várias corzinhas,113696,114860,1164
114860,115793,933,0,NTB,bonitinhas e +,114860,115793,933
85824,88041,2217,0,GE-Phrase,235,87587,88868,1281
85824,88041,2217,0,NTB,que roda umas otimizações lá,85824,88041,2217
88041,89282,1241,0,NTB,umas viagem,88041,89282,1241
98828,99456,628,0,GE-Phrase,238,97522,99461,1939
98828,99456,628,0,NTB,normalmente é,98828,99456,628
99456,99868,412,0,GE-Phrase,239,99461,102171,2710
99456,99868,412,0,NTB,tipo assim,99456,99868,412
100294,101506,1212,0,GE-Phrase,239,99461,102171,2710
100294,101506,1212,0,NTB,realmente o avião que a gente vai voar,100294,101506,1212
102256,103393,1137,0,GE-Phrase,240,102171,104002,1831
102256,103393,1137,0,NTB,fazer ensaio nele,102256,103393,1137
103393,106072,2679,0,NTB,que tem essa parte também,103393,106072,2679
112081,113696,1615,0,GE-Phrase,242,113521,115411,1890
112081,113696,1615,0,NTB,que é aquelas coisa que fica mexendo e,112081,113696,1615
113696,114860,1164,0,GE-Phrase,242,113521,115411,1890
113696,114860,1164,0,NTB,que tem várias corzinhas,113696,114860,1164
114860,115793,933,0,NTB,bonitinhas e +,114860,115793,933
85824,88041,2217,0,GE-Phrase,235,87587,88868,1281
85824,88041,2217,0,NTB,que roda umas otimizações lá,85824,88041,2217
88041,89282,1241,0,NTB,umas viagem,88041,89282,1241
98828,99456,628,0,GE-Phrase,238,97522,99461,1939
98828,99456,628,0,NTB,normalmente é,98828,99456,628
99456,99868,412,0,GE-Phrase,239,99461,102171,2710
99456,99868,412,0,NTB,tipo assim,99456,99868,412
100294,101506,1212,0,GE-Phrase,239,99461,102171,2710
100294,101506,1212,0,NTB,realmente o avião que a gente vai voar,100294,101506,1212
102256,103393,1137,0,GE-Phrase,240,102171,104002,1831
102256,103393,1137,0,NTB,fazer ensaio nele,102256,103393,1137
103393,106072,2679,0,NTB,que tem essa parte também,103393,106072,2679
112081,113696,1615,0,GE-Phrase,242,113521,115411,1890
112081,113696,1615,0,NTB,que é aquelas coisa que fica mexendo e,112081,113696,1615
113696,114860,1164,0,GE-Phrase,242,113521,115411,1890
113696,114860,1164,0,NTB,que tem várias corzinhas,113696,114860,1164
114860,115793,933,0,NTB,bonitinhas e +,114860,115793,933
85824,88041,2217,0,GE-Phrase,235,87587,88868,1281
85824,88041,2217,0,NTB,que roda umas otimizações lá,85824,88041,2217
88041,89282,1241,0,NTB,umas viagem,88041,89282,1241
98828,99456,628,0,GE-Phrase,238,97522,99461,1939
98828,99456,628,0,NTB,normalmente é,98828,99456,628
99456,99868,412,0,GE-Phrase,239,99461,102171,2710
99456,99868,412,0,NTB,tipo assim,99456,99868,412
100294,101506,1212,0,GE-Phrase,239,99461,102171,2710
100294,101506,1212,0,NTB,realmente o avião que a gente vai voar,100294,101506,1212
102256,103393,1137,0,GE-Phrase,240,102171,104002,1831
102256,103393,1137,0,NTB,fazer ensaio nele,102256,103393,1137
103393,106072,2679,0,NTB,que tem essa parte também,103393,106072,2679
112081,113696,1615,0,GE-Phrase,242,113521,115411,1890
112081,113696,1615,0,NTB,que é aquelas coisa que fica mexendo e,112081,113696,1615
113696,114860,1164,0,GE-Phrase,242,113521,115411,1890
113696,114860,1164,0,NTB,que tem várias corzinhas,113696,114860,1164
114860,115793,933,0,NTB,bonitinhas e +,114860,115793,933
85824,88041,2217,0,GE-Phrase,235,87587,88868,1281
85824,88041,2217,0,NTB,que roda umas otimizações lá,85824,88041,2217
88041,89282,1241,0,NTB,umas viagem,88041,89282,1241
98828,99456,628,0,GE-Phrase,238,97522,99461,1939
98828,99456,628,0,NTB,normalmente é,98828,99456,628
99456,99868,412,0,GE-Phrase,239,99461,102171,2710
99456,99868,412,0,NTB,tipo assim,99456,99868,412
100294,101506,1212,0,GE-Phrase,239,99461,102171,2710
100294,101506,1212,0,NTB,realmente o avião que a gente vai voar,100294,101506,1212
102256,103393,1137,0,GE-Phrase,240,102171,104002,1831
102256,103393,1137,0,NTB,fazer ensaio nele,102256,103393,1137
103393,106072,2679,0,NTB,que tem essa parte também,103393,106072,2679
112081,113696,1615,0,GE-Phrase,242,113521,115411,1890
112081,113696,1615,0,NTB,que é aquelas coisa que fica mexendo e,112081,113696,1615
113696,114860,1164,0,GE-Phrase,242,113521,115411,1890
113696,114860,1164,0,NTB,que tem várias corzinhas,113696,114860,1164
114860,115793,933,0,NTB,bonitinhas e +,114860,115793,933
85824,88041,2217,0,GE-Phrase,235,87587,88868,1281
85824,88041,2217,0,NTB,que roda umas otimizações lá,85824,88041,2217
88041,89282,1241,0,NTB,umas viagem,88041,89282,1241
98828,99456,628,0,GE-Phrase,238,97522,99461,1939
98828,99456,628,0,NTB,normalmente é,98828,99456,628
99456,99868,412,0,GE-Phrase,239,99461,102171,2710
99456,99868,412,0,NTB,tipo assim,99456,99868,412
100294,101506,1212,0,GE-Phrase,239,99461,102171,2710
100294,101506,1212,0,NTB,realmente o avião que a gente vai voar,100294,101506,1212
102256,103393,1137,0,GE-Phrase,240,102171,104002,1831
102256,103393,1137,0,NTB,fazer ensaio nele,102256,103393,1137
103393,106072,2679,0,NTB,que tem essa parte também,103393,106072,2679
112081,113696,1615,0,GE-Phrase,242,113521,115411,1890
112081,113696,1615,0,NTB,que é aquelas coisa que fica mexendo e,112081,113696,1615
113696,114860,1164,0,GE-Phrase,242,113521,115411,1890
113696,114860,1164,0,NTB,que tem várias corzinhas,113696,114860,1164
114860,115793,933,0,NTB,bonitinhas e +,114860,115793,933
85824,88041,2217,0,GE-Phrase,235,87587,88868,1281
85824,88041,2217,0,NTB,que roda umas otimizações lá,85824,88041,2217
88041,89282,1241,0,NTB,umas viagem,88041,89282,1241
98828,99456,628,0,GE-Phrase,238,97522,99461,1939
98828,99456,628,0,NTB,normalmente é,98828,99456,628
99456,99868,412,0,GE-Phrase,239,99461,102171,2710
99456,99868,412,0,NTB,tipo assim,99456,99868,412
100294,101506,1212,0,GE-Phrase,239,99461,102171,2710
100294,101506,1212,0,NTB,realmente o avião que a gente vai voar,100294,101506,1212
102256,103393,1137,0,GE-Phrase,240,102171,104002,1831
102256,103393,1137,0,NTB,fazer ensaio nele,102256,103393,1137
103393,106072,2679,0,NTB,que tem essa parte também,103393,106072,2679
112081,113696,1615,0,GE-Phrase,242,113521,115411,1890
112081,113696,1615,0,NTB,que é aquelas coisa que fica mexendo e,112081,113696,1615
113696,114860,1164,0,GE-Phrase,242,113521,115411,1890
113696,114860,1164,0,NTB,que tem várias corzinhas,113696,114860,1164
114860,115793,933,0,NTB,bonitinhas e +,114860,115793,933
85824,88041,2217,0,GE-Phrase,235,87587,88868,1281
85824,88041,2217,0,NTB,que roda umas otimizações lá,85824,88041,2217
88041,89282,1241,0,NTB,umas viagem,88041,89282,1241
98828,99456,628,0,GE-Phrase,238,97522,99461,1939
98828,99456,628,0,NTB,normalmente é,98828,99456,628
99456,99868,412,0,GE-Phrase,239,99461,102171,2710
99456,99868,412,0,NTB,tipo assim,99456,99868,412
100294,101506,1212,0,GE-Phrase,239,99461,102171,2710
100294,101506,1212,0,NTB,realmente o avião que a gente vai voar,100294,101506,1212
102256,103393,1137,0,GE-Phrase,240,102171,104002,1831
102256,103393,1137,0,NTB,fazer ensaio nele,102256,103393,1137
103393,106072,2679,0,NTB,que tem essa parte também,103393,106072,2679
112081,113696,1615,0,GE-Phrase,242,113521,115411,1890
112081,113696,1615,0,NTB,que é aquelas coisa que fica mexendo e,112081,113696,1615
113696,114860,1164,0,GE-Phrase,242,113521,115411,1890
113696,114860,1164,0,NTB,que tem várias corzinhas,113696,114860,1164
114860,115793,933,0,NTB,bonitinhas e +,114860,115793,933
85824,88041,2217,0,GE-Phrase,235,87587,88868,1281
85824,88041,2217,0,NTB,que roda umas otimizações lá,85824,88041,2217
88041,89282,1241,0,NTB,umas viagem,88041,89282,1241
98828,99456,628,0,GE-Phrase,238,97522,99461,1939
98828,99456,628,0,NTB,normalmente é,98828,99456,628
99456,99868,412,0,GE-Phrase,239,99461,102171,2710
99456,99868,412,0,NTB,tipo assim,99456,99868,412
100294,101506,1212,0,GE-Phrase,239,99461,102171,2710
100294,101506,1212,0,NTB,realmente o avião que a gente vai voar,100294,101506,1212
102256,103393,1137,0,GE-Phrase,240,102171,104002,1831
102256,103393,1137,0,NTB,fazer ensaio nele,102256,103393,1137
103393,106072,2679,0,NTB,que tem essa parte também,103393,106072,2679
112081,113696,1615,0,GE-Phrase,242,113521,115411,1890
112081,113696,1615,0,NTB,que é aquelas coisa que fica mexendo e,112081,113696,1615
113696,114860,1164,0,GE-Phrase,242,113521,115411,1890
113696,114860,1164,0,NTB,que tem várias corzinhas,113696,114860,1164
114860,115793,933,0,NTB,bonitinhas e +,114860,115793,933
85824,88041,2217,0,GE-Phrase,235,87587,88868,1281
85824,88041,2217,0,NTB,que roda umas otimizações lá,85824,88041,2217
88041,89282,1241,0,NTB,umas viagem,88041,89282,1241
98828,99456,628,0,GE-Phrase,238,97522,99461,1939
98828,99456,628,0,NTB,normalmente é,98828,99456,628
99456,99868,412,0,GE-Phrase,239,99461,102171,2710
99456,99868,412,0,NTB,tipo assim,99456,99868,412
100294,101506,1212,0,GE-Phrase,239,99461,102171,2710
100294,101506,1212,0,NTB,realmente o avião que a gente vai voar,100294,101506,1212
102256,103393,1137,0,GE-Phrase,240,102171,104002,1831
102256,103393,1137,0,NTB,fazer ensaio nele,102256,103393,1137
103393,106072,2679,0,NTB,que tem essa parte também,103393,106072,2679
112081,113696,1615,0,GE-Phrase,242,113521,115411,1890
112081,113696,1615,0,NTB,que é aquelas coisa que fica mexendo e,112081,113696,1615
113696,114860,1164,0,GE-Phrase,242,113521,115411,1890
113696,114860,1164,0,NTB,que tem várias corzinhas,113696,114860,1164
114860,115793,933,0,NTB,bonitinhas e +,114860,115793,933
85824,88041,2217,0,GE-Phrase,235,87587,88868,1281
85824,88041,2217,0,NTB,que roda umas otimizações lá,85824,88041,2217
88041,89282,1241,0,NTB,umas viagem,88041,89282,1241
98828,99456,628,0,GE-Phrase,238,97522,99461,1939
98828,99456,628,0,NTB,normalmente é,98828,99456,628
99456,99868,412,0,GE-Phrase,239,99461,102171,2710
99456,99868,412,0,NTB,tipo assim,99456,99868,412
100294,101506,1212,0,GE-Phrase,239,99461,102171,2710
100294,101506,1212,0,NTB,realmente o avião que a gente vai voar,100294,101506,1212
102256,103393,1137,0,GE-Phrase,240,102171,104002,1831
102256,103393,1137,0,NTB,fazer ensaio nele,102256,103393,1137
103393,106072,2679,0,NTB,que tem essa parte também,103393,106072,2679
112081,113696,1615,0,GE-Phrase,242,113521,115411,1890
112081,113696,1615,0,NTB,que é aquelas coisa que fica mexendo e,112081,113696,1615
113696,114860,1164,0,GE-Phrase,242,113521,115411,1890
113696,114860,1164,0,NTB,que tem várias corzinhas,113696,114860,1164
114860,115793,933,0,NTB,bonitinhas e +,114860,115793,933
85824,88041,2217,0,GE-Phrase,235,87587,88868,1281
85824,88041,2217,0,NTB,que roda umas otimizações lá,85824,88041,2217
88041,89282,1241,0,NTB,umas viagem,88041,89282,1241
98828,99456,628,0,GE-Phrase,238,97522,99461,1939
98828,99456,628,0,NTB,normalmente é,98828,99456,628
99456,99868,412,0,GE-Phrase,239,99461,102171,2710
99456,99868,412,0,NTB,tipo assim,99456,99868,412
100294,101506,1212,0,GE-Phrase,239,99461,102171,2710
100294,101506,1212,0,NTB,realmente o avião que a gente vai voar,100294,101506,1212
102256,103393,1137,0,GE-Phrase,240,102171,104002,1831
102256,103393,1137,0,NTB,fazer ensaio nele,102256,103393,1137
103393,106072,2679,0,NTB,que tem essa parte também,103393,106072,2679
112081,113696,1615,0,GE-Phrase,242,113521,115411,1890
112081,113696,1615,0,NTB,que é aquelas coisa que fica mexendo e,112081,113696,1615
113696,114860,1164,0,GE-Phrase,242,113521,115411,1890
113696,114860,1164,0,NTB,que tem várias corzinhas,113696,114860,1164
114860,115793,933,0,NTB,bonitinhas e +,114860,115793,933
85824,88041,2217,0,GE-Phrase,235,87587,88868,1281
85824,88041,2217,0,NTB,que roda umas otimizações lá,85824,88041,2217
88041,89282,1241,0,NTB,umas viagem,88041,89282,1241
98828,99456,628,0,GE-Phrase,238,97522,99461,1939
98828,99456,628,0,NTB,normalmente é,98828,99456,628
99456,99868,412,0,GE-Phrase,239,99461,102171,2710
99456,99868,412,0,NTB,tipo assim,99456,99868,412
100294,101506,1212,0,GE-Phrase,239,99461,102171,2710
100294,101506,1212,0,NTB,realmente o avião que a gente vai voar,100294,101506,1212
102256,103393,1137,0,GE-Phrase,240,102171,104002,1831
102256,103393,1137,0,NTB,fazer ensaio nele,102256,103393,1137
103393,106072,2679,0,NTB,que tem essa parte também,103393,106072,2679
112081,113696,1615,0,GE-Phrase,242,113521,115411,1890
112081,113696,1615,0,NTB,que é aquelas coisa que fica mexendo e,112081,113696,1615
113696,114860,1164,0,GE-Phrase,242,113521,115411,1890
113696,114860,1164,0,NTB,que tem várias corzinhas,113696,114860,1164
114860,115793,933,0,NTB,bonitinhas e +,114860,115793,933
85824,88041,2217,0,GE-Phrase,235,87587,88868,1281
85824,88041,2217,0,NTB,que roda umas otimizações lá,85824,88041,2217
88041,89282,1241,0,NTB,umas viagem,88041,89282,1241
98828,99456,628,0,GE-Phrase,238,97522,99461,1939
98828,99456,628,0,NTB,normalmente é,98828,99456,628
99456,99868,412,0,GE-Phrase,239,99461,102171,2710
99456,99868,412,0,NTB,tipo assim,99456,99868,412
100294,101506,1212,0,GE-Phrase,239,99461,102171,2710
100294,101506,1212,0,NTB,realmente o avião que a gente vai voar,100294,101506,1212
102256,103393,1137,0,GE-Phrase,240,102171,104002,1831
102256,103393,1137,0,NTB,fazer ensaio nele,102256,103393,1137
103393,106072,2679,0,NTB,que tem essa parte também,103393,106072,2679
112081,113696,1615,0,GE-Phrase,242,113521,115411,1890
112081,113696,1615,0,NTB,que é aquelas coisa que fica mexendo e,112081,113696,1615
113696,114860,1164,0,GE-Phrase,242,113521,115411,1890
113696,114860,1164,0,NTB,que tem várias corzinhas,113696,114860,1164
114860,115793,933,0,NTB,bonitinhas e +,114860,115793,933
85824,88041,2217,0,GE-Phrase,235,87587,88868,1281
85824,88041,2217,0,NTB,que roda umas otimizações lá,85824,88041,2217
88041,89282,1241,0,NTB,umas viagem,88041,89282,1241
98828,99456,628,0,GE-Phrase,238,97522,99461,1939
98828,99456,628,0,NTB,normalmente é,98828,99456,628
99456,99868,412,0,GE-Phrase,239,99461,102171,2710
99456,99868,412,0,NTB,tipo assim,99456,99868,412
100294,101506,1212,0,GE-Phrase,239,99461,102171,2710
100294,101506,1212,0,NTB,realmente o avião que a gente vai voar,100294,101506,1212
102256,103393,1137,0,GE-Phrase,240,102171,104002,1831
102256,103393,1137,0,NTB,fazer ensaio nele,102256,103393,1137
103393,106072,2679,0,NTB,que tem essa parte também,103393,106072,2679
112081,113696,1615,0,GE-Phrase,242,113521,115411,1890
112081,113696,1615,0,NTB,que é aquelas coisa que fica mexendo e,112081,113696,1615
113696,114860,1164,0,GE-Phrase,242,113521,115411,1890
113696,114860,1164,0,NTB,que tem várias corzinhas,113696,114860,1164
114860,115793,933,0,NTB,bonitinhas e +,114860,115793,933
85824,88041,2217,0,GE-Phrase,235,87587,88868,1281
85824,88041,2217,0,NTB,que roda umas otimizações lá,85824,88041,2217
88041,89282,1241,0,NTB,umas viagem,88041,89282,1241
98828,99456,628,0,GE-Phrase,238,97522,99461,1939
98828,99456,628,0,NTB,normalmente é,98828,99456,628
99456,99868,412,0,GE-Phrase,239,99461,102171,2710
99456,99868,412,0,NTB,tipo assim,99456,99868,412
100294,101506,1212,0,GE-Phrase,239,99461,102171,2710
100294,101506,1212,0,NTB,realmente o avião que a gente vai voar,100294,101506,1212
102256,103393,1137,0,GE-Phrase,240,102171,104002,1831
102256,103393,1137,0,NTB,fazer ensaio nele,102256,103393,1137
103393,106072,2679,0,NTB,que tem essa parte também,103393,106072,2679
112081,113696,1615,0,GE-Phrase,242,113521,115411,1890
112081,113696,1615,0,NTB,que é aquelas coisa que fica mexendo e,112081,113696,1615
113696,114860,1164,0,GE-Phrase,242,113521,115411,1890
113696,114860,1164,0,NTB,que tem várias corzinhas,113696,114860,1164
114860,115793,933,0,NTB,bonitinhas e +,114860,115793,933
85824,88041,2217,0,GE-Phrase,235,87587,88868,1281
85824,88041,2217,0,NTB,que roda umas otimizações lá,85824,88041,2217
88041,89282,1241,0,NTB,umas viagem,88041,89282,1241
98828,99456,628,0,GE-Phrase,238,97522,99461,1939
98828,99456,628,0,NTB,normalmente é,98828,99456,628
99456,99868,412,0,GE-Phrase,239,99461,102171,2710
99456,99868,412,0,NTB,tipo assim,99456,99868,412
100294,101506,1212,0,GE-Phrase,239,99461,102171,2710
100294,101506,1212,0,NTB,realmente o avião que a gente vai voar,100294,101506,1212
102256,103393,1137,0,GE-Phrase,240,102171,104002,1831
102256,103393,1137,0,NTB,fazer ensaio nele,102256,103393,1137
103393,106072,2679,0,NTB,que tem essa parte também,103393,106072,2679
112081,113696,1615,0,GE-Phrase,242,113521,115411,1890
112081,113696,1615,0,NTB,que é aquelas coisa que fica mexendo e,112081,113696,1615
113696,114860,1164,0,GE-Phrase,242,113521,115411,1890
113696,114860,1164,0,NTB,que tem várias corzinhas,113696,114860,1164
114860,115793,933,0,NTB,bonitinhas e +,114860,115793,933
85824,88041,2217,0,GE-Phrase,235,87587,88868,1281
85824,88041,2217,0,NTB,que roda umas otimizações lá,85824,88041,2217
88041,89282,1241,0,NTB,umas viagem,88041,89282,1241
98828,99456,628,0,GE-Phrase,238,97522,99461,1939
98828,99456,628,0,NTB,normalmente é,98828,99456,628
99456,99868,412,0,GE-Phrase,239,99461,102171,2710
99456,99868,412,0,NTB,tipo assim,99456,99868,412
100294,101506,1212,0,GE-Phrase,239,99461,102171,2710
100294,101506,1212,0,NTB,realmente o avião que a gente vai voar,100294,101506,1212
102256,103393,1137,0,GE-Phrase,240,102171,104002,1831
102256,103393,1137,0,NTB,fazer ensaio nele,102256,103393,1137
103393,106072,2679,0,NTB,que tem essa parte também,103393,106072,2679
112081,113696,1615,0,GE-Phrase,242,113521,115411,1890
112081,113696,1615,0,NTB,que é aquelas coisa que fica mexendo e,112081,113696,1615
113696,114860,1164,0,GE-Phrase,242,113521,115411,1890
113696,114860,1164,0,NTB,que tem várias corzinhas,113696,114860,1164
114860,115793,933,0,NTB,bonitinhas e +,114860,115793,933
85824,88041,2217,0,GE-Phrase,235,87587,88868,1281
85824,88041,2217,0,NTB,que roda umas otimizações lá,85824,88041,2217
88041,89282,1241,0,NTB,umas viagem,88041,89282,1241
98828,99456,628,0,GE-Phrase,238,97522,99461,1939
98828,99456,628,0,NTB,normalmente é,98828,99456,628
99456,99868,412,0,GE-Phrase,239,99461,102171,2710
99456,99868,412,0,NTB,tipo assim,99456,99868,412
100294,101506,1212,0,GE-Phrase,239,99461,102171,2710
100294,101506,1212,0,NTB,realmente o avião que a gente vai voar,100294,101506,1212
102256,103393,1137,0,GE-Phrase,240,102171,104002,1831
102256,103393,1137,0,NTB,fazer ensaio nele,102256,103393,1137
103393,106072,2679,0,NTB,que tem essa parte também,103393,106072,2679
112081,113696,1615,0,GE-Phrase,242,113521,115411,1890
112081,113696,1615,0,NTB,que é aquelas coisa que fica mexendo e,112081,113696,1615
113696,114860,1164,0,GE-Phrase,242,113521,115411,1890
113696,114860,1164,0,NTB,que tem várias corzinhas,113696,114860,1164
114860,115793,933,0,NTB,bonitinhas e +,114860,115793,933
85824,88041,2217,0,GE-Phrase,235,87587,88868,1281
85824,88041,2217,0,NTB,que roda umas otimizações lá,85824,88041,2217
88041,89282,1241,0,NTB,umas viagem,88041,89282,1241
98828,99456,628,0,GE-Phrase,238,97522,99461,1939
98828,99456,628,0,NTB,normalmente é,98828,99456,628
99456,99868,412,0,GE-Phrase,239,99461,102171,2710
99456,99868,412,0,NTB,tipo assim,99456,99868,412
100294,101506,1212,0,GE-Phrase,239,99461,102171,2710
100294,101506,1212,0,NTB,realmente o avião que a gente vai voar,100294,101506,1212
102256,103393,1137,0,GE-Phrase,240,102171,104002,1831
102256,103393,1137,0,NTB,fazer ensaio nele,102256,103393,1137
103393,106072,2679,0,NTB,que tem essa parte também,103393,106072,2679
112081,113696,1615,0,GE-Phrase,242,113521,115411,1890
112081,113696,1615,0,NTB,que é aquelas coisa que fica mexendo e,112081,113696,1615
113696,114860,1164,0,GE-Phrase,242,113521,115411,1890
113696,114860,1164,0,NTB,que tem várias corzinhas,113696,114860,1164
114860,115793,933,0,NTB,bonitinhas e +,114860,115793,933
85824,88041,2217,0,GE-Phrase,235,87587,88868,1281
85824,88041,2217,0,NTB,que roda umas otimizações lá,85824,88041,2217
88041,89282,1241,0,NTB,umas viagem,88041,89282,1241
98828,99456,628,0,GE-Phrase,238,97522,99461,1939
98828,99456,628,0,NTB,normalmente é,98828,99456,628
99456,99868,412,0,GE-Phrase,239,99461,102171,2710
99456,99868,412,0,NTB,tipo assim,99456,99868,412
100294,101506,1212,0,GE-Phrase,239,99461,102171,2710
100294,101506,1212,0,NTB,realmente o avião que a gente vai voar,100294,101506,1212
102256,103393,1137,0,GE-Phrase,240,102171,104002,1831
102256,103393,1137,0,NTB,fazer ensaio nele,102256,103393,1137
103393,106072,2679,0,NTB,que tem essa parte também,103393,106072,2679
112081,113696,1615,0,GE-Phrase,242,113521,115411,1890
112081,113696,1615,0,NTB,que é aquelas coisa que fica mexendo e,112081,113696,1615
113696,114860,1164,0,GE-Phrase,242,113521,115411,1890
113696,114860,1164,0,NTB,que tem várias corzinhas,113696,114860,1164
114860,115793,933,0,NTB,bonitinhas e +,114860,115793,933
85824,88041,2217,0,GE-Phrase,235,87587,88868,1281
85824,88041,2217,0,NTB,que roda umas otimizações lá,85824,88041,2217
88041,89282,1241,0,NTB,umas viagem,88041,89282,1241
98828,99456,628,0,GE-Phrase,238,97522,99461,1939
98828,99456,628,0,NTB,normalmente é,98828,99456,628
99456,99868,412,0,GE-Phrase,239,99461,102171,2710
99456,99868,412,0,NTB,tipo assim,99456,99868,412
100294,101506,1212,0,GE-Phrase,239,99461,102171,2710
100294,101506,1212,0,NTB,realmente o avião que a gente vai voar,100294,101506,1212
102256,103393,1137,0,GE-Phrase,240,102171,104002,1831
102256,103393,1137,0,NTB,fazer ensaio nele,102256,103393,1137
103393,106072,2679,0,NTB,que tem essa parte também,103393,106072,2679
112081,113696,1615,0,GE-Phrase,242,113521,115411,1890
112081,113696,1615,0,NTB,que é aquelas coisa que fica mexendo e,112081,113696,1615
113696,114860,1164,0,GE-Phrase,242,113521,115411,1890
113696,114860,1164,0,NTB,que tem várias corzinhas,113696,114860,1164
114860,115793,933,0,NTB,bonitinhas e +,114860,115793,933
85824,88041,2217,0,GE-Phrase,235,87587,88868,1281
85824,88041,2217,0,NTB,que roda umas otimizações lá,85824,88041,2217
88041,89282,1241,0,NTB,umas viagem,88041,89282,1241
98828,99456,628,0,GE-Phrase,238,97522,99461,1939
98828,99456,628,0,NTB,normalmente é,98828,99456,628
99456,99868,412,0,GE-Phrase,239,99461,102171,2710
99456,99868,412,0,NTB,tipo assim,99456,99868,412
100294,101506,1212,0,GE-Phrase,239,99461,102171,2710
100294,101506,1212,0,NTB,realmente o avião que a gente vai voar,100294,101506,1212
102256,103393,1137,0,GE-Phrase,240,102171,104002,1831
102256,103393,1137,0,NTB,fazer ensaio nele,102256,103393,1137
103393,106072,2679,0,NTB,que tem essa parte também,103393,106072,2679
112081,113696,1615,0,GE-Phrase,242,113521,115411,1890
112081,113696,1615,0,NTB,que é aquelas coisa que fica mexendo e,112081,113696,1615
113696,114860,1164,0,GE-Phrase,242,113521,115411,1890
113696,114860,1164,0,NTB,que tem várias corzinhas,113696,114860,1164
114860,115793,933,0,NTB,bonitinhas e +,114860,115793,933
85824,88041,2217,0,GE-Phrase,235,87587,88868,1281
85824,88041,2217,0,NTB,que roda umas otimizações lá,85824,88041,2217
88041,89282,1241,0,NTB,umas viagem,88041,89282,1241
98828,99456,628,0,GE-Phrase,238,97522,99461,1939
98828,99456,628,0,NTB,normalmente é,98828,99456,628
99456,99868,412,0,GE-Phrase,239,99461,102171,2710
99456,99868,412,0,NTB,tipo assim,99456,99868,412
100294,101506,1212,0,GE-Phrase,239,99461,102171,2710
100294,101506,1212,0,NTB,realmente o avião que a gente vai voar,100294,101506,1212
102256,103393,1137,0,GE-Phrase,240,102171,104002,1831
102256,103393,1137,0,NTB,fazer ensaio nele,102256,103393,1137
103393,106072,2679,0,NTB,que tem essa parte também,103393,106072,2679
112081,113696,1615,0,GE-Phrase,242,113521,115411,1890
112081,113696,1615,0,NTB,que é aquelas coisa que fica mexendo e,112081,113696,1615
113696,114860,1164,0,GE-Phrase,242,113521,115411,1890
113696,114860,1164,0,NTB,que tem várias corzinhas,113696,114860,1164
114860,115793,933,0,NTB,bonitinhas e +,114860,115793,933
85824,88041,2217,0,GE-Phrase,235,87587,88868,1281
85824,88041,2217,0,NTB,que roda umas otimizações lá,85824,88041,2217
88041,89282,1241,0,NTB,umas viagem,88041,89282,1241
98828,99456,628,0,GE-Phrase,238,97522,99461,1939
98828,99456,628,0,NTB,normalmente é,98828,99456,628
99456,99868,412,0,GE-Phrase,239,99461,102171,2710
99456,99868,412,0,NTB,tipo assim,99456,99868,412
100294,101506,1212,0,GE-Phrase,239,99461,102171,2710
100294,101506,1212,0,NTB,realmente o avião que a gente vai voar,100294,101506,1212
102256,103393,1137,0,GE-Phrase,240,102171,104002,1831
102256,103393,1137,0,NTB,fazer ensaio nele,102256,103393,1137
103393,106072,2679,0,NTB,que tem essa parte também,103393,106072,2679
112081,113696,1615,0,GE-Phrase,242,113521,115411,1890
112081,113696,1615,0,NTB,que é aquelas coisa que fica mexendo e,112081,113696,1615
113696,114860,1164,0,GE-Phrase,242,113521,115411,1890
113696,114860,1164,0,NTB,que tem várias corzinhas,113696,114860,1164
114860,115793,933,0,NTB,bonitinhas e +,114860,115793,933
85824,88041,2217,0,GE-Phrase,235,87587,88868,1281
85824,88041,2217,0,NTB,que roda umas otimizações lá,85824,88041,2217
88041,89282,1241,0,NTB,umas viagem,88041,89282,1241
98828,99456,628,0,GE-Phrase,238,97522,99461,1939
98828,99456,628,0,NTB,normalmente é,98828,99456,628
99456,99868,412,0,GE-Phrase,239,99461,102171,2710
99456,99868,412,0,NTB,tipo assim,99456,99868,412
100294,101506,1212,0,GE-Phrase,239,99461,102171,2710
100294,101506,1212,0,NTB,realmente o avião que a gente vai voar,100294,101506,1212
102256,103393,1137,0,GE-Phrase,240,102171,104002,1831
102256,103393,1137,0,NTB,fazer ensaio nele,102256,103393,1137
103393,106072,2679,0,NTB,que tem essa parte também,103393,106072,2679
112081,113696,1615,0,GE-Phrase,242,113521,115411,1890
112081,113696,1615,0,NTB,que é aquelas coisa que fica mexendo e,112081,113696,1615
113696,114860,1164,0,GE-Phrase,242,113521,115411,1890
113696,114860,1164,0,NTB,que tem várias corzinhas,113696,114860,1164
114860,115793,933,0,NTB,bonitinhas e +,114860,115793,933
85824,88041,2217,0,GE-Phrase,235,87587,88868,1281
85824,88041,2217,0,NTB,que roda umas otimizações lá,85824,88041,2217
88041,89282,1241,0,NTB,umas viagem,88041,89282,1241
98828,99456,628,0,GE-Phrase,238,97522,99461,1939
98828,99456,628,0,NTB,normalmente é,98828,99456,628
99456,99868,412,0,GE-Phrase,239,99461,102171,2710
99456,99868,412,0,NTB,tipo assim,99456,99868,412
100294,101506,1212,0,GE-Phrase,239,99461,102171,2710
100294,101506,1212,0,NTB,realmente o avião que a gente vai voar,100294,101506,1212
102256,103393,1137,0,GE-Phrase,240,102171,104002,1831
102256,103393,1137,0,NTB,fazer ensaio nele,102256,103393,1137
103393,106072,2679,0,NTB,que tem essa parte também,103393,106072,2679
112081,113696,1615,0,GE-Phrase,242,113521,115411,1890
112081,113696,1615,0,NTB,que é aquelas coisa que fica mexendo e,112081,113696,1615
113696,114860,1164,0,GE-Phrase,242,113521,115411,1890
113696,114860,1164,0,NTB,que tem várias corzinhas,113696,114860,1164
114860,115793,933,0,NTB,bonitinhas e +,114860,115793,933
85824,88041,2217,0,GE-Phrase,235,87587,88868,1281
85824,88041,2217,0,NTB,que roda umas otimizações lá,85824,88041,2217
88041,89282,1241,0,NTB,umas viagem,88041,89282,1241
98828,99456,628,0,GE-Phrase,238,97522,99461,1939
98828,99456,628,0,NTB,normalmente é,98828,99456,628
99456,99868,412,0,GE-Phrase,239,99461,102171,2710
99456,99868,412,0,NTB,tipo assim,99456,99868,412
100294,101506,1212,0,GE-Phrase,239,99461,102171,2710
100294,101506,1212,0,NTB,realmente o avião que a gente vai voar,100294,101506,1212
102256,103393,1137,0,GE-Phrase,240,102171,104002,1831
102256,103393,1137,0,NTB,fazer ensaio nele,102256,103393,1137
103393,106072,2679,0,NTB,que tem essa parte também,103393,106072,2679
112081,113696,1615,0,GE-Phrase,242,113521,115411,1890
112081,113696,1615,0,NTB,que é aquelas coisa que fica mexendo e,112081,113696,1615
113696,114860,1164,0,GE-Phrase,242,113521,115411,1890
113696,114860,1164,0,NTB,que tem várias corzinhas,113696,114860,1164
114860,115793,933,0,NTB,bonitinhas e +,114860,115793,933
85824,88041,2217,0,GE-Phrase,235,87587,88868,1281
85824,88041,2217,0,NTB,que roda umas otimizações lá,85824,88041,2217
88041,89282,1241,0,NTB,umas viagem,88041,89282,1241
98828,99456,628,0,GE-Phrase,238,97522,99461,1939
98828,99456,628,0,NTB,normalmente é,98828,99456,628
99456,99868,412,0,GE-Phrase,239,99461,102171,2710
99456,99868,412,0,NTB,tipo assim,99456,99868,412
100294,101506,1212,0,GE-Phrase,239,99461,102171,2710
100294,101506,1212,0,NTB,realmente o avião que a gente vai voar,100294,101506,1212
102256,103393,1137,0,GE-Phrase,240,102171,104002,1831
102256,103393,1137,0,NTB,fazer ensaio nele,102256,103393,1137
103393,106072,2679,0,NTB,que tem essa parte também,103393,106072,2679
112081,113696,1615,0,GE-Phrase,242,113521,115411,1890
112081,113696,1615,0,NTB,que é aquelas coisa que fica mexendo e,112081,113696,1615
113696,114860,1164,0,GE-Phrase,242,113521,115411,1890
113696,114860,1164,0,NTB,que tem várias corzinhas,113696,114860,1164
114860,115793,933,0,NTB,bonitinhas e +,114860,115793,933
85824,88041,2217,0,GE-Phrase,235,87587,88868,1281
85824,88041,2217,0,NTB,que roda umas otimizações lá,85824,88041,2217
88041,89282,1241,0,NTB,umas viagem,88041,89282,1241
98828,99456,628,0,GE-Phrase,238,97522,99461,1939
98828,99456,628,0,NTB,normalmente é,98828,99456,628
99456,99868,412,0,GE-Phrase,239,99461,102171,2710
99456,99868,412,0,NTB,tipo assim,99456,99868,412
100294,101506,1212,0,GE-Phrase,239,99461,102171,2710
100294,101506,1212,0,NTB,realmente o avião que a gente vai voar,100294,101506,1212
102256,103393,1137,0,GE-Phrase,240,102171,104002,1831
102256,103393,1137,0,NTB,fazer ensaio nele,102256,103393,1137
103393,106072,2679,0,NTB,que tem essa parte também,103393,106072,2679
112081,113696,1615,0,GE-Phrase,242,113521,115411,1890
112081,113696,1615,0,NTB,que é aquelas coisa que fica mexendo e,112081,113696,1615
113696,114860,1164,0,GE-Phrase,242,113521,115411,1890
113696,114860,1164,0,NTB,que tem várias corzinhas,113696,114860,1164
114860,115793,933,0,NTB,bonitinhas e +,114860,115793,933
85824,88041,2217,0,GE-Phrase,235,87587,88868,1281
85824,88041,2217,0,NTB,que roda umas otimizações lá,85824,88041,2217
88041,89282,1241,0,NTB,umas viagem,88041,89282,1241
98828,99456,628,0,GE-Phrase,238,97522,99461,1939
98828,99456,628,0,NTB,normalmente é,98828,99456,628
99456,99868,412,0,GE-Phrase,239,99461,102171,2710
99456,99868,412,0,NTB,tipo assim,99456,99868,412
100294,101506,1212,0,GE-Phrase,239,99461,102171,2710
100294,101506,1212,0,NTB,realmente o avião que a gente vai voar,100294,101506,1212
102256,103393,1137,0,GE-Phrase,240,102171,104002,1831
102256,103393,1137,0,NTB,fazer ensaio nele,102256,103393,1137
103393,106072,2679,0,NTB,que tem essa parte também,103393,106072,2679
112081,113696,1615,0,GE-Phrase,242,113521,115411,1890
112081,113696,1615,0,NTB,que é aquelas coisa que fica mexendo e,112081,113696,1615
113696,114860,1164,0,GE-Phrase,242,113521,115411,1890
113696,114860,1164,0,NTB,que tem várias corzinhas,113696,114860,1164
114860,115793,933,0,NTB,bonitinhas e +,114860,115793,933
85824,88041,2217,0,GE-Phrase,235,87587,88868,1281
85824,88041,2217,0,NTB,que roda umas otimizações lá,85824,88041,2217
88041,89282,1241,0,NTB,umas viagem,88041,89282,1241
98828,99456,628,0,GE-Phrase,238,97522,99461,1939
98828,99456,628,0,NTB,normalmente é,98828,99456,628
99456,99868,412,0,GE-Phrase,239,99461,102171,2710
99456,99868,412,0,NTB,tipo assim,99456,99868,412
100294,101506,1212,0,GE-Phrase,239,99461,102171,2710
100294,101506,1212,0,NTB,realmente o avião que a gente vai voar,100294,101506,1212
102256,103393,1137,0,GE-Phrase,240,102171,104002,1831
102256,103393,1137,0,NTB,fazer ensaio nele,102256,103393,1137
103393,106072,2679,0,NTB,que tem essa parte também,103393,106072,2679
112081,113696,1615,0,GE-Phrase,242,113521,115411,1890
112081,113696,1615,0,NTB,que é aquelas coisa que fica mexendo e,112081,113696,1615
113696,114860,1164,0,GE-Phrase,242,113521,115411,1890
113696,114860,1164,0,NTB,que tem várias corzinhas,113696,114860,1164
114860,115793,933,0,NTB,bonitinhas e +,114860,115793,933
85824,88041,2217,0,GE-Phrase,235,87587,88868,1281
85824,88041,2217,0,NTB,que roda umas otimizações lá,85824,88041,2217
88041,89282,1241,0,NTB,umas viagem,88041,89282,1241
98828,99456,628,0,GE-Phrase,238,97522,99461,1939
98828,99456,628,0,NTB,normalmente é,98828,99456,628
99456,99868,412,0,GE-Phrase,239,99461,102171,2710
99456,99868,412,0,NTB,tipo assim,99456,99868,412
100294,101506,1212,0,GE-Phrase,239,99461,102171,2710
100294,101506,1212,0,NTB,realmente o avião que a gente vai voar,100294,101506,1212
102256,103393,1137,0,GE-Phrase,240,102171,104002,1831
102256,103393,1137,0,NTB,fazer ensaio nele,102256,103393,1137
103393,106072,2679,0,NTB,que tem essa parte também,103393,106072,2679
112081,113696,1615,0,GE-Phrase,242,113521,115411,1890
112081,113696,1615,0,NTB,que é aquelas coisa que fica mexendo e,112081,113696,1615
113696,114860,1164,0,GE-Phrase,242,113521,115411,1890
113696,114860,1164,0,NTB,que tem várias corzinhas,113696,114860,1164
114860,115793,933,0,NTB,bonitinhas e +,114860,115793,933
85824,88041,2217,0,GE-Phrase,235,87587,88868,1281
85824,88041,2217,0,NTB,que roda umas otimizações lá,85824,88041,2217
88041,89282,1241,0,NTB,umas viagem,88041,89282,1241
98828,99456,628,0,GE-Phrase,238,97522,99461,1939
98828,99456,628,0,NTB,normalmente é,98828,99456,628
99456,99868,412,0,GE-Phrase,239,99461,102171,2710
99456,99868,412,0,NTB,tipo assim,99456,99868,412
100294,101506,1212,0,GE-Phrase,239,99461,102171,2710
100294,101506,1212,0,NTB,realmente o avião que a gente vai voar,100294,101506,1212
102256,103393,1137,0,GE-Phrase,240,102171,104002,1831
102256,103393,1137,0,NTB,fazer ensaio nele,102256,103393,1137
103393,106072,2679,0,NTB,que tem essa parte também,103393,106072,2679
112081,113696,1615,0,GE-Phrase,242,113521,115411,1890
112081,113696,1615,0,NTB,que é aquelas coisa que fica mexendo e,112081,113696,1615
113696,114860,1164,0,GE-Phrase,242,113521,115411,1890
113696,114860,1164,0,NTB,que tem várias corzinhas,113696,114860,1164
114860,115793,933,0,NTB,bonitinhas e +,114860,115793,933
85824,88041,2217,0,GE-Phrase,235,87587,88868,1281
85824,88041,2217,0,NTB,que roda umas otimizações lá,85824,88041,2217
88041,89282,1241,0,NTB,umas viagem,88041,89282,1241
98828,99456,628,0,GE-Phrase,238,97522,99461,1939
98828,99456,628,0,NTB,normalmente é,98828,99456,628
99456,99868,412,0,GE-Phrase,239,99461,102171,2710
99456,99868,412,0,NTB,tipo assim,99456,99868,412
100294,101506,1212,0,GE-Phrase,239,99461,102171,2710
100294,101506,1212,0,NTB,realmente o avião que a gente vai voar,100294,101506,1212
102256,103393,1137,0,GE-Phrase,240,102171,104002,1831
102256,103393,1137,0,NTB,fazer ensaio nele,102256,103393,1137
103393,106072,2679,0,NTB,que tem essa parte também,103393,106072,2679
112081,113696,1615,0,GE-Phrase,242,113521,115411,1890
112081,113696,1615,0,NTB,que é aquelas coisa que fica mexendo e,112081,113696,1615
113696,114860,1164,0,GE-Phrase,242,113521,115411,1890
113696,114860,1164,0,NTB,que tem várias corzinhas,113696,114860,1164
114860,115793,933,0,NTB,bonitinhas e +,114860,115793,933
85824,88041,2217,0,GE-Phrase,235,87587,88868,1281
85824,88041,2217,0,NTB,que roda umas otimizações lá,85824,88041,2217
88041,89282,1241,0,NTB,umas viagem,88041,89282,1241
98828,99456,628,0,GE-Phrase,238,97522,99461,1939
98828,99456,628,0,NTB,normalmente é,98828,99456,628
99456,99868,412,0,GE-Phrase,239,99461,102171,2710
99456,99868,412,0,NTB,tipo assim,99456,99868,412
100294,101506,1212,0,GE-Phrase,239,99461,102171,2710
100294,101506,1212,0,NTB,realmente o avião que a gente vai voar,100294,101506,1212
102256,103393,1137,0,GE-Phrase,240,102171,104002,1831
102256,103393,1137,0,NTB,fazer ensaio nele,102256,103393,1137
103393,106072,2679,0,NTB,que tem essa parte também,103393,106072,2679
112081,113696,1615,0,GE-Phrase,242,113521,115411,1890
112081,113696,1615,0,NTB,que é aquelas coisa que fica mexendo e,112081,113696,1615
113696,114860,1164,0,GE-Phrase,242,113521,115411,1890
113696,114860,1164,0,NTB,que tem várias corzinhas,113696,114860,1164
114860,115793,933,0,NTB,bonitinhas e +,114860,115793,933
85824,88041,2217,0,GE-Phrase,235,87587,88868,1281
85824,88041,2217,0,NTB,que roda umas otimizações lá,85824,88041,2217
88041,89282,1241,0,NTB,umas viagem,88041,89282,1241
98828,99456,628,0,GE-Phrase,238,97522,99461,1939
98828,99456,628,0,NTB,normalmente é,98828,99456,628
99456,99868,412,0,GE-Phrase,239,99461,102171,2710
99456,99868,412,0,NTB,tipo assim,99456,99868,412
100294,101506,1212,0,GE-Phrase,239,99461,102171,2710
100294,101506,1212,0,NTB,realmente o avião que a gente vai voar,100294,101506,1212
102256,103393,1137,0,GE-Phrase,240,102171,104002,1831
102256,103393,1137,0,NTB,fazer ensaio nele,102256,103393,1137
103393,106072,2679,0,NTB,que tem essa parte também,103393,106072,2679
112081,113696,1615,0,GE-Phrase,242,113521,115411,1890
112081,113696,1615,0,NTB,que é aquelas coisa que fica mexendo e,112081,113696,1615
113696,114860,1164,0,GE-Phrase,242,113521,115411,1890
113696,114860,1164,0,NTB,que tem várias corzinhas,113696,114860,1164
114860,115793,933,0,NTB,bonitinhas e +,114860,115793,933
85824,88041,2217,0,GE-Phrase,235,87587,88868,1281
85824,88041,2217,0,NTB,que roda umas otimizações lá,85824,88041,2217
88041,89282,1241,0,NTB,umas viagem,88041,89282,1241
98828,99456,628,0,GE-Phrase,238,97522,99461,1939
98828,99456,628,0,NTB,normalmente é,98828,99456,628
99456,99868,412,0,GE-Phrase,239,99461,102171,2710
99456,99868,412,0,NTB,tipo assim,99456,99868,412
100294,101506,1212,0,GE-Phrase,239,99461,102171,2710
100294,101506,1212,0,NTB,realmente o avião que a gente vai voar,100294,101506,1212
102256,103393,1137,0,GE-Phrase,240,102171,104002,1831
102256,103393,1137,0,NTB,fazer ensaio nele,102256,103393,1137
103393,106072,2679,0,NTB,que tem essa parte também,103393,106072,2679
112081,113696,1615,0,GE-Phrase,242,113521,115411,1890
112081,113696,1615,0,NTB,que é aquelas coisa que fica mexendo e,112081,113696,1615
113696,114860,1164,0,GE-Phrase,242,113521,115411,1890
113696,114860,1164,0,NTB,que tem várias corzinhas,113696,114860,1164
114860,115793,933,0,NTB,bonitinhas e +,114860,115793,933
85824,88041,2217,0,GE-Phrase,235,87587,88868,1281
85824,88041,2217,0,NTB,que roda umas otimizações lá,85824,88041,2217
88041,89282,1241,0,NTB,umas viagem,88041,89282,1241
98828,99456,628,0,GE-Phrase,238,97522,99461,1939
98828,99456,628,0,NTB,normalmente é,98828,99456,628
99456,99868,412,0,GE-Phrase,239,99461,102171,2710
99456,99868,412,0,NTB,tipo assim,99456,99868,412
100294,101506,1212,0,GE-Phrase,239,99461,102171,2710
100294,101506,1212,0,NTB,realmente o avião que a gente vai voar,100294,101506,1212
102256,103393,1137,0,GE-Phrase,240,102171,104002,1831
102256,103393,1137,0,NTB,fazer ensaio nele,102256,103393,1137
103393,106072,2679,0,NTB,que tem essa parte também,103393,106072,2679
112081,113696,1615,0,GE-Phrase,242,113521,115411,1890
112081,113696,1615,0,NTB,que é aquelas coisa que fica mexendo e,112081,113696,1615
113696,114860,1164,0,GE-Phrase,242,113521,115411,1890
113696,114860,1164,0,NTB,que tem várias corzinhas,113696,114860,1164
114860,115793,933,0,NTB,bonitinhas e +,114860,115793,933
85824,88041,2217,0,GE-Phrase,235,87587,88868,1281
85824,88041,2217,0,NTB,que roda umas otimizações lá,85824,88041,2217
88041,89282,1241,0,NTB,umas viagem,88041,89282,1241
98828,99456,628,0,GE-Phrase,238,97522,99461,1939
98828,99456,628,0,NTB,normalmente é,98828,99456,628
99456,99868,412,0,GE-Phrase,239,99461,102171,2710
99456,99868,412,0,NTB,tipo assim,99456,99868,412
100294,101506,1212,0,GE-Phrase,239,99461,102171,2710
100294,101506,1212,0,NTB,realmente o avião que a gente vai voar,100294,101506,1212
102256,103393,1137,0,GE-Phrase,240,102171,104002,1831
102256,103393,1137,0,NTB,fazer ensaio nele,102256,103393,1137
103393,106072,2679,0,NTB,que tem essa parte também,103393,106072,2679
112081,113696,1615,0,GE-Phrase,242,113521,115411,1890
112081,113696,1615,0,NTB,que é aquelas coisa que fica mexendo e,112081,113696,1615
113696,114860,1164,0,GE-Phrase,242,113521,115411,1890
113696,114860,1164,0,NTB,que tem várias corzinhas,113696,114860,1164
114860,115793,933,0,NTB,bonitinhas e +,114860,115793,933
85824,88041,2217,0,GE-Phrase,235,87587,88868,1281
85824,88041,2217,0,NTB,que roda umas otimizações lá,85824,88041,2217
88041,89282,1241,0,NTB,umas viagem,88041,89282,1241
98828,99456,628,0,GE-Phrase,238,97522,99461,1939
98828,99456,628,0,NTB,normalmente é,98828,99456,628
99456,99868,412,0,GE-Phrase,239,99461,102171,2710
99456,99868,412,0,NTB,tipo assim,99456,99868,412
100294,101506,1212,0,GE-Phrase,239,99461,102171,2710
100294,101506,1212,0,NTB,realmente o avião que a gente vai voar,100294,101506,1212
102256,103393,1137,0,GE-Phrase,240,102171,104002,1831
102256,103393,1137,0,NTB,fazer ensaio nele,102256,103393,1137
103393,106072,2679,0,NTB,que tem essa parte também,103393,106072,2679
112081,113696,1615,0,GE-Phrase,242,113521,115411,1890
112081,113696,1615,0,NTB,que é aquelas coisa que fica mexendo e,112081,113696,1615
113696,114860,1164,0,GE-Phrase,242,113521,115411,1890
113696,114860,1164,0,NTB,que tem várias corzinhas,113696,114860,1164
114860,115793,933,0,NTB,bonitinhas e +,114860,115793,933
85824,88041,2217,0,GE-Phrase,235,87587,88868,1281
85824,88041,2217,0,NTB,que roda umas otimizações lá,85824,88041,2217
88041,89282,1241,0,NTB,umas viagem,88041,89282,1241
98828,99456,628,0,GE-Phrase,238,97522,99461,1939
98828,99456,628,0,NTB,normalmente é,98828,99456,628
99456,99868,412,0,GE-Phrase,239,99461,102171,2710
99456,99868,412,0,NTB,tipo assim,99456,99868,412
100294,101506,1212,0,GE-Phrase,239,99461,102171,2710
100294,101506,1212,0,NTB,realmente o avião que a gente vai voar,100294,101506,1212
102256,103393,1137,0,GE-Phrase,240,102171,104002,1831
102256,103393,1137,0,NTB,fazer ensaio nele,102256,103393,1137
103393,106072,2679,0,NTB,que tem essa parte também,103393,106072,2679
112081,113696,1615,0,GE-Phrase,242,113521,115411,1890
112081,113696,1615,0,NTB,que é aquelas coisa que fica mexendo e,112081,113696,1615
113696,114860,1164,0,GE-Phrase,242,113521,115411,1890
113696,114860,1164,0,NTB,que tem várias corzinhas,113696,114860,1164
114860,115793,933,0,NTB,bonitinhas e +,114860,115793,933
85824,88041,2217,0,GE-Phrase,235,87587,88868,1281
85824,88041,2217,0,NTB,que roda umas otimizações lá,85824,88041,2217
88041,89282,1241,0,NTB,umas viagem,88041,89282,1241
98828,99456,628,0,GE-Phrase,238,97522,99461,1939
98828,99456,628,0,NTB,normalmente é,98828,99456,628
99456,99868,412,0,GE-Phrase,239,99461,102171,2710
99456,99868,412,0,NTB,tipo assim,99456,99868,412
100294,101506,1212,0,GE-Phrase,239,99461,102171,2710
100294,101506,1212,0,NTB,realmente o avião que a gente vai voar,100294,101506,1212
102256,103393,1137,0,GE-Phrase,240,102171,104002,1831
102256,103393,1137,0,NTB,fazer ensaio nele,102256,103393,1137
103393,106072,2679,0,NTB,que tem essa parte também,103393,106072,2679
112081,113696,1615,0,GE-Phrase,242,113521,115411,1890
112081,113696,1615,0,NTB,que é aquelas coisa que fica mexendo e,112081,113696,1615
113696,114860,1164,0,GE-Phrase,242,113521,115411,1890
113696,114860,1164,0,NTB,que tem várias corzinhas,113696,114860,1164
114860,115793,933,0,NTB,bonitinhas e +,114860,115793,933
85824,88041,2217,0,GE-Phrase,235,87587,88868,1281
85824,88041,2217,0,NTB,que roda umas otimizações lá,85824,88041,2217
88041,89282,1241,0,NTB,umas viagem,88041,89282,1241
98828,99456,628,0,GE-Phrase,238,97522,99461,1939
98828,99456,628,0,NTB,normalmente é,98828,99456,628
99456,99868,412,0,GE-Phrase,239,99461,102171,2710
99456,99868,412,0,NTB,tipo assim,99456,99868,412
100294,101506,1212,0,GE-Phrase,239,99461,102171,2710
100294,101506,1212,0,NTB,realmente o avião que a gente vai voar,100294,101506,1212
102256,103393,1137,0,GE-Phrase,240,102171,104002,1831
102256,103393,1137,0,NTB,fazer ensaio nele,102256,103393,1137
103393,106072,2679,0,NTB,que tem essa parte também,103393,106072,2679
112081,113696,1615,0,GE-Phrase,242,113521,115411,1890
112081,113696,1615,0,NTB,que é aquelas coisa que fica mexendo e,112081,113696,1615
113696,114860,1164,0,GE-Phrase,242,113521,115411,1890
113696,114860,1164,0,NTB,que tem várias corzinhas,113696,114860,1164
114860,115793,933,0,NTB,bonitinhas e +,114860,115793,933
85824,88041,2217,0,GE-Phrase,235,87587,88868,1281
85824,88041,2217,0,NTB,que roda umas otimizações lá,85824,88041,2217
88041,89282,1241,0,NTB,umas viagem,88041,89282,1241
98828,99456,628,0,GE-Phrase,238,97522,99461,1939
98828,99456,628,0,NTB,normalmente é,98828,99456,628
99456,99868,412,0,GE-Phrase,239,99461,102171,2710
99456,99868,412,0,NTB,tipo assim,99456,99868,412
100294,101506,1212,0,GE-Phrase,239,99461,102171,2710
100294,101506,1212,0,NTB,realmente o avião que a gente vai voar,100294,101506,1212
102256,103393,1137,0,GE-Phrase,240,102171,104002,1831
102256,103393,1137,0,NTB,fazer ensaio nele,102256,103393,1137
103393,106072,2679,0,NTB,que tem essa parte também,103393,106072,2679
112081,113696,1615,0,GE-Phrase,242,113521,115411,1890
112081,113696,1615,0,NTB,que é aquelas coisa que fica mexendo e,112081,113696,1615
113696,114860,1164,0,GE-Phrase,242,113521,115411,1890
113696,114860,1164,0,NTB,que tem várias corzinhas,113696,114860,1164
114860,115793,933,0,NTB,bonitinhas e +,114860,115793,933
85824,88041,2217,0,GE-Phrase,235,87587,88868,1281
85824,88041,2217,0,NTB,que roda umas otimizações lá,85824,88041,2217
88041,89282,1241,0,NTB,umas viagem,88041,89282,1241
98828,99456,628,0,GE-Phrase,238,97522,99461,1939
98828,99456,628,0,NTB,normalmente é,98828,99456,628
99456,99868,412,0,GE-Phrase,239,99461,102171,2710
99456,99868,412,0,NTB,tipo assim,99456,99868,412
100294,101506,1212,0,GE-Phrase,239,99461,102171,2710
100294,101506,1212,0,NTB,realmente o avião que a gente vai voar,100294,101506,1212
102256,103393,1137,0,GE-Phrase,240,102171,104002,1831
102256,103393,1137,0,NTB,fazer ensaio nele,102256,103393,1137
103393,106072,2679,0,NTB,que tem essa parte também,103393,106072,2679
112081,113696,1615,0,GE-Phrase,242,113521,115411,1890
112081,113696,1615,0,NTB,que é aquelas coisa que fica mexendo e,112081,113696,1615
113696,114860,1164,0,GE-Phrase,242,113521,115411,1890
113696,114860,1164,0,NTB,que tem várias corzinhas,113696,114860,1164
114860,115793,933,0,NTB,bonitinhas e +,114860,115793,933
85824,88041,2217,0,GE-Phrase,235,87587,88868,1281
85824,88041,2217,0,NTB,que roda umas otimizações lá,85824,88041,2217
88041,89282,1241,0,NTB,umas viagem,88041,89282,1241
98828,99456,628,0,GE-Phrase,238,97522,99461,1939
98828,99456,628,0,NTB,normalmente é,98828,99456,628
99456,99868,412,0,GE-Phrase,239,99461,102171,2710
99456,99868,412,0,NTB,tipo assim,99456,99868,412
100294,101506,1212,0,GE-Phrase,239,99461,102171,2710
100294,101506,1212,0,NTB,realmente o avião que a gente vai voar,100294,101506,1212
102256,103393,1137,0,GE-Phrase,240,102171,104002,1831
102256,103393,1137,0,NTB,fazer ensaio nele,102256,103393,1137
103393,106072,2679,0,NTB,que tem essa parte também,103393,106072,2679
112081,113696,1615,0,GE-Phrase,242,113521,115411,1890
112081,113696,1615,0,NTB,que é aquelas coisa que fica mexendo e,112081,113696,1615
113696,114860,1164,0,GE-Phrase,242,113521,115411,1890
113696,114860,1164,0,NTB,que tem várias corzinhas,113696,114860,1164
114860,115793,933,0,NTB,bonitinhas e +,114860,115793,933
85824,88041,2217,0,GE-Phrase,235,87587,88868,1281
85824,88041,2217,0,NTB,que roda umas otimizações lá,85824,88041,2217
88041,89282,1241,0,NTB,umas viagem,88041,89282,1241
98828,99456,628,0,GE-Phrase,238,97522,99461,1939
98828,99456,628,0,NTB,normalmente é,98828,99456,628
99456,99868,412,0,GE-Phrase,239,99461,102171,2710
99456,99868,412,0,NTB,tipo assim,99456,99868,412
100294,101506,1212,0,GE-Phrase,239,99461,102171,2710
100294,101506,1212,0,NTB,realmente o avião que a gente vai voar,100294,101506,1212
102256,103393,1137,0,GE-Phrase,240,102171,104002,1831
102256,103393,1137,0,NTB,fazer ensaio nele,102256,103393,1137
103393,106072,2679,0,NTB,que tem essa parte também,103393,106072,2679
112081,113696,1615,0,GE-Phrase,242,113521,115411,1890
112081,113696,1615,0,NTB,que é aquelas coisa que fica mexendo e,112081,113696,1615
113696,114860,1164,0,GE-Phrase,242,113521,115411,1890
113696,114860,1164,0,NTB,que tem várias corzinhas,113696,114860,1164
114860,115793,933,0,NTB,bonitinhas e +,114860,115793,933
85824,88041,2217,0,GE-Phrase,235,87587,88868,1281
85824,88041,2217,0,NTB,que roda umas otimizações lá,85824,88041,2217
88041,89282,1241,0,NTB,umas viagem,88041,89282,1241
98828,99456,628,0,GE-Phrase,238,97522,99461,1939
98828,99456,628,0,NTB,normalmente é,98828,99456,628
99456,99868,412,0,GE-Phrase,239,99461,102171,2710
99456,99868,412,0,NTB,tipo assim,99456,99868,412
100294,101506,1212,0,GE-Phrase,239,99461,102171,2710
100294,101506,1212,0,NTB,realmente o avião que a gente vai voar,100294,101506,1212
102256,103393,1137,0,GE-Phrase,240,102171,104002,1831
102256,103393,1137,0,NTB,fazer ensaio nele,102256,103393,1137
103393,106072,2679,0,NTB,que tem essa parte também,103393,106072,2679
112081,113696,1615,0,GE-Phrase,242,113521,115411,1890
112081,113696,1615,0,NTB,que é aquelas coisa que fica mexendo e,112081,113696,1615
113696,114860,1164,0,GE-Phrase,242,113521,115411,1890
113696,114860,1164,0,NTB,que tem várias corzinhas,113696,114860,1164
114860,115793,933,0,NTB,bonitinhas e +,114860,115793,933
85824,88041,2217,0,GE-Phrase,235,87587,88868,1281
85824,88041,2217,0,NTB,que roda umas otimizações lá,85824,88041,2217
88041,89282,1241,0,NTB,umas viagem,88041,89282,1241
98828,99456,628,0,GE-Phrase,238,97522,99461,1939
98828,99456,628,0,NTB,normalmente é,98828,99456,628
99456,99868,412,0,GE-Phrase,239,99461,102171,2710
99456,99868,412,0,NTB,tipo assim,99456,99868,412
100294,101506,1212,0,GE-Phrase,239,99461,102171,2710
100294,101506,1212,0,NTB,realmente o avião que a gente vai voar,100294,101506,1212
102256,103393,1137,0,GE-Phrase,240,102171,104002,1831
102256,103393,1137,0,NTB,fazer ensaio nele,102256,103393,1137
103393,106072,2679,0,NTB,que tem essa parte também,103393,106072,2679
112081,113696,1615,0,GE-Phrase,242,113521,115411,1890
112081,113696,1615,0,NTB,que é aquelas coisa que fica mexendo e,112081,113696,1615
113696,114860,1164,0,GE-Phrase,242,113521,115411,1890
113696,114860,1164,0,NTB,que tem várias corzinhas,113696,114860,1164
114860,115793,933,0,NTB,bonitinhas e +,114860,115793,933
85824,88041,2217,0,GE-Phrase,235,87587,88868,1281
85824,88041,2217,0,NTB,que roda umas otimizações lá,85824,88041,2217
88041,89282,1241,0,NTB,umas viagem,88041,89282,1241
98828,99456,628,0,GE-Phrase,238,97522,99461,1939
98828,99456,628,0,NTB,normalmente é,98828,99456,628
99456,99868,412,0,GE-Phrase,239,99461,102171,2710
99456,99868,412,0,NTB,tipo assim,99456,99868,412
100294,101506,1212,0,GE-Phrase,239,99461,102171,2710
100294,101506,1212,0,NTB,realmente o avião que a gente vai voar,100294,101506,1212
102256,103393,1137,0,GE-Phrase,240,102171,104002,1831
102256,103393,1137,0,NTB,fazer ensaio nele,102256,103393,1137
103393,106072,2679,0,NTB,que tem essa parte também,103393,106072,2679
112081,113696,1615,0,GE-Phrase,242,113521,115411,1890
112081,113696,1615,0,NTB,que é aquelas coisa que fica mexendo e,112081,113696,1615
113696,114860,1164,0,GE-Phrase,242,113521,115411,1890
113696,114860,1164,0,NTB,que tem várias corzinhas,113696,114860,1164
114860,115793,933,0,NTB,bonitinhas e +,114860,115793,933
85824,88041,2217,0,GE-Phrase,235,87587,88868,1281
85824,88041,2217,0,NTB,que roda umas otimizações lá,85824,88041,2217
88041,89282,1241,0,NTB,umas viagem,88041,89282,1241
98828,99456,628,0,GE-Phrase,238,97522,99461,1939
98828,99456,628,0,NTB,normalmente é,98828,99456,628
99456,99868,412,0,GE-Phrase,239,99461,102171,2710
99456,99868,412,0,NTB,tipo assim,99456,99868,412
100294,101506,1212,0,GE-Phrase,239,99461,102171,2710
100294,101506,1212,0,NTB,realmente o avião que a gente vai voar,100294,101506,1212
102256,103393,1137,0,GE-Phrase,240,102171,104002,1831
102256,103393,1137,0,NTB,fazer ensaio nele,102256,103393,1137
103393,106072,2679,0,NTB,que tem essa parte também,103393,106072,2679
112081,113696,1615,0,GE-Phrase,242,113521,115411,1890
112081,113696,1615,0,NTB,que é aquelas coisa que fica mexendo e,112081,113696,1615
113696,114860,1164,0,GE-Phrase,242,113521,115411,1890
113696,114860,1164,0,NTB,que tem várias corzinhas,113696,114860,1164
114860,115793,933,0,NTB,bonitinhas e +,114860,115793,933
85824,88041,2217,0,GE-Phrase,235,87587,88868,1281
85824,88041,2217,0,NTB,que roda umas otimizações lá,85824,88041,2217
88041,89282,1241,0,NTB,umas viagem,88041,89282,1241
98828,99456,628,0,GE-Phrase,238,97522,99461,1939
98828,99456,628,0,NTB,normalmente é,98828,99456,628
99456,99868,412,0,GE-Phrase,239,99461,102171,2710
99456,99868,412,0,NTB,tipo assim,99456,99868,412
100294,101506,1212,0,GE-Phrase,239,99461,102171,2710
100294,101506,1212,0,NTB,realmente o avião que a gente vai voar,100294,101506,1212
102256,103393,1137,0,GE-Phrase,240,102171,104002,1831
102256,103393,1137,0,NTB,fazer ensaio nele,102256,103393,1137
103393,106072,2679,0,NTB,que tem essa parte também,103393,106072,2679
112081,113696,1615,0,GE-Phrase,242,113521,115411,1890
112081,113696,1615,0,NTB,que é aquelas coisa que fica mexendo e,112081,113696,1615
113696,114860,1164,0,GE-Phrase,242,113521,115411,1890
113696,114860,1164,0,NTB,que tem várias corzinhas,113696,114860,1164
114860,115793,933,0,NTB,bonitinhas e +,114860,115793,933
85824,88041,2217,0,GE-Phrase,235,87587,88868,1281
85824,88041,2217,0,NTB,que roda umas otimizações lá,85824,88041,2217
88041,89282,1241,0,NTB,umas viagem,88041,89282,1241
98828,99456,628,0,GE-Phrase,238,97522,99461,1939
98828,99456,628,0,NTB,normalmente é,98828,99456,628
99456,99868,412,0,GE-Phrase,239,99461,102171,2710
99456,99868,412,0,NTB,tipo assim,99456,99868,412
100294,101506,1212,0,GE-Phrase,239,99461,102171,2710
100294,101506,1212,0,NTB,realmente o avião que a gente vai voar,100294,101506,1212
102256,103393,1137,0,GE-Phrase,240,102171,104002,1831
102256,103393,1137,0,NTB,fazer ensaio nele,102256,103393,1137
103393,106072,2679,0,NTB,que tem essa parte também,103393,106072,2679
112081,113696,1615,0,GE-Phrase,242,113521,115411,1890
112081,113696,1615,0,NTB,que é aquelas coisa que fica mexendo e,112081,113696,1615
113696,114860,1164,0,GE-Phrase,242,113521,115411,1890
113696,114860,1164,0,NTB,que tem várias corzinhas,113696,114860,1164
114860,115793,933,0,NTB,bonitinhas e +,114860,115793,933
85824,88041,2217,0,GE-Phrase,235,87587,88868,1281
85824,88041,2217,0,NTB,que roda umas otimizações lá,85824,88041,2217
88041,89282,1241,0,NTB,umas viagem,88041,89282,1241
98828,99456,628,0,GE-Phrase,238,97522,99461,1939
98828,99456,628,0,NTB,normalmente é,98828,99456,628
99456,99868,412,0,GE-Phrase,239,99461,102171,2710
99456,99868,412,0,NTB,tipo assim,99456,99868,412
100294,101506,1212,0,GE-Phrase,239,99461,102171,2710
100294,101506,1212,0,NTB,realmente o avião que a gente vai voar,100294,101506,1212
102256,103393,1137,0,GE-Phrase,240,102171,104002,1831
102256,103393,1137,0,NTB,fazer ensaio nele,102256,103393,1137
103393,106072,2679,0,NTB,que tem essa parte também,103393,106072,2679
112081,113696,1615,0,GE-Phrase,242,113521,115411,1890
112081,113696,1615,0,NTB,que é aquelas coisa que fica mexendo e,112081,113696,1615
113696,114860,1164,0,GE-Phrase,242,113521,115411,1890
113696,114860,1164,0,NTB,que tem várias corzinhas,113696,114860,1164
114860,115793,933,0,NTB,bonitinhas e +,114860,115793,933
85824,88041,2217,0,GE-Phrase,235,87587,88868,1281
85824,88041,2217,0,NTB,que roda umas otimizações lá,85824,88041,2217
88041,89282,1241,0,NTB,umas viagem,88041,89282,1241
98828,99456,628,0,GE-Phrase,238,97522,99461,1939
98828,99456,628,0,NTB,normalmente é,98828,99456,628
99456,99868,412,0,GE-Phrase,239,99461,102171,2710
99456,99868,412,0,NTB,tipo assim,99456,99868,412
100294,101506,1212,0,GE-Phrase,239,99461,102171,2710
100294,101506,1212,0,NTB,realmente o avião que a gente vai voar,100294,101506,1212
102256,103393,1137,0,GE-Phrase,240,102171,104002,1831
102256,103393,1137,0,NTB,fazer ensaio nele,102256,103393,1137
103393,106072,2679,0,NTB,que tem essa parte também,103393,106072,2679
112081,113696,1615,0,GE-Phrase,242,113521,115411,1890
112081,113696,1615,0,NTB,que é aquelas coisa que fica mexendo e,112081,113696,1615
113696,114860,1164,0,GE-Phrase,242,113521,115411,1890
113696,114860,1164,0,NTB,que tem várias corzinhas,113696,114860,1164
114860,115793,933,0,NTB,bonitinhas e +,114860,115793,933
85824,88041,2217,0,GE-Phrase,235,87587,88868,1281
85824,88041,2217,0,NTB,que roda umas otimizações lá,85824,88041,2217
88041,89282,1241,0,NTB,umas viagem,88041,89282,1241
98828,99456,628,0,GE-Phrase,238,97522,99461,1939
98828,99456,628,0,NTB,normalmente é,98828,99456,628
99456,99868,412,0,GE-Phrase,239,99461,102171,2710
99456,99868,412,0,NTB,tipo assim,99456,99868,412
100294,101506,1212,0,GE-Phrase,239,99461,102171,2710
100294,101506,1212,0,NTB,realmente o avião que a gente vai voar,100294,101506,1212
102256,103393,1137,0,GE-Phrase,240,102171,104002,1831
102256,103393,1137,0,NTB,fazer ensaio nele,102256,103393,1137
103393,106072,2679,0,NTB,que tem essa parte também,103393,106072,2679
112081,113696,1615,0,GE-Phrase,242,113521,115411,1890
112081,113696,1615,0,NTB,que é aquelas coisa que fica mexendo e,112081,113696,1615
113696,114860,1164,0,GE-Phrase,242,113521,115411,1890
113696,114860,1164,0,NTB,que tem várias corzinhas,113696,114860,1164
114860,115793,933,0,NTB,bonitinhas e +,114860,115793,933
85824,88041,2217,0,GE-Phrase,235,87587,88868,1281
85824,88041,2217,0,NTB,que roda umas otimizações lá,85824,88041,2217
88041,89282,1241,0,NTB,umas viagem,88041,89282,1241
98828,99456,628,0,GE-Phrase,238,97522,99461,1939
98828,99456,628,0,NTB,normalmente é,98828,99456,628
99456,99868,412,0,GE-Phrase,239,99461,102171,2710
99456,99868,412,0,NTB,tipo assim,99456,99868,412
100294,101506,1212,0,GE-Phrase,239,99461,102171,2710
100294,101506,1212,0,NTB,realmente o avião que a gente vai voar,100294,101506,1212
102256,103393,1137,0,GE-Phrase,240,102171,104002,1831
102256,103393,1137,0,NTB,fazer ensaio nele,102256,103393,1137
103393,106072,2679,0,NTB,que tem essa parte também,103393,106072,2679
112081,113696,1615,0,GE-Phrase,242,113521,115411,1890
112081,113696,1615,0,NTB,que é aquelas coisa que fica mexendo e,112081,113696,1615
113696,114860,1164,0,GE-Phrase,242,113521,115411,1890
113696,114860,1164,0,NTB,que tem várias corzinhas,113696,114860,1164
114860,115793,933,0,NTB,bonitinhas e +,114860,115793,933
85824,88041,2217,0,GE-Phrase,235,87587,88868,1281
85824,88041,2217,0,NTB,que roda umas otimizações lá,85824,88041,2217
88041,89282,1241,0,NTB,umas viagem,88041,89282,1241
98828,99456,628,0,GE-Phrase,238,97522,99461,1939
98828,99456,628,0,NTB,normalmente é,98828,99456,628
99456,99868,412,0,GE-Phrase,239,99461,102171,2710
99456,99868,412,0,NTB,tipo assim,99456,99868,412
100294,101506,1212,0,GE-Phrase,239,99461,102171,2710
100294,101506,1212,0,NTB,realmente o avião que a gente vai voar,100294,101506,1212
102256,103393,1137,0,GE-Phrase,240,102171,104002,1831
102256,103393,1137,0,NTB,fazer ensaio nele,102256,103393,1137
103393,106072,2679,0,NTB,que tem essa parte também,103393,106072,2679
112081,113696,1615,0,GE-Phrase,242,113521,115411,1890
112081,113696,1615,0,NTB,que é aquelas coisa que fica mexendo e,112081,113696,1615
113696,114860,1164,0,GE-Phrase,242,113521,115411,1890
113696,114860,1164,0,NTB,que tem várias corzinhas,113696,114860,1164
114860,115793,933,0,NTB,bonitinhas e +,114860,115793,933
85824,88041,2217,0,GE-Phrase,235,87587,88868,1281
85824,88041,2217,0,NTB,que roda umas otimizações lá,85824,88041,2217
88041,89282,1241,0,NTB,umas viagem,88041,89282,1241
98828,99456,628,0,GE-Phrase,238,97522,99461,1939
98828,99456,628,0,NTB,normalmente é,98828,99456,628
99456,99868,412,0,GE-Phrase,239,99461,102171,2710
99456,99868,412,0,NTB,tipo assim,99456,99868,412
100294,101506,1212,0,GE-Phrase,239,99461,102171,2710
100294,101506,1212,0,NTB,realmente o avião que a gente vai voar,100294,101506,1212
102256,103393,1137,0,GE-Phrase,240,102171,104002,1831
102256,103393,1137,0,NTB,fazer ensaio nele,102256,103393,1137
103393,106072,2679,0,NTB,que tem essa parte também,103393,106072,2679
112081,113696,1615,0,GE-Phrase,242,113521,115411,1890
112081,113696,1615,0,NTB,que é aquelas coisa que fica mexendo e,112081,113696,1615
113696,114860,1164,0,GE-Phrase,242,113521,115411,1890
113696,114860,1164,0,NTB,que tem várias corzinhas,113696,114860,1164
114860,115793,933,0,NTB,bonitinhas e +,114860,115793,933
85824,88041,2217,0,GE-Phrase,235,87587,88868,1281
85824,88041,2217,0,NTB,que roda umas otimizações lá,85824,88041,2217
88041,89282,1241,0,NTB,umas viagem,88041,89282,1241
98828,99456,628,0,GE-Phrase,238,97522,99461,1939
98828,99456,628,0,NTB,normalmente é,98828,99456,628
99456,99868,412,0,GE-Phrase,239,99461,102171,2710
99456,99868,412,0,NTB,tipo assim,99456,99868,412
100294,101506,1212,0,GE-Phrase,239,99461,102171,2710
100294,101506,1212,0,NTB,realmente o avião que a gente vai voar,100294,101506,1212
102256,103393,1137,0,GE-Phrase,240,102171,104002,1831
102256,103393,1137,0,NTB,fazer ensaio nele,102256,103393,1137
103393,106072,2679,0,NTB,que tem essa parte também,103393,106072,2679
112081,113696,1615,0,GE-Phrase,242,113521,115411,1890
112081,113696,1615,0,NTB,que é aquelas coisa que fica mexendo e,112081,113696,1615
113696,114860,1164,0,GE-Phrase,242,113521,115411,1890
113696,114860,1164,0,NTB,que tem várias corzinhas,113696,114860,1164
114860,115793,933,0,NTB,bonitinhas e +,114860,115793,933
85824,88041,2217,0,GE-Phrase,235,87587,88868,1281
85824,88041,2217,0,NTB,que roda umas otimizações lá,85824,88041,2217
88041,89282,1241,0,NTB,umas viagem,88041,89282,1241
98828,99456,628,0,GE-Phrase,238,97522,99461,1939
98828,99456,628,0,NTB,normalmente é,98828,99456,628
99456,99868,412,0,GE-Phrase,239,99461,102171,2710
99456,99868,412,0,NTB,tipo assim,99456,99868,412
100294,101506,1212,0,GE-Phrase,239,99461,102171,2710
100294,101506,1212,0,NTB,realmente o avião que a gente vai voar,100294,101506,1212
102256,103393,1137,0,GE-Phrase,240,102171,104002,1831
102256,103393,1137,0,NTB,fazer ensaio nele,102256,103393,1137
103393,106072,2679,0,NTB,que tem essa parte também,103393,106072,2679
112081,113696,1615,0,GE-Phrase,242,113521,115411,1890
112081,113696,1615,0,NTB,que é aquelas coisa que fica mexendo e,112081,113696,1615
113696,114860,1164,0,GE-Phrase,242,113521,115411,1890
113696,114860,1164,0,NTB,que tem várias corzinhas,113696,114860,1164
114860,115793,933,0,NTB,bonitinhas e +,114860,115793,933
85824,88041,2217,0,GE-Phrase,235,87587,88868,1281
85824,88041,2217,0,NTB,que roda umas otimizações lá,85824,88041,2217
88041,89282,1241,0,NTB,umas viagem,88041,89282,1241
98828,99456,628,0,GE-Phrase,238,97522,99461,1939
98828,99456,628,0,NTB,normalmente é,98828,99456,628
99456,99868,412,0,GE-Phrase,239,99461,102171,2710
99456,99868,412,0,NTB,tipo assim,99456,99868,412
100294,101506,1212,0,GE-Phrase,239,99461,102171,2710
100294,101506,1212,0,NTB,realmente o avião que a gente vai voar,100294,101506,1212
102256,103393,1137,0,GE-Phrase,240,102171,104002,1831
102256,103393,1137,0,NTB,fazer ensaio nele,102256,103393,1137
103393,106072,2679,0,NTB,que tem essa parte também,103393,106072,2679
112081,113696,1615,0,GE-Phrase,242,113521,115411,1890
112081,113696,1615,0,NTB,que é aquelas coisa que fica mexendo e,112081,113696,1615
113696,114860,1164,0,GE-Phrase,242,113521,115411,1890
113696,114860,1164,0,NTB,que tem várias corzinhas,113696,114860,1164
114860,115793,933,0,NTB,bonitinhas e +,114860,115793,933
85824,88041,2217,0,GE-Phrase,235,87587,88868,1281
85824,88041,2217,0,NTB,que roda umas otimizações lá,85824,88041,2217
88041,89282,1241,0,NTB,umas viagem,88041,89282,1241
98828,99456,628,0,GE-Phrase,238,97522,99461,1939
98828,99456,628,0,NTB,normalmente é,98828,99456,628
99456,99868,412,0,GE-Phrase,239,99461,102171,2710
99456,99868,412,0,NTB,tipo assim,99456,99868,412
100294,101506,1212,0,GE-Phrase,239,99461,102171,2710
100294,101506,1212,0,NTB,realmente o avião que a gente vai voar,100294,101506,1212
102256,103393,1137,0,GE-Phrase,240,102171,104002,1831
102256,103393,1137,0,NTB,fazer ensaio nele,102256,103393,1137
103393,106072,2679,0,NTB,que tem essa parte também,103393,106072,2679
112081,113696,1615,0,GE-Phrase,242,113521,115411,1890
112081,113696,1615,0,NTB,que é aquelas coisa que fica mexendo e,112081,113696,1615
113696,114860,1164,0,GE-Phrase,242,113521,115411,1890
113696,114860,1164,0,NTB,que tem várias corzinhas,113696,114860,1164
114860,115793,933,0,NTB,bonitinhas e +,114860,115793,933
4370,5588,1218,0,GE-Phrase,201,2608,9088,6480
4370,5588,1218,0,NTB,aonde a gente ia,4370,5588,1218
5588,7444,1856,0,GE-Phrase,201,2608,9088,6480
5588,7444,1856,0,NTB,quando a gente era criança,5588,7444,1856
76336,77920,1584,0,GE-Phrase,227,77639,79279,1640
76336,77920,1584,0,NTB,que era só um corredorzinho,76336,77920,1584
77920,79367,1447,0,GE-Phrase,228,79279,80954,1675
77920,79367,1447,0,NTB,que depois virou,77920,79367,1447
79367,79692,325,0,GE-Phrase,228,79279,80954,1675
79367,79692,325,0,NTB,né,79367,79692,325
79692,81357,1665,0,GE-Phrase,229,80954,82638,1684
79692,81357,1665,0,NTB,um negócio enorme,79692,81357,1665
88201,89296,1095,0,NTB,<cheguei nisso> +,88201,89296,1095
93305,94317,1012,0,NTB,achei que eu fosse odiar,93305,94317,1012
95089,96173,1084,0,NTB,eu gostei,95089,96173,1084
96511,97855,1344,0,GE-Phrase,230,97846,98708,862
96511,97855,1344,0,NTB,hoje eu vejo que depende &n [/1],96511,97855,1344
97855,98199,344,0,GE-Phrase,230,97846,98708,862
97855,98199,344,0,NTB,né,97855,98199,344
98199,98848,649,0,GE-Phrase,231,98708,100412,1704
98199,98848,649,0,NTB,do aluno,98199,98848,649
98848,100935,2087,0,NTB,da interação que cê tem com aluno,98848,100935,2087
137105,138339,1234,0,GE-Phrase,236,138001,139371,1370
137105,138339,1234,0,NTB,em inglês obviamente,137105,138339,1234
138339,139647,1308,0,GE-Phrase,237,139371,143181,3810
138339,139647,1308,0,NTB,a gente tinha livro e tudo,138339,139647,1308
4370,5588,1218,0,GE-Phrase,201,2608,9088,6480
4370,5588,1218,0,NTB,aonde a gente ia,4370,5588,1218
5588,7444,1856,0,GE-Phrase,201,2608,9088,6480
5588,7444,1856,0,NTB,quando a gente era criança,5588,7444,1856
76336,77920,1584,0,GE-Phrase,227,77639,79279,1640
76336,77920,1584,0,NTB,que era só um corredorzinho,76336,77920,1584
77920,79367,1447,0,GE-Phrase,228,79279,80954,1675
77920,79367,1447,0,NTB,que depois virou,77920,79367,1447
79367,79692,325,0,GE-Phrase,228,79279,80954,1675
79367,79692,325,0,NTB,né,79367,79692,325
79692,81357,1665,0,GE-Phrase,229,80954,82638,1684
79692,81357,1665,0,NTB,um negócio enorme,79692,81357,1665
88201,89296,1095,0,NTB,<cheguei nisso> +,88201,89296,1095
93305,94317,1012,0,NTB,achei que eu fosse odiar,93305,94317,1012
95089,96173,1084,0,NTB,eu gostei,95089,96173,1084
96511,97855,1344,0,GE-Phrase,230,97846,98708,862
96511,97855,1344,0,NTB,hoje eu vejo que depende &n [/1],96511,97855,1344
97855,98199,344,0,GE-Phrase,230,97846,98708,862
97855,98199,344,0,NTB,né,97855,98199,344
98199,98848,649,0,GE-Phrase,231,98708,100412,1704
98199,98848,649,0,NTB,do aluno,98199,98848,649
98848,100935,2087,0,NTB,da interação que cê tem com aluno,98848,100935,2087
137105,138339,1234,0,GE-Phrase,236,138001,139371,1370
137105,138339,1234,0,NTB,em inglês obviamente,137105,138339,1234
138339,139647,1308,0,GE-Phrase,237,139371,143181,3810
138339,139647,1308,0,NTB,a gente tinha livro e tudo,138339,139647,1308
4370,5588,1218,0,GE-Phrase,201,2608,9088,6480
4370,5588,1218,0,NTB,aonde a gente ia,4370,5588,1218
5588,7444,1856,0,GE-Phrase,201,2608,9088,6480
5588,7444,1856,0,NTB,quando a gente era criança,5588,7444,1856
76336,77920,1584,0,GE-Phrase,227,77639,79279,1640
76336,77920,1584,0,NTB,que era só um corredorzinho,76336,77920,1584
77920,79367,1447,0,GE-Phrase,228,79279,80954,1675
77920,79367,1447,0,NTB,que depois virou,77920,79367,1447
79367,79692,325,0,GE-Phrase,228,79279,80954,1675
79367,79692,325,0,NTB,né,79367,79692,325
79692,81357,1665,0,GE-Phrase,229,80954,82638,1684
79692,81357,1665,0,NTB,um negócio enorme,79692,81357,1665
88201,89296,1095,0,NTB,<cheguei nisso> +,88201,89296,1095
93305,94317,1012,0,NTB,achei que eu fosse odiar,93305,94317,1012
95089,96173,1084,0,NTB,eu gostei,95089,96173,1084
96511,97855,1344,0,GE-Phrase,230,97846,98708,862
96511,97855,1344,0,NTB,hoje eu vejo que depende &n [/1],96511,97855,1344
97855,98199,344,0,GE-Phrase,230,97846,98708,862
97855,98199,344,0,NTB,né,97855,98199,344
98199,98848,649,0,GE-Phrase,231,98708,100412,1704
98199,98848,649,0,NTB,do aluno,98199,98848,649
98848,100935,2087,0,NTB,da interação que cê tem com aluno,98848,100935,2087
137105,138339,1234,0,GE-Phrase,236,138001,139371,1370
137105,138339,1234,0,NTB,em inglês obviamente,137105,138339,1234
138339,139647,1308,0,GE-Phrase,237,139371,143181,3810
138339,139647,1308,0,NTB,a gente tinha livro e tudo,138339,139647,1308
4370,5588,1218,0,GE-Phrase,201,2608,9088,6480
4370,5588,1218,0,NTB,aonde a gente ia,4370,5588,1218
5588,7444,1856,0,GE-Phrase,201,2608,9088,6480
5588,7444,1856,0,NTB,quando a gente era criança,5588,7444,1856
76336,77920,1584,0,GE-Phrase,227,77639,79279,1640
76336,77920,1584,0,NTB,que era só um corredorzinho,76336,77920,1584
77920,79367,1447,0,GE-Phrase,228,79279,80954,1675
77920,79367,1447,0,NTB,que depois virou,77920,79367,1447
79367,79692,325,0,GE-Phrase,228,79279,80954,1675
79367,79692,325,0,NTB,né,79367,79692,325
79692,81357,1665,0,GE-Phrase,229,80954,82638,1684
79692,81357,1665,0,NTB,um negócio enorme,79692,81357,1665
88201,89296,1095,0,NTB,<cheguei nisso> +,88201,89296,1095
93305,94317,1012,0,NTB,achei que eu fosse odiar,93305,94317,1012
95089,96173,1084,0,NTB,eu gostei,95089,96173,1084
96511,97855,1344,0,GE-Phrase,230,97846,98708,862
96511,97855,1344,0,NTB,hoje eu vejo que depende &n [/1],96511,97855,1344
97855,98199,344,0,GE-Phrase,230,97846,98708,862
97855,98199,344,0,NTB,né,97855,98199,344
98199,98848,649,0,GE-Phrase,231,98708,100412,1704
98199,98848,649,0,NTB,do aluno,98199,98848,649
98848,100935,2087,0,NTB,da interação que cê tem com aluno,98848,100935,2087
137105,138339,1234,0,GE-Phrase,236,138001,139371,1370
137105,138339,1234,0,NTB,em inglês obviamente,137105,138339,1234
138339,139647,1308,0,GE-Phrase,237,139371,143181,3810
138339,139647,1308,0,NTB,a gente tinha livro e tudo,138339,139647,1308
4370,5588,1218,0,GE-Phrase,201,2608,9088,6480
4370,5588,1218,0,NTB,aonde a gente ia,4370,5588,1218
5588,7444,1856,0,GE-Phrase,201,2608,9088,6480
5588,7444,1856,0,NTB,quando a gente era criança,5588,7444,1856
76336,77920,1584,0,GE-Phrase,227,77639,79279,1640
76336,77920,1584,0,NTB,que era só um corredorzinho,76336,77920,1584
77920,79367,1447,0,GE-Phrase,228,79279,80954,1675
77920,79367,1447,0,NTB,que depois virou,77920,79367,1447
79367,79692,325,0,GE-Phrase,228,79279,80954,1675
79367,79692,325,0,NTB,né,79367,79692,325
79692,81357,1665,0,GE-Phrase,229,80954,82638,1684
79692,81357,1665,0,NTB,um negócio enorme,79692,81357,1665
88201,89296,1095,0,NTB,<cheguei nisso> +,88201,89296,1095
93305,94317,1012,0,NTB,achei que eu fosse odiar,93305,94317,1012
95089,96173,1084,0,NTB,eu gostei,95089,96173,1084
96511,97855,1344,0,GE-Phrase,230,97846,98708,862
96511,97855,1344,0,NTB,hoje eu vejo que depende &n [/1],96511,97855,1344
97855,98199,344,0,GE-Phrase,230,97846,98708,862
97855,98199,344,0,NTB,né,97855,98199,344
98199,98848,649,0,GE-Phrase,231,98708,100412,1704
98199,98848,649,0,NTB,do aluno,98199,98848,649
98848,100935,2087,0,NTB,da interação que cê tem com aluno,98848,100935,2087
137105,138339,1234,0,GE-Phrase,236,138001,139371,1370
137105,138339,1234,0,NTB,em inglês obviamente,137105,138339,1234
138339,139647,1308,0,GE-Phrase,237,139371,143181,3810
138339,139647,1308,0,NTB,a gente tinha livro e tudo,138339,139647,1308
4370,5588,1218,0,GE-Phrase,201,2608,9088,6480
4370,5588,1218,0,NTB,aonde a gente ia,4370,5588,1218
5588,7444,1856,0,GE-Phrase,201,2608,9088,6480
5588,7444,1856,0,NTB,quando a gente era criança,5588,7444,1856
76336,77920,1584,0,GE-Phrase,227,77639,79279,1640
76336,77920,1584,0,NTB,que era só um corredorzinho,76336,77920,1584
77920,79367,1447,0,GE-Phrase,228,79279,80954,1675
77920,79367,1447,0,NTB,que depois virou,77920,79367,1447
79367,79692,325,0,GE-Phrase,228,79279,80954,1675
79367,79692,325,0,NTB,né,79367,79692,325
79692,81357,1665,0,GE-Phrase,229,80954,82638,1684
79692,81357,1665,0,NTB,um negócio enorme,79692,81357,1665
88201,89296,1095,0,NTB,<cheguei nisso> +,88201,89296,1095
93305,94317,1012,0,NTB,achei que eu fosse odiar,93305,94317,1012
95089,96173,1084,0,NTB,eu gostei,95089,96173,1084
96511,97855,1344,0,GE-Phrase,230,97846,98708,862
96511,97855,1344,0,NTB,hoje eu vejo que depende &n [/1],96511,97855,1344
97855,98199,344,0,GE-Phrase,230,97846,98708,862
97855,98199,344,0,NTB,né,97855,98199,344
98199,98848,649,0,GE-Phrase,231,98708,100412,1704
98199,98848,649,0,NTB,do aluno,98199,98848,649
98848,100935,2087,0,NTB,da interação que cê tem com aluno,98848,100935,2087
137105,138339,1234,0,GE-Phrase,236,138001,139371,1370
137105,138339,1234,0,NTB,em inglês obviamente,137105,138339,1234
138339,139647,1308,0,GE-Phrase,237,139371,143181,3810
138339,139647,1308,0,NTB,a gente tinha livro e tudo,138339,139647,1308
4370,5588,1218,0,GE-Phrase,201,2608,9088,6480
4370,5588,1218,0,NTB,aonde a gente ia,4370,5588,1218
5588,7444,1856,0,GE-Phrase,201,2608,9088,6480
5588,7444,1856,0,NTB,quando a gente era criança,5588,7444,1856
76336,77920,1584,0,GE-Phrase,227,77639,79279,1640
76336,77920,1584,0,NTB,que era só um corredorzinho,76336,77920,1584
77920,79367,1447,0,GE-Phrase,228,79279,80954,1675
77920,79367,1447,0,NTB,que depois virou,77920,79367,1447
79367,79692,325,0,GE-Phrase,228,79279,80954,1675
79367,79692,325,0,NTB,né,79367,79692,325
79692,81357,1665,0,GE-Phrase,229,80954,82638,1684
79692,81357,1665,0,NTB,um negócio enorme,79692,81357,1665
88201,89296,1095,0,NTB,<cheguei nisso> +,88201,89296,1095
93305,94317,1012,0,NTB,achei que eu fosse odiar,93305,94317,1012
95089,96173,1084,0,NTB,eu gostei,95089,96173,1084
96511,97855,1344,0,GE-Phrase,230,97846,98708,862
96511,97855,1344,0,NTB,hoje eu vejo que depende &n [/1],96511,97855,1344
97855,98199,344,0,GE-Phrase,230,97846,98708,862
97855,98199,344,0,NTB,né,97855,98199,344
98199,98848,649,0,GE-Phrase,231,98708,100412,1704
98199,98848,649,0,NTB,do aluno,98199,98848,649
98848,100935,2087,0,NTB,da interação que cê tem com aluno,98848,100935,2087
137105,138339,1234,0,GE-Phrase,236,138001,139371,1370
137105,138339,1234,0,NTB,em inglês obviamente,137105,138339,1234
138339,139647,1308,0,GE-Phrase,237,139371,143181,3810
138339,139647,1308,0,NTB,a gente tinha livro e tudo,138339,139647,1308
4370,5588,1218,0,GE-Phrase,201,2608,9088,6480
4370,5588,1218,0,NTB,aonde a gente ia,4370,5588,1218
5588,7444,1856,0,GE-Phrase,201,2608,9088,6480
5588,7444,1856,0,NTB,quando a gente era criança,5588,7444,1856
76336,77920,1584,0,GE-Phrase,227,77639,79279,1640
76336,77920,1584,0,NTB,que era só um corredorzinho,76336,77920,1584
77920,79367,1447,0,GE-Phrase,228,79279,80954,1675
77920,79367,1447,0,NTB,que depois virou,77920,79367,1447
79367,79692,325,0,GE-Phrase,228,79279,80954,1675
79367,79692,325,0,NTB,né,79367,79692,325
79692,81357,1665,0,GE-Phrase,229,80954,82638,1684
79692,81357,1665,0,NTB,um negócio enorme,79692,81357,1665
88201,89296,1095,0,NTB,<cheguei nisso> +,88201,89296,1095
93305,94317,1012,0,NTB,achei que eu fosse odiar,93305,94317,1012
95089,96173,1084,0,NTB,eu gostei,95089,96173,1084
96511,97855,1344,0,GE-Phrase,230,97846,98708,862
96511,97855,1344,0,NTB,hoje eu vejo que depende &n [/1],96511,97855,1344
97855,98199,344,0,GE-Phrase,230,97846,98708,862
97855,98199,344,0,NTB,né,97855,98199,344
98199,98848,649,0,GE-Phrase,231,98708,100412,1704
98199,98848,649,0,NTB,do aluno,98199,98848,649
98848,100935,2087,0,NTB,da interação que cê tem com aluno,98848,100935,2087
137105,138339,1234,0,GE-Phrase,236,138001,139371,1370
137105,138339,1234,0,NTB,em inglês obviamente,137105,138339,1234
138339,139647,1308,0,GE-Phrase,237,139371,143181,3810
138339,139647,1308,0,NTB,a gente tinha livro e tudo,138339,139647,1308
4370,5588,1218,0,GE-Phrase,201,2608,9088,6480
4370,5588,1218,0,NTB,aonde a gente ia,4370,5588,1218
5588,7444,1856,0,GE-Phrase,201,2608,9088,6480
5588,7444,1856,0,NTB,quando a gente era criança,5588,7444,1856
76336,77920,1584,0,GE-Phrase,227,77639,79279,1640
76336,77920,1584,0,NTB,que era só um corredorzinho,76336,77920,1584
77920,79367,1447,0,GE-Phrase,228,79279,80954,1675
77920,79367,1447,0,NTB,que depois virou,77920,79367,1447
79367,79692,325,0,GE-Phrase,228,79279,80954,1675
79367,79692,325,0,NTB,né,79367,79692,325
79692,81357,1665,0,GE-Phrase,229,80954,82638,1684
79692,81357,1665,0,NTB,um negócio enorme,79692,81357,1665
88201,89296,1095,0,NTB,<cheguei nisso> +,88201,89296,1095
93305,94317,1012,0,NTB,achei que eu fosse odiar,93305,94317,1012
95089,96173,1084,0,NTB,eu gostei,95089,96173,1084
96511,97855,1344,0,GE-Phrase,230,97846,98708,862
96511,97855,1344,0,NTB,hoje eu vejo que depende &n [/1],96511,97855,1344
97855,98199,344,0,GE-Phrase,230,97846,98708,862
97855,98199,344,0,NTB,né,97855,98199,344
98199,98848,649,0,GE-Phrase,231,98708,100412,1704
98199,98848,649,0,NTB,do aluno,98199,98848,649
98848,100935,2087,0,NTB,da interação que cê tem com aluno,98848,100935,2087
137105,138339,1234,0,GE-Phrase,236,138001,139371,1370
137105,138339,1234,0,NTB,em inglês obviamente,137105,138339,1234
138339,139647,1308,0,GE-Phrase,237,139371,143181,3810
138339,139647,1308,0,NTB,a gente tinha livro e tudo,138339,139647,1308
4370,5588,1218,0,GE-Phrase,201,2608,9088,6480
4370,5588,1218,0,NTB,aonde a gente ia,4370,5588,1218
5588,7444,1856,0,GE-Phrase,201,2608,9088,6480
5588,7444,1856,0,NTB,quando a gente era criança,5588,7444,1856
76336,77920,1584,0,GE-Phrase,227,77639,79279,1640
76336,77920,1584,0,NTB,que era só um corredorzinho,76336,77920,1584
77920,79367,1447,0,GE-Phrase,228,79279,80954,1675
77920,79367,1447,0,NTB,que depois virou,77920,79367,1447
79367,79692,325,0,GE-Phrase,228,79279,80954,1675
79367,79692,325,0,NTB,né,79367,79692,325
79692,81357,1665,0,GE-Phrase,229,80954,82638,1684
79692,81357,1665,0,NTB,um negócio enorme,79692,81357,1665
88201,89296,1095,0,NTB,<cheguei nisso> +,88201,89296,1095
93305,94317,1012,0,NTB,achei que eu fosse odiar,93305,94317,1012
95089,96173,1084,0,NTB,eu gostei,95089,96173,1084
96511,97855,1344,0,GE-Phrase,230,97846,98708,862
96511,97855,1344,0,NTB,hoje eu vejo que depende &n [/1],96511,97855,1344
97855,98199,344,0,GE-Phrase,230,97846,98708,862
97855,98199,344,0,NTB,né,97855,98199,344
98199,98848,649,0,GE-Phrase,231,98708,100412,1704
98199,98848,649,0,NTB,do aluno,98199,98848,649
98848,100935,2087,0,NTB,da interação que cê tem com aluno,98848,100935,2087
137105,138339,1234,0,GE-Phrase,236,138001,139371,1370
137105,138339,1234,0,NTB,em inglês obviamente,137105,138339,1234
138339,139647,1308,0,GE-Phrase,237,139371,143181,3810
138339,139647,1308,0,NTB,a gente tinha livro e tudo,138339,139647,1308
4370,5588,1218,0,GE-Phrase,201,2608,9088,6480
4370,5588,1218,0,NTB,aonde a gente ia,4370,5588,1218
5588,7444,1856,0,GE-Phrase,201,2608,9088,6480
5588,7444,1856,0,NTB,quando a gente era criança,5588,7444,1856
76336,77920,1584,0,GE-Phrase,227,77639,79279,1640
76336,77920,1584,0,NTB,que era só um corredorzinho,76336,77920,1584
77920,79367,1447,0,GE-Phrase,228,79279,80954,1675
77920,79367,1447,0,NTB,que depois virou,77920,79367,1447
79367,79692,325,0,GE-Phrase,228,79279,80954,1675
79367,79692,325,0,NTB,né,79367,79692,325
79692,81357,1665,0,GE-Phrase,229,80954,82638,1684
79692,81357,1665,0,NTB,um negócio enorme,79692,81357,1665
88201,89296,1095,0,NTB,<cheguei nisso> +,88201,89296,1095
93305,94317,1012,0,NTB,achei que eu fosse odiar,93305,94317,1012
95089,96173,1084,0,NTB,eu gostei,95089,96173,1084
96511,97855,1344,0,GE-Phrase,230,97846,98708,862
96511,97855,1344,0,NTB,hoje eu vejo que depende &n [/1],96511,97855,1344
97855,98199,344,0,GE-Phrase,230,97846,98708,862
97855,98199,344,0,NTB,né,97855,98199,344
98199,98848,649,0,GE-Phrase,231,98708,100412,1704
98199,98848,649,0,NTB,do aluno,98199,98848,649
98848,100935,2087,0,NTB,da interação que cê tem com aluno,98848,100935,2087
137105,138339,1234,0,GE-Phrase,236,138001,139371,1370
137105,138339,1234,0,NTB,em inglês obviamente,137105,138339,1234
138339,139647,1308,0,GE-Phrase,237,139371,143181,3810
138339,139647,1308,0,NTB,a gente tinha livro e tudo,138339,139647,1308
4370,5588,1218,0,GE-Phrase,201,2608,9088,6480
4370,5588,1218,0,NTB,aonde a gente ia,4370,5588,1218
5588,7444,1856,0,GE-Phrase,201,2608,9088,6480
5588,7444,1856,0,NTB,quando a gente era criança,5588,7444,1856
76336,77920,1584,0,GE-Phrase,227,77639,79279,1640
76336,77920,1584,0,NTB,que era só um corredorzinho,76336,77920,1584
77920,79367,1447,0,GE-Phrase,228,79279,80954,1675
77920,79367,1447,0,NTB,que depois virou,77920,79367,1447
79367,79692,325,0,GE-Phrase,228,79279,80954,1675
79367,79692,325,0,NTB,né,79367,79692,325
79692,81357,1665,0,GE-Phrase,229,80954,82638,1684
79692,81357,1665,0,NTB,um negócio enorme,79692,81357,1665
88201,89296,1095,0,NTB,<cheguei nisso> +,88201,89296,1095
93305,94317,1012,0,NTB,achei que eu fosse odiar,93305,94317,1012
95089,96173,1084,0,NTB,eu gostei,95089,96173,1084
96511,97855,1344,0,GE-Phrase,230,97846,98708,862
96511,97855,1344,0,NTB,hoje eu vejo que depende &n [/1],96511,97855,1344
97855,98199,344,0,GE-Phrase,230,97846,98708,862
97855,98199,344,0,NTB,né,97855,98199,344
98199,98848,649,0,GE-Phrase,231,98708,100412,1704
98199,98848,649,0,NTB,do aluno,98199,98848,649
98848,100935,2087,0,NTB,da interação que cê tem com aluno,98848,100935,2087
137105,138339,1234,0,GE-Phrase,236,138001,139371,1370
137105,138339,1234,0,NTB,em inglês obviamente,137105,138339,1234
138339,139647,1308,0,GE-Phrase,237,139371,143181,3810
138339,139647,1308,0,NTB,a gente tinha livro e tudo,138339,139647,1308
4370,5588,1218,0,GE-Phrase,201,2608,9088,6480
4370,5588,1218,0,NTB,aonde a gente ia,4370,5588,1218
5588,7444,1856,0,GE-Phrase,201,2608,9088,6480
5588,7444,1856,0,NTB,quando a gente era criança,5588,7444,1856
76336,77920,1584,0,GE-Phrase,227,77639,79279,1640
76336,77920,1584,0,NTB,que era só um corredorzinho,76336,77920,1584
77920,79367,1447,0,GE-Phrase,228,79279,80954,1675
77920,79367,1447,0,NTB,que depois virou,77920,79367,1447
79367,79692,325,0,GE-Phrase,228,79279,80954,1675
79367,79692,325,0,NTB,né,79367,79692,325
79692,81357,1665,0,GE-Phrase,229,80954,82638,1684
79692,81357,1665,0,NTB,um negócio enorme,79692,81357,1665
88201,89296,1095,0,NTB,<cheguei nisso> +,88201,89296,1095
93305,94317,1012,0,NTB,achei que eu fosse odiar,93305,94317,1012
95089,96173,1084,0,NTB,eu gostei,95089,96173,1084
96511,97855,1344,0,GE-Phrase,230,97846,98708,862
96511,97855,1344,0,NTB,hoje eu vejo que depende &n [/1],96511,97855,1344
97855,98199,344,0,GE-Phrase,230,97846,98708,862
97855,98199,344,0,NTB,né,97855,98199,344
98199,98848,649,0,GE-Phrase,231,98708,100412,1704
98199,98848,649,0,NTB,do aluno,98199,98848,649
98848,100935,2087,0,NTB,da interação que cê tem com aluno,98848,100935,2087
137105,138339,1234,0,GE-Phrase,236,138001,139371,1370
137105,138339,1234,0,NTB,em inglês obviamente,137105,138339,1234
138339,139647,1308,0,GE-Phrase,237,139371,143181,3810
138339,139647,1308,0,NTB,a gente tinha livro e tudo,138339,139647,1308
4370,5588,1218,0,GE-Phrase,201,2608,9088,6480
4370,5588,1218,0,NTB,aonde a gente ia,4370,5588,1218
5588,7444,1856,0,GE-Phrase,201,2608,9088,6480
5588,7444,1856,0,NTB,quando a gente era criança,5588,7444,1856
76336,77920,1584,0,GE-Phrase,227,77639,79279,1640
76336,77920,1584,0,NTB,que era só um corredorzinho,76336,77920,1584
77920,79367,1447,0,GE-Phrase,228,79279,80954,1675
77920,79367,1447,0,NTB,que depois virou,77920,79367,1447
79367,79692,325,0,GE-Phrase,228,79279,80954,1675
79367,79692,325,0,NTB,né,79367,79692,325
79692,81357,1665,0,GE-Phrase,229,80954,82638,1684
79692,81357,1665,0,NTB,um negócio enorme,79692,81357,1665
88201,89296,1095,0,NTB,<cheguei nisso> +,88201,89296,1095
93305,94317,1012,0,NTB,achei que eu fosse odiar,93305,94317,1012
95089,96173,1084,0,NTB,eu gostei,95089,96173,1084
96511,97855,1344,0,GE-Phrase,230,97846,98708,862
96511,97855,1344,0,NTB,hoje eu vejo que depende &n [/1],96511,97855,1344
97855,98199,344,0,GE-Phrase,230,97846,98708,862
97855,98199,344,0,NTB,né,97855,98199,344
98199,98848,649,0,GE-Phrase,231,98708,100412,1704
98199,98848,649,0,NTB,do aluno,98199,98848,649
98848,100935,2087,0,NTB,da interação que cê tem com aluno,98848,100935,2087
137105,138339,1234,0,GE-Phrase,236,138001,139371,1370
137105,138339,1234,0,NTB,em inglês obviamente,137105,138339,1234
138339,139647,1308,0,GE-Phrase,237,139371,143181,3810
138339,139647,1308,0,NTB,a gente tinha livro e tudo,138339,139647,1308
4370,5588,1218,0,GE-Phrase,201,2608,9088,6480
4370,5588,1218,0,NTB,aonde a gente ia,4370,5588,1218
5588,7444,1856,0,GE-Phrase,201,2608,9088,6480
5588,7444,1856,0,NTB,quando a gente era criança,5588,7444,1856
76336,77920,1584,0,GE-Phrase,227,77639,79279,1640
76336,77920,1584,0,NTB,que era só um corredorzinho,76336,77920,1584
77920,79367,1447,0,GE-Phrase,228,79279,80954,1675
77920,79367,1447,0,NTB,que depois virou,77920,79367,1447
79367,79692,325,0,GE-Phrase,228,79279,80954,1675
79367,79692,325,0,NTB,né,79367,79692,325
79692,81357,1665,0,GE-Phrase,229,80954,82638,1684
79692,81357,1665,0,NTB,um negócio enorme,79692,81357,1665
88201,89296,1095,0,NTB,<cheguei nisso> +,88201,89296,1095
93305,94317,1012,0,NTB,achei que eu fosse odiar,93305,94317,1012
95089,96173,1084,0,NTB,eu gostei,95089,96173,1084
96511,97855,1344,0,GE-Phrase,230,97846,98708,862
96511,97855,1344,0,NTB,hoje eu vejo que depende &n [/1],96511,97855,1344
97855,98199,344,0,GE-Phrase,230,97846,98708,862
97855,98199,344,0,NTB,né,97855,98199,344
98199,98848,649,0,GE-Phrase,231,98708,100412,1704
98199,98848,649,0,NTB,do aluno,98199,98848,649
98848,100935,2087,0,NTB,da interação que cê tem com aluno,98848,100935,2087
137105,138339,1234,0,GE-Phrase,236,138001,139371,1370
137105,138339,1234,0,NTB,em inglês obviamente,137105,138339,1234
138339,139647,1308,0,GE-Phrase,237,139371,143181,3810
138339,139647,1308,0,NTB,a gente tinha livro e tudo,138339,139647,1308
4370,5588,1218,0,GE-Phrase,201,2608,9088,6480
4370,5588,1218,0,NTB,aonde a gente ia,4370,5588,1218
5588,7444,1856,0,GE-Phrase,201,2608,9088,6480
5588,7444,1856,0,NTB,quando a gente era criança,5588,7444,1856
76336,77920,1584,0,GE-Phrase,227,77639,79279,1640
76336,77920,1584,0,NTB,que era só um corredorzinho,76336,77920,1584
77920,79367,1447,0,GE-Phrase,228,79279,80954,1675
77920,79367,1447,0,NTB,que depois virou,77920,79367,1447
79367,79692,325,0,GE-Phrase,228,79279,80954,1675
79367,79692,325,0,NTB,né,79367,79692,325
79692,81357,1665,0,GE-Phrase,229,80954,82638,1684
79692,81357,1665,0,NTB,um negócio enorme,79692,81357,1665
88201,89296,1095,0,NTB,<cheguei nisso> +,88201,89296,1095
93305,94317,1012,0,NTB,achei que eu fosse odiar,93305,94317,1012
95089,96173,1084,0,NTB,eu gostei,95089,96173,1084
96511,97855,1344,0,GE-Phrase,230,97846,98708,862
96511,97855,1344,0,NTB,hoje eu vejo que depende &n [/1],96511,97855,1344
97855,98199,344,0,GE-Phrase,230,97846,98708,862
97855,98199,344,0,NTB,né,97855,98199,344
98199,98848,649,0,GE-Phrase,231,98708,100412,1704
98199,98848,649,0,NTB,do aluno,98199,98848,649
98848,100935,2087,0,NTB,da interação que cê tem com aluno,98848,100935,2087
137105,138339,1234,0,GE-Phrase,236,138001,139371,1370
137105,138339,1234,0,NTB,em inglês obviamente,137105,138339,1234
138339,139647,1308,0,GE-Phrase,237,139371,143181,3810
138339,139647,1308,0,NTB,a gente tinha livro e tudo,138339,139647,1308
4370,5588,1218,0,GE-Phrase,201,2608,9088,6480
4370,5588,1218,0,NTB,aonde a gente ia,4370,5588,1218
5588,7444,1856,0,GE-Phrase,201,2608,9088,6480
5588,7444,1856,0,NTB,quando a gente era criança,5588,7444,1856
76336,77920,1584,0,GE-Phrase,227,77639,79279,1640
76336,77920,1584,0,NTB,que era só um corredorzinho,76336,77920,1584
77920,79367,1447,0,GE-Phrase,228,79279,80954,1675
77920,79367,1447,0,NTB,que depois virou,77920,79367,1447
79367,79692,325,0,GE-Phrase,228,79279,80954,1675
79367,79692,325,0,NTB,né,79367,79692,325
79692,81357,1665,0,GE-Phrase,229,80954,82638,1684
79692,81357,1665,0,NTB,um negócio enorme,79692,81357,1665
88201,89296,1095,0,NTB,<cheguei nisso> +,88201,89296,1095
93305,94317,1012,0,NTB,achei que eu fosse odiar,93305,94317,1012
95089,96173,1084,0,NTB,eu gostei,95089,96173,1084
96511,97855,1344,0,GE-Phrase,230,97846,98708,862
96511,97855,1344,0,NTB,hoje eu vejo que depende &n [/1],96511,97855,1344
97855,98199,344,0,GE-Phrase,230,97846,98708,862
97855,98199,344,0,NTB,né,97855,98199,344
98199,98848,649,0,GE-Phrase,231,98708,100412,1704
98199,98848,649,0,NTB,do aluno,98199,98848,649
98848,100935,2087,0,NTB,da interação que cê tem com aluno,98848,100935,2087
137105,138339,1234,0,GE-Phrase,236,138001,139371,1370
137105,138339,1234,0,NTB,em inglês obviamente,137105,138339,1234
138339,139647,1308,0,GE-Phrase,237,139371,143181,3810
138339,139647,1308,0,NTB,a gente tinha livro e tudo,138339,139647,1308
4370,5588,1218,0,GE-Phrase,201,2608,9088,6480
4370,5588,1218,0,NTB,aonde a gente ia,4370,5588,1218
5588,7444,1856,0,GE-Phrase,201,2608,9088,6480
5588,7444,1856,0,NTB,quando a gente era criança,5588,7444,1856
76336,77920,1584,0,GE-Phrase,227,77639,79279,1640
76336,77920,1584,0,NTB,que era só um corredorzinho,76336,77920,1584
77920,79367,1447,0,GE-Phrase,228,79279,80954,1675
77920,79367,1447,0,NTB,que depois virou,77920,79367,1447
79367,79692,325,0,GE-Phrase,228,79279,80954,1675
79367,79692,325,0,NTB,né,79367,79692,325
79692,81357,1665,0,GE-Phrase,229,80954,82638,1684
79692,81357,1665,0,NTB,um negócio enorme,79692,81357,1665
88201,89296,1095,0,NTB,<cheguei nisso> +,88201,89296,1095
93305,94317,1012,0,NTB,achei que eu fosse odiar,93305,94317,1012
95089,96173,1084,0,NTB,eu gostei,95089,96173,1084
96511,97855,1344,0,GE-Phrase,230,97846,98708,862
96511,97855,1344,0,NTB,hoje eu vejo que depende &n [/1],96511,97855,1344
97855,98199,344,0,GE-Phrase,230,97846,98708,862
97855,98199,344,0,NTB,né,97855,98199,344
98199,98848,649,0,GE-Phrase,231,98708,100412,1704
98199,98848,649,0,NTB,do aluno,98199,98848,649
98848,100935,2087,0,NTB,da interação que cê tem com aluno,98848,100935,2087
137105,138339,1234,0,GE-Phrase,236,138001,139371,1370
137105,138339,1234,0,NTB,em inglês obviamente,137105,138339,1234
138339,139647,1308,0,GE-Phrase,237,139371,143181,3810
138339,139647,1308,0,NTB,a gente tinha livro e tudo,138339,139647,1308
4370,5588,1218,0,GE-Phrase,201,2608,9088,6480
4370,5588,1218,0,NTB,aonde a gente ia,4370,5588,1218
5588,7444,1856,0,GE-Phrase,201,2608,9088,6480
5588,7444,1856,0,NTB,quando a gente era criança,5588,7444,1856
76336,77920,1584,0,GE-Phrase,227,77639,79279,1640
76336,77920,1584,0,NTB,que era só um corredorzinho,76336,77920,1584
77920,79367,1447,0,GE-Phrase,228,79279,80954,1675
77920,79367,1447,0,NTB,que depois virou,77920,79367,1447
79367,79692,325,0,GE-Phrase,228,79279,80954,1675
79367,79692,325,0,NTB,né,79367,79692,325
79692,81357,1665,0,GE-Phrase,229,80954,82638,1684
79692,81357,1665,0,NTB,um negócio enorme,79692,81357,1665
88201,89296,1095,0,NTB,<cheguei nisso> +,88201,89296,1095
93305,94317,1012,0,NTB,achei que eu fosse odiar,93305,94317,1012
95089,96173,1084,0,NTB,eu gostei,95089,96173,1084
96511,97855,1344,0,GE-Phrase,230,97846,98708,862
96511,97855,1344,0,NTB,hoje eu vejo que depende &n [/1],96511,97855,1344
97855,98199,344,0,GE-Phrase,230,97846,98708,862
97855,98199,344,0,NTB,né,97855,98199,344
98199,98848,649,0,GE-Phrase,231,98708,100412,1704
98199,98848,649,0,NTB,do aluno,98199,98848,649
98848,100935,2087,0,NTB,da interação que cê tem com aluno,98848,100935,2087
137105,138339,1234,0,GE-Phrase,236,138001,139371,1370
137105,138339,1234,0,NTB,em inglês obviamente,137105,138339,1234
138339,139647,1308,0,GE-Phrase,237,139371,143181,3810
138339,139647,1308,0,NTB,a gente tinha livro e tudo,138339,139647,1308
4370,5588,1218,0,GE-Phrase,201,2608,9088,6480
4370,5588,1218,0,NTB,aonde a gente ia,4370,5588,1218
5588,7444,1856,0,GE-Phrase,201,2608,9088,6480
5588,7444,1856,0,NTB,quando a gente era criança,5588,7444,1856
76336,77920,1584,0,GE-Phrase,227,77639,79279,1640
76336,77920,1584,0,NTB,que era só um corredorzinho,76336,77920,1584
77920,79367,1447,0,GE-Phrase,228,79279,80954,1675
77920,79367,1447,0,NTB,que depois virou,77920,79367,1447
79367,79692,325,0,GE-Phrase,228,79279,80954,1675
79367,79692,325,0,NTB,né,79367,79692,325
79692,81357,1665,0,GE-Phrase,229,80954,82638,1684
79692,81357,1665,0,NTB,um negócio enorme,79692,81357,1665
88201,89296,1095,0,NTB,<cheguei nisso> +,88201,89296,1095
93305,94317,1012,0,NTB,achei que eu fosse odiar,93305,94317,1012
95089,96173,1084,0,NTB,eu gostei,95089,96173,1084
96511,97855,1344,0,GE-Phrase,230,97846,98708,862
96511,97855,1344,0,NTB,hoje eu vejo que depende &n [/1],96511,97855,1344
97855,98199,344,0,GE-Phrase,230,97846,98708,862
97855,98199,344,0,NTB,né,97855,98199,344
98199,98848,649,0,GE-Phrase,231,98708,100412,1704
98199,98848,649,0,NTB,do aluno,98199,98848,649
98848,100935,2087,0,NTB,da interação que cê tem com aluno,98848,100935,2087
137105,138339,1234,0,GE-Phrase,236,138001,139371,1370
137105,138339,1234,0,NTB,em inglês obviamente,137105,138339,1234
138339,139647,1308,0,GE-Phrase,237,139371,143181,3810
138339,139647,1308,0,NTB,a gente tinha livro e tudo,138339,139647,1308
4370,5588,1218,0,GE-Phrase,201,2608,9088,6480
4370,5588,1218,0,NTB,aonde a gente ia,4370,5588,1218
5588,7444,1856,0,GE-Phrase,201,2608,9088,6480
5588,7444,1856,0,NTB,quando a gente era criança,5588,7444,1856
76336,77920,1584,0,GE-Phrase,227,77639,79279,1640
76336,77920,1584,0,NTB,que era só um corredorzinho,76336,77920,1584
77920,79367,1447,0,GE-Phrase,228,79279,80954,1675
77920,79367,1447,0,NTB,que depois virou,77920,79367,1447
79367,79692,325,0,GE-Phrase,228,79279,80954,1675
79367,79692,325,0,NTB,né,79367,79692,325
79692,81357,1665,0,GE-Phrase,229,80954,82638,1684
79692,81357,1665,0,NTB,um negócio enorme,79692,81357,1665
88201,89296,1095,0,NTB,<cheguei nisso> +,88201,89296,1095
93305,94317,1012,0,NTB,achei que eu fosse odiar,93305,94317,1012
95089,96173,1084,0,NTB,eu gostei,95089,96173,1084
96511,97855,1344,0,GE-Phrase,230,97846,98708,862
96511,97855,1344,0,NTB,hoje eu vejo que depende &n [/1],96511,97855,1344
97855,98199,344,0,GE-Phrase,230,97846,98708,862
97855,98199,344,0,NTB,né,97855,98199,344
98199,98848,649,0,GE-Phrase,231,98708,100412,1704
98199,98848,649,0,NTB,do aluno,98199,98848,649
98848,100935,2087,0,NTB,da interação que cê tem com aluno,98848,100935,2087
137105,138339,1234,0,GE-Phrase,236,138001,139371,1370
137105,138339,1234,0,NTB,em inglês obviamente,137105,138339,1234
138339,139647,1308,0,GE-Phrase,237,139371,143181,3810
138339,139647,1308,0,NTB,a gente tinha livro e tudo,138339,139647,1308
4370,5588,1218,0,GE-Phrase,201,2608,9088,6480
4370,5588,1218,0,NTB,aonde a gente ia,4370,5588,1218
5588,7444,1856,0,GE-Phrase,201,2608,9088,6480
5588,7444,1856,0,NTB,quando a gente era criança,5588,7444,1856
76336,77920,1584,0,GE-Phrase,227,77639,79279,1640
76336,77920,1584,0,NTB,que era só um corredorzinho,76336,77920,1584
77920,79367,1447,0,GE-Phrase,228,79279,80954,1675
77920,79367,1447,0,NTB,que depois virou,77920,79367,1447
79367,79692,325,0,GE-Phrase,228,79279,80954,1675
79367,79692,325,0,NTB,né,79367,79692,325
79692,81357,1665,0,GE-Phrase,229,80954,82638,1684
79692,81357,1665,0,NTB,um negócio enorme,79692,81357,1665
88201,89296,1095,0,NTB,<cheguei nisso> +,88201,89296,1095
93305,94317,1012,0,NTB,achei que eu fosse odiar,93305,94317,1012
95089,96173,1084,0,NTB,eu gostei,95089,96173,1084
96511,97855,1344,0,GE-Phrase,230,97846,98708,862
96511,97855,1344,0,NTB,hoje eu vejo que depende &n [/1],96511,97855,1344
97855,98199,344,0,GE-Phrase,230,97846,98708,862
97855,98199,344,0,NTB,né,97855,98199,344
98199,98848,649,0,GE-Phrase,231,98708,100412,1704
98199,98848,649,0,NTB,do aluno,98199,98848,649
98848,100935,2087,0,NTB,da interação que cê tem com aluno,98848,100935,2087
137105,138339,1234,0,GE-Phrase,236,138001,139371,1370
137105,138339,1234,0,NTB,em inglês obviamente,137105,138339,1234
138339,139647,1308,0,GE-Phrase,237,139371,143181,3810
138339,139647,1308,0,NTB,a gente tinha livro e tudo,138339,139647,1308
4370,5588,1218,0,GE-Phrase,201,2608,9088,6480
4370,5588,1218,0,NTB,aonde a gente ia,4370,5588,1218
5588,7444,1856,0,GE-Phrase,201,2608,9088,6480
5588,7444,1856,0,NTB,quando a gente era criança,5588,7444,1856
76336,77920,1584,0,GE-Phrase,227,77639,79279,1640
76336,77920,1584,0,NTB,que era só um corredorzinho,76336,77920,1584
77920,79367,1447,0,GE-Phrase,228,79279,80954,1675
77920,79367,1447,0,NTB,que depois virou,77920,79367,1447
79367,79692,325,0,GE-Phrase,228,79279,80954,1675
79367,79692,325,0,NTB,né,79367,79692,325
79692,81357,1665,0,GE-Phrase,229,80954,82638,1684
79692,81357,1665,0,NTB,um negócio enorme,79692,81357,1665
88201,89296,1095,0,NTB,<cheguei nisso> +,88201,89296,1095
93305,94317,1012,0,NTB,achei que eu fosse odiar,93305,94317,1012
95089,96173,1084,0,NTB,eu gostei,95089,96173,1084
96511,97855,1344,0,GE-Phrase,230,97846,98708,862
96511,97855,1344,0,NTB,hoje eu vejo que depende &n [/1],96511,97855,1344
97855,98199,344,0,GE-Phrase,230,97846,98708,862
97855,98199,344,0,NTB,né,97855,98199,344
98199,98848,649,0,GE-Phrase,231,98708,100412,1704
98199,98848,649,0,NTB,do aluno,98199,98848,649
98848,100935,2087,0,NTB,da interação que cê tem com aluno,98848,100935,2087
137105,138339,1234,0,GE-Phrase,236,138001,139371,1370
137105,138339,1234,0,NTB,em inglês obviamente,137105,138339,1234
138339,139647,1308,0,GE-Phrase,237,139371,143181,3810
138339,139647,1308,0,NTB,a gente tinha livro e tudo,138339,139647,1308
4370,5588,1218,0,GE-Phrase,201,2608,9088,6480
4370,5588,1218,0,NTB,aonde a gente ia,4370,5588,1218
5588,7444,1856,0,GE-Phrase,201,2608,9088,6480
5588,7444,1856,0,NTB,quando a gente era criança,5588,7444,1856
76336,77920,1584,0,GE-Phrase,227,77639,79279,1640
76336,77920,1584,0,NTB,que era só um corredorzinho,76336,77920,1584
77920,79367,1447,0,GE-Phrase,228,79279,80954,1675
77920,79367,1447,0,NTB,que depois virou,77920,79367,1447
79367,79692,325,0,GE-Phrase,228,79279,80954,1675
79367,79692,325,0,NTB,né,79367,79692,325
79692,81357,1665,0,GE-Phrase,229,80954,82638,1684
79692,81357,1665,0,NTB,um negócio enorme,79692,81357,1665
88201,89296,1095,0,NTB,<cheguei nisso> +,88201,89296,1095
93305,94317,1012,0,NTB,achei que eu fosse odiar,93305,94317,1012
95089,96173,1084,0,NTB,eu gostei,95089,96173,1084
96511,97855,1344,0,GE-Phrase,230,97846,98708,862
96511,97855,1344,0,NTB,hoje eu vejo que depende &n [/1],96511,97855,1344
97855,98199,344,0,GE-Phrase,230,97846,98708,862
97855,98199,344,0,NTB,né,97855,98199,344
98199,98848,649,0,GE-Phrase,231,98708,100412,1704
98199,98848,649,0,NTB,do aluno,98199,98848,649
98848,100935,2087,0,NTB,da interação que cê tem com aluno,98848,100935,2087
137105,138339,1234,0,GE-Phrase,236,138001,139371,1370
137105,138339,1234,0,NTB,em inglês obviamente,137105,138339,1234
138339,139647,1308,0,GE-Phrase,237,139371,143181,3810
138339,139647,1308,0,NTB,a gente tinha livro e tudo,138339,139647,1308
4370,5588,1218,0,GE-Phrase,201,2608,9088,6480
4370,5588,1218,0,NTB,aonde a gente ia,4370,5588,1218
5588,7444,1856,0,GE-Phrase,201,2608,9088,6480
5588,7444,1856,0,NTB,quando a gente era criança,5588,7444,1856
76336,77920,1584,0,GE-Phrase,227,77639,79279,1640
76336,77920,1584,0,NTB,que era só um corredorzinho,76336,77920,1584
77920,79367,1447,0,GE-Phrase,228,79279,80954,1675
77920,79367,1447,0,NTB,que depois virou,77920,79367,1447
79367,79692,325,0,GE-Phrase,228,79279,80954,1675
79367,79692,325,0,NTB,né,79367,79692,325
79692,81357,1665,0,GE-Phrase,229,80954,82638,1684
79692,81357,1665,0,NTB,um negócio enorme,79692,81357,1665
88201,89296,1095,0,NTB,<cheguei nisso> +,88201,89296,1095
93305,94317,1012,0,NTB,achei que eu fosse odiar,93305,94317,1012
95089,96173,1084,0,NTB,eu gostei,95089,96173,1084
96511,97855,1344,0,GE-Phrase,230,97846,98708,862
96511,97855,1344,0,NTB,hoje eu vejo que depende &n [/1],96511,97855,1344
97855,98199,344,0,GE-Phrase,230,97846,98708,862
97855,98199,344,0,NTB,né,97855,98199,344
98199,98848,649,0,GE-Phrase,231,98708,100412,1704
98199,98848,649,0,NTB,do aluno,98199,98848,649
98848,100935,2087,0,NTB,da interação que cê tem com aluno,98848,100935,2087
137105,138339,1234,0,GE-Phrase,236,138001,139371,1370
137105,138339,1234,0,NTB,em inglês obviamente,137105,138339,1234
138339,139647,1308,0,GE-Phrase,237,139371,143181,3810
138339,139647,1308,0,NTB,a gente tinha livro e tudo,138339,139647,1308
4370,5588,1218,0,GE-Phrase,201,2608,9088,6480
4370,5588,1218,0,NTB,aonde a gente ia,4370,5588,1218
5588,7444,1856,0,GE-Phrase,201,2608,9088,6480
5588,7444,1856,0,NTB,quando a gente era criança,5588,7444,1856
76336,77920,1584,0,GE-Phrase,227,77639,79279,1640
76336,77920,1584,0,NTB,que era só um corredorzinho,76336,77920,1584
77920,79367,1447,0,GE-Phrase,228,79279,80954,1675
77920,79367,1447,0,NTB,que depois virou,77920,79367,1447
79367,79692,325,0,GE-Phrase,228,79279,80954,1675
79367,79692,325,0,NTB,né,79367,79692,325
79692,81357,1665,0,GE-Phrase,229,80954,82638,1684
79692,81357,1665,0,NTB,um negócio enorme,79692,81357,1665
88201,89296,1095,0,NTB,<cheguei nisso> +,88201,89296,1095
93305,94317,1012,0,NTB,achei que eu fosse odiar,93305,94317,1012
95089,96173,1084,0,NTB,eu gostei,95089,96173,1084
96511,97855,1344,0,GE-Phrase,230,97846,98708,862
96511,97855,1344,0,NTB,hoje eu vejo que depende &n [/1],96511,97855,1344
97855,98199,344,0,GE-Phrase,230,97846,98708,862
97855,98199,344,0,NTB,né,97855,98199,344
98199,98848,649,0,GE-Phrase,231,98708,100412,1704
98199,98848,649,0,NTB,do aluno,98199,98848,649
98848,100935,2087,0,NTB,da interação que cê tem com aluno,98848,100935,2087
137105,138339,1234,0,GE-Phrase,236,138001,139371,1370
137105,138339,1234,0,NTB,em inglês obviamente,137105,138339,1234
138339,139647,1308,0,GE-Phrase,237,139371,143181,3810
138339,139647,1308,0,NTB,a gente tinha livro e tudo,138339,139647,1308
4370,5588,1218,0,GE-Phrase,201,2608,9088,6480
4370,5588,1218,0,NTB,aonde a gente ia,4370,5588,1218
5588,7444,1856,0,GE-Phrase,201,2608,9088,6480
5588,7444,1856,0,NTB,quando a gente era criança,5588,7444,1856
76336,77920,1584,0,GE-Phrase,227,77639,79279,1640
76336,77920,1584,0,NTB,que era só um corredorzinho,76336,77920,1584
77920,79367,1447,0,GE-Phrase,228,79279,80954,1675
77920,79367,1447,0,NTB,que depois virou,77920,79367,1447
79367,79692,325,0,GE-Phrase,228,79279,80954,1675
79367,79692,325,0,NTB,né,79367,79692,325
79692,81357,1665,0,GE-Phrase,229,80954,82638,1684
79692,81357,1665,0,NTB,um negócio enorme,79692,81357,1665
88201,89296,1095,0,NTB,<cheguei nisso> +,88201,89296,1095
93305,94317,1012,0,NTB,achei que eu fosse odiar,93305,94317,1012
95089,96173,1084,0,NTB,eu gostei,95089,96173,1084
96511,97855,1344,0,GE-Phrase,230,97846,98708,862
96511,97855,1344,0,NTB,hoje eu vejo que depende &n [/1],96511,97855,1344
97855,98199,344,0,GE-Phrase,230,97846,98708,862
97855,98199,344,0,NTB,né,97855,98199,344
98199,98848,649,0,GE-Phrase,231,98708,100412,1704
98199,98848,649,0,NTB,do aluno,98199,98848,649
98848,100935,2087,0,NTB,da interação que cê tem com aluno,98848,100935,2087
137105,138339,1234,0,GE-Phrase,236,138001,139371,1370
137105,138339,1234,0,NTB,em inglês obviamente,137105,138339,1234
138339,139647,1308,0,GE-Phrase,237,139371,143181,3810
138339,139647,1308,0,NTB,a gente tinha livro e tudo,138339,139647,1308
4370,5588,1218,0,GE-Phrase,201,2608,9088,6480
4370,5588,1218,0,NTB,aonde a gente ia,4370,5588,1218
5588,7444,1856,0,GE-Phrase,201,2608,9088,6480
5588,7444,1856,0,NTB,quando a gente era criança,5588,7444,1856
76336,77920,1584,0,GE-Phrase,227,77639,79279,1640
76336,77920,1584,0,NTB,que era só um corredorzinho,76336,77920,1584
77920,79367,1447,0,GE-Phrase,228,79279,80954,1675
77920,79367,1447,0,NTB,que depois virou,77920,79367,1447
79367,79692,325,0,GE-Phrase,228,79279,80954,1675
79367,79692,325,0,NTB,né,79367,79692,325
79692,81357,1665,0,GE-Phrase,229,80954,82638,1684
79692,81357,1665,0,NTB,um negócio enorme,79692,81357,1665
88201,89296,1095,0,NTB,<cheguei nisso> +,88201,89296,1095
93305,94317,1012,0,NTB,achei que eu fosse odiar,93305,94317,1012
95089,96173,1084,0,NTB,eu gostei,95089,96173,1084
96511,97855,1344,0,GE-Phrase,230,97846,98708,862
96511,97855,1344,0,NTB,hoje eu vejo que depende &n [/1],96511,97855,1344
97855,98199,344,0,GE-Phrase,230,97846,98708,862
97855,98199,344,0,NTB,né,97855,98199,344
98199,98848,649,0,GE-Phrase,231,98708,100412,1704
98199,98848,649,0,NTB,do aluno,98199,98848,649
98848,100935,2087,0,NTB,da interação que cê tem com aluno,98848,100935,2087
137105,138339,1234,0,GE-Phrase,236,138001,139371,1370
137105,138339,1234,0,NTB,em inglês obviamente,137105,138339,1234
138339,139647,1308,0,GE-Phrase,237,139371,143181,3810
138339,139647,1308,0,NTB,a gente tinha livro e tudo,138339,139647,1308
4370,5588,1218,0,GE-Phrase,201,2608,9088,6480
4370,5588,1218,0,NTB,aonde a gente ia,4370,5588,1218
5588,7444,1856,0,GE-Phrase,201,2608,9088,6480
5588,7444,1856,0,NTB,quando a gente era criança,5588,7444,1856
76336,77920,1584,0,GE-Phrase,227,77639,79279,1640
76336,77920,1584,0,NTB,que era só um corredorzinho,76336,77920,1584
77920,79367,1447,0,GE-Phrase,228,79279,80954,1675
77920,79367,1447,0,NTB,que depois virou,77920,79367,1447
79367,79692,325,0,GE-Phrase,228,79279,80954,1675
79367,79692,325,0,NTB,né,79367,79692,325
79692,81357,1665,0,GE-Phrase,229,80954,82638,1684
79692,81357,1665,0,NTB,um negócio enorme,79692,81357,1665
88201,89296,1095,0,NTB,<cheguei nisso> +,88201,89296,1095
93305,94317,1012,0,NTB,achei que eu fosse odiar,93305,94317,1012
95089,96173,1084,0,NTB,eu gostei,95089,96173,1084
96511,97855,1344,0,GE-Phrase,230,97846,98708,862
96511,97855,1344,0,NTB,hoje eu vejo que depende &n [/1],96511,97855,1344
97855,98199,344,0,GE-Phrase,230,97846,98708,862
97855,98199,344,0,NTB,né,97855,98199,344
98199,98848,649,0,GE-Phrase,231,98708,100412,1704
98199,98848,649,0,NTB,do aluno,98199,98848,649
98848,100935,2087,0,NTB,da interação que cê tem com aluno,98848,100935,2087
137105,138339,1234,0,GE-Phrase,236,138001,139371,1370
137105,138339,1234,0,NTB,em inglês obviamente,137105,138339,1234
138339,139647,1308,0,GE-Phrase,237,139371,143181,3810
138339,139647,1308,0,NTB,a gente tinha livro e tudo,138339,139647,1308
4370,5588,1218,0,GE-Phrase,201,2608,9088,6480
4370,5588,1218,0,NTB,aonde a gente ia,4370,5588,1218
5588,7444,1856,0,GE-Phrase,201,2608,9088,6480
5588,7444,1856,0,NTB,quando a gente era criança,5588,7444,1856
76336,77920,1584,0,GE-Phrase,227,77639,79279,1640
76336,77920,1584,0,NTB,que era só um corredorzinho,76336,77920,1584
77920,79367,1447,0,GE-Phrase,228,79279,80954,1675
77920,79367,1447,0,NTB,que depois virou,77920,79367,1447
79367,79692,325,0,GE-Phrase,228,79279,80954,1675
79367,79692,325,0,NTB,né,79367,79692,325
79692,81357,1665,0,GE-Phrase,229,80954,82638,1684
79692,81357,1665,0,NTB,um negócio enorme,79692,81357,1665
88201,89296,1095,0,NTB,<cheguei nisso> +,88201,89296,1095
93305,94317,1012,0,NTB,achei que eu fosse odiar,93305,94317,1012
95089,96173,1084,0,NTB,eu gostei,95089,96173,1084
96511,97855,1344,0,GE-Phrase,230,97846,98708,862
96511,97855,1344,0,NTB,hoje eu vejo que depende &n [/1],96511,97855,1344
97855,98199,344,0,GE-Phrase,230,97846,98708,862
97855,98199,344,0,NTB,né,97855,98199,344
98199,98848,649,0,GE-Phrase,231,98708,100412,1704
98199,98848,649,0,NTB,do aluno,98199,98848,649
98848,100935,2087,0,NTB,da interação que cê tem com aluno,98848,100935,2087
137105,138339,1234,0,GE-Phrase,236,138001,139371,1370
137105,138339,1234,0,NTB,em inglês obviamente,137105,138339,1234
138339,139647,1308,0,GE-Phrase,237,139371,143181,3810
138339,139647,1308,0,NTB,a gente tinha livro e tudo,138339,139647,1308
4370,5588,1218,0,GE-Phrase,201,2608,9088,6480
4370,5588,1218,0,NTB,aonde a gente ia,4370,5588,1218
5588,7444,1856,0,GE-Phrase,201,2608,9088,6480
5588,7444,1856,0,NTB,quando a gente era criança,5588,7444,1856
76336,77920,1584,0,GE-Phrase,227,77639,79279,1640
76336,77920,1584,0,NTB,que era só um corredorzinho,76336,77920,1584
77920,79367,1447,0,GE-Phrase,228,79279,80954,1675
77920,79367,1447,0,NTB,que depois virou,77920,79367,1447
79367,79692,325,0,GE-Phrase,228,79279,80954,1675
79367,79692,325,0,NTB,né,79367,79692,325
79692,81357,1665,0,GE-Phrase,229,80954,82638,1684
79692,81357,1665,0,NTB,um negócio enorme,79692,81357,1665
88201,89296,1095,0,NTB,<cheguei nisso> +,88201,89296,1095
93305,94317,1012,0,NTB,achei que eu fosse odiar,93305,94317,1012
95089,96173,1084,0,NTB,eu gostei,95089,96173,1084
96511,97855,1344,0,GE-Phrase,230,97846,98708,862
96511,97855,1344,0,NTB,hoje eu vejo que depende &n [/1],96511,97855,1344
97855,98199,344,0,GE-Phrase,230,97846,98708,862
97855,98199,344,0,NTB,né,97855,98199,344
98199,98848,649,0,GE-Phrase,231,98708,100412,1704
98199,98848,649,0,NTB,do aluno,98199,98848,649
98848,100935,2087,0,NTB,da interação que cê tem com aluno,98848,100935,2087
137105,138339,1234,0,GE-Phrase,236,138001,139371,1370
137105,138339,1234,0,NTB,em inglês obviamente,137105,138339,1234
138339,139647,1308,0,GE-Phrase,237,139371,143181,3810
138339,139647,1308,0,NTB,a gente tinha livro e tudo,138339,139647,1308
4370,5588,1218,0,GE-Phrase,201,2608,9088,6480
4370,5588,1218,0,NTB,aonde a gente ia,4370,5588,1218
5588,7444,1856,0,GE-Phrase,201,2608,9088,6480
5588,7444,1856,0,NTB,quando a gente era criança,5588,7444,1856
76336,77920,1584,0,GE-Phrase,227,77639,79279,1640
76336,77920,1584,0,NTB,que era só um corredorzinho,76336,77920,1584
77920,79367,1447,0,GE-Phrase,228,79279,80954,1675
77920,79367,1447,0,NTB,que depois virou,77920,79367,1447
79367,79692,325,0,GE-Phrase,228,79279,80954,1675
79367,79692,325,0,NTB,né,79367,79692,325
79692,81357,1665,0,GE-Phrase,229,80954,82638,1684
79692,81357,1665,0,NTB,um negócio enorme,79692,81357,1665
88201,89296,1095,0,NTB,<cheguei nisso> +,88201,89296,1095
93305,94317,1012,0,NTB,achei que eu fosse odiar,93305,94317,1012
95089,96173,1084,0,NTB,eu gostei,95089,96173,1084
96511,97855,1344,0,GE-Phrase,230,97846,98708,862
96511,97855,1344,0,NTB,hoje eu vejo que depende &n [/1],96511,97855,1344
97855,98199,344,0,GE-Phrase,230,97846,98708,862
97855,98199,344,0,NTB,né,97855,98199,344
98199,98848,649,0,GE-Phrase,231,98708,100412,1704
98199,98848,649,0,NTB,do aluno,98199,98848,649
98848,100935,2087,0,NTB,da interação que cê tem com aluno,98848,100935,2087
137105,138339,1234,0,GE-Phrase,236,138001,139371,1370
137105,138339,1234,0,NTB,em inglês obviamente,137105,138339,1234
138339,139647,1308,0,GE-Phrase,237,139371,143181,3810
138339,139647,1308,0,NTB,a gente tinha livro e tudo,138339,139647,1308
4370,5588,1218,0,GE-Phrase,201,2608,9088,6480
4370,5588,1218,0,NTB,aonde a gente ia,4370,5588,1218
5588,7444,1856,0,GE-Phrase,201,2608,9088,6480
5588,7444,1856,0,NTB,quando a gente era criança,5588,7444,1856
76336,77920,1584,0,GE-Phrase,227,77639,79279,1640
76336,77920,1584,0,NTB,que era só um corredorzinho,76336,77920,1584
77920,79367,1447,0,GE-Phrase,228,79279,80954,1675
77920,79367,1447,0,NTB,que depois virou,77920,79367,1447
79367,79692,325,0,GE-Phrase,228,79279,80954,1675
79367,79692,325,0,NTB,né,79367,79692,325
79692,81357,1665,0,GE-Phrase,229,80954,82638,1684
79692,81357,1665,0,NTB,um negócio enorme,79692,81357,1665
88201,89296,1095,0,NTB,<cheguei nisso> +,88201,89296,1095
93305,94317,1012,0,NTB,achei que eu fosse odiar,93305,94317,1012
95089,96173,1084,0,NTB,eu gostei,95089,96173,1084
96511,97855,1344,0,GE-Phrase,230,97846,98708,862
96511,97855,1344,0,NTB,hoje eu vejo que depende &n [/1],96511,97855,1344
97855,98199,344,0,GE-Phrase,230,97846,98708,862
97855,98199,344,0,NTB,né,97855,98199,344
98199,98848,649,0,GE-Phrase,231,98708,100412,1704
98199,98848,649,0,NTB,do aluno,98199,98848,649
98848,100935,2087,0,NTB,da interação que cê tem com aluno,98848,100935,2087
137105,138339,1234,0,GE-Phrase,236,138001,139371,1370
137105,138339,1234,0,NTB,em inglês obviamente,137105,138339,1234
138339,139647,1308,0,GE-Phrase,237,139371,143181,3810
138339,139647,1308,0,NTB,a gente tinha livro e tudo,138339,139647,1308
4370,5588,1218,0,GE-Phrase,201,2608,9088,6480
4370,5588,1218,0,NTB,aonde a gente ia,4370,5588,1218
5588,7444,1856,0,GE-Phrase,201,2608,9088,6480
5588,7444,1856,0,NTB,quando a gente era criança,5588,7444,1856
76336,77920,1584,0,GE-Phrase,227,77639,79279,1640
76336,77920,1584,0,NTB,que era só um corredorzinho,76336,77920,1584
77920,79367,1447,0,GE-Phrase,228,79279,80954,1675
77920,79367,1447,0,NTB,que depois virou,77920,79367,1447
79367,79692,325,0,GE-Phrase,228,79279,80954,1675
79367,79692,325,0,NTB,né,79367,79692,325
79692,81357,1665,0,GE-Phrase,229,80954,82638,1684
79692,81357,1665,0,NTB,um negócio enorme,79692,81357,1665
88201,89296,1095,0,NTB,<cheguei nisso> +,88201,89296,1095
93305,94317,1012,0,NTB,achei que eu fosse odiar,93305,94317,1012
95089,96173,1084,0,NTB,eu gostei,95089,96173,1084
96511,97855,1344,0,GE-Phrase,230,97846,98708,862
96511,97855,1344,0,NTB,hoje eu vejo que depende &n [/1],96511,97855,1344
97855,98199,344,0,GE-Phrase,230,97846,98708,862
97855,98199,344,0,NTB,né,97855,98199,344
98199,98848,649,0,GE-Phrase,231,98708,100412,1704
98199,98848,649,0,NTB,do aluno,98199,98848,649
98848,100935,2087,0,NTB,da interação que cê tem com aluno,98848,100935,2087
137105,138339,1234,0,GE-Phrase,236,138001,139371,1370
137105,138339,1234,0,NTB,em inglês obviamente,137105,138339,1234
138339,139647,1308,0,GE-Phrase,237,139371,143181,3810
138339,139647,1308,0,NTB,a gente tinha livro e tudo,138339,139647,1308
4370,5588,1218,0,GE-Phrase,201,2608,9088,6480
4370,5588,1218,0,NTB,aonde a gente ia,4370,5588,1218
5588,7444,1856,0,GE-Phrase,201,2608,9088,6480
5588,7444,1856,0,NTB,quando a gente era criança,5588,7444,1856
76336,77920,1584,0,GE-Phrase,227,77639,79279,1640
76336,77920,1584,0,NTB,que era só um corredorzinho,76336,77920,1584
77920,79367,1447,0,GE-Phrase,228,79279,80954,1675
77920,79367,1447,0,NTB,que depois virou,77920,79367,1447
79367,79692,325,0,GE-Phrase,228,79279,80954,1675
79367,79692,325,0,NTB,né,79367,79692,325
79692,81357,1665,0,GE-Phrase,229,80954,82638,1684
79692,81357,1665,0,NTB,um negócio enorme,79692,81357,1665
88201,89296,1095,0,NTB,<cheguei nisso> +,88201,89296,1095
93305,94317,1012,0,NTB,achei que eu fosse odiar,93305,94317,1012
95089,96173,1084,0,NTB,eu gostei,95089,96173,1084
96511,97855,1344,0,GE-Phrase,230,97846,98708,862
96511,97855,1344,0,NTB,hoje eu vejo que depende &n [/1],96511,97855,1344
97855,98199,344,0,GE-Phrase,230,97846,98708,862
97855,98199,344,0,NTB,né,97855,98199,344
98199,98848,649,0,GE-Phrase,231,98708,100412,1704
98199,98848,649,0,NTB,do aluno,98199,98848,649
98848,100935,2087,0,NTB,da interação que cê tem com aluno,98848,100935,2087
137105,138339,1234,0,GE-Phrase,236,138001,139371,1370
137105,138339,1234,0,NTB,em inglês obviamente,137105,138339,1234
138339,139647,1308,0,GE-Phrase,237,139371,143181,3810
138339,139647,1308,0,NTB,a gente tinha livro e tudo,138339,139647,1308
4370,5588,1218,0,GE-Phrase,201,2608,9088,6480
4370,5588,1218,0,NTB,aonde a gente ia,4370,5588,1218
5588,7444,1856,0,GE-Phrase,201,2608,9088,6480
5588,7444,1856,0,NTB,quando a gente era criança,5588,7444,1856
76336,77920,1584,0,GE-Phrase,227,77639,79279,1640
76336,77920,1584,0,NTB,que era só um corredorzinho,76336,77920,1584
77920,79367,1447,0,GE-Phrase,228,79279,80954,1675
77920,79367,1447,0,NTB,que depois virou,77920,79367,1447
79367,79692,325,0,GE-Phrase,228,79279,80954,1675
79367,79692,325,0,NTB,né,79367,79692,325
79692,81357,1665,0,GE-Phrase,229,80954,82638,1684
79692,81357,1665,0,NTB,um negócio enorme,79692,81357,1665
88201,89296,1095,0,NTB,<cheguei nisso> +,88201,89296,1095
93305,94317,1012,0,NTB,achei que eu fosse odiar,93305,94317,1012
95089,96173,1084,0,NTB,eu gostei,95089,96173,1084
96511,97855,1344,0,GE-Phrase,230,97846,98708,862
96511,97855,1344,0,NTB,hoje eu vejo que depende &n [/1],96511,97855,1344
97855,98199,344,0,GE-Phrase,230,97846,98708,862
97855,98199,344,0,NTB,né,97855,98199,344
98199,98848,649,0,GE-Phrase,231,98708,100412,1704
98199,98848,649,0,NTB,do aluno,98199,98848,649
98848,100935,2087,0,NTB,da interação que cê tem com aluno,98848,100935,2087
137105,138339,1234,0,GE-Phrase,236,138001,139371,1370
137105,138339,1234,0,NTB,em inglês obviamente,137105,138339,1234
138339,139647,1308,0,GE-Phrase,237,139371,143181,3810
138339,139647,1308,0,NTB,a gente tinha livro e tudo,138339,139647,1308
4370,5588,1218,0,GE-Phrase,201,2608,9088,6480
4370,5588,1218,0,NTB,aonde a gente ia,4370,5588,1218
5588,7444,1856,0,GE-Phrase,201,2608,9088,6480
5588,7444,1856,0,NTB,quando a gente era criança,5588,7444,1856
76336,77920,1584,0,GE-Phrase,227,77639,79279,1640
76336,77920,1584,0,NTB,que era só um corredorzinho,76336,77920,1584
77920,79367,1447,0,GE-Phrase,228,79279,80954,1675
77920,79367,1447,0,NTB,que depois virou,77920,79367,1447
79367,79692,325,0,GE-Phrase,228,79279,80954,1675
79367,79692,325,0,NTB,né,79367,79692,325
79692,81357,1665,0,GE-Phrase,229,80954,82638,1684
79692,81357,1665,0,NTB,um negócio enorme,79692,81357,1665
88201,89296,1095,0,NTB,<cheguei nisso> +,88201,89296,1095
93305,94317,1012,0,NTB,achei que eu fosse odiar,93305,94317,1012
95089,96173,1084,0,NTB,eu gostei,95089,96173,1084
96511,97855,1344,0,GE-Phrase,230,97846,98708,862
96511,97855,1344,0,NTB,hoje eu vejo que depende &n [/1],96511,97855,1344
97855,98199,344,0,GE-Phrase,230,97846,98708,862
97855,98199,344,0,NTB,né,97855,98199,344
98199,98848,649,0,GE-Phrase,231,98708,100412,1704
98199,98848,649,0,NTB,do aluno,98199,98848,649
98848,100935,2087,0,NTB,da interação que cê tem com aluno,98848,100935,2087
137105,138339,1234,0,GE-Phrase,236,138001,139371,1370
137105,138339,1234,0,NTB,em inglês obviamente,137105,138339,1234
138339,139647,1308,0,GE-Phrase,237,139371,143181,3810
138339,139647,1308,0,NTB,a gente tinha livro e tudo,138339,139647,1308
4370,5588,1218,0,GE-Phrase,201,2608,9088,6480
4370,5588,1218,0,NTB,aonde a gente ia,4370,5588,1218
5588,7444,1856,0,GE-Phrase,201,2608,9088,6480
5588,7444,1856,0,NTB,quando a gente era criança,5588,7444,1856
76336,77920,1584,0,GE-Phrase,227,77639,79279,1640
76336,77920,1584,0,NTB,que era só um corredorzinho,76336,77920,1584
77920,79367,1447,0,GE-Phrase,228,79279,80954,1675
77920,79367,1447,0,NTB,que depois virou,77920,79367,1447
79367,79692,325,0,GE-Phrase,228,79279,80954,1675
79367,79692,325,0,NTB,né,79367,79692,325
79692,81357,1665,0,GE-Phrase,229,80954,82638,1684
79692,81357,1665,0,NTB,um negócio enorme,79692,81357,1665
88201,89296,1095,0,NTB,<cheguei nisso> +,88201,89296,1095
93305,94317,1012,0,NTB,achei que eu fosse odiar,93305,94317,1012
95089,96173,1084,0,NTB,eu gostei,95089,96173,1084
96511,97855,1344,0,GE-Phrase,230,97846,98708,862
96511,97855,1344,0,NTB,hoje eu vejo que depende &n [/1],96511,97855,1344
97855,98199,344,0,GE-Phrase,230,97846,98708,862
97855,98199,344,0,NTB,né,97855,98199,344
98199,98848,649,0,GE-Phrase,231,98708,100412,1704
98199,98848,649,0,NTB,do aluno,98199,98848,649
98848,100935,2087,0,NTB,da interação que cê tem com aluno,98848,100935,2087
137105,138339,1234,0,GE-Phrase,236,138001,139371,1370
137105,138339,1234,0,NTB,em inglês obviamente,137105,138339,1234
138339,139647,1308,0,GE-Phrase,237,139371,143181,3810
138339,139647,1308,0,NTB,a gente tinha livro e tudo,138339,139647,1308
4370,5588,1218,0,GE-Phrase,201,2608,9088,6480
4370,5588,1218,0,NTB,aonde a gente ia,4370,5588,1218
5588,7444,1856,0,GE-Phrase,201,2608,9088,6480
5588,7444,1856,0,NTB,quando a gente era criança,5588,7444,1856
76336,77920,1584,0,GE-Phrase,227,77639,79279,1640
76336,77920,1584,0,NTB,que era só um corredorzinho,76336,77920,1584
77920,79367,1447,0,GE-Phrase,228,79279,80954,1675
77920,79367,1447,0,NTB,que depois virou,77920,79367,1447
79367,79692,325,0,GE-Phrase,228,79279,80954,1675
79367,79692,325,0,NTB,né,79367,79692,325
79692,81357,1665,0,GE-Phrase,229,80954,82638,1684
79692,81357,1665,0,NTB,um negócio enorme,79692,81357,1665
88201,89296,1095,0,NTB,<cheguei nisso> +,88201,89296,1095
93305,94317,1012,0,NTB,achei que eu fosse odiar,93305,94317,1012
95089,96173,1084,0,NTB,eu gostei,95089,96173,1084
96511,97855,1344,0,GE-Phrase,230,97846,98708,862
96511,97855,1344,0,NTB,hoje eu vejo que depende &n [/1],96511,97855,1344
97855,98199,344,0,GE-Phrase,230,97846,98708,862
97855,98199,344,0,NTB,né,97855,98199,344
98199,98848,649,0,GE-Phrase,231,98708,100412,1704
98199,98848,649,0,NTB,do aluno,98199,98848,649
98848,100935,2087,0,NTB,da interação que cê tem com aluno,98848,100935,2087
137105,138339,1234,0,GE-Phrase,236,138001,139371,1370
137105,138339,1234,0,NTB,em inglês obviamente,137105,138339,1234
138339,139647,1308,0,GE-Phrase,237,139371,143181,3810
138339,139647,1308,0,NTB,a gente tinha livro e tudo,138339,139647,1308
4370,5588,1218,0,GE-Phrase,201,2608,9088,6480
4370,5588,1218,0,NTB,aonde a gente ia,4370,5588,1218
5588,7444,1856,0,GE-Phrase,201,2608,9088,6480
5588,7444,1856,0,NTB,quando a gente era criança,5588,7444,1856
76336,77920,1584,0,GE-Phrase,227,77639,79279,1640
76336,77920,1584,0,NTB,que era só um corredorzinho,76336,77920,1584
77920,79367,1447,0,GE-Phrase,228,79279,80954,1675
77920,79367,1447,0,NTB,que depois virou,77920,79367,1447
79367,79692,325,0,GE-Phrase,228,79279,80954,1675
79367,79692,325,0,NTB,né,79367,79692,325
79692,81357,1665,0,GE-Phrase,229,80954,82638,1684
79692,81357,1665,0,NTB,um negócio enorme,79692,81357,1665
88201,89296,1095,0,NTB,<cheguei nisso> +,88201,89296,1095
93305,94317,1012,0,NTB,achei que eu fosse odiar,93305,94317,1012
95089,96173,1084,0,NTB,eu gostei,95089,96173,1084
96511,97855,1344,0,GE-Phrase,230,97846,98708,862
96511,97855,1344,0,NTB,hoje eu vejo que depende &n [/1],96511,97855,1344
97855,98199,344,0,GE-Phrase,230,97846,98708,862
97855,98199,344,0,NTB,né,97855,98199,344
98199,98848,649,0,GE-Phrase,231,98708,100412,1704
98199,98848,649,0,NTB,do aluno,98199,98848,649
98848,100935,2087,0,NTB,da interação que cê tem com aluno,98848,100935,2087
137105,138339,1234,0,GE-Phrase,236,138001,139371,1370
137105,138339,1234,0,NTB,em inglês obviamente,137105,138339,1234
138339,139647,1308,0,GE-Phrase,237,139371,143181,3810
138339,139647,1308,0,NTB,a gente tinha livro e tudo,138339,139647,1308
4370,5588,1218,0,GE-Phrase,201,2608,9088,6480
4370,5588,1218,0,NTB,aonde a gente ia,4370,5588,1218
5588,7444,1856,0,GE-Phrase,201,2608,9088,6480
5588,7444,1856,0,NTB,quando a gente era criança,5588,7444,1856
76336,77920,1584,0,GE-Phrase,227,77639,79279,1640
76336,77920,1584,0,NTB,que era só um corredorzinho,76336,77920,1584
77920,79367,1447,0,GE-Phrase,228,79279,80954,1675
77920,79367,1447,0,NTB,que depois virou,77920,79367,1447
79367,79692,325,0,GE-Phrase,228,79279,80954,1675
79367,79692,325,0,NTB,né,79367,79692,325
79692,81357,1665,0,GE-Phrase,229,80954,82638,1684
79692,81357,1665,0,NTB,um negócio enorme,79692,81357,1665
88201,89296,1095,0,NTB,<cheguei nisso> +,88201,89296,1095
93305,94317,1012,0,NTB,achei que eu fosse odiar,93305,94317,1012
95089,96173,1084,0,NTB,eu gostei,95089,96173,1084
96511,97855,1344,0,GE-Phrase,230,97846,98708,862
96511,97855,1344,0,NTB,hoje eu vejo que depende &n [/1],96511,97855,1344
97855,98199,344,0,GE-Phrase,230,97846,98708,862
97855,98199,344,0,NTB,né,97855,98199,344
98199,98848,649,0,GE-Phrase,231,98708,100412,1704
98199,98848,649,0,NTB,do aluno,98199,98848,649
98848,100935,2087,0,NTB,da interação que cê tem com aluno,98848,100935,2087
137105,138339,1234,0,GE-Phrase,236,138001,139371,1370
137105,138339,1234,0,NTB,em inglês obviamente,137105,138339,1234
138339,139647,1308,0,GE-Phrase,237,139371,143181,3810
138339,139647,1308,0,NTB,a gente tinha livro e tudo,138339,139647,1308
4370,5588,1218,0,GE-Phrase,201,2608,9088,6480
4370,5588,1218,0,NTB,aonde a gente ia,4370,5588,1218
5588,7444,1856,0,GE-Phrase,201,2608,9088,6480
5588,7444,1856,0,NTB,quando a gente era criança,5588,7444,1856
76336,77920,1584,0,GE-Phrase,227,77639,79279,1640
76336,77920,1584,0,NTB,que era só um corredorzinho,76336,77920,1584
77920,79367,1447,0,GE-Phrase,228,79279,80954,1675
77920,79367,1447,0,NTB,que depois virou,77920,79367,1447
79367,79692,325,0,GE-Phrase,228,79279,80954,1675
79367,79692,325,0,NTB,né,79367,79692,325
79692,81357,1665,0,GE-Phrase,229,80954,82638,1684
79692,81357,1665,0,NTB,um negócio enorme,79692,81357,1665
88201,89296,1095,0,NTB,<cheguei nisso> +,88201,89296,1095
93305,94317,1012,0,NTB,achei que eu fosse odiar,93305,94317,1012
95089,96173,1084,0,NTB,eu gostei,95089,96173,1084
96511,97855,1344,0,GE-Phrase,230,97846,98708,862
96511,97855,1344,0,NTB,hoje eu vejo que depende &n [/1],96511,97855,1344
97855,98199,344,0,GE-Phrase,230,97846,98708,862
97855,98199,344,0,NTB,né,97855,98199,344
98199,98848,649,0,GE-Phrase,231,98708,100412,1704
98199,98848,649,0,NTB,do aluno,98199,98848,649
98848,100935,2087,0,NTB,da interação que cê tem com aluno,98848,100935,2087
137105,138339,1234,0,GE-Phrase,236,138001,139371,1370
137105,138339,1234,0,NTB,em inglês obviamente,137105,138339,1234
138339,139647,1308,0,GE-Phrase,237,139371,143181,3810
138339,139647,1308,0,NTB,a gente tinha livro e tudo,138339,139647,1308
4370,5588,1218,0,GE-Phrase,201,2608,9088,6480
4370,5588,1218,0,NTB,aonde a gente ia,4370,5588,1218
5588,7444,1856,0,GE-Phrase,201,2608,9088,6480
5588,7444,1856,0,NTB,quando a gente era criança,5588,7444,1856
76336,77920,1584,0,GE-Phrase,227,77639,79279,1640
76336,77920,1584,0,NTB,que era só um corredorzinho,76336,77920,1584
77920,79367,1447,0,GE-Phrase,228,79279,80954,1675
77920,79367,1447,0,NTB,que depois virou,77920,79367,1447
79367,79692,325,0,GE-Phrase,228,79279,80954,1675
79367,79692,325,0,NTB,né,79367,79692,325
79692,81357,1665,0,GE-Phrase,229,80954,82638,1684
79692,81357,1665,0,NTB,um negócio enorme,79692,81357,1665
88201,89296,1095,0,NTB,<cheguei nisso> +,88201,89296,1095
93305,94317,1012,0,NTB,achei que eu fosse odiar,93305,94317,1012
95089,96173,1084,0,NTB,eu gostei,95089,96173,1084
96511,97855,1344,0,GE-Phrase,230,97846,98708,862
96511,97855,1344,0,NTB,hoje eu vejo que depende &n [/1],96511,97855,1344
97855,98199,344,0,GE-Phrase,230,97846,98708,862
97855,98199,344,0,NTB,né,97855,98199,344
98199,98848,649,0,GE-Phrase,231,98708,100412,1704
98199,98848,649,0,NTB,do aluno,98199,98848,649
98848,100935,2087,0,NTB,da interação que cê tem com aluno,98848,100935,2087
137105,138339,1234,0,GE-Phrase,236,138001,139371,1370
137105,138339,1234,0,NTB,em inglês obviamente,137105,138339,1234
138339,139647,1308,0,GE-Phrase,237,139371,143181,3810
138339,139647,1308,0,NTB,a gente tinha livro e tudo,138339,139647,1308
4370,5588,1218,0,GE-Phrase,201,2608,9088,6480
4370,5588,1218,0,NTB,aonde a gente ia,4370,5588,1218
5588,7444,1856,0,GE-Phrase,201,2608,9088,6480
5588,7444,1856,0,NTB,quando a gente era criança,5588,7444,1856
76336,77920,1584,0,GE-Phrase,227,77639,79279,1640
76336,77920,1584,0,NTB,que era só um corredorzinho,76336,77920,1584
77920,79367,1447,0,GE-Phrase,228,79279,80954,1675
77920,79367,1447,0,NTB,que depois virou,77920,79367,1447
79367,79692,325,0,GE-Phrase,228,79279,80954,1675
79367,79692,325,0,NTB,né,79367,79692,325
79692,81357,1665,0,GE-Phrase,229,80954,82638,1684
79692,81357,1665,0,NTB,um negócio enorme,79692,81357,1665
88201,89296,1095,0,NTB,<cheguei nisso> +,88201,89296,1095
93305,94317,1012,0,NTB,achei que eu fosse odiar,93305,94317,1012
95089,96173,1084,0,NTB,eu gostei,95089,96173,1084
96511,97855,1344,0,GE-Phrase,230,97846,98708,862
96511,97855,1344,0,NTB,hoje eu vejo que depende &n [/1],96511,97855,1344
97855,98199,344,0,GE-Phrase,230,97846,98708,862
97855,98199,344,0,NTB,né,97855,98199,344
98199,98848,649,0,GE-Phrase,231,98708,100412,1704
98199,98848,649,0,NTB,do aluno,98199,98848,649
98848,100935,2087,0,NTB,da interação que cê tem com aluno,98848,100935,2087
137105,138339,1234,0,GE-Phrase,236,138001,139371,1370
137105,138339,1234,0,NTB,em inglês obviamente,137105,138339,1234
138339,139647,1308,0,GE-Phrase,237,139371,143181,3810
138339,139647,1308,0,NTB,a gente tinha livro e tudo,138339,139647,1308
4370,5588,1218,0,GE-Phrase,201,2608,9088,6480
4370,5588,1218,0,NTB,aonde a gente ia,4370,5588,1218
5588,7444,1856,0,GE-Phrase,201,2608,9088,6480
5588,7444,1856,0,NTB,quando a gente era criança,5588,7444,1856
76336,77920,1584,0,GE-Phrase,227,77639,79279,1640
76336,77920,1584,0,NTB,que era só um corredorzinho,76336,77920,1584
77920,79367,1447,0,GE-Phrase,228,79279,80954,1675
77920,79367,1447,0,NTB,que depois virou,77920,79367,1447
79367,79692,325,0,GE-Phrase,228,79279,80954,1675
79367,79692,325,0,NTB,né,79367,79692,325
79692,81357,1665,0,GE-Phrase,229,80954,82638,1684
79692,81357,1665,0,NTB,um negócio enorme,79692,81357,1665
88201,89296,1095,0,NTB,<cheguei nisso> +,88201,89296,1095
93305,94317,1012,0,NTB,achei que eu fosse odiar,93305,94317,1012
95089,96173,1084,0,NTB,eu gostei,95089,96173,1084
96511,97855,1344,0,GE-Phrase,230,97846,98708,862
96511,97855,1344,0,NTB,hoje eu vejo que depende &n [/1],96511,97855,1344
97855,98199,344,0,GE-Phrase,230,97846,98708,862
97855,98199,344,0,NTB,né,97855,98199,344
98199,98848,649,0,GE-Phrase,231,98708,100412,1704
98199,98848,649,0,NTB,do aluno,98199,98848,649
98848,100935,2087,0,NTB,da interação que cê tem com aluno,98848,100935,2087
137105,138339,1234,0,GE-Phrase,236,138001,139371,1370
137105,138339,1234,0,NTB,em inglês obviamente,137105,138339,1234
138339,139647,1308,0,GE-Phrase,237,139371,143181,3810
138339,139647,1308,0,NTB,a gente tinha livro e tudo,138339,139647,1308
4370,5588,1218,0,GE-Phrase,201,2608,9088,6480
4370,5588,1218,0,NTB,aonde a gente ia,4370,5588,1218
5588,7444,1856,0,GE-Phrase,201,2608,9088,6480
5588,7444,1856,0,NTB,quando a gente era criança,5588,7444,1856
76336,77920,1584,0,GE-Phrase,227,77639,79279,1640
76336,77920,1584,0,NTB,que era só um corredorzinho,76336,77920,1584
77920,79367,1447,0,GE-Phrase,228,79279,80954,1675
77920,79367,1447,0,NTB,que depois virou,77920,79367,1447
79367,79692,325,0,GE-Phrase,228,79279,80954,1675
79367,79692,325,0,NTB,né,79367,79692,325
79692,81357,1665,0,GE-Phrase,229,80954,82638,1684
79692,81357,1665,0,NTB,um negócio enorme,79692,81357,1665
88201,89296,1095,0,NTB,<cheguei nisso> +,88201,89296,1095
93305,94317,1012,0,NTB,achei que eu fosse odiar,93305,94317,1012
95089,96173,1084,0,NTB,eu gostei,95089,96173,1084
96511,97855,1344,0,GE-Phrase,230,97846,98708,862
96511,97855,1344,0,NTB,hoje eu vejo que depende &n [/1],96511,97855,1344
97855,98199,344,0,GE-Phrase,230,97846,98708,862
97855,98199,344,0,NTB,né,97855,98199,344
98199,98848,649,0,GE-Phrase,231,98708,100412,1704
98199,98848,649,0,NTB,do aluno,98199,98848,649
98848,100935,2087,0,NTB,da interação que cê tem com aluno,98848,100935,2087
137105,138339,1234,0,GE-Phrase,236,138001,139371,1370
137105,138339,1234,0,NTB,em inglês obviamente,137105,138339,1234
138339,139647,1308,0,GE-Phrase,237,139371,143181,3810
138339,139647,1308,0,NTB,a gente tinha livro e tudo,138339,139647,1308
4370,5588,1218,0,GE-Phrase,201,2608,9088,6480
4370,5588,1218,0,NTB,aonde a gente ia,4370,5588,1218
5588,7444,1856,0,GE-Phrase,201,2608,9088,6480
5588,7444,1856,0,NTB,quando a gente era criança,5588,7444,1856
76336,77920,1584,0,GE-Phrase,227,77639,79279,1640
76336,77920,1584,0,NTB,que era só um corredorzinho,76336,77920,1584
77920,79367,1447,0,GE-Phrase,228,79279,80954,1675
77920,79367,1447,0,NTB,que depois virou,77920,79367,1447
79367,79692,325,0,GE-Phrase,228,79279,80954,1675
79367,79692,325,0,NTB,né,79367,79692,325
79692,81357,1665,0,GE-Phrase,229,80954,82638,1684
79692,81357,1665,0,NTB,um negócio enorme,79692,81357,1665
88201,89296,1095,0,NTB,<cheguei nisso> +,88201,89296,1095
93305,94317,1012,0,NTB,achei que eu fosse odiar,93305,94317,1012
95089,96173,1084,0,NTB,eu gostei,95089,96173,1084
96511,97855,1344,0,GE-Phrase,230,97846,98708,862
96511,97855,1344,0,NTB,hoje eu vejo que depende &n [/1],96511,97855,1344
97855,98199,344,0,GE-Phrase,230,97846,98708,862
97855,98199,344,0,NTB,né,97855,98199,344
98199,98848,649,0,GE-Phrase,231,98708,100412,1704
98199,98848,649,0,NTB,do aluno,98199,98848,649
98848,100935,2087,0,NTB,da interação que cê tem com aluno,98848,100935,2087
137105,138339,1234,0,GE-Phrase,236,138001,139371,1370
137105,138339,1234,0,NTB,em inglês obviamente,137105,138339,1234
138339,139647,1308,0,GE-Phrase,237,139371,143181,3810
138339,139647,1308,0,NTB,a gente tinha livro e tudo,138339,139647,1308
4370,5588,1218,0,GE-Phrase,201,2608,9088,6480
4370,5588,1218,0,NTB,aonde a gente ia,4370,5588,1218
5588,7444,1856,0,GE-Phrase,201,2608,9088,6480
5588,7444,1856,0,NTB,quando a gente era criança,5588,7444,1856
76336,77920,1584,0,GE-Phrase,227,77639,79279,1640
76336,77920,1584,0,NTB,que era só um corredorzinho,76336,77920,1584
77920,79367,1447,0,GE-Phrase,228,79279,80954,1675
77920,79367,1447,0,NTB,que depois virou,77920,79367,1447
79367,79692,325,0,GE-Phrase,228,79279,80954,1675
79367,79692,325,0,NTB,né,79367,79692,325
79692,81357,1665,0,GE-Phrase,229,80954,82638,1684
79692,81357,1665,0,NTB,um negócio enorme,79692,81357,1665
88201,89296,1095,0,NTB,<cheguei nisso> +,88201,89296,1095
93305,94317,1012,0,NTB,achei que eu fosse odiar,93305,94317,1012
95089,96173,1084,0,NTB,eu gostei,95089,96173,1084
96511,97855,1344,0,GE-Phrase,230,97846,98708,862
96511,97855,1344,0,NTB,hoje eu vejo que depende &n [/1],96511,97855,1344
97855,98199,344,0,GE-Phrase,230,97846,98708,862
97855,98199,344,0,NTB,né,97855,98199,344
98199,98848,649,0,GE-Phrase,231,98708,100412,1704
98199,98848,649,0,NTB,do aluno,98199,98848,649
98848,100935,2087,0,NTB,da interação que cê tem com aluno,98848,100935,2087
137105,138339,1234,0,GE-Phrase,236,138001,139371,1370
137105,138339,1234,0,NTB,em inglês obviamente,137105,138339,1234
138339,139647,1308,0,GE-Phrase,237,139371,143181,3810
138339,139647,1308,0,NTB,a gente tinha livro e tudo,138339,139647,1308
4370,5588,1218,0,GE-Phrase,201,2608,9088,6480
4370,5588,1218,0,NTB,aonde a gente ia,4370,5588,1218
5588,7444,1856,0,GE-Phrase,201,2608,9088,6480
5588,7444,1856,0,NTB,quando a gente era criança,5588,7444,1856
76336,77920,1584,0,GE-Phrase,227,77639,79279,1640
76336,77920,1584,0,NTB,que era só um corredorzinho,76336,77920,1584
77920,79367,1447,0,GE-Phrase,228,79279,80954,1675
77920,79367,1447,0,NTB,que depois virou,77920,79367,1447
79367,79692,325,0,GE-Phrase,228,79279,80954,1675
79367,79692,325,0,NTB,né,79367,79692,325
79692,81357,1665,0,GE-Phrase,229,80954,82638,1684
79692,81357,1665,0,NTB,um negócio enorme,79692,81357,1665
88201,89296,1095,0,NTB,<cheguei nisso> +,88201,89296,1095
93305,94317,1012,0,NTB,achei que eu fosse odiar,93305,94317,1012
95089,96173,1084,0,NTB,eu gostei,95089,96173,1084
96511,97855,1344,0,GE-Phrase,230,97846,98708,862
96511,97855,1344,0,NTB,hoje eu vejo que depende &n [/1],96511,97855,1344
97855,98199,344,0,GE-Phrase,230,97846,98708,862
97855,98199,344,0,NTB,né,97855,98199,344
98199,98848,649,0,GE-Phrase,231,98708,100412,1704
98199,98848,649,0,NTB,do aluno,98199,98848,649
98848,100935,2087,0,NTB,da interação que cê tem com aluno,98848,100935,2087
137105,138339,1234,0,GE-Phrase,236,138001,139371,1370
137105,138339,1234,0,NTB,em inglês obviamente,137105,138339,1234
138339,139647,1308,0,GE-Phrase,237,139371,143181,3810
138339,139647,1308,0,NTB,a gente tinha livro e tudo,138339,139647,1308
4370,5588,1218,0,GE-Phrase,201,2608,9088,6480
4370,5588,1218,0,NTB,aonde a gente ia,4370,5588,1218
5588,7444,1856,0,GE-Phrase,201,2608,9088,6480
5588,7444,1856,0,NTB,quando a gente era criança,5588,7444,1856
76336,77920,1584,0,GE-Phrase,227,77639,79279,1640
76336,77920,1584,0,NTB,que era só um corredorzinho,76336,77920,1584
77920,79367,1447,0,GE-Phrase,228,79279,80954,1675
77920,79367,1447,0,NTB,que depois virou,77920,79367,1447
79367,79692,325,0,GE-Phrase,228,79279,80954,1675
79367,79692,325,0,NTB,né,79367,79692,325
79692,81357,1665,0,GE-Phrase,229,80954,82638,1684
79692,81357,1665,0,NTB,um negócio enorme,79692,81357,1665
88201,89296,1095,0,NTB,<cheguei nisso> +,88201,89296,1095
93305,94317,1012,0,NTB,achei que eu fosse odiar,93305,94317,1012
95089,96173,1084,0,NTB,eu gostei,95089,96173,1084
96511,97855,1344,0,GE-Phrase,230,97846,98708,862
96511,97855,1344,0,NTB,hoje eu vejo que depende &n [/1],96511,97855,1344
97855,98199,344,0,GE-Phrase,230,97846,98708,862
97855,98199,344,0,NTB,né,97855,98199,344
98199,98848,649,0,GE-Phrase,231,98708,100412,1704
98199,98848,649,0,NTB,do aluno,98199,98848,649
98848,100935,2087,0,NTB,da interação que cê tem com aluno,98848,100935,2087
137105,138339,1234,0,GE-Phrase,236,138001,139371,1370
137105,138339,1234,0,NTB,em inglês obviamente,137105,138339,1234
138339,139647,1308,0,GE-Phrase,237,139371,143181,3810
138339,139647,1308,0,NTB,a gente tinha livro e tudo,138339,139647,1308
4370,5588,1218,0,GE-Phrase,201,2608,9088,6480
4370,5588,1218,0,NTB,aonde a gente ia,4370,5588,1218
5588,7444,1856,0,GE-Phrase,201,2608,9088,6480
5588,7444,1856,0,NTB,quando a gente era criança,5588,7444,1856
76336,77920,1584,0,GE-Phrase,227,77639,79279,1640
76336,77920,1584,0,NTB,que era só um corredorzinho,76336,77920,1584
77920,79367,1447,0,GE-Phrase,228,79279,80954,1675
77920,79367,1447,0,NTB,que depois virou,77920,79367,1447
79367,79692,325,0,GE-Phrase,228,79279,80954,1675
79367,79692,325,0,NTB,né,79367,79692,325
79692,81357,1665,0,GE-Phrase,229,80954,82638,1684
79692,81357,1665,0,NTB,um negócio enorme,79692,81357,1665
88201,89296,1095,0,NTB,<cheguei nisso> +,88201,89296,1095
93305,94317,1012,0,NTB,achei que eu fosse odiar,93305,94317,1012
95089,96173,1084,0,NTB,eu gostei,95089,96173,1084
96511,97855,1344,0,GE-Phrase,230,97846,98708,862
96511,97855,1344,0,NTB,hoje eu vejo que depende &n [/1],96511,97855,1344
97855,98199,344,0,GE-Phrase,230,97846,98708,862
97855,98199,344,0,NTB,né,97855,98199,344
98199,98848,649,0,GE-Phrase,231,98708,100412,1704
98199,98848,649,0,NTB,do aluno,98199,98848,649
98848,100935,2087,0,NTB,da interação que cê tem com aluno,98848,100935,2087
137105,138339,1234,0,GE-Phrase,236,138001,139371,1370
137105,138339,1234,0,NTB,em inglês obviamente,137105,138339,1234
138339,139647,1308,0,GE-Phrase,237,139371,143181,3810
138339,139647,1308,0,NTB,a gente tinha livro e tudo,138339,139647,1308
4370,5588,1218,0,GE-Phrase,201,2608,9088,6480
4370,5588,1218,0,NTB,aonde a gente ia,4370,5588,1218
5588,7444,1856,0,GE-Phrase,201,2608,9088,6480
5588,7444,1856,0,NTB,quando a gente era criança,5588,7444,1856
76336,77920,1584,0,GE-Phrase,227,77639,79279,1640
76336,77920,1584,0,NTB,que era só um corredorzinho,76336,77920,1584
77920,79367,1447,0,GE-Phrase,228,79279,80954,1675
77920,79367,1447,0,NTB,que depois virou,77920,79367,1447
79367,79692,325,0,GE-Phrase,228,79279,80954,1675
79367,79692,325,0,NTB,né,79367,79692,325
79692,81357,1665,0,GE-Phrase,229,80954,82638,1684
79692,81357,1665,0,NTB,um negócio enorme,79692,81357,1665
88201,89296,1095,0,NTB,<cheguei nisso> +,88201,89296,1095
93305,94317,1012,0,NTB,achei que eu fosse odiar,93305,94317,1012
95089,96173,1084,0,NTB,eu gostei,95089,96173,1084
96511,97855,1344,0,GE-Phrase,230,97846,98708,862
96511,97855,1344,0,NTB,hoje eu vejo que depende &n [/1],96511,97855,1344
97855,98199,344,0,GE-Phrase,230,97846,98708,862
97855,98199,344,0,NTB,né,97855,98199,344
98199,98848,649,0,GE-Phrase,231,98708,100412,1704
98199,98848,649,0,NTB,do aluno,98199,98848,649
98848,100935,2087,0,NTB,da interação que cê tem com aluno,98848,100935,2087
137105,138339,1234,0,GE-Phrase,236,138001,139371,1370
137105,138339,1234,0,NTB,em inglês obviamente,137105,138339,1234
138339,139647,1308,0,GE-Phrase,237,139371,143181,3810
138339,139647,1308,0,NTB,a gente tinha livro e tudo,138339,139647,1308
4370,5588,1218,0,GE-Phrase,201,2608,9088,6480
4370,5588,1218,0,NTB,aonde a gente ia,4370,5588,1218
5588,7444,1856,0,GE-Phrase,201,2608,9088,6480
5588,7444,1856,0,NTB,quando a gente era criança,5588,7444,1856
76336,77920,1584,0,GE-Phrase,227,77639,79279,1640
76336,77920,1584,0,NTB,que era só um corredorzinho,76336,77920,1584
77920,79367,1447,0,GE-Phrase,228,79279,80954,1675
77920,79367,1447,0,NTB,que depois virou,77920,79367,1447
79367,79692,325,0,GE-Phrase,228,79279,80954,1675
79367,79692,325,0,NTB,né,79367,79692,325
79692,81357,1665,0,GE-Phrase,229,80954,82638,1684
79692,81357,1665,0,NTB,um negócio enorme,79692,81357,1665
88201,89296,1095,0,NTB,<cheguei nisso> +,88201,89296,1095
93305,94317,1012,0,NTB,achei que eu fosse odiar,93305,94317,1012
95089,96173,1084,0,NTB,eu gostei,95089,96173,1084
96511,97855,1344,0,GE-Phrase,230,97846,98708,862
96511,97855,1344,0,NTB,hoje eu vejo que depende &n [/1],96511,97855,1344
97855,98199,344,0,GE-Phrase,230,97846,98708,862
97855,98199,344,0,NTB,né,97855,98199,344
98199,98848,649,0,GE-Phrase,231,98708,100412,1704
98199,98848,649,0,NTB,do aluno,98199,98848,649
98848,100935,2087,0,NTB,da interação que cê tem com aluno,98848,100935,2087
137105,138339,1234,0,GE-Phrase,236,138001,139371,1370
137105,138339,1234,0,NTB,em inglês obviamente,137105,138339,1234
138339,139647,1308,0,GE-Phrase,237,139371,143181,3810
138339,139647,1308,0,NTB,a gente tinha livro e tudo,138339,139647,1308
4370,5588,1218,0,GE-Phrase,201,2608,9088,6480
4370,5588,1218,0,NTB,aonde a gente ia,4370,5588,1218
5588,7444,1856,0,GE-Phrase,201,2608,9088,6480
5588,7444,1856,0,NTB,quando a gente era criança,5588,7444,1856
76336,77920,1584,0,GE-Phrase,227,77639,79279,1640
76336,77920,1584,0,NTB,que era só um corredorzinho,76336,77920,1584
77920,79367,1447,0,GE-Phrase,228,79279,80954,1675
77920,79367,1447,0,NTB,que depois virou,77920,79367,1447
79367,79692,325,0,GE-Phrase,228,79279,80954,1675
79367,79692,325,0,NTB,né,79367,79692,325
79692,81357,1665,0,GE-Phrase,229,80954,82638,1684
79692,81357,1665,0,NTB,um negócio enorme,79692,81357,1665
88201,89296,1095,0,NTB,<cheguei nisso> +,88201,89296,1095
93305,94317,1012,0,NTB,achei que eu fosse odiar,93305,94317,1012
95089,96173,1084,0,NTB,eu gostei,95089,96173,1084
96511,97855,1344,0,GE-Phrase,230,97846,98708,862
96511,97855,1344,0,NTB,hoje eu vejo que depende &n [/1],96511,97855,1344
97855,98199,344,0,GE-Phrase,230,97846,98708,862
97855,98199,344,0,NTB,né,97855,98199,344
98199,98848,649,0,GE-Phrase,231,98708,100412,1704
98199,98848,649,0,NTB,do aluno,98199,98848,649
98848,100935,2087,0,NTB,da interação que cê tem com aluno,98848,100935,2087
137105,138339,1234,0,GE-Phrase,236,138001,139371,1370
137105,138339,1234,0,NTB,em inglês obviamente,137105,138339,1234
138339,139647,1308,0,GE-Phrase,237,139371,143181,3810
138339,139647,1308,0,NTB,a gente tinha livro e tudo,138339,139647,1308
4370,5588,1218,0,GE-Phrase,201,2608,9088,6480
4370,5588,1218,0,NTB,aonde a gente ia,4370,5588,1218
5588,7444,1856,0,GE-Phrase,201,2608,9088,6480
5588,7444,1856,0,NTB,quando a gente era criança,5588,7444,1856
76336,77920,1584,0,GE-Phrase,227,77639,79279,1640
76336,77920,1584,0,NTB,que era só um corredorzinho,76336,77920,1584
77920,79367,1447,0,GE-Phrase,228,79279,80954,1675
77920,79367,1447,0,NTB,que depois virou,77920,79367,1447
79367,79692,325,0,GE-Phrase,228,79279,80954,1675
79367,79692,325,0,NTB,né,79367,79692,325
79692,81357,1665,0,GE-Phrase,229,80954,82638,1684
79692,81357,1665,0,NTB,um negócio enorme,79692,81357,1665
88201,89296,1095,0,NTB,<cheguei nisso> +,88201,89296,1095
93305,94317,1012,0,NTB,achei que eu fosse odiar,93305,94317,1012
95089,96173,1084,0,NTB,eu gostei,95089,96173,1084
96511,97855,1344,0,GE-Phrase,230,97846,98708,862
96511,97855,1344,0,NTB,hoje eu vejo que depende &n [/1],96511,97855,1344
97855,98199,344,0,GE-Phrase,230,97846,98708,862
97855,98199,344,0,NTB,né,97855,98199,344
98199,98848,649,0,GE-Phrase,231,98708,100412,1704
98199,98848,649,0,NTB,do aluno,98199,98848,649
98848,100935,2087,0,NTB,da interação que cê tem com aluno,98848,100935,2087
137105,138339,1234,0,GE-Phrase,236,138001,139371,1370
137105,138339,1234,0,NTB,em inglês obviamente,137105,138339,1234
138339,139647,1308,0,GE-Phrase,237,139371,143181,3810
138339,139647,1308,0,NTB,a gente tinha livro e tudo,138339,139647,1308
4370,5588,1218,0,GE-Phrase,201,2608,9088,6480
4370,5588,1218,0,NTB,aonde a gente ia,4370,5588,1218
5588,7444,1856,0,GE-Phrase,201,2608,9088,6480
5588,7444,1856,0,NTB,quando a gente era criança,5588,7444,1856
76336,77920,1584,0,GE-Phrase,227,77639,79279,1640
76336,77920,1584,0,NTB,que era só um corredorzinho,76336,77920,1584
77920,79367,1447,0,GE-Phrase,228,79279,80954,1675
77920,79367,1447,0,NTB,que depois virou,77920,79367,1447
79367,79692,325,0,GE-Phrase,228,79279,80954,1675
79367,79692,325,0,NTB,né,79367,79692,325
79692,81357,1665,0,GE-Phrase,229,80954,82638,1684
79692,81357,1665,0,NTB,um negócio enorme,79692,81357,1665
88201,89296,1095,0,NTB,<cheguei nisso> +,88201,89296,1095
93305,94317,1012,0,NTB,achei que eu fosse odiar,93305,94317,1012
95089,96173,1084,0,NTB,eu gostei,95089,96173,1084
96511,97855,1344,0,GE-Phrase,230,97846,98708,862
96511,97855,1344,0,NTB,hoje eu vejo que depende &n [/1],96511,97855,1344
97855,98199,344,0,GE-Phrase,230,97846,98708,862
97855,98199,344,0,NTB,né,97855,98199,344
98199,98848,649,0,GE-Phrase,231,98708,100412,1704
98199,98848,649,0,NTB,do aluno,98199,98848,649
98848,100935,2087,0,NTB,da interação que cê tem com aluno,98848,100935,2087
137105,138339,1234,0,GE-Phrase,236,138001,139371,1370
137105,138339,1234,0,NTB,em inglês obviamente,137105,138339,1234
138339,139647,1308,0,GE-Phrase,237,139371,143181,3810
138339,139647,1308,0,NTB,a gente tinha livro e tudo,138339,139647,1308
4370,5588,1218,0,GE-Phrase,201,2608,9088,6480
4370,5588,1218,0,NTB,aonde a gente ia,4370,5588,1218
5588,7444,1856,0,GE-Phrase,201,2608,9088,6480
5588,7444,1856,0,NTB,quando a gente era criança,5588,7444,1856
76336,77920,1584,0,GE-Phrase,227,77639,79279,1640
76336,77920,1584,0,NTB,que era só um corredorzinho,76336,77920,1584
77920,79367,1447,0,GE-Phrase,228,79279,80954,1675
77920,79367,1447,0,NTB,que depois virou,77920,79367,1447
79367,79692,325,0,GE-Phrase,228,79279,80954,1675
79367,79692,325,0,NTB,né,79367,79692,325
79692,81357,1665,0,GE-Phrase,229,80954,82638,1684
79692,81357,1665,0,NTB,um negócio enorme,79692,81357,1665
88201,89296,1095,0,NTB,<cheguei nisso> +,88201,89296,1095
93305,94317,1012,0,NTB,achei que eu fosse odiar,93305,94317,1012
95089,96173,1084,0,NTB,eu gostei,95089,96173,1084
96511,97855,1344,0,GE-Phrase,230,97846,98708,862
96511,97855,1344,0,NTB,hoje eu vejo que depende &n [/1],96511,97855,1344
97855,98199,344,0,GE-Phrase,230,97846,98708,862
97855,98199,344,0,NTB,né,97855,98199,344
98199,98848,649,0,GE-Phrase,231,98708,100412,1704
98199,98848,649,0,NTB,do aluno,98199,98848,649
98848,100935,2087,0,NTB,da interação que cê tem com aluno,98848,100935,2087
137105,138339,1234,0,GE-Phrase,236,138001,139371,1370
137105,138339,1234,0,NTB,em inglês obviamente,137105,138339,1234
138339,139647,1308,0,GE-Phrase,237,139371,143181,3810
138339,139647,1308,0,NTB,a gente tinha livro e tudo,138339,139647,1308
4370,5588,1218,0,GE-Phrase,201,2608,9088,6480
4370,5588,1218,0,NTB,aonde a gente ia,4370,5588,1218
5588,7444,1856,0,GE-Phrase,201,2608,9088,6480
5588,7444,1856,0,NTB,quando a gente era criança,5588,7444,1856
76336,77920,1584,0,GE-Phrase,227,77639,79279,1640
76336,77920,1584,0,NTB,que era só um corredorzinho,76336,77920,1584
77920,79367,1447,0,GE-Phrase,228,79279,80954,1675
77920,79367,1447,0,NTB,que depois virou,77920,79367,1447
79367,79692,325,0,GE-Phrase,228,79279,80954,1675
79367,79692,325,0,NTB,né,79367,79692,325
79692,81357,1665,0,GE-Phrase,229,80954,82638,1684
79692,81357,1665,0,NTB,um negócio enorme,79692,81357,1665
88201,89296,1095,0,NTB,<cheguei nisso> +,88201,89296,1095
93305,94317,1012,0,NTB,achei que eu fosse odiar,93305,94317,1012
95089,96173,1084,0,NTB,eu gostei,95089,96173,1084
96511,97855,1344,0,GE-Phrase,230,97846,98708,862
96511,97855,1344,0,NTB,hoje eu vejo que depende &n [/1],96511,97855,1344
97855,98199,344,0,GE-Phrase,230,97846,98708,862
97855,98199,344,0,NTB,né,97855,98199,344
98199,98848,649,0,GE-Phrase,231,98708,100412,1704
98199,98848,649,0,NTB,do aluno,98199,98848,649
98848,100935,2087,0,NTB,da interação que cê tem com aluno,98848,100935,2087
137105,138339,1234,0,GE-Phrase,236,138001,139371,1370
137105,138339,1234,0,NTB,em inglês obviamente,137105,138339,1234
138339,139647,1308,0,GE-Phrase,237,139371,143181,3810
138339,139647,1308,0,NTB,a gente tinha livro e tudo,138339,139647,1308
4370,5588,1218,0,GE-Phrase,201,2608,9088,6480
4370,5588,1218,0,NTB,aonde a gente ia,4370,5588,1218
5588,7444,1856,0,GE-Phrase,201,2608,9088,6480
5588,7444,1856,0,NTB,quando a gente era criança,5588,7444,1856
76336,77920,1584,0,GE-Phrase,227,77639,79279,1640
76336,77920,1584,0,NTB,que era só um corredorzinho,76336,77920,1584
77920,79367,1447,0,GE-Phrase,228,79279,80954,1675
77920,79367,1447,0,NTB,que depois virou,77920,79367,1447
79367,79692,325,0,GE-Phrase,228,79279,80954,1675
79367,79692,325,0,NTB,né,79367,79692,325
79692,81357,1665,0,GE-Phrase,229,80954,82638,1684
79692,81357,1665,0,NTB,um negócio enorme,79692,81357,1665
88201,89296,1095,0,NTB,<cheguei nisso> +,88201,89296,1095
93305,94317,1012,0,NTB,achei que eu fosse odiar,93305,94317,1012
95089,96173,1084,0,NTB,eu gostei,95089,96173,1084
96511,97855,1344,0,GE-Phrase,230,97846,98708,862
96511,97855,1344,0,NTB,hoje eu vejo que depende &n [/1],96511,97855,1344
97855,98199,344,0,GE-Phrase,230,97846,98708,862
97855,98199,344,0,NTB,né,97855,98199,344
98199,98848,649,0,GE-Phrase,231,98708,100412,1704
98199,98848,649,0,NTB,do aluno,98199,98848,649
98848,100935,2087,0,NTB,da interação que cê tem com aluno,98848,100935,2087
137105,138339,1234,0,GE-Phrase,236,138001,139371,1370
137105,138339,1234,0,NTB,em inglês obviamente,137105,138339,1234
138339,139647,1308,0,GE-Phrase,237,139371,143181,3810
138339,139647,1308,0,NTB,a gente tinha livro e tudo,138339,139647,1308
4370,5588,1218,0,GE-Phrase,201,2608,9088,6480
4370,5588,1218,0,NTB,aonde a gente ia,4370,5588,1218
5588,7444,1856,0,GE-Phrase,201,2608,9088,6480
5588,7444,1856,0,NTB,quando a gente era criança,5588,7444,1856
76336,77920,1584,0,GE-Phrase,227,77639,79279,1640
76336,77920,1584,0,NTB,que era só um corredorzinho,76336,77920,1584
77920,79367,1447,0,GE-Phrase,228,79279,80954,1675
77920,79367,1447,0,NTB,que depois virou,77920,79367,1447
79367,79692,325,0,GE-Phrase,228,79279,80954,1675
79367,79692,325,0,NTB,né,79367,79692,325
79692,81357,1665,0,GE-Phrase,229,80954,82638,1684
79692,81357,1665,0,NTB,um negócio enorme,79692,81357,1665
88201,89296,1095,0,NTB,<cheguei nisso> +,88201,89296,1095
93305,94317,1012,0,NTB,achei que eu fosse odiar,93305,94317,1012
95089,96173,1084,0,NTB,eu gostei,95089,96173,1084
96511,97855,1344,0,GE-Phrase,230,97846,98708,862
96511,97855,1344,0,NTB,hoje eu vejo que depende &n [/1],96511,97855,1344
97855,98199,344,0,GE-Phrase,230,97846,98708,862
97855,98199,344,0,NTB,né,97855,98199,344
98199,98848,649,0,GE-Phrase,231,98708,100412,1704
98199,98848,649,0,NTB,do aluno,98199,98848,649
98848,100935,2087,0,NTB,da interação que cê tem com aluno,98848,100935,2087
137105,138339,1234,0,GE-Phrase,236,138001,139371,1370
137105,138339,1234,0,NTB,em inglês obviamente,137105,138339,1234
138339,139647,1308,0,GE-Phrase,237,139371,143181,3810
138339,139647,1308,0,NTB,a gente tinha livro e tudo,138339,139647,1308
4370,5588,1218,0,GE-Phrase,201,2608,9088,6480
4370,5588,1218,0,NTB,aonde a gente ia,4370,5588,1218
5588,7444,1856,0,GE-Phrase,201,2608,9088,6480
5588,7444,1856,0,NTB,quando a gente era criança,5588,7444,1856
76336,77920,1584,0,GE-Phrase,227,77639,79279,1640
76336,77920,1584,0,NTB,que era só um corredorzinho,76336,77920,1584
77920,79367,1447,0,GE-Phrase,228,79279,80954,1675
77920,79367,1447,0,NTB,que depois virou,77920,79367,1447
79367,79692,325,0,GE-Phrase,228,79279,80954,1675
79367,79692,325,0,NTB,né,79367,79692,325
79692,81357,1665,0,GE-Phrase,229,80954,82638,1684
79692,81357,1665,0,NTB,um negócio enorme,79692,81357,1665
88201,89296,1095,0,NTB,<cheguei nisso> +,88201,89296,1095
93305,94317,1012,0,NTB,achei que eu fosse odiar,93305,94317,1012
95089,96173,1084,0,NTB,eu gostei,95089,96173,1084
96511,97855,1344,0,GE-Phrase,230,97846,98708,862
96511,97855,1344,0,NTB,hoje eu vejo que depende &n [/1],96511,97855,1344
97855,98199,344,0,GE-Phrase,230,97846,98708,862
97855,98199,344,0,NTB,né,97855,98199,344
98199,98848,649,0,GE-Phrase,231,98708,100412,1704
98199,98848,649,0,NTB,do aluno,98199,98848,649
98848,100935,2087,0,NTB,da interação que cê tem com aluno,98848,100935,2087
137105,138339,1234,0,GE-Phrase,236,138001,139371,1370
137105,138339,1234,0,NTB,em inglês obviamente,137105,138339,1234
138339,139647,1308,0,GE-Phrase,237,139371,143181,3810
138339,139647,1308,0,NTB,a gente tinha livro e tudo,138339,139647,1308
4370,5588,1218,0,GE-Phrase,201,2608,9088,6480
4370,5588,1218,0,NTB,aonde a gente ia,4370,5588,1218
5588,7444,1856,0,GE-Phrase,201,2608,9088,6480
5588,7444,1856,0,NTB,quando a gente era criança,5588,7444,1856
76336,77920,1584,0,GE-Phrase,227,77639,79279,1640
76336,77920,1584,0,NTB,que era só um corredorzinho,76336,77920,1584
77920,79367,1447,0,GE-Phrase,228,79279,80954,1675
77920,79367,1447,0,NTB,que depois virou,77920,79367,1447
79367,79692,325,0,GE-Phrase,228,79279,80954,1675
79367,79692,325,0,NTB,né,79367,79692,325
79692,81357,1665,0,GE-Phrase,229,80954,82638,1684
79692,81357,1665,0,NTB,um negócio enorme,79692,81357,1665
88201,89296,1095,0,NTB,<cheguei nisso> +,88201,89296,1095
93305,94317,1012,0,NTB,achei que eu fosse odiar,93305,94317,1012
95089,96173,1084,0,NTB,eu gostei,95089,96173,1084
96511,97855,1344,0,GE-Phrase,230,97846,98708,862
96511,97855,1344,0,NTB,hoje eu vejo que depende &n [/1],96511,97855,1344
97855,98199,344,0,GE-Phrase,230,97846,98708,862
97855,98199,344,0,NTB,né,97855,98199,344
98199,98848,649,0,GE-Phrase,231,98708,100412,1704
98199,98848,649,0,NTB,do aluno,98199,98848,649
98848,100935,2087,0,NTB,da interação que cê tem com aluno,98848,100935,2087
137105,138339,1234,0,GE-Phrase,236,138001,139371,1370
137105,138339,1234,0,NTB,em inglês obviamente,137105,138339,1234
138339,139647,1308,0,GE-Phrase,237,139371,143181,3810
138339,139647,1308,0,NTB,a gente tinha livro e tudo,138339,139647,1308
4370,5588,1218,0,GE-Phrase,201,2608,9088,6480
4370,5588,1218,0,NTB,aonde a gente ia,4370,5588,1218
5588,7444,1856,0,GE-Phrase,201,2608,9088,6480
5588,7444,1856,0,NTB,quando a gente era criança,5588,7444,1856
76336,77920,1584,0,GE-Phrase,227,77639,79279,1640
76336,77920,1584,0,NTB,que era só um corredorzinho,76336,77920,1584
77920,79367,1447,0,GE-Phrase,228,79279,80954,1675
77920,79367,1447,0,NTB,que depois virou,77920,79367,1447
79367,79692,325,0,GE-Phrase,228,79279,80954,1675
79367,79692,325,0,NTB,né,79367,79692,325
79692,81357,1665,0,GE-Phrase,229,80954,82638,1684
79692,81357,1665,0,NTB,um negócio enorme,79692,81357,1665
88201,89296,1095,0,NTB,<cheguei nisso> +,88201,89296,1095
93305,94317,1012,0,NTB,achei que eu fosse odiar,93305,94317,1012
95089,96173,1084,0,NTB,eu gostei,95089,96173,1084
96511,97855,1344,0,GE-Phrase,230,97846,98708,862
96511,97855,1344,0,NTB,hoje eu vejo que depende &n [/1],96511,97855,1344
97855,98199,344,0,GE-Phrase,230,97846,98708,862
97855,98199,344,0,NTB,né,97855,98199,344
98199,98848,649,0,GE-Phrase,231,98708,100412,1704
98199,98848,649,0,NTB,do aluno,98199,98848,649
98848,100935,2087,0,NTB,da interação que cê tem com aluno,98848,100935,2087
137105,138339,1234,0,GE-Phrase,236,138001,139371,1370
137105,138339,1234,0,NTB,em inglês obviamente,137105,138339,1234
138339,139647,1308,0,GE-Phrase,237,139371,143181,3810
138339,139647,1308,0,NTB,a gente tinha livro e tudo,138339,139647,1308
4370,5588,1218,0,GE-Phrase,201,2608,9088,6480
4370,5588,1218,0,NTB,aonde a gente ia,4370,5588,1218
5588,7444,1856,0,GE-Phrase,201,2608,9088,6480
5588,7444,1856,0,NTB,quando a gente era criança,5588,7444,1856
76336,77920,1584,0,GE-Phrase,227,77639,79279,1640
76336,77920,1584,0,NTB,que era só um corredorzinho,76336,77920,1584
77920,79367,1447,0,GE-Phrase,228,79279,80954,1675
77920,79367,1447,0,NTB,que depois virou,77920,79367,1447
79367,79692,325,0,GE-Phrase,228,79279,80954,1675
79367,79692,325,0,NTB,né,79367,79692,325
79692,81357,1665,0,GE-Phrase,229,80954,82638,1684
79692,81357,1665,0,NTB,um negócio enorme,79692,81357,1665
88201,89296,1095,0,NTB,<cheguei nisso> +,88201,89296,1095
93305,94317,1012,0,NTB,achei que eu fosse odiar,93305,94317,1012
95089,96173,1084,0,NTB,eu gostei,95089,96173,1084
96511,97855,1344,0,GE-Phrase,230,97846,98708,862
96511,97855,1344,0,NTB,hoje eu vejo que depende &n [/1],96511,97855,1344
97855,98199,344,0,GE-Phrase,230,97846,98708,862
97855,98199,344,0,NTB,né,97855,98199,344
98199,98848,649,0,GE-Phrase,231,98708,100412,1704
98199,98848,649,0,NTB,do aluno,98199,98848,649
98848,100935,2087,0,NTB,da interação que cê tem com aluno,98848,100935,2087
137105,138339,1234,0,GE-Phrase,236,138001,139371,1370
137105,138339,1234,0,NTB,em inglês obviamente,137105,138339,1234
138339,139647,1308,0,GE-Phrase,237,139371,143181,3810
138339,139647,1308,0,NTB,a gente tinha livro e tudo,138339,139647,1308
4370,5588,1218,0,GE-Phrase,201,2608,9088,6480
4370,5588,1218,0,NTB,aonde a gente ia,4370,5588,1218
5588,7444,1856,0,GE-Phrase,201,2608,9088,6480
5588,7444,1856,0,NTB,quando a gente era criança,5588,7444,1856
76336,77920,1584,0,GE-Phrase,227,77639,79279,1640
76336,77920,1584,0,NTB,que era só um corredorzinho,76336,77920,1584
77920,79367,1447,0,GE-Phrase,228,79279,80954,1675
77920,79367,1447,0,NTB,que depois virou,77920,79367,1447
79367,79692,325,0,GE-Phrase,228,79279,80954,1675
79367,79692,325,0,NTB,né,79367,79692,325
79692,81357,1665,0,GE-Phrase,229,80954,82638,1684
79692,81357,1665,0,NTB,um negócio enorme,79692,81357,1665
88201,89296,1095,0,NTB,<cheguei nisso> +,88201,89296,1095
93305,94317,1012,0,NTB,achei que eu fosse odiar,93305,94317,1012
95089,96173,1084,0,NTB,eu gostei,95089,96173,1084
96511,97855,1344,0,GE-Phrase,230,97846,98708,862
96511,97855,1344,0,NTB,hoje eu vejo que depende &n [/1],96511,97855,1344
97855,98199,344,0,GE-Phrase,230,97846,98708,862
97855,98199,344,0,NTB,né,97855,98199,344
98199,98848,649,0,GE-Phrase,231,98708,100412,1704
98199,98848,649,0,NTB,do aluno,98199,98848,649
98848,100935,2087,0,NTB,da interação que cê tem com aluno,98848,100935,2087
137105,138339,1234,0,GE-Phrase,236,138001,139371,1370
137105,138339,1234,0,NTB,em inglês obviamente,137105,138339,1234
138339,139647,1308,0,GE-Phrase,237,139371,143181,3810
138339,139647,1308,0,NTB,a gente tinha livro e tudo,138339,139647,1308
4370,5588,1218,0,GE-Phrase,201,2608,9088,6480
4370,5588,1218,0,NTB,aonde a gente ia,4370,5588,1218
5588,7444,1856,0,GE-Phrase,201,2608,9088,6480
5588,7444,1856,0,NTB,quando a gente era criança,5588,7444,1856
76336,77920,1584,0,GE-Phrase,227,77639,79279,1640
76336,77920,1584,0,NTB,que era só um corredorzinho,76336,77920,1584
77920,79367,1447,0,GE-Phrase,228,79279,80954,1675
77920,79367,1447,0,NTB,que depois virou,77920,79367,1447
79367,79692,325,0,GE-Phrase,228,79279,80954,1675
79367,79692,325,0,NTB,né,79367,79692,325
79692,81357,1665,0,GE-Phrase,229,80954,82638,1684
79692,81357,1665,0,NTB,um negócio enorme,79692,81357,1665
88201,89296,1095,0,NTB,<cheguei nisso> +,88201,89296,1095
93305,94317,1012,0,NTB,achei que eu fosse odiar,93305,94317,1012
95089,96173,1084,0,NTB,eu gostei,95089,96173,1084
96511,97855,1344,0,GE-Phrase,230,97846,98708,862
96511,97855,1344,0,NTB,hoje eu vejo que depende &n [/1],96511,97855,1344
97855,98199,344,0,GE-Phrase,230,97846,98708,862
97855,98199,344,0,NTB,né,97855,98199,344
98199,98848,649,0,GE-Phrase,231,98708,100412,1704
98199,98848,649,0,NTB,do aluno,98199,98848,649
98848,100935,2087,0,NTB,da interação que cê tem com aluno,98848,100935,2087
137105,138339,1234,0,GE-Phrase,236,138001,139371,1370
137105,138339,1234,0,NTB,em inglês obviamente,137105,138339,1234
138339,139647,1308,0,GE-Phrase,237,139371,143181,3810
138339,139647,1308,0,NTB,a gente tinha livro e tudo,138339,139647,1308
4370,5588,1218,0,GE-Phrase,201,2608,9088,6480
4370,5588,1218,0,NTB,aonde a gente ia,4370,5588,1218
5588,7444,1856,0,GE-Phrase,201,2608,9088,6480
5588,7444,1856,0,NTB,quando a gente era criança,5588,7444,1856
76336,77920,1584,0,GE-Phrase,227,77639,79279,1640
76336,77920,1584,0,NTB,que era só um corredorzinho,76336,77920,1584
77920,79367,1447,0,GE-Phrase,228,79279,80954,1675
77920,79367,1447,0,NTB,que depois virou,77920,79367,1447
79367,79692,325,0,GE-Phrase,228,79279,80954,1675
79367,79692,325,0,NTB,né,79367,79692,325
79692,81357,1665,0,GE-Phrase,229,80954,82638,1684
79692,81357,1665,0,NTB,um negócio enorme,79692,81357,1665
88201,89296,1095,0,NTB,<cheguei nisso> +,88201,89296,1095
93305,94317,1012,0,NTB,achei que eu fosse odiar,93305,94317,1012
95089,96173,1084,0,NTB,eu gostei,95089,96173,1084
96511,97855,1344,0,GE-Phrase,230,97846,98708,862
96511,97855,1344,0,NTB,hoje eu vejo que depende &n [/1],96511,97855,1344
97855,98199,344,0,GE-Phrase,230,97846,98708,862
97855,98199,344,0,NTB,né,97855,98199,344
98199,98848,649,0,GE-Phrase,231,98708,100412,1704
98199,98848,649,0,NTB,do aluno,98199,98848,649
98848,100935,2087,0,NTB,da interação que cê tem com aluno,98848,100935,2087
137105,138339,1234,0,GE-Phrase,236,138001,139371,1370
137105,138339,1234,0,NTB,em inglês obviamente,137105,138339,1234
138339,139647,1308,0,GE-Phrase,237,139371,143181,3810
138339,139647,1308,0,NTB,a gente tinha livro e tudo,138339,139647,1308
4370,5588,1218,0,GE-Phrase,201,2608,9088,6480
4370,5588,1218,0,NTB,aonde a gente ia,4370,5588,1218
5588,7444,1856,0,GE-Phrase,201,2608,9088,6480
5588,7444,1856,0,NTB,quando a gente era criança,5588,7444,1856
76336,77920,1584,0,GE-Phrase,227,77639,79279,1640
76336,77920,1584,0,NTB,que era só um corredorzinho,76336,77920,1584
77920,79367,1447,0,GE-Phrase,228,79279,80954,1675
77920,79367,1447,0,NTB,que depois virou,77920,79367,1447
79367,79692,325,0,GE-Phrase,228,79279,80954,1675
79367,79692,325,0,NTB,né,79367,79692,325
79692,81357,1665,0,GE-Phrase,229,80954,82638,1684
79692,81357,1665,0,NTB,um negócio enorme,79692,81357,1665
88201,89296,1095,0,NTB,<cheguei nisso> +,88201,89296,1095
93305,94317,1012,0,NTB,achei que eu fosse odiar,93305,94317,1012
95089,96173,1084,0,NTB,eu gostei,95089,96173,1084
96511,97855,1344,0,GE-Phrase,230,97846,98708,862
96511,97855,1344,0,NTB,hoje eu vejo que depende &n [/1],96511,97855,1344
97855,98199,344,0,GE-Phrase,230,97846,98708,862
97855,98199,344,0,NTB,né,97855,98199,344
98199,98848,649,0,GE-Phrase,231,98708,100412,1704
98199,98848,649,0,NTB,do aluno,98199,98848,649
98848,100935,2087,0,NTB,da interação que cê tem com aluno,98848,100935,2087
137105,138339,1234,0,GE-Phrase,236,138001,139371,1370
137105,138339,1234,0,NTB,em inglês obviamente,137105,138339,1234
138339,139647,1308,0,GE-Phrase,237,139371,143181,3810
138339,139647,1308,0,NTB,a gente tinha livro e tudo,138339,139647,1308
4370,5588,1218,0,GE-Phrase,201,2608,9088,6480
4370,5588,1218,0,NTB,aonde a gente ia,4370,5588,1218
5588,7444,1856,0,GE-Phrase,201,2608,9088,6480
5588,7444,1856,0,NTB,quando a gente era criança,5588,7444,1856
76336,77920,1584,0,GE-Phrase,227,77639,79279,1640
76336,77920,1584,0,NTB,que era só um corredorzinho,76336,77920,1584
77920,79367,1447,0,GE-Phrase,228,79279,80954,1675
77920,79367,1447,0,NTB,que depois virou,77920,79367,1447
79367,79692,325,0,GE-Phrase,228,79279,80954,1675
79367,79692,325,0,NTB,né,79367,79692,325
79692,81357,1665,0,GE-Phrase,229,80954,82638,1684
79692,81357,1665,0,NTB,um negócio enorme,79692,81357,1665
88201,89296,1095,0,NTB,<cheguei nisso> +,88201,89296,1095
93305,94317,1012,0,NTB,achei que eu fosse odiar,93305,94317,1012
95089,96173,1084,0,NTB,eu gostei,95089,96173,1084
96511,97855,1344,0,GE-Phrase,230,97846,98708,862
96511,97855,1344,0,NTB,hoje eu vejo que depende &n [/1],96511,97855,1344
97855,98199,344,0,GE-Phrase,230,97846,98708,862
97855,98199,344,0,NTB,né,97855,98199,344
98199,98848,649,0,GE-Phrase,231,98708,100412,1704
98199,98848,649,0,NTB,do aluno,98199,98848,649
98848,100935,2087,0,NTB,da interação que cê tem com aluno,98848,100935,2087
137105,138339,1234,0,GE-Phrase,236,138001,139371,1370
137105,138339,1234,0,NTB,em inglês obviamente,137105,138339,1234
138339,139647,1308,0,GE-Phrase,237,139371,143181,3810
138339,139647,1308,0,NTB,a gente tinha livro e tudo,138339,139647,1308
4370,5588,1218,0,GE-Phrase,201,2608,9088,6480
4370,5588,1218,0,NTB,aonde a gente ia,4370,5588,1218
5588,7444,1856,0,GE-Phrase,201,2608,9088,6480
5588,7444,1856,0,NTB,quando a gente era criança,5588,7444,1856
76336,77920,1584,0,GE-Phrase,227,77639,79279,1640
76336,77920,1584,0,NTB,que era só um corredorzinho,76336,77920,1584
77920,79367,1447,0,GE-Phrase,228,79279,80954,1675
77920,79367,1447,0,NTB,que depois virou,77920,79367,1447
79367,79692,325,0,GE-Phrase,228,79279,80954,1675
79367,79692,325,0,NTB,né,79367,79692,325
79692,81357,1665,0,GE-Phrase,229,80954,82638,1684
79692,81357,1665,0,NTB,um negócio enorme,79692,81357,1665
88201,89296,1095,0,NTB,<cheguei nisso> +,88201,89296,1095
93305,94317,1012,0,NTB,achei que eu fosse odiar,93305,94317,1012
95089,96173,1084,0,NTB,eu gostei,95089,96173,1084
96511,97855,1344,0,GE-Phrase,230,97846,98708,862
96511,97855,1344,0,NTB,hoje eu vejo que depende &n [/1],96511,97855,1344
97855,98199,344,0,GE-Phrase,230,97846,98708,862
97855,98199,344,0,NTB,né,97855,98199,344
98199,98848,649,0,GE-Phrase,231,98708,100412,1704
98199,98848,649,0,NTB,do aluno,98199,98848,649
98848,100935,2087,0,NTB,da interação que cê tem com aluno,98848,100935,2087
137105,138339,1234,0,GE-Phrase,236,138001,139371,1370
137105,138339,1234,0,NTB,em inglês obviamente,137105,138339,1234
138339,139647,1308,0,GE-Phrase,237,139371,143181,3810
138339,139647,1308,0,NTB,a gente tinha livro e tudo,138339,139647,1308
4370,5588,1218,0,GE-Phrase,201,2608,9088,6480
4370,5588,1218,0,NTB,aonde a gente ia,4370,5588,1218
5588,7444,1856,0,GE-Phrase,201,2608,9088,6480
5588,7444,1856,0,NTB,quando a gente era criança,5588,7444,1856
76336,77920,1584,0,GE-Phrase,227,77639,79279,1640
76336,77920,1584,0,NTB,que era só um corredorzinho,76336,77920,1584
77920,79367,1447,0,GE-Phrase,228,79279,80954,1675
77920,79367,1447,0,NTB,que depois virou,77920,79367,1447
79367,79692,325,0,GE-Phrase,228,79279,80954,1675
79367,79692,325,0,NTB,né,79367,79692,325
79692,81357,1665,0,GE-Phrase,229,80954,82638,1684
79692,81357,1665,0,NTB,um negócio enorme,79692,81357,1665
88201,89296,1095,0,NTB,<cheguei nisso> +,88201,89296,1095
93305,94317,1012,0,NTB,achei que eu fosse odiar,93305,94317,1012
95089,96173,1084,0,NTB,eu gostei,95089,96173,1084
96511,97855,1344,0,GE-Phrase,230,97846,98708,862
96511,97855,1344,0,NTB,hoje eu vejo que depende &n [/1],96511,97855,1344
97855,98199,344,0,GE-Phrase,230,97846,98708,862
97855,98199,344,0,NTB,né,97855,98199,344
98199,98848,649,0,GE-Phrase,231,98708,100412,1704
98199,98848,649,0,NTB,do aluno,98199,98848,649
98848,100935,2087,0,NTB,da interação que cê tem com aluno,98848,100935,2087
137105,138339,1234,0,GE-Phrase,236,138001,139371,1370
137105,138339,1234,0,NTB,em inglês obviamente,137105,138339,1234
138339,139647,1308,0,GE-Phrase,237,139371,143181,3810
138339,139647,1308,0,NTB,a gente tinha livro e tudo,138339,139647,1308
4370,5588,1218,0,GE-Phrase,201,2608,9088,6480
4370,5588,1218,0,NTB,aonde a gente ia,4370,5588,1218
5588,7444,1856,0,GE-Phrase,201,2608,9088,6480
5588,7444,1856,0,NTB,quando a gente era criança,5588,7444,1856
76336,77920,1584,0,GE-Phrase,227,77639,79279,1640
76336,77920,1584,0,NTB,que era só um corredorzinho,76336,77920,1584
77920,79367,1447,0,GE-Phrase,228,79279,80954,1675
77920,79367,1447,0,NTB,que depois virou,77920,79367,1447
79367,79692,325,0,GE-Phrase,228,79279,80954,1675
79367,79692,325,0,NTB,né,79367,79692,325
79692,81357,1665,0,GE-Phrase,229,80954,82638,1684
79692,81357,1665,0,NTB,um negócio enorme,79692,81357,1665
88201,89296,1095,0,NTB,<cheguei nisso> +,88201,89296,1095
93305,94317,1012,0,NTB,achei que eu fosse odiar,93305,94317,1012
95089,96173,1084,0,NTB,eu gostei,95089,96173,1084
96511,97855,1344,0,GE-Phrase,230,97846,98708,862
96511,97855,1344,0,NTB,hoje eu vejo que depende &n [/1],96511,97855,1344
97855,98199,344,0,GE-Phrase,230,97846,98708,862
97855,98199,344,0,NTB,né,97855,98199,344
98199,98848,649,0,GE-Phrase,231,98708,100412,1704
98199,98848,649,0,NTB,do aluno,98199,98848,649
98848,100935,2087,0,NTB,da interação que cê tem com aluno,98848,100935,2087
137105,138339,1234,0,GE-Phrase,236,138001,139371,1370
137105,138339,1234,0,NTB,em inglês obviamente,137105,138339,1234
138339,139647,1308,0,GE-Phrase,237,139371,143181,3810
138339,139647,1308,0,NTB,a gente tinha livro e tudo,138339,139647,1308
4370,5588,1218,0,GE-Phrase,201,2608,9088,6480
4370,5588,1218,0,NTB,aonde a gente ia,4370,5588,1218
5588,7444,1856,0,GE-Phrase,201,2608,9088,6480
5588,7444,1856,0,NTB,quando a gente era criança,5588,7444,1856
76336,77920,1584,0,GE-Phrase,227,77639,79279,1640
76336,77920,1584,0,NTB,que era só um corredorzinho,76336,77920,1584
77920,79367,1447,0,GE-Phrase,228,79279,80954,1675
77920,79367,1447,0,NTB,que depois virou,77920,79367,1447
79367,79692,325,0,GE-Phrase,228,79279,80954,1675
79367,79692,325,0,NTB,né,79367,79692,325
79692,81357,1665,0,GE-Phrase,229,80954,82638,1684
79692,81357,1665,0,NTB,um negócio enorme,79692,81357,1665
88201,89296,1095,0,NTB,<cheguei nisso> +,88201,89296,1095
93305,94317,1012,0,NTB,achei que eu fosse odiar,93305,94317,1012
95089,96173,1084,0,NTB,eu gostei,95089,96173,1084
96511,97855,1344,0,GE-Phrase,230,97846,98708,862
96511,97855,1344,0,NTB,hoje eu vejo que depende &n [/1],96511,97855,1344
97855,98199,344,0,GE-Phrase,230,97846,98708,862
97855,98199,344,0,NTB,né,97855,98199,344
98199,98848,649,0,GE-Phrase,231,98708,100412,1704
98199,98848,649,0,NTB,do aluno,98199,98848,649
98848,100935,2087,0,NTB,da interação que cê tem com aluno,98848,100935,2087
137105,138339,1234,0,GE-Phrase,236,138001,139371,1370
137105,138339,1234,0,NTB,em inglês obviamente,137105,138339,1234
138339,139647,1308,0,GE-Phrase,237,139371,143181,3810
138339,139647,1308,0,NTB,a gente tinha livro e tudo,138339,139647,1308
4370,5588,1218,0,GE-Phrase,201,2608,9088,6480
4370,5588,1218,0,NTB,aonde a gente ia,4370,5588,1218
5588,7444,1856,0,GE-Phrase,201,2608,9088,6480
5588,7444,1856,0,NTB,quando a gente era criança,5588,7444,1856
76336,77920,1584,0,GE-Phrase,227,77639,79279,1640
76336,77920,1584,0,NTB,que era só um corredorzinho,76336,77920,1584
77920,79367,1447,0,GE-Phrase,228,79279,80954,1675
77920,79367,1447,0,NTB,que depois virou,77920,79367,1447
79367,79692,325,0,GE-Phrase,228,79279,80954,1675
79367,79692,325,0,NTB,né,79367,79692,325
79692,81357,1665,0,GE-Phrase,229,80954,82638,1684
79692,81357,1665,0,NTB,um negócio enorme,79692,81357,1665
88201,89296,1095,0,NTB,<cheguei nisso> +,88201,89296,1095
93305,94317,1012,0,NTB,achei que eu fosse odiar,93305,94317,1012
95089,96173,1084,0,NTB,eu gostei,95089,96173,1084
96511,97855,1344,0,GE-Phrase,230,97846,98708,862
96511,97855,1344,0,NTB,hoje eu vejo que depende &n [/1],96511,97855,1344
97855,98199,344,0,GE-Phrase,230,97846,98708,862
97855,98199,344,0,NTB,né,97855,98199,344
98199,98848,649,0,GE-Phrase,231,98708,100412,1704
98199,98848,649,0,NTB,do aluno,98199,98848,649
98848,100935,2087,0,NTB,da interação que cê tem com aluno,98848,100935,2087
137105,138339,1234,0,GE-Phrase,236,138001,139371,1370
137105,138339,1234,0,NTB,em inglês obviamente,137105,138339,1234
138339,139647,1308,0,GE-Phrase,237,139371,143181,3810
138339,139647,1308,0,NTB,a gente tinha livro e tudo,138339,139647,1308
4370,5588,1218,0,GE-Phrase,201,2608,9088,6480
4370,5588,1218,0,NTB,aonde a gente ia,4370,5588,1218
5588,7444,1856,0,GE-Phrase,201,2608,9088,6480
5588,7444,1856,0,NTB,quando a gente era criança,5588,7444,1856
76336,77920,1584,0,GE-Phrase,227,77639,79279,1640
76336,77920,1584,0,NTB,que era só um corredorzinho,76336,77920,1584
77920,79367,1447,0,GE-Phrase,228,79279,80954,1675
77920,79367,1447,0,NTB,que depois virou,77920,79367,1447
79367,79692,325,0,GE-Phrase,228,79279,80954,1675
79367,79692,325,0,NTB,né,79367,79692,325
79692,81357,1665,0,GE-Phrase,229,80954,82638,1684
79692,81357,1665,0,NTB,um negócio enorme,79692,81357,1665
88201,89296,1095,0,NTB,<cheguei nisso> +,88201,89296,1095
93305,94317,1012,0,NTB,achei que eu fosse odiar,93305,94317,1012
95089,96173,1084,0,NTB,eu gostei,95089,96173,1084
96511,97855,1344,0,GE-Phrase,230,97846,98708,862
96511,97855,1344,0,NTB,hoje eu vejo que depende &n [/1],96511,97855,1344
97855,98199,344,0,GE-Phrase,230,97846,98708,862
97855,98199,344,0,NTB,né,97855,98199,344
98199,98848,649,0,GE-Phrase,231,98708,100412,1704
98199,98848,649,0,NTB,do aluno,98199,98848,649
98848,100935,2087,0,NTB,da interação que cê tem com aluno,98848,100935,2087
137105,138339,1234,0,GE-Phrase,236,138001,139371,1370
137105,138339,1234,0,NTB,em inglês obviamente,137105,138339,1234
138339,139647,1308,0,GE-Phrase,237,139371,143181,3810
138339,139647,1308,0,NTB,a gente tinha livro e tudo,138339,139647,1308
4370,5588,1218,0,GE-Phrase,201,2608,9088,6480
4370,5588,1218,0,NTB,aonde a gente ia,4370,5588,1218
5588,7444,1856,0,GE-Phrase,201,2608,9088,6480
5588,7444,1856,0,NTB,quando a gente era criança,5588,7444,1856
76336,77920,1584,0,GE-Phrase,227,77639,79279,1640
76336,77920,1584,0,NTB,que era só um corredorzinho,76336,77920,1584
77920,79367,1447,0,GE-Phrase,228,79279,80954,1675
77920,79367,1447,0,NTB,que depois virou,77920,79367,1447
79367,79692,325,0,GE-Phrase,228,79279,80954,1675
79367,79692,325,0,NTB,né,79367,79692,325
79692,81357,1665,0,GE-Phrase,229,80954,82638,1684
79692,81357,1665,0,NTB,um negócio enorme,79692,81357,1665
88201,89296,1095,0,NTB,<cheguei nisso> +,88201,89296,1095
93305,94317,1012,0,NTB,achei que eu fosse odiar,93305,94317,1012
95089,96173,1084,0,NTB,eu gostei,95089,96173,1084
96511,97855,1344,0,GE-Phrase,230,97846,98708,862
96511,97855,1344,0,NTB,hoje eu vejo que depende &n [/1],96511,97855,1344
97855,98199,344,0,GE-Phrase,230,97846,98708,862
97855,98199,344,0,NTB,né,97855,98199,344
98199,98848,649,0,GE-Phrase,231,98708,100412,1704
98199,98848,649,0,NTB,do aluno,98199,98848,649
98848,100935,2087,0,NTB,da interação que cê tem com aluno,98848,100935,2087
137105,138339,1234,0,GE-Phrase,236,138001,139371,1370
137105,138339,1234,0,NTB,em inglês obviamente,137105,138339,1234
138339,139647,1308,0,GE-Phrase,237,139371,143181,3810
138339,139647,1308,0,NTB,a gente tinha livro e tudo,138339,139647,1308
4370,5588,1218,0,GE-Phrase,201,2608,9088,6480
4370,5588,1218,0,NTB,aonde a gente ia,4370,5588,1218
5588,7444,1856,0,GE-Phrase,201,2608,9088,6480
5588,7444,1856,0,NTB,quando a gente era criança,5588,7444,1856
76336,77920,1584,0,GE-Phrase,227,77639,79279,1640
76336,77920,1584,0,NTB,que era só um corredorzinho,76336,77920,1584
77920,79367,1447,0,GE-Phrase,228,79279,80954,1675
77920,79367,1447,0,NTB,que depois virou,77920,79367,1447
79367,79692,325,0,GE-Phrase,228,79279,80954,1675
79367,79692,325,0,NTB,né,79367,79692,325
79692,81357,1665,0,GE-Phrase,229,80954,82638,1684
79692,81357,1665,0,NTB,um negócio enorme,79692,81357,1665
88201,89296,1095,0,NTB,<cheguei nisso> +,88201,89296,1095
93305,94317,1012,0,NTB,achei que eu fosse odiar,93305,94317,1012
95089,96173,1084,0,NTB,eu gostei,95089,96173,1084
96511,97855,1344,0,GE-Phrase,230,97846,98708,862
96511,97855,1344,0,NTB,hoje eu vejo que depende &n [/1],96511,97855,1344
97855,98199,344,0,GE-Phrase,230,97846,98708,862
97855,98199,344,0,NTB,né,97855,98199,344
98199,98848,649,0,GE-Phrase,231,98708,100412,1704
98199,98848,649,0,NTB,do aluno,98199,98848,649
98848,100935,2087,0,NTB,da interação que cê tem com aluno,98848,100935,2087
137105,138339,1234,0,GE-Phrase,236,138001,139371,1370
137105,138339,1234,0,NTB,em inglês obviamente,137105,138339,1234
138339,139647,1308,0,GE-Phrase,237,139371,143181,3810
138339,139647,1308,0,NTB,a gente tinha livro e tudo,138339,139647,1308
4370,5588,1218,0,GE-Phrase,201,2608,9088,6480
4370,5588,1218,0,NTB,aonde a gente ia,4370,5588,1218
5588,7444,1856,0,GE-Phrase,201,2608,9088,6480
5588,7444,1856,0,NTB,quando a gente era criança,5588,7444,1856
76336,77920,1584,0,GE-Phrase,227,77639,79279,1640
76336,77920,1584,0,NTB,que era só um corredorzinho,76336,77920,1584
77920,79367,1447,0,GE-Phrase,228,79279,80954,1675
77920,79367,1447,0,NTB,que depois virou,77920,79367,1447
79367,79692,325,0,GE-Phrase,228,79279,80954,1675
79367,79692,325,0,NTB,né,79367,79692,325
79692,81357,1665,0,GE-Phrase,229,80954,82638,1684
79692,81357,1665,0,NTB,um negócio enorme,79692,81357,1665
88201,89296,1095,0,NTB,<cheguei nisso> +,88201,89296,1095
93305,94317,1012,0,NTB,achei que eu fosse odiar,93305,94317,1012
95089,96173,1084,0,NTB,eu gostei,95089,96173,1084
96511,97855,1344,0,GE-Phrase,230,97846,98708,862
96511,97855,1344,0,NTB,hoje eu vejo que depende &n [/1],96511,97855,1344
97855,98199,344,0,GE-Phrase,230,97846,98708,862
97855,98199,344,0,NTB,né,97855,98199,344
98199,98848,649,0,GE-Phrase,231,98708,100412,1704
98199,98848,649,0,NTB,do aluno,98199,98848,649
98848,100935,2087,0,NTB,da interação que cê tem com aluno,98848,100935,2087
137105,138339,1234,0,GE-Phrase,236,138001,139371,1370
137105,138339,1234,0,NTB,em inglês obviamente,137105,138339,1234
138339,139647,1308,0,GE-Phrase,237,139371,143181,3810
138339,139647,1308,0,NTB,a gente tinha livro e tudo,138339,139647,1308
4370,5588,1218,0,GE-Phrase,201,2608,9088,6480
4370,5588,1218,0,NTB,aonde a gente ia,4370,5588,1218
5588,7444,1856,0,GE-Phrase,201,2608,9088,6480
5588,7444,1856,0,NTB,quando a gente era criança,5588,7444,1856
76336,77920,1584,0,GE-Phrase,227,77639,79279,1640
76336,77920,1584,0,NTB,que era só um corredorzinho,76336,77920,1584
77920,79367,1447,0,GE-Phrase,228,79279,80954,1675
77920,79367,1447,0,NTB,que depois virou,77920,79367,1447
79367,79692,325,0,GE-Phrase,228,79279,80954,1675
79367,79692,325,0,NTB,né,79367,79692,325
79692,81357,1665,0,GE-Phrase,229,80954,82638,1684
79692,81357,1665,0,NTB,um negócio enorme,79692,81357,1665
88201,89296,1095,0,NTB,<cheguei nisso> +,88201,89296,1095
93305,94317,1012,0,NTB,achei que eu fosse odiar,93305,94317,1012
95089,96173,1084,0,NTB,eu gostei,95089,96173,1084
96511,97855,1344,0,GE-Phrase,230,97846,98708,862
96511,97855,1344,0,NTB,hoje eu vejo que depende &n [/1],96511,97855,1344
97855,98199,344,0,GE-Phrase,230,97846,98708,862
97855,98199,344,0,NTB,né,97855,98199,344
98199,98848,649,0,GE-Phrase,231,98708,100412,1704
98199,98848,649,0,NTB,do aluno,98199,98848,649
98848,100935,2087,0,NTB,da interação que cê tem com aluno,98848,100935,2087
137105,138339,1234,0,GE-Phrase,236,138001,139371,1370
137105,138339,1234,0,NTB,em inglês obviamente,137105,138339,1234
138339,139647,1308,0,GE-Phrase,237,139371,143181,3810
138339,139647,1308,0,NTB,a gente tinha livro e tudo,138339,139647,1308
4370,5588,1218,0,GE-Phrase,201,2608,9088,6480
4370,5588,1218,0,NTB,aonde a gente ia,4370,5588,1218
5588,7444,1856,0,GE-Phrase,201,2608,9088,6480
5588,7444,1856,0,NTB,quando a gente era criança,5588,7444,1856
76336,77920,1584,0,GE-Phrase,227,77639,79279,1640
76336,77920,1584,0,NTB,que era só um corredorzinho,76336,77920,1584
77920,79367,1447,0,GE-Phrase,228,79279,80954,1675
77920,79367,1447,0,NTB,que depois virou,77920,79367,1447
79367,79692,325,0,GE-Phrase,228,79279,80954,1675
79367,79692,325,0,NTB,né,79367,79692,325
79692,81357,1665,0,GE-Phrase,229,80954,82638,1684
79692,81357,1665,0,NTB,um negócio enorme,79692,81357,1665
88201,89296,1095,0,NTB,<cheguei nisso> +,88201,89296,1095
93305,94317,1012,0,NTB,achei que eu fosse odiar,93305,94317,1012
95089,96173,1084,0,NTB,eu gostei,95089,96173,1084
96511,97855,1344,0,GE-Phrase,230,97846,98708,862
96511,97855,1344,0,NTB,hoje eu vejo que depende &n [/1],96511,97855,1344
97855,98199,344,0,GE-Phrase,230,97846,98708,862
97855,98199,344,0,NTB,né,97855,98199,344
98199,98848,649,0,GE-Phrase,231,98708,100412,1704
98199,98848,649,0,NTB,do aluno,98199,98848,649
98848,100935,2087,0,NTB,da interação que cê tem com aluno,98848,100935,2087
137105,138339,1234,0,GE-Phrase,236,138001,139371,1370
137105,138339,1234,0,NTB,em inglês obviamente,137105,138339,1234
138339,139647,1308,0,GE-Phrase,237,139371,143181,3810
138339,139647,1308,0,NTB,a gente tinha livro e tudo,138339,139647,1308
4370,5588,1218,0,GE-Phrase,201,2608,9088,6480
4370,5588,1218,0,NTB,aonde a gente ia,4370,5588,1218
5588,7444,1856,0,GE-Phrase,201,2608,9088,6480
5588,7444,1856,0,NTB,quando a gente era criança,5588,7444,1856
76336,77920,1584,0,GE-Phrase,227,77639,79279,1640
76336,77920,1584,0,NTB,que era só um corredorzinho,76336,77920,1584
77920,79367,1447,0,GE-Phrase,228,79279,80954,1675
77920,79367,1447,0,NTB,que depois virou,77920,79367,1447
79367,79692,325,0,GE-Phrase,228,79279,80954,1675
79367,79692,325,0,NTB,né,79367,79692,325
79692,81357,1665,0,GE-Phrase,229,80954,82638,1684
79692,81357,1665,0,NTB,um negócio enorme,79692,81357,1665
88201,89296,1095,0,NTB,<cheguei nisso> +,88201,89296,1095
93305,94317,1012,0,NTB,achei que eu fosse odiar,93305,94317,1012
95089,96173,1084,0,NTB,eu gostei,95089,96173,1084
96511,97855,1344,0,GE-Phrase,230,97846,98708,862
96511,97855,1344,0,NTB,hoje eu vejo que depende &n [/1],96511,97855,1344
97855,98199,344,0,GE-Phrase,230,97846,98708,862
97855,98199,344,0,NTB,né,97855,98199,344
98199,98848,649,0,GE-Phrase,231,98708,100412,1704
98199,98848,649,0,NTB,do aluno,98199,98848,649
98848,100935,2087,0,NTB,da interação que cê tem com aluno,98848,100935,2087
137105,138339,1234,0,GE-Phrase,236,138001,139371,1370
137105,138339,1234,0,NTB,em inglês obviamente,137105,138339,1234
138339,139647,1308,0,GE-Phrase,237,139371,143181,3810
138339,139647,1308,0,NTB,a gente tinha livro e tudo,138339,139647,1308
4370,5588,1218,0,GE-Phrase,201,2608,9088,6480
4370,5588,1218,0,NTB,aonde a gente ia,4370,5588,1218
5588,7444,1856,0,GE-Phrase,201,2608,9088,6480
5588,7444,1856,0,NTB,quando a gente era criança,5588,7444,1856
76336,77920,1584,0,GE-Phrase,227,77639,79279,1640
76336,77920,1584,0,NTB,que era só um corredorzinho,76336,77920,1584
77920,79367,1447,0,GE-Phrase,228,79279,80954,1675
77920,79367,1447,0,NTB,que depois virou,77920,79367,1447
79367,79692,325,0,GE-Phrase,228,79279,80954,1675
79367,79692,325,0,NTB,né,79367,79692,325
79692,81357,1665,0,GE-Phrase,229,80954,82638,1684
79692,81357,1665,0,NTB,um negócio enorme,79692,81357,1665
88201,89296,1095,0,NTB,<cheguei nisso> +,88201,89296,1095
93305,94317,1012,0,NTB,achei que eu fosse odiar,93305,94317,1012
95089,96173,1084,0,NTB,eu gostei,95089,96173,1084
96511,97855,1344,0,GE-Phrase,230,97846,98708,862
96511,97855,1344,0,NTB,hoje eu vejo que depende &n [/1],96511,97855,1344
97855,98199,344,0,GE-Phrase,230,97846,98708,862
97855,98199,344,0,NTB,né,97855,98199,344
98199,98848,649,0,GE-Phrase,231,98708,100412,1704
98199,98848,649,0,NTB,do aluno,98199,98848,649
98848,100935,2087,0,NTB,da interação que cê tem com aluno,98848,100935,2087
137105,138339,1234,0,GE-Phrase,236,138001,139371,1370
137105,138339,1234,0,NTB,em inglês obviamente,137105,138339,1234
138339,139647,1308,0,GE-Phrase,237,139371,143181,3810
138339,139647,1308,0,NTB,a gente tinha livro e tudo,138339,139647,1308
4370,5588,1218,0,GE-Phrase,201,2608,9088,6480
4370,5588,1218,0,NTB,aonde a gente ia,4370,5588,1218
5588,7444,1856,0,GE-Phrase,201,2608,9088,6480
5588,7444,1856,0,NTB,quando a gente era criança,5588,7444,1856
76336,77920,1584,0,GE-Phrase,227,77639,79279,1640
76336,77920,1584,0,NTB,que era só um corredorzinho,76336,77920,1584
77920,79367,1447,0,GE-Phrase,228,79279,80954,1675
77920,79367,1447,0,NTB,que depois virou,77920,79367,1447
79367,79692,325,0,GE-Phrase,228,79279,80954,1675
79367,79692,325,0,NTB,né,79367,79692,325
79692,81357,1665,0,GE-Phrase,229,80954,82638,1684
79692,81357,1665,0,NTB,um negócio enorme,79692,81357,1665
88201,89296,1095,0,NTB,<cheguei nisso> +,88201,89296,1095
93305,94317,1012,0,NTB,achei que eu fosse odiar,93305,94317,1012
95089,96173,1084,0,NTB,eu gostei,95089,96173,1084
96511,97855,1344,0,GE-Phrase,230,97846,98708,862
96511,97855,1344,0,NTB,hoje eu vejo que depende &n [/1],96511,97855,1344
97855,98199,344,0,GE-Phrase,230,97846,98708,862
97855,98199,344,0,NTB,né,97855,98199,344
98199,98848,649,0,GE-Phrase,231,98708,100412,1704
98199,98848,649,0,NTB,do aluno,98199,98848,649
98848,100935,2087,0,NTB,da interação que cê tem com aluno,98848,100935,2087
137105,138339,1234,0,GE-Phrase,236,138001,139371,1370
137105,138339,1234,0,NTB,em inglês obviamente,137105,138339,1234
138339,139647,1308,0,GE-Phrase,237,139371,143181,3810
138339,139647,1308,0,NTB,a gente tinha livro e tudo,138339,139647,1308
4370,5588,1218,0,GE-Phrase,201,2608,9088,6480
4370,5588,1218,0,NTB,aonde a gente ia,4370,5588,1218
5588,7444,1856,0,GE-Phrase,201,2608,9088,6480
5588,7444,1856,0,NTB,quando a gente era criança,5588,7444,1856
76336,77920,1584,0,GE-Phrase,227,77639,79279,1640
76336,77920,1584,0,NTB,que era só um corredorzinho,76336,77920,1584
77920,79367,1447,0,GE-Phrase,228,79279,80954,1675
77920,79367,1447,0,NTB,que depois virou,77920,79367,1447
79367,79692,325,0,GE-Phrase,228,79279,80954,1675
79367,79692,325,0,NTB,né,79367,79692,325
79692,81357,1665,0,GE-Phrase,229,80954,82638,1684
79692,81357,1665,0,NTB,um negócio enorme,79692,81357,1665
88201,89296,1095,0,NTB,<cheguei nisso> +,88201,89296,1095
93305,94317,1012,0,NTB,achei que eu fosse odiar,93305,94317,1012
95089,96173,1084,0,NTB,eu gostei,95089,96173,1084
96511,97855,1344,0,GE-Phrase,230,97846,98708,862
96511,97855,1344,0,NTB,hoje eu vejo que depende &n [/1],96511,97855,1344
97855,98199,344,0,GE-Phrase,230,97846,98708,862
97855,98199,344,0,NTB,né,97855,98199,344
98199,98848,649,0,GE-Phrase,231,98708,100412,1704
98199,98848,649,0,NTB,do aluno,98199,98848,649
98848,100935,2087,0,NTB,da interação que cê tem com aluno,98848,100935,2087
137105,138339,1234,0,GE-Phrase,236,138001,139371,1370
137105,138339,1234,0,NTB,em inglês obviamente,137105,138339,1234
138339,139647,1308,0,GE-Phrase,237,139371,143181,3810
138339,139647,1308,0,NTB,a gente tinha livro e tudo,138339,139647,1308
4370,5588,1218,0,GE-Phrase,201,2608,9088,6480
4370,5588,1218,0,NTB,aonde a gente ia,4370,5588,1218
5588,7444,1856,0,GE-Phrase,201,2608,9088,6480
5588,7444,1856,0,NTB,quando a gente era criança,5588,7444,1856
76336,77920,1584,0,GE-Phrase,227,77639,79279,1640
76336,77920,1584,0,NTB,que era só um corredorzinho,76336,77920,1584
77920,79367,1447,0,GE-Phrase,228,79279,80954,1675
77920,79367,1447,0,NTB,que depois virou,77920,79367,1447
79367,79692,325,0,GE-Phrase,228,79279,80954,1675
79367,79692,325,0,NTB,né,79367,79692,325
79692,81357,1665,0,GE-Phrase,229,80954,82638,1684
79692,81357,1665,0,NTB,um negócio enorme,79692,81357,1665
88201,89296,1095,0,NTB,<cheguei nisso> +,88201,89296,1095
93305,94317,1012,0,NTB,achei que eu fosse odiar,93305,94317,1012
95089,96173,1084,0,NTB,eu gostei,95089,96173,1084
96511,97855,1344,0,GE-Phrase,230,97846,98708,862
96511,97855,1344,0,NTB,hoje eu vejo que depende &n [/1],96511,97855,1344
97855,98199,344,0,GE-Phrase,230,97846,98708,862
97855,98199,344,0,NTB,né,97855,98199,344
98199,98848,649,0,GE-Phrase,231,98708,100412,1704
98199,98848,649,0,NTB,do aluno,98199,98848,649
98848,100935,2087,0,NTB,da interação que cê tem com aluno,98848,100935,2087
137105,138339,1234,0,GE-Phrase,236,138001,139371,1370
137105,138339,1234,0,NTB,em inglês obviamente,137105,138339,1234
138339,139647,1308,0,GE-Phrase,237,139371,143181,3810
138339,139647,1308,0,NTB,a gente tinha livro e tudo,138339,139647,1308
4370,5588,1218,0,GE-Phrase,201,2608,9088,6480
4370,5588,1218,0,NTB,aonde a gente ia,4370,5588,1218
5588,7444,1856,0,GE-Phrase,201,2608,9088,6480
5588,7444,1856,0,NTB,quando a gente era criança,5588,7444,1856
76336,77920,1584,0,GE-Phrase,227,77639,79279,1640
76336,77920,1584,0,NTB,que era só um corredorzinho,76336,77920,1584
77920,79367,1447,0,GE-Phrase,228,79279,80954,1675
77920,79367,1447,0,NTB,que depois virou,77920,79367,1447
79367,79692,325,0,GE-Phrase,228,79279,80954,1675
79367,79692,325,0,NTB,né,79367,79692,325
79692,81357,1665,0,GE-Phrase,229,80954,82638,1684
79692,81357,1665,0,NTB,um negócio enorme,79692,81357,1665
88201,89296,1095,0,NTB,<cheguei nisso> +,88201,89296,1095
93305,94317,1012,0,NTB,achei que eu fosse odiar,93305,94317,1012
95089,96173,1084,0,NTB,eu gostei,95089,96173,1084
96511,97855,1344,0,GE-Phrase,230,97846,98708,862
96511,97855,1344,0,NTB,hoje eu vejo que depende &n [/1],96511,97855,1344
97855,98199,344,0,GE-Phrase,230,97846,98708,862
97855,98199,344,0,NTB,né,97855,98199,344
98199,98848,649,0,GE-Phrase,231,98708,100412,1704
98199,98848,649,0,NTB,do aluno,98199,98848,649
98848,100935,2087,0,NTB,da interação que cê tem com aluno,98848,100935,2087
137105,138339,1234,0,GE-Phrase,236,138001,139371,1370
137105,138339,1234,0,NTB,em inglês obviamente,137105,138339,1234
138339,139647,1308,0,GE-Phrase,237,139371,143181,3810
138339,139647,1308,0,NTB,a gente tinha livro e tudo,138339,139647,1308
4370,5588,1218,0,GE-Phrase,201,2608,9088,6480
4370,5588,1218,0,NTB,aonde a gente ia,4370,5588,1218
5588,7444,1856,0,GE-Phrase,201,2608,9088,6480
5588,7444,1856,0,NTB,quando a gente era criança,5588,7444,1856
76336,77920,1584,0,GE-Phrase,227,77639,79279,1640
76336,77920,1584,0,NTB,que era só um corredorzinho,76336,77920,1584
77920,79367,1447,0,GE-Phrase,228,79279,80954,1675
77920,79367,1447,0,NTB,que depois virou,77920,79367,1447
79367,79692,325,0,GE-Phrase,228,79279,80954,1675
79367,79692,325,0,NTB,né,79367,79692,325
79692,81357,1665,0,GE-Phrase,229,80954,82638,1684
79692,81357,1665,0,NTB,um negócio enorme,79692,81357,1665
88201,89296,1095,0,NTB,<cheguei nisso> +,88201,89296,1095
93305,94317,1012,0,NTB,achei que eu fosse odiar,93305,94317,1012
95089,96173,1084,0,NTB,eu gostei,95089,96173,1084
96511,97855,1344,0,GE-Phrase,230,97846,98708,862
96511,97855,1344,0,NTB,hoje eu vejo que depende &n [/1],96511,97855,1344
97855,98199,344,0,GE-Phrase,230,97846,98708,862
97855,98199,344,0,NTB,né,97855,98199,344
98199,98848,649,0,GE-Phrase,231,98708,100412,1704
98199,98848,649,0,NTB,do aluno,98199,98848,649
98848,100935,2087,0,NTB,da interação que cê tem com aluno,98848,100935,2087
137105,138339,1234,0,GE-Phrase,236,138001,139371,1370
137105,138339,1234,0,NTB,em inglês obviamente,137105,138339,1234
138339,139647,1308,0,GE-Phrase,237,139371,143181,3810
138339,139647,1308,0,NTB,a gente tinha livro e tudo,138339,139647,1308
4370,5588,1218,0,GE-Phrase,201,2608,9088,6480
4370,5588,1218,0,NTB,aonde a gente ia,4370,5588,1218
5588,7444,1856,0,GE-Phrase,201,2608,9088,6480
5588,7444,1856,0,NTB,quando a gente era criança,5588,7444,1856
76336,77920,1584,0,GE-Phrase,227,77639,79279,1640
76336,77920,1584,0,NTB,que era só um corredorzinho,76336,77920,1584
77920,79367,1447,0,GE-Phrase,228,79279,80954,1675
77920,79367,1447,0,NTB,que depois virou,77920,79367,1447
79367,79692,325,0,GE-Phrase,228,79279,80954,1675
79367,79692,325,0,NTB,né,79367,79692,325
79692,81357,1665,0,GE-Phrase,229,80954,82638,1684
79692,81357,1665,0,NTB,um negócio enorme,79692,81357,1665
88201,89296,1095,0,NTB,<cheguei nisso> +,88201,89296,1095
93305,94317,1012,0,NTB,achei que eu fosse odiar,93305,94317,1012
95089,96173,1084,0,NTB,eu gostei,95089,96173,1084
96511,97855,1344,0,GE-Phrase,230,97846,98708,862
96511,97855,1344,0,NTB,hoje eu vejo que depende &n [/1],96511,97855,1344
97855,98199,344,0,GE-Phrase,230,97846,98708,862
97855,98199,344,0,NTB,né,97855,98199,344
98199,98848,649,0,GE-Phrase,231,98708,100412,1704
98199,98848,649,0,NTB,do aluno,98199,98848,649
98848,100935,2087,0,NTB,da interação que cê tem com aluno,98848,100935,2087
137105,138339,1234,0,GE-Phrase,236,138001,139371,1370
137105,138339,1234,0,NTB,em inglês obviamente,137105,138339,1234
138339,139647,1308,0,GE-Phrase,237,139371,143181,3810
138339,139647,1308,0,NTB,a gente tinha livro e tudo,138339,139647,1308
4370,5588,1218,0,GE-Phrase,201,2608,9088,6480
4370,5588,1218,0,NTB,aonde a gente ia,4370,5588,1218
5588,7444,1856,0,GE-Phrase,201,2608,9088,6480
5588,7444,1856,0,NTB,quando a gente era criança,5588,7444,1856
76336,77920,1584,0,GE-Phrase,227,77639,79279,1640
76336,77920,1584,0,NTB,que era só um corredorzinho,76336,77920,1584
77920,79367,1447,0,GE-Phrase,228,79279,80954,1675
77920,79367,1447,0,NTB,que depois virou,77920,79367,1447
79367,79692,325,0,GE-Phrase,228,79279,80954,1675
79367,79692,325,0,NTB,né,79367,79692,325
79692,81357,1665,0,GE-Phrase,229,80954,82638,1684
79692,81357,1665,0,NTB,um negócio enorme,79692,81357,1665
88201,89296,1095,0,NTB,<cheguei nisso> +,88201,89296,1095
93305,94317,1012,0,NTB,achei que eu fosse odiar,93305,94317,1012
95089,96173,1084,0,NTB,eu gostei,95089,96173,1084
96511,97855,1344,0,GE-Phrase,230,97846,98708,862
96511,97855,1344,0,NTB,hoje eu vejo que depende &n [/1],96511,97855,1344
97855,98199,344,0,GE-Phrase,230,97846,98708,862
97855,98199,344,0,NTB,né,97855,98199,344
98199,98848,649,0,GE-Phrase,231,98708,100412,1704
98199,98848,649,0,NTB,do aluno,98199,98848,649
98848,100935,2087,0,NTB,da interação que cê tem com aluno,98848,100935,2087
137105,138339,1234,0,GE-Phrase,236,138001,139371,1370
137105,138339,1234,0,NTB,em inglês obviamente,137105,138339,1234
138339,139647,1308,0,GE-Phrase,237,139371,143181,3810
138339,139647,1308,0,NTB,a gente tinha livro e tudo,138339,139647,1308
4370,5588,1218,0,GE-Phrase,201,2608,9088,6480
4370,5588,1218,0,NTB,aonde a gente ia,4370,5588,1218
5588,7444,1856,0,GE-Phrase,201,2608,9088,6480
5588,7444,1856,0,NTB,quando a gente era criança,5588,7444,1856
76336,77920,1584,0,GE-Phrase,227,77639,79279,1640
76336,77920,1584,0,NTB,que era só um corredorzinho,76336,77920,1584
77920,79367,1447,0,GE-Phrase,228,79279,80954,1675
77920,79367,1447,0,NTB,que depois virou,77920,79367,1447
79367,79692,325,0,GE-Phrase,228,79279,80954,1675
79367,79692,325,0,NTB,né,79367,79692,325
79692,81357,1665,0,GE-Phrase,229,80954,82638,1684
79692,81357,1665,0,NTB,um negócio enorme,79692,81357,1665
88201,89296,1095,0,NTB,<cheguei nisso> +,88201,89296,1095
93305,94317,1012,0,NTB,achei que eu fosse odiar,93305,94317,1012
95089,96173,1084,0,NTB,eu gostei,95089,96173,1084
96511,97855,1344,0,GE-Phrase,230,97846,98708,862
96511,97855,1344,0,NTB,hoje eu vejo que depende &n [/1],96511,97855,1344
97855,98199,344,0,GE-Phrase,230,97846,98708,862
97855,98199,344,0,NTB,né,97855,98199,344
98199,98848,649,0,GE-Phrase,231,98708,100412,1704
98199,98848,649,0,NTB,do aluno,98199,98848,649
98848,100935,2087,0,NTB,da interação que cê tem com aluno,98848,100935,2087
137105,138339,1234,0,GE-Phrase,236,138001,139371,1370
137105,138339,1234,0,NTB,em inglês obviamente,137105,138339,1234
138339,139647,1308,0,GE-Phrase,237,139371,143181,3810
138339,139647,1308,0,NTB,a gente tinha livro e tudo,138339,139647,1308
4370,5588,1218,0,GE-Phrase,201,2608,9088,6480
4370,5588,1218,0,NTB,aonde a gente ia,4370,5588,1218
5588,7444,1856,0,GE-Phrase,201,2608,9088,6480
5588,7444,1856,0,NTB,quando a gente era criança,5588,7444,1856
76336,77920,1584,0,GE-Phrase,227,77639,79279,1640
76336,77920,1584,0,NTB,que era só um corredorzinho,76336,77920,1584
77920,79367,1447,0,GE-Phrase,228,79279,80954,1675
77920,79367,1447,0,NTB,que depois virou,77920,79367,1447
79367,79692,325,0,GE-Phrase,228,79279,80954,1675
79367,79692,325,0,NTB,né,79367,79692,325
79692,81357,1665,0,GE-Phrase,229,80954,82638,1684
79692,81357,1665,0,NTB,um negócio enorme,79692,81357,1665
88201,89296,1095,0,NTB,<cheguei nisso> +,88201,89296,1095
93305,94317,1012,0,NTB,achei que eu fosse odiar,93305,94317,1012
95089,96173,1084,0,NTB,eu gostei,95089,96173,1084
96511,97855,1344,0,GE-Phrase,230,97846,98708,862
96511,97855,1344,0,NTB,hoje eu vejo que depende &n [/1],96511,97855,1344
97855,98199,344,0,GE-Phrase,230,97846,98708,862
97855,98199,344,0,NTB,né,97855,98199,344
98199,98848,649,0,GE-Phrase,231,98708,100412,1704
98199,98848,649,0,NTB,do aluno,98199,98848,649
98848,100935,2087,0,NTB,da interação que cê tem com aluno,98848,100935,2087
137105,138339,1234,0,GE-Phrase,236,138001,139371,1370
137105,138339,1234,0,NTB,em inglês obviamente,137105,138339,1234
138339,139647,1308,0,GE-Phrase,237,139371,143181,3810
138339,139647,1308,0,NTB,a gente tinha livro e tudo,138339,139647,1308
4370,5588,1218,0,GE-Phrase,201,2608,9088,6480
4370,5588,1218,0,NTB,aonde a gente ia,4370,5588,1218
5588,7444,1856,0,GE-Phrase,201,2608,9088,6480
5588,7444,1856,0,NTB,quando a gente era criança,5588,7444,1856
76336,77920,1584,0,GE-Phrase,227,77639,79279,1640
76336,77920,1584,0,NTB,que era só um corredorzinho,76336,77920,1584
77920,79367,1447,0,GE-Phrase,228,79279,80954,1675
77920,79367,1447,0,NTB,que depois virou,77920,79367,1447
79367,79692,325,0,GE-Phrase,228,79279,80954,1675
79367,79692,325,0,NTB,né,79367,79692,325
79692,81357,1665,0,GE-Phrase,229,80954,82638,1684
79692,81357,1665,0,NTB,um negócio enorme,79692,81357,1665
88201,89296,1095,0,NTB,<cheguei nisso> +,88201,89296,1095
93305,94317,1012,0,NTB,achei que eu fosse odiar,93305,94317,1012
95089,96173,1084,0,NTB,eu gostei,95089,96173,1084
96511,97855,1344,0,GE-Phrase,230,97846,98708,862
96511,97855,1344,0,NTB,hoje eu vejo que depende &n [/1],96511,97855,1344
97855,98199,344,0,GE-Phrase,230,97846,98708,862
97855,98199,344,0,NTB,né,97855,98199,344
98199,98848,649,0,GE-Phrase,231,98708,100412,1704
98199,98848,649,0,NTB,do aluno,98199,98848,649
98848,100935,2087,0,NTB,da interação que cê tem com aluno,98848,100935,2087
137105,138339,1234,0,GE-Phrase,236,138001,139371,1370
137105,138339,1234,0,NTB,em inglês obviamente,137105,138339,1234
138339,139647,1308,0,GE-Phrase,237,139371,143181,3810
138339,139647,1308,0,NTB,a gente tinha livro e tudo,138339,139647,1308
4370,5588,1218,0,GE-Phrase,201,2608,9088,6480
4370,5588,1218,0,NTB,aonde a gente ia,4370,5588,1218
5588,7444,1856,0,GE-Phrase,201,2608,9088,6480
5588,7444,1856,0,NTB,quando a gente era criança,5588,7444,1856
76336,77920,1584,0,GE-Phrase,227,77639,79279,1640
76336,77920,1584,0,NTB,que era só um corredorzinho,76336,77920,1584
77920,79367,1447,0,GE-Phrase,228,79279,80954,1675
77920,79367,1447,0,NTB,que depois virou,77920,79367,1447
79367,79692,325,0,GE-Phrase,228,79279,80954,1675
79367,79692,325,0,NTB,né,79367,79692,325
79692,81357,1665,0,GE-Phrase,229,80954,82638,1684
79692,81357,1665,0,NTB,um negócio enorme,79692,81357,1665
88201,89296,1095,0,NTB,<cheguei nisso> +,88201,89296,1095
93305,94317,1012,0,NTB,achei que eu fosse odiar,93305,94317,1012
95089,96173,1084,0,NTB,eu gostei,95089,96173,1084
96511,97855,1344,0,GE-Phrase,230,97846,98708,862
96511,97855,1344,0,NTB,hoje eu vejo que depende &n [/1],96511,97855,1344
97855,98199,344,0,GE-Phrase,230,97846,98708,862
97855,98199,344,0,NTB,né,97855,98199,344
98199,98848,649,0,GE-Phrase,231,98708,100412,1704
98199,98848,649,0,NTB,do aluno,98199,98848,649
98848,100935,2087,0,NTB,da interação que cê tem com aluno,98848,100935,2087
137105,138339,1234,0,GE-Phrase,236,138001,139371,1370
137105,138339,1234,0,NTB,em inglês obviamente,137105,138339,1234
138339,139647,1308,0,GE-Phrase,237,139371,143181,3810
138339,139647,1308,0,NTB,a gente tinha livro e tudo,138339,139647,1308
4370,5588,1218,0,GE-Phrase,201,2608,9088,6480
4370,5588,1218,0,NTB,aonde a gente ia,4370,5588,1218
5588,7444,1856,0,GE-Phrase,201,2608,9088,6480
5588,7444,1856,0,NTB,quando a gente era criança,5588,7444,1856
76336,77920,1584,0,GE-Phrase,227,77639,79279,1640
76336,77920,1584,0,NTB,que era só um corredorzinho,76336,77920,1584
77920,79367,1447,0,GE-Phrase,228,79279,80954,1675
77920,79367,1447,0,NTB,que depois virou,77920,79367,1447
79367,79692,325,0,GE-Phrase,228,79279,80954,1675
79367,79692,325,0,NTB,né,79367,79692,325
79692,81357,1665,0,GE-Phrase,229,80954,82638,1684
79692,81357,1665,0,NTB,um negócio enorme,79692,81357,1665
88201,89296,1095,0,NTB,<cheguei nisso> +,88201,89296,1095
93305,94317,1012,0,NTB,achei que eu fosse odiar,93305,94317,1012
95089,96173,1084,0,NTB,eu gostei,95089,96173,1084
96511,97855,1344,0,GE-Phrase,230,97846,98708,862
96511,97855,1344,0,NTB,hoje eu vejo que depende &n [/1],96511,97855,1344
97855,98199,344,0,GE-Phrase,230,97846,98708,862
97855,98199,344,0,NTB,né,97855,98199,344
98199,98848,649,0,GE-Phrase,231,98708,100412,1704
98199,98848,649,0,NTB,do aluno,98199,98848,649
98848,100935,2087,0,NTB,da interação que cê tem com aluno,98848,100935,2087
137105,138339,1234,0,GE-Phrase,236,138001,139371,1370
137105,138339,1234,0,NTB,em inglês obviamente,137105,138339,1234
138339,139647,1308,0,GE-Phrase,237,139371,143181,3810
138339,139647,1308,0,NTB,a gente tinha livro e tudo,138339,139647,1308
4370,5588,1218,0,GE-Phrase,201,2608,9088,6480
4370,5588,1218,0,NTB,aonde a gente ia,4370,5588,1218
5588,7444,1856,0,GE-Phrase,201,2608,9088,6480
5588,7444,1856,0,NTB,quando a gente era criança,5588,7444,1856
76336,77920,1584,0,GE-Phrase,227,77639,79279,1640
76336,77920,1584,0,NTB,que era só um corredorzinho,76336,77920,1584
77920,79367,1447,0,GE-Phrase,228,79279,80954,1675
77920,79367,1447,0,NTB,que depois virou,77920,79367,1447
79367,79692,325,0,GE-Phrase,228,79279,80954,1675
79367,79692,325,0,NTB,né,79367,79692,325
79692,81357,1665,0,GE-Phrase,229,80954,82638,1684
79692,81357,1665,0,NTB,um negócio enorme,79692,81357,1665
88201,89296,1095,0,NTB,<cheguei nisso> +,88201,89296,1095
93305,94317,1012,0,NTB,achei que eu fosse odiar,93305,94317,1012
95089,96173,1084,0,NTB,eu gostei,95089,96173,1084
96511,97855,1344,0,GE-Phrase,230,97846,98708,862
96511,97855,1344,0,NTB,hoje eu vejo que depende &n [/1],96511,97855,1344
97855,98199,344,0,GE-Phrase,230,97846,98708,862
97855,98199,344,0,NTB,né,97855,98199,344
98199,98848,649,0,GE-Phrase,231,98708,100412,1704
98199,98848,649,0,NTB,do aluno,98199,98848,649
98848,100935,2087,0,NTB,da interação que cê tem com aluno,98848,100935,2087
137105,138339,1234,0,GE-Phrase,236,138001,139371,1370
137105,138339,1234,0,NTB,em inglês obviamente,137105,138339,1234
138339,139647,1308,0,GE-Phrase,237,139371,143181,3810
138339,139647,1308,0,NTB,a gente tinha livro e tudo,138339,139647,1308
4370,5588,1218,0,GE-Phrase,201,2608,9088,6480
4370,5588,1218,0,NTB,aonde a gente ia,4370,5588,1218
5588,7444,1856,0,GE-Phrase,201,2608,9088,6480
5588,7444,1856,0,NTB,quando a gente era criança,5588,7444,1856
76336,77920,1584,0,GE-Phrase,227,77639,79279,1640
76336,77920,1584,0,NTB,que era só um corredorzinho,76336,77920,1584
77920,79367,1447,0,GE-Phrase,228,79279,80954,1675
77920,79367,1447,0,NTB,que depois virou,77920,79367,1447
79367,79692,325,0,GE-Phrase,228,79279,80954,1675
79367,79692,325,0,NTB,né,79367,79692,325
79692,81357,1665,0,GE-Phrase,229,80954,82638,1684
79692,81357,1665,0,NTB,um negócio enorme,79692,81357,1665
88201,89296,1095,0,NTB,<cheguei nisso> +,88201,89296,1095
93305,94317,1012,0,NTB,achei que eu fosse odiar,93305,94317,1012
95089,96173,1084,0,NTB,eu gostei,95089,96173,1084
96511,97855,1344,0,GE-Phrase,230,97846,98708,862
96511,97855,1344,0,NTB,hoje eu vejo que depende &n [/1],96511,97855,1344
97855,98199,344,0,GE-Phrase,230,97846,98708,862
97855,98199,344,0,NTB,né,97855,98199,344
98199,98848,649,0,GE-Phrase,231,98708,100412,1704
98199,98848,649,0,NTB,do aluno,98199,98848,649
98848,100935,2087,0,NTB,da interação que cê tem com aluno,98848,100935,2087
137105,138339,1234,0,GE-Phrase,236,138001,139371,1370
137105,138339,1234,0,NTB,em inglês obviamente,137105,138339,1234
138339,139647,1308,0,GE-Phrase,237,139371,143181,3810
138339,139647,1308,0,NTB,a gente tinha livro e tudo,138339,139647,1308
4370,5588,1218,0,GE-Phrase,201,2608,9088,6480
4370,5588,1218,0,NTB,aonde a gente ia,4370,5588,1218
5588,7444,1856,0,GE-Phrase,201,2608,9088,6480
5588,7444,1856,0,NTB,quando a gente era criança,5588,7444,1856
76336,77920,1584,0,GE-Phrase,227,77639,79279,1640
76336,77920,1584,0,NTB,que era só um corredorzinho,76336,77920,1584
77920,79367,1447,0,GE-Phrase,228,79279,80954,1675
77920,79367,1447,0,NTB,que depois virou,77920,79367,1447
79367,79692,325,0,GE-Phrase,228,79279,80954,1675
79367,79692,325,0,NTB,né,79367,79692,325
79692,81357,1665,0,GE-Phrase,229,80954,82638,1684
79692,81357,1665,0,NTB,um negócio enorme,79692,81357,1665
88201,89296,1095,0,NTB,<cheguei nisso> +,88201,89296,1095
93305,94317,1012,0,NTB,achei que eu fosse odiar,93305,94317,1012
95089,96173,1084,0,NTB,eu gostei,95089,96173,1084
96511,97855,1344,0,GE-Phrase,230,97846,98708,862
96511,97855,1344,0,NTB,hoje eu vejo que depende &n [/1],96511,97855,1344
97855,98199,344,0,GE-Phrase,230,97846,98708,862
97855,98199,344,0,NTB,né,97855,98199,344
98199,98848,649,0,GE-Phrase,231,98708,100412,1704
98199,98848,649,0,NTB,do aluno,98199,98848,649
98848,100935,2087,0,NTB,da interação que cê tem com aluno,98848,100935,2087
137105,138339,1234,0,GE-Phrase,236,138001,139371,1370
137105,138339,1234,0,NTB,em inglês obviamente,137105,138339,1234
138339,139647,1308,0,GE-Phrase,237,139371,143181,3810
138339,139647,1308,0,NTB,a gente tinha livro e tudo,138339,139647,1308
4370,5588,1218,0,GE-Phrase,201,2608,9088,6480
4370,5588,1218,0,NTB,aonde a gente ia,4370,5588,1218
5588,7444,1856,0,GE-Phrase,201,2608,9088,6480
5588,7444,1856,0,NTB,quando a gente era criança,5588,7444,1856
76336,77920,1584,0,GE-Phrase,227,77639,79279,1640
76336,77920,1584,0,NTB,que era só um corredorzinho,76336,77920,1584
77920,79367,1447,0,GE-Phrase,228,79279,80954,1675
77920,79367,1447,0,NTB,que depois virou,77920,79367,1447
79367,79692,325,0,GE-Phrase,228,79279,80954,1675
79367,79692,325,0,NTB,né,79367,79692,325
79692,81357,1665,0,GE-Phrase,229,80954,82638,1684
79692,81357,1665,0,NTB,um negócio enorme,79692,81357,1665
88201,89296,1095,0,NTB,<cheguei nisso> +,88201,89296,1095
93305,94317,1012,0,NTB,achei que eu fosse odiar,93305,94317,1012
95089,96173,1084,0,NTB,eu gostei,95089,96173,1084
96511,97855,1344,0,GE-Phrase,230,97846,98708,862
96511,97855,1344,0,NTB,hoje eu vejo que depende &n [/1],96511,97855,1344
97855,98199,344,0,GE-Phrase,230,97846,98708,862
97855,98199,344,0,NTB,né,97855,98199,344
98199,98848,649,0,GE-Phrase,231,98708,100412,1704
98199,98848,649,0,NTB,do aluno,98199,98848,649
98848,100935,2087,0,NTB,da interação que cê tem com aluno,98848,100935,2087
137105,138339,1234,0,GE-Phrase,236,138001,139371,1370
137105,138339,1234,0,NTB,em inglês obviamente,137105,138339,1234
138339,139647,1308,0,GE-Phrase,237,139371,143181,3810
138339,139647,1308,0,NTB,a gente tinha livro e tudo,138339,139647,1308
4370,5588,1218,0,GE-Phrase,201,2608,9088,6480
4370,5588,1218,0,NTB,aonde a gente ia,4370,5588,1218
5588,7444,1856,0,GE-Phrase,201,2608,9088,6480
5588,7444,1856,0,NTB,quando a gente era criança,5588,7444,1856
76336,77920,1584,0,GE-Phrase,227,77639,79279,1640
76336,77920,1584,0,NTB,que era só um corredorzinho,76336,77920,1584
77920,79367,1447,0,GE-Phrase,228,79279,80954,1675
77920,79367,1447,0,NTB,que depois virou,77920,79367,1447
79367,79692,325,0,GE-Phrase,228,79279,80954,1675
79367,79692,325,0,NTB,né,79367,79692,325
79692,81357,1665,0,GE-Phrase,229,80954,82638,1684
79692,81357,1665,0,NTB,um negócio enorme,79692,81357,1665
88201,89296,1095,0,NTB,<cheguei nisso> +,88201,89296,1095
93305,94317,1012,0,NTB,achei que eu fosse odiar,93305,94317,1012
95089,96173,1084,0,NTB,eu gostei,95089,96173,1084
96511,97855,1344,0,GE-Phrase,230,97846,98708,862
96511,97855,1344,0,NTB,hoje eu vejo que depende &n [/1],96511,97855,1344
97855,98199,344,0,GE-Phrase,230,97846,98708,862
97855,98199,344,0,NTB,né,97855,98199,344
98199,98848,649,0,GE-Phrase,231,98708,100412,1704
98199,98848,649,0,NTB,do aluno,98199,98848,649
98848,100935,2087,0,NTB,da interação que cê tem com aluno,98848,100935,2087
137105,138339,1234,0,GE-Phrase,236,138001,139371,1370
137105,138339,1234,0,NTB,em inglês obviamente,137105,138339,1234
138339,139647,1308,0,GE-Phrase,237,139371,143181,3810
138339,139647,1308,0,NTB,a gente tinha livro e tudo,138339,139647,1308
4370,5588,1218,0,GE-Phrase,201,2608,9088,6480
4370,5588,1218,0,NTB,aonde a gente ia,4370,5588,1218
5588,7444,1856,0,GE-Phrase,201,2608,9088,6480
5588,7444,1856,0,NTB,quando a gente era criança,5588,7444,1856
76336,77920,1584,0,GE-Phrase,227,77639,79279,1640
76336,77920,1584,0,NTB,que era só um corredorzinho,76336,77920,1584
77920,79367,1447,0,GE-Phrase,228,79279,80954,1675
77920,79367,1447,0,NTB,que depois virou,77920,79367,1447
79367,79692,325,0,GE-Phrase,228,79279,80954,1675
79367,79692,325,0,NTB,né,79367,79692,325
79692,81357,1665,0,GE-Phrase,229,80954,82638,1684
79692,81357,1665,0,NTB,um negócio enorme,79692,81357,1665
88201,89296,1095,0,NTB,<cheguei nisso> +,88201,89296,1095
93305,94317,1012,0,NTB,achei que eu fosse odiar,93305,94317,1012
95089,96173,1084,0,NTB,eu gostei,95089,96173,1084
96511,97855,1344,0,GE-Phrase,230,97846,98708,862
96511,97855,1344,0,NTB,hoje eu vejo que depende &n [/1],96511,97855,1344
97855,98199,344,0,GE-Phrase,230,97846,98708,862
97855,98199,344,0,NTB,né,97855,98199,344
98199,98848,649,0,GE-Phrase,231,98708,100412,1704
98199,98848,649,0,NTB,do aluno,98199,98848,649
98848,100935,2087,0,NTB,da interação que cê tem com aluno,98848,100935,2087
137105,138339,1234,0,GE-Phrase,236,138001,139371,1370
137105,138339,1234,0,NTB,em inglês obviamente,137105,138339,1234
138339,139647,1308,0,GE-Phrase,237,139371,143181,3810
138339,139647,1308,0,NTB,a gente tinha livro e tudo,138339,139647,1308
4370,5588,1218,0,GE-Phrase,201,2608,9088,6480
4370,5588,1218,0,NTB,aonde a gente ia,4370,5588,1218
5588,7444,1856,0,GE-Phrase,201,2608,9088,6480
5588,7444,1856,0,NTB,quando a gente era criança,5588,7444,1856
76336,77920,1584,0,GE-Phrase,227,77639,79279,1640
76336,77920,1584,0,NTB,que era só um corredorzinho,76336,77920,1584
77920,79367,1447,0,GE-Phrase,228,79279,80954,1675
77920,79367,1447,0,NTB,que depois virou,77920,79367,1447
79367,79692,325,0,GE-Phrase,228,79279,80954,1675
79367,79692,325,0,NTB,né,79367,79692,325
79692,81357,1665,0,GE-Phrase,229,80954,82638,1684
79692,81357,1665,0,NTB,um negócio enorme,79692,81357,1665
88201,89296,1095,0,NTB,<cheguei nisso> +,88201,89296,1095
93305,94317,1012,0,NTB,achei que eu fosse odiar,93305,94317,1012
95089,96173,1084,0,NTB,eu gostei,95089,96173,1084
96511,97855,1344,0,GE-Phrase,230,97846,98708,862
96511,97855,1344,0,NTB,hoje eu vejo que depende &n [/1],96511,97855,1344
97855,98199,344,0,GE-Phrase,230,97846,98708,862
97855,98199,344,0,NTB,né,97855,98199,344
98199,98848,649,0,GE-Phrase,231,98708,100412,1704
98199,98848,649,0,NTB,do aluno,98199,98848,649
98848,100935,2087,0,NTB,da interação que cê tem com aluno,98848,100935,2087
137105,138339,1234,0,GE-Phrase,236,138001,139371,1370
137105,138339,1234,0,NTB,em inglês obviamente,137105,138339,1234
138339,139647,1308,0,GE-Phrase,237,139371,143181,3810
138339,139647,1308,0,NTB,a gente tinha livro e tudo,138339,139647,1308
4370,5588,1218,0,GE-Phrase,201,2608,9088,6480
4370,5588,1218,0,NTB,aonde a gente ia,4370,5588,1218
5588,7444,1856,0,GE-Phrase,201,2608,9088,6480
5588,7444,1856,0,NTB,quando a gente era criança,5588,7444,1856
76336,77920,1584,0,GE-Phrase,227,77639,79279,1640
76336,77920,1584,0,NTB,que era só um corredorzinho,76336,77920,1584
77920,79367,1447,0,GE-Phrase,228,79279,80954,1675
77920,79367,1447,0,NTB,que depois virou,77920,79367,1447
79367,79692,325,0,GE-Phrase,228,79279,80954,1675
79367,79692,325,0,NTB,né,79367,79692,325
79692,81357,1665,0,GE-Phrase,229,80954,82638,1684
79692,81357,1665,0,NTB,um negócio enorme,79692,81357,1665
88201,89296,1095,0,NTB,<cheguei nisso> +,88201,89296,1095
93305,94317,1012,0,NTB,achei que eu fosse odiar,93305,94317,1012
95089,96173,1084,0,NTB,eu gostei,95089,96173,1084
96511,97855,1344,0,GE-Phrase,230,97846,98708,862
96511,97855,1344,0,NTB,hoje eu vejo que depende &n [/1],96511,97855,1344
97855,98199,344,0,GE-Phrase,230,97846,98708,862
97855,98199,344,0,NTB,né,97855,98199,344
98199,98848,649,0,GE-Phrase,231,98708,100412,1704
98199,98848,649,0,NTB,do aluno,98199,98848,649
98848,100935,2087,0,NTB,da interação que cê tem com aluno,98848,100935,2087
137105,138339,1234,0,GE-Phrase,236,138001,139371,1370
137105,138339,1234,0,NTB,em inglês obviamente,137105,138339,1234
138339,139647,1308,0,GE-Phrase,237,139371,143181,3810
138339,139647,1308,0,NTB,a gente tinha livro e tudo,138339,139647,1308
4370,5588,1218,0,GE-Phrase,201,2608,9088,6480
4370,5588,1218,0,NTB,aonde a gente ia,4370,5588,1218
5588,7444,1856,0,GE-Phrase,201,2608,9088,6480
5588,7444,1856,0,NTB,quando a gente era criança,5588,7444,1856
76336,77920,1584,0,GE-Phrase,227,77639,79279,1640
76336,77920,1584,0,NTB,que era só um corredorzinho,76336,77920,1584
77920,79367,1447,0,GE-Phrase,228,79279,80954,1675
77920,79367,1447,0,NTB,que depois virou,77920,79367,1447
79367,79692,325,0,GE-Phrase,228,79279,80954,1675
79367,79692,325,0,NTB,né,79367,79692,325
79692,81357,1665,0,GE-Phrase,229,80954,82638,1684
79692,81357,1665,0,NTB,um negócio enorme,79692,81357,1665
88201,89296,1095,0,NTB,<cheguei nisso> +,88201,89296,1095
93305,94317,1012,0,NTB,achei que eu fosse odiar,93305,94317,1012
95089,96173,1084,0,NTB,eu gostei,95089,96173,1084
96511,97855,1344,0,GE-Phrase,230,97846,98708,862
96511,97855,1344,0,NTB,hoje eu vejo que depende &n [/1],96511,97855,1344
97855,98199,344,0,GE-Phrase,230,97846,98708,862
97855,98199,344,0,NTB,né,97855,98199,344
98199,98848,649,0,GE-Phrase,231,98708,100412,1704
98199,98848,649,0,NTB,do aluno,98199,98848,649
98848,100935,2087,0,NTB,da interação que cê tem com aluno,98848,100935,2087
137105,138339,1234,0,GE-Phrase,236,138001,139371,1370
137105,138339,1234,0,NTB,em inglês obviamente,137105,138339,1234
138339,139647,1308,0,GE-Phrase,237,139371,143181,3810
138339,139647,1308,0,NTB,a gente tinha livro e tudo,138339,139647,1308
4370,5588,1218,0,GE-Phrase,201,2608,9088,6480
4370,5588,1218,0,NTB,aonde a gente ia,4370,5588,1218
5588,7444,1856,0,GE-Phrase,201,2608,9088,6480
5588,7444,1856,0,NTB,quando a gente era criança,5588,7444,1856
76336,77920,1584,0,GE-Phrase,227,77639,79279,1640
76336,77920,1584,0,NTB,que era só um corredorzinho,76336,77920,1584
77920,79367,1447,0,GE-Phrase,228,79279,80954,1675
77920,79367,1447,0,NTB,que depois virou,77920,79367,1447
79367,79692,325,0,GE-Phrase,228,79279,80954,1675
79367,79692,325,0,NTB,né,79367,79692,325
79692,81357,1665,0,GE-Phrase,229,80954,82638,1684
79692,81357,1665,0,NTB,um negócio enorme,79692,81357,1665
88201,89296,1095,0,NTB,<cheguei nisso> +,88201,89296,1095
93305,94317,1012,0,NTB,achei que eu fosse odiar,93305,94317,1012
95089,96173,1084,0,NTB,eu gostei,95089,96173,1084
96511,97855,1344,0,GE-Phrase,230,97846,98708,862
96511,97855,1344,0,NTB,hoje eu vejo que depende &n [/1],96511,97855,1344
97855,98199,344,0,GE-Phrase,230,97846,98708,862
97855,98199,344,0,NTB,né,97855,98199,344
98199,98848,649,0,GE-Phrase,231,98708,100412,1704
98199,98848,649,0,NTB,do aluno,98199,98848,649
98848,100935,2087,0,NTB,da interação que cê tem com aluno,98848,100935,2087
137105,138339,1234,0,GE-Phrase,236,138001,139371,1370
137105,138339,1234,0,NTB,em inglês obviamente,137105,138339,1234
138339,139647,1308,0,GE-Phrase,237,139371,143181,3810
138339,139647,1308,0,NTB,a gente tinha livro e tudo,138339,139647,1308
4370,5588,1218,0,GE-Phrase,201,2608,9088,6480
4370,5588,1218,0,NTB,aonde a gente ia,4370,5588,1218
5588,7444,1856,0,GE-Phrase,201,2608,9088,6480
5588,7444,1856,0,NTB,quando a gente era criança,5588,7444,1856
76336,77920,1584,0,GE-Phrase,227,77639,79279,1640
76336,77920,1584,0,NTB,que era só um corredorzinho,76336,77920,1584
77920,79367,1447,0,GE-Phrase,228,79279,80954,1675
77920,79367,1447,0,NTB,que depois virou,77920,79367,1447
79367,79692,325,0,GE-Phrase,228,79279,80954,1675
79367,79692,325,0,NTB,né,79367,79692,325
79692,81357,1665,0,GE-Phrase,229,80954,82638,1684
79692,81357,1665,0,NTB,um negócio enorme,79692,81357,1665
88201,89296,1095,0,NTB,<cheguei nisso> +,88201,89296,1095
93305,94317,1012,0,NTB,achei que eu fosse odiar,93305,94317,1012
95089,96173,1084,0,NTB,eu gostei,95089,96173,1084
96511,97855,1344,0,GE-Phrase,230,97846,98708,862
96511,97855,1344,0,NTB,hoje eu vejo que depende &n [/1],96511,97855,1344
97855,98199,344,0,GE-Phrase,230,97846,98708,862
97855,98199,344,0,NTB,né,97855,98199,344
98199,98848,649,0,GE-Phrase,231,98708,100412,1704
98199,98848,649,0,NTB,do aluno,98199,98848,649
98848,100935,2087,0,NTB,da interação que cê tem com aluno,98848,100935,2087
137105,138339,1234,0,GE-Phrase,236,138001,139371,1370
137105,138339,1234,0,NTB,em inglês obviamente,137105,138339,1234
138339,139647,1308,0,GE-Phrase,237,139371,143181,3810
138339,139647,1308,0,NTB,a gente tinha livro e tudo,138339,139647,1308
4370,5588,1218,0,GE-Phrase,201,2608,9088,6480
4370,5588,1218,0,NTB,aonde a gente ia,4370,5588,1218
5588,7444,1856,0,GE-Phrase,201,2608,9088,6480
5588,7444,1856,0,NTB,quando a gente era criança,5588,7444,1856
76336,77920,1584,0,GE-Phrase,227,77639,79279,1640
76336,77920,1584,0,NTB,que era só um corredorzinho,76336,77920,1584
77920,79367,1447,0,GE-Phrase,228,79279,80954,1675
77920,79367,1447,0,NTB,que depois virou,77920,79367,1447
79367,79692,325,0,GE-Phrase,228,79279,80954,1675
79367,79692,325,0,NTB,né,79367,79692,325
79692,81357,1665,0,GE-Phrase,229,80954,82638,1684
79692,81357,1665,0,NTB,um negócio enorme,79692,81357,1665
88201,89296,1095,0,NTB,<cheguei nisso> +,88201,89296,1095
93305,94317,1012,0,NTB,achei que eu fosse odiar,93305,94317,1012
95089,96173,1084,0,NTB,eu gostei,95089,96173,1084
96511,97855,1344,0,GE-Phrase,230,97846,98708,862
96511,97855,1344,0,NTB,hoje eu vejo que depende &n [/1],96511,97855,1344
97855,98199,344,0,GE-Phrase,230,97846,98708,862
97855,98199,344,0,NTB,né,97855,98199,344
98199,98848,649,0,GE-Phrase,231,98708,100412,1704
98199,98848,649,0,NTB,do aluno,98199,98848,649
98848,100935,2087,0,NTB,da interação que cê tem com aluno,98848,100935,2087
137105,138339,1234,0,GE-Phrase,236,138001,139371,1370
137105,138339,1234,0,NTB,em inglês obviamente,137105,138339,1234
138339,139647,1308,0,GE-Phrase,237,139371,143181,3810
138339,139647,1308,0,NTB,a gente tinha livro e tudo,138339,139647,1308
4370,5588,1218,0,GE-Phrase,201,2608,9088,6480
4370,5588,1218,0,NTB,aonde a gente ia,4370,5588,1218
5588,7444,1856,0,GE-Phrase,201,2608,9088,6480
5588,7444,1856,0,NTB,quando a gente era criança,5588,7444,1856
76336,77920,1584,0,GE-Phrase,227,77639,79279,1640
76336,77920,1584,0,NTB,que era só um corredorzinho,76336,77920,1584
77920,79367,1447,0,GE-Phrase,228,79279,80954,1675
77920,79367,1447,0,NTB,que depois virou,77920,79367,1447
79367,79692,325,0,GE-Phrase,228,79279,80954,1675
79367,79692,325,0,NTB,né,79367,79692,325
79692,81357,1665,0,GE-Phrase,229,80954,82638,1684
79692,81357,1665,0,NTB,um negócio enorme,79692,81357,1665
88201,89296,1095,0,NTB,<cheguei nisso> +,88201,89296,1095
93305,94317,1012,0,NTB,achei que eu fosse odiar,93305,94317,1012
95089,96173,1084,0,NTB,eu gostei,95089,96173,1084
96511,97855,1344,0,GE-Phrase,230,97846,98708,862
96511,97855,1344,0,NTB,hoje eu vejo que depende &n [/1],96511,97855,1344
97855,98199,344,0,GE-Phrase,230,97846,98708,862
97855,98199,344,0,NTB,né,97855,98199,344
98199,98848,649,0,GE-Phrase,231,98708,100412,1704
98199,98848,649,0,NTB,do aluno,98199,98848,649
98848,100935,2087,0,NTB,da interação que cê tem com aluno,98848,100935,2087
137105,138339,1234,0,GE-Phrase,236,138001,139371,1370
137105,138339,1234,0,NTB,em inglês obviamente,137105,138339,1234
138339,139647,1308,0,GE-Phrase,237,139371,143181,3810
138339,139647,1308,0,NTB,a gente tinha livro e tudo,138339,139647,1308
4370,5588,1218,0,GE-Phrase,201,2608,9088,6480
4370,5588,1218,0,NTB,aonde a gente ia,4370,5588,1218
5588,7444,1856,0,GE-Phrase,201,2608,9088,6480
5588,7444,1856,0,NTB,quando a gente era criança,5588,7444,1856
76336,77920,1584,0,GE-Phrase,227,77639,79279,1640
76336,77920,1584,0,NTB,que era só um corredorzinho,76336,77920,1584
77920,79367,1447,0,GE-Phrase,228,79279,80954,1675
77920,79367,1447,0,NTB,que depois virou,77920,79367,1447
79367,79692,325,0,GE-Phrase,228,79279,80954,1675
79367,79692,325,0,NTB,né,79367,79692,325
79692,81357,1665,0,GE-Phrase,229,80954,82638,1684
79692,81357,1665,0,NTB,um negócio enorme,79692,81357,1665
88201,89296,1095,0,NTB,<cheguei nisso> +,88201,89296,1095
93305,94317,1012,0,NTB,achei que eu fosse odiar,93305,94317,1012
95089,96173,1084,0,NTB,eu gostei,95089,96173,1084
96511,97855,1344,0,GE-Phrase,230,97846,98708,862
96511,97855,1344,0,NTB,hoje eu vejo que depende &n [/1],96511,97855,1344
97855,98199,344,0,GE-Phrase,230,97846,98708,862
97855,98199,344,0,NTB,né,97855,98199,344
98199,98848,649,0,GE-Phrase,231,98708,100412,1704
98199,98848,649,0,NTB,do aluno,98199,98848,649
98848,100935,2087,0,NTB,da interação que cê tem com aluno,98848,100935,2087
137105,138339,1234,0,GE-Phrase,236,138001,139371,1370
137105,138339,1234,0,NTB,em inglês obviamente,137105,138339,1234
138339,139647,1308,0,GE-Phrase,237,139371,143181,3810
138339,139647,1308,0,NTB,a gente tinha livro e tudo,138339,139647,1308
4370,5588,1218,0,GE-Phrase,201,2608,9088,6480
4370,5588,1218,0,NTB,aonde a gente ia,4370,5588,1218
5588,7444,1856,0,GE-Phrase,201,2608,9088,6480
5588,7444,1856,0,NTB,quando a gente era criança,5588,7444,1856
76336,77920,1584,0,GE-Phrase,227,77639,79279,1640
76336,77920,1584,0,NTB,que era só um corredorzinho,76336,77920,1584
77920,79367,1447,0,GE-Phrase,228,79279,80954,1675
77920,79367,1447,0,NTB,que depois virou,77920,79367,1447
79367,79692,325,0,GE-Phrase,228,79279,80954,1675
79367,79692,325,0,NTB,né,79367,79692,325
79692,81357,1665,0,GE-Phrase,229,80954,82638,1684
79692,81357,1665,0,NTB,um negócio enorme,79692,81357,1665
88201,89296,1095,0,NTB,<cheguei nisso> +,88201,89296,1095
93305,94317,1012,0,NTB,achei que eu fosse odiar,93305,94317,1012
95089,96173,1084,0,NTB,eu gostei,95089,96173,1084
96511,97855,1344,0,GE-Phrase,230,97846,98708,862
96511,97855,1344,0,NTB,hoje eu vejo que depende &n [/1],96511,97855,1344
97855,98199,344,0,GE-Phrase,230,97846,98708,862
97855,98199,344,0,NTB,né,97855,98199,344
98199,98848,649,0,GE-Phrase,231,98708,100412,1704
98199,98848,649,0,NTB,do aluno,98199,98848,649
98848,100935,2087,0,NTB,da interação que cê tem com aluno,98848,100935,2087
137105,138339,1234,0,GE-Phrase,236,138001,139371,1370
137105,138339,1234,0,NTB,em inglês obviamente,137105,138339,1234
138339,139647,1308,0,GE-Phrase,237,139371,143181,3810
138339,139647,1308,0,NTB,a gente tinha livro e tudo,138339,139647,1308
4370,5588,1218,0,GE-Phrase,201,2608,9088,6480
4370,5588,1218,0,NTB,aonde a gente ia,4370,5588,1218
5588,7444,1856,0,GE-Phrase,201,2608,9088,6480
5588,7444,1856,0,NTB,quando a gente era criança,5588,7444,1856
76336,77920,1584,0,GE-Phrase,227,77639,79279,1640
76336,77920,1584,0,NTB,que era só um corredorzinho,76336,77920,1584
77920,79367,1447,0,GE-Phrase,228,79279,80954,1675
77920,79367,1447,0,NTB,que depois virou,77920,79367,1447
79367,79692,325,0,GE-Phrase,228,79279,80954,1675
79367,79692,325,0,NTB,né,79367,79692,325
79692,81357,1665,0,GE-Phrase,229,80954,82638,1684
79692,81357,1665,0,NTB,um negócio enorme,79692,81357,1665
88201,89296,1095,0,NTB,<cheguei nisso> +,88201,89296,1095
93305,94317,1012,0,NTB,achei que eu fosse odiar,93305,94317,1012
95089,96173,1084,0,NTB,eu gostei,95089,96173,1084
96511,97855,1344,0,GE-Phrase,230,97846,98708,862
96511,97855,1344,0,NTB,hoje eu vejo que depende &n [/1],96511,97855,1344
97855,98199,344,0,GE-Phrase,230,97846,98708,862
97855,98199,344,0,NTB,né,97855,98199,344
98199,98848,649,0,GE-Phrase,231,98708,100412,1704
98199,98848,649,0,NTB,do aluno,98199,98848,649
98848,100935,2087,0,NTB,da interação que cê tem com aluno,98848,100935,2087
137105,138339,1234,0,GE-Phrase,236,138001,139371,1370
137105,138339,1234,0,NTB,em inglês obviamente,137105,138339,1234
138339,139647,1308,0,GE-Phrase,237,139371,143181,3810
138339,139647,1308,0,NTB,a gente tinha livro e tudo,138339,139647,1308
4370,5588,1218,0,GE-Phrase,201,2608,9088,6480
4370,5588,1218,0,NTB,aonde a gente ia,4370,5588,1218
5588,7444,1856,0,GE-Phrase,201,2608,9088,6480
5588,7444,1856,0,NTB,quando a gente era criança,5588,7444,1856
76336,77920,1584,0,GE-Phrase,227,77639,79279,1640
76336,77920,1584,0,NTB,que era só um corredorzinho,76336,77920,1584
77920,79367,1447,0,GE-Phrase,228,79279,80954,1675
77920,79367,1447,0,NTB,que depois virou,77920,79367,1447
79367,79692,325,0,GE-Phrase,228,79279,80954,1675
79367,79692,325,0,NTB,né,79367,79692,325
79692,81357,1665,0,GE-Phrase,229,80954,82638,1684
79692,81357,1665,0,NTB,um negócio enorme,79692,81357,1665
88201,89296,1095,0,NTB,<cheguei nisso> +,88201,89296,1095
93305,94317,1012,0,NTB,achei que eu fosse odiar,93305,94317,1012
95089,96173,1084,0,NTB,eu gostei,95089,96173,1084
96511,97855,1344,0,GE-Phrase,230,97846,98708,862
96511,97855,1344,0,NTB,hoje eu vejo que depende &n [/1],96511,97855,1344
97855,98199,344,0,GE-Phrase,230,97846,98708,862
97855,98199,344,0,NTB,né,97855,98199,344
98199,98848,649,0,GE-Phrase,231,98708,100412,1704
98199,98848,649,0,NTB,do aluno,98199,98848,649
98848,100935,2087,0,NTB,da interação que cê tem com aluno,98848,100935,2087
137105,138339,1234,0,GE-Phrase,236,138001,139371,1370
137105,138339,1234,0,NTB,em inglês obviamente,137105,138339,1234
138339,139647,1308,0,GE-Phrase,237,139371,143181,3810
138339,139647,1308,0,NTB,a gente tinha livro e tudo,138339,139647,1308
4370,5588,1218,0,GE-Phrase,201,2608,9088,6480
4370,5588,1218,0,NTB,aonde a gente ia,4370,5588,1218
5588,7444,1856,0,GE-Phrase,201,2608,9088,6480
5588,7444,1856,0,NTB,quando a gente era criança,5588,7444,1856
76336,77920,1584,0,GE-Phrase,227,77639,79279,1640
76336,77920,1584,0,NTB,que era só um corredorzinho,76336,77920,1584
77920,79367,1447,0,GE-Phrase,228,79279,80954,1675
77920,79367,1447,0,NTB,que depois virou,77920,79367,1447
79367,79692,325,0,GE-Phrase,228,79279,80954,1675
79367,79692,325,0,NTB,né,79367,79692,325
79692,81357,1665,0,GE-Phrase,229,80954,82638,1684
79692,81357,1665,0,NTB,um negócio enorme,79692,81357,1665
88201,89296,1095,0,NTB,<cheguei nisso> +,88201,89296,1095
93305,94317,1012,0,NTB,achei que eu fosse odiar,93305,94317,1012
95089,96173,1084,0,NTB,eu gostei,95089,96173,1084
96511,97855,1344,0,GE-Phrase,230,97846,98708,862
96511,97855,1344,0,NTB,hoje eu vejo que depende &n [/1],96511,97855,1344
97855,98199,344,0,GE-Phrase,230,97846,98708,862
97855,98199,344,0,NTB,né,97855,98199,344
98199,98848,649,0,GE-Phrase,231,98708,100412,1704
98199,98848,649,0,NTB,do aluno,98199,98848,649
98848,100935,2087,0,NTB,da interação que cê tem com aluno,98848,100935,2087
137105,138339,1234,0,GE-Phrase,236,138001,139371,1370
137105,138339,1234,0,NTB,em inglês obviamente,137105,138339,1234
138339,139647,1308,0,GE-Phrase,237,139371,143181,3810
138339,139647,1308,0,NTB,a gente tinha livro e tudo,138339,139647,1308
4370,5588,1218,0,GE-Phrase,201,2608,9088,6480
4370,5588,1218,0,NTB,aonde a gente ia,4370,5588,1218
5588,7444,1856,0,GE-Phrase,201,2608,9088,6480
5588,7444,1856,0,NTB,quando a gente era criança,5588,7444,1856
76336,77920,1584,0,GE-Phrase,227,77639,79279,1640
76336,77920,1584,0,NTB,que era só um corredorzinho,76336,77920,1584
77920,79367,1447,0,GE-Phrase,228,79279,80954,1675
77920,79367,1447,0,NTB,que depois virou,77920,79367,1447
79367,79692,325,0,GE-Phrase,228,79279,80954,1675
79367,79692,325,0,NTB,né,79367,79692,325
79692,81357,1665,0,GE-Phrase,229,80954,82638,1684
79692,81357,1665,0,NTB,um negócio enorme,79692,81357,1665
88201,89296,1095,0,NTB,<cheguei nisso> +,88201,89296,1095
93305,94317,1012,0,NTB,achei que eu fosse odiar,93305,94317,1012
95089,96173,1084,0,NTB,eu gostei,95089,96173,1084
96511,97855,1344,0,GE-Phrase,230,97846,98708,862
96511,97855,1344,0,NTB,hoje eu vejo que depende &n [/1],96511,97855,1344
97855,98199,344,0,GE-Phrase,230,97846,98708,862
97855,98199,344,0,NTB,né,97855,98199,344
98199,98848,649,0,GE-Phrase,231,98708,100412,1704
98199,98848,649,0,NTB,do aluno,98199,98848,649
98848,100935,2087,0,NTB,da interação que cê tem com aluno,98848,100935,2087
137105,138339,1234,0,GE-Phrase,236,138001,139371,1370
137105,138339,1234,0,NTB,em inglês obviamente,137105,138339,1234
138339,139647,1308,0,GE-Phrase,237,139371,143181,3810
138339,139647,1308,0,NTB,a gente tinha livro e tudo,138339,139647,1308
4370,5588,1218,0,GE-Phrase,201,2608,9088,6480
4370,5588,1218,0,NTB,aonde a gente ia,4370,5588,1218
5588,7444,1856,0,GE-Phrase,201,2608,9088,6480
5588,7444,1856,0,NTB,quando a gente era criança,5588,7444,1856
76336,77920,1584,0,GE-Phrase,227,77639,79279,1640
76336,77920,1584,0,NTB,que era só um corredorzinho,76336,77920,1584
77920,79367,1447,0,GE-Phrase,228,79279,80954,1675
77920,79367,1447,0,NTB,que depois virou,77920,79367,1447
79367,79692,325,0,GE-Phrase,228,79279,80954,1675
79367,79692,325,0,NTB,né,79367,79692,325
79692,81357,1665,0,GE-Phrase,229,80954,82638,1684
79692,81357,1665,0,NTB,um negócio enorme,79692,81357,1665
88201,89296,1095,0,NTB,<cheguei nisso> +,88201,89296,1095
93305,94317,1012,0,NTB,achei que eu fosse odiar,93305,94317,1012
95089,96173,1084,0,NTB,eu gostei,95089,96173,1084
96511,97855,1344,0,GE-Phrase,230,97846,98708,862
96511,97855,1344,0,NTB,hoje eu vejo que depende &n [/1],96511,97855,1344
97855,98199,344,0,GE-Phrase,230,97846,98708,862
97855,98199,344,0,NTB,né,97855,98199,344
98199,98848,649,0,GE-Phrase,231,98708,100412,1704
98199,98848,649,0,NTB,do aluno,98199,98848,649
98848,100935,2087,0,NTB,da interação que cê tem com aluno,98848,100935,2087
137105,138339,1234,0,GE-Phrase,236,138001,139371,1370
137105,138339,1234,0,NTB,em inglês obviamente,137105,138339,1234
138339,139647,1308,0,GE-Phrase,237,139371,143181,3810
138339,139647,1308,0,NTB,a gente tinha livro e tudo,138339,139647,1308
4370,5588,1218,0,GE-Phrase,201,2608,9088,6480
4370,5588,1218,0,NTB,aonde a gente ia,4370,5588,1218
5588,7444,1856,0,GE-Phrase,201,2608,9088,6480
5588,7444,1856,0,NTB,quando a gente era criança,5588,7444,1856
76336,77920,1584,0,GE-Phrase,227,77639,79279,1640
76336,77920,1584,0,NTB,que era só um corredorzinho,76336,77920,1584
77920,79367,1447,0,GE-Phrase,228,79279,80954,1675
77920,79367,1447,0,NTB,que depois virou,77920,79367,1447
79367,79692,325,0,GE-Phrase,228,79279,80954,1675
79367,79692,325,0,NTB,né,79367,79692,325
79692,81357,1665,0,GE-Phrase,229,80954,82638,1684
79692,81357,1665,0,NTB,um negócio enorme,79692,81357,1665
88201,89296,1095,0,NTB,<cheguei nisso> +,88201,89296,1095
93305,94317,1012,0,NTB,achei que eu fosse odiar,93305,94317,1012
95089,96173,1084,0,NTB,eu gostei,95089,96173,1084
96511,97855,1344,0,GE-Phrase,230,97846,98708,862
96511,97855,1344,0,NTB,hoje eu vejo que depende &n [/1],96511,97855,1344
97855,98199,344,0,GE-Phrase,230,97846,98708,862
97855,98199,344,0,NTB,né,97855,98199,344
98199,98848,649,0,GE-Phrase,231,98708,100412,1704
98199,98848,649,0,NTB,do aluno,98199,98848,649
98848,100935,2087,0,NTB,da interação que cê tem com aluno,98848,100935,2087
137105,138339,1234,0,GE-Phrase,236,138001,139371,1370
137105,138339,1234,0,NTB,em inglês obviamente,137105,138339,1234
138339,139647,1308,0,GE-Phrase,237,139371,143181,3810
138339,139647,1308,0,NTB,a gente tinha livro e tudo,138339,139647,1308
4370,5588,1218,0,GE-Phrase,201,2608,9088,6480
4370,5588,1218,0,NTB,aonde a gente ia,4370,5588,1218
5588,7444,1856,0,GE-Phrase,201,2608,9088,6480
5588,7444,1856,0,NTB,quando a gente era criança,5588,7444,1856
76336,77920,1584,0,GE-Phrase,227,77639,79279,1640
76336,77920,1584,0,NTB,que era só um corredorzinho,76336,77920,1584
77920,79367,1447,0,GE-Phrase,228,79279,80954,1675
77920,79367,1447,0,NTB,que depois virou,77920,79367,1447
79367,79692,325,0,GE-Phrase,228,79279,80954,1675
79367,79692,325,0,NTB,né,79367,79692,325
79692,81357,1665,0,GE-Phrase,229,80954,82638,1684
79692,81357,1665,0,NTB,um negócio enorme,79692,81357,1665
88201,89296,1095,0,NTB,<cheguei nisso> +,88201,89296,1095
93305,94317,1012,0,NTB,achei que eu fosse odiar,93305,94317,1012
95089,96173,1084,0,NTB,eu gostei,95089,96173,1084
96511,97855,1344,0,GE-Phrase,230,97846,98708,862
96511,97855,1344,0,NTB,hoje eu vejo que depende &n [/1],96511,97855,1344
97855,98199,344,0,GE-Phrase,230,97846,98708,862
97855,98199,344,0,NTB,né,97855,98199,344
98199,98848,649,0,GE-Phrase,231,98708,100412,1704
98199,98848,649,0,NTB,do aluno,98199,98848,649
98848,100935,2087,0,NTB,da interação que cê tem com aluno,98848,100935,2087
137105,138339,1234,0,GE-Phrase,236,138001,139371,1370
137105,138339,1234,0,NTB,em inglês obviamente,137105,138339,1234
138339,139647,1308,0,GE-Phrase,237,139371,143181,3810
138339,139647,1308,0,NTB,a gente tinha livro e tudo,138339,139647,1308
4370,5588,1218,0,GE-Phrase,201,2608,9088,6480
4370,5588,1218,0,NTB,aonde a gente ia,4370,5588,1218
5588,7444,1856,0,GE-Phrase,201,2608,9088,6480
5588,7444,1856,0,NTB,quando a gente era criança,5588,7444,1856
76336,77920,1584,0,GE-Phrase,227,77639,79279,1640
76336,77920,1584,0,NTB,que era só um corredorzinho,76336,77920,1584
77920,79367,1447,0,GE-Phrase,228,79279,80954,1675
77920,79367,1447,0,NTB,que depois virou,77920,79367,1447
79367,79692,325,0,GE-Phrase,228,79279,80954,1675
79367,79692,325,0,NTB,né,79367,79692,325
79692,81357,1665,0,GE-Phrase,229,80954,82638,1684
79692,81357,1665,0,NTB,um negócio enorme,79692,81357,1665
88201,89296,1095,0,NTB,<cheguei nisso> +,88201,89296,1095
93305,94317,1012,0,NTB,achei que eu fosse odiar,93305,94317,1012
95089,96173,1084,0,NTB,eu gostei,95089,96173,1084
96511,97855,1344,0,GE-Phrase,230,97846,98708,862
96511,97855,1344,0,NTB,hoje eu vejo que depende &n [/1],96511,97855,1344
97855,98199,344,0,GE-Phrase,230,97846,98708,862
97855,98199,344,0,NTB,né,97855,98199,344
98199,98848,649,0,GE-Phrase,231,98708,100412,1704
98199,98848,649,0,NTB,do aluno,98199,98848,649
98848,100935,2087,0,NTB,da interação que cê tem com aluno,98848,100935,2087
137105,138339,1234,0,GE-Phrase,236,138001,139371,1370
137105,138339,1234,0,NTB,em inglês obviamente,137105,138339,1234
138339,139647,1308,0,GE-Phrase,237,139371,143181,3810
138339,139647,1308,0,NTB,a gente tinha livro e tudo,138339,139647,1308
4370,5588,1218,0,GE-Phrase,201,2608,9088,6480
4370,5588,1218,0,NTB,aonde a gente ia,4370,5588,1218
5588,7444,1856,0,GE-Phrase,201,2608,9088,6480
5588,7444,1856,0,NTB,quando a gente era criança,5588,7444,1856
76336,77920,1584,0,GE-Phrase,227,77639,79279,1640
76336,77920,1584,0,NTB,que era só um corredorzinho,76336,77920,1584
77920,79367,1447,0,GE-Phrase,228,79279,80954,1675
77920,79367,1447,0,NTB,que depois virou,77920,79367,1447
79367,79692,325,0,GE-Phrase,228,79279,80954,1675
79367,79692,325,0,NTB,né,79367,79692,325
79692,81357,1665,0,GE-Phrase,229,80954,82638,1684
79692,81357,1665,0,NTB,um negócio enorme,79692,81357,1665
88201,89296,1095,0,NTB,<cheguei nisso> +,88201,89296,1095
93305,94317,1012,0,NTB,achei que eu fosse odiar,93305,94317,1012
95089,96173,1084,0,NTB,eu gostei,95089,96173,1084
96511,97855,1344,0,GE-Phrase,230,97846,98708,862
96511,97855,1344,0,NTB,hoje eu vejo que depende &n [/1],96511,97855,1344
97855,98199,344,0,GE-Phrase,230,97846,98708,862
97855,98199,344,0,NTB,né,97855,98199,344
98199,98848,649,0,GE-Phrase,231,98708,100412,1704
98199,98848,649,0,NTB,do aluno,98199,98848,649
98848,100935,2087,0,NTB,da interação que cê tem com aluno,98848,100935,2087
137105,138339,1234,0,GE-Phrase,236,138001,139371,1370
137105,138339,1234,0,NTB,em inglês obviamente,137105,138339,1234
138339,139647,1308,0,GE-Phrase,237,139371,143181,3810
138339,139647,1308,0,NTB,a gente tinha livro e tudo,138339,139647,1308
4370,5588,1218,0,GE-Phrase,201,2608,9088,6480
4370,5588,1218,0,NTB,aonde a gente ia,4370,5588,1218
5588,7444,1856,0,GE-Phrase,201,2608,9088,6480
5588,7444,1856,0,NTB,quando a gente era criança,5588,7444,1856
76336,77920,1584,0,GE-Phrase,227,77639,79279,1640
76336,77920,1584,0,NTB,que era só um corredorzinho,76336,77920,1584
77920,79367,1447,0,GE-Phrase,228,79279,80954,1675
77920,79367,1447,0,NTB,que depois virou,77920,79367,1447
79367,79692,325,0,GE-Phrase,228,79279,80954,1675
79367,79692,325,0,NTB,né,79367,79692,325
79692,81357,1665,0,GE-Phrase,229,80954,82638,1684
79692,81357,1665,0,NTB,um negócio enorme,79692,81357,1665
88201,89296,1095,0,NTB,<cheguei nisso> +,88201,89296,1095
93305,94317,1012,0,NTB,achei que eu fosse odiar,93305,94317,1012
95089,96173,1084,0,NTB,eu gostei,95089,96173,1084
96511,97855,1344,0,GE-Phrase,230,97846,98708,862
96511,97855,1344,0,NTB,hoje eu vejo que depende &n [/1],96511,97855,1344
97855,98199,344,0,GE-Phrase,230,97846,98708,862
97855,98199,344,0,NTB,né,97855,98199,344
98199,98848,649,0,GE-Phrase,231,98708,100412,1704
98199,98848,649,0,NTB,do aluno,98199,98848,649
98848,100935,2087,0,NTB,da interação que cê tem com aluno,98848,100935,2087
137105,138339,1234,0,GE-Phrase,236,138001,139371,1370
137105,138339,1234,0,NTB,em inglês obviamente,137105,138339,1234
138339,139647,1308,0,GE-Phrase,237,139371,143181,3810
138339,139647,1308,0,NTB,a gente tinha livro e tudo,138339,139647,1308
4370,5588,1218,0,GE-Phrase,201,2608,9088,6480
4370,5588,1218,0,NTB,aonde a gente ia,4370,5588,1218
5588,7444,1856,0,GE-Phrase,201,2608,9088,6480
5588,7444,1856,0,NTB,quando a gente era criança,5588,7444,1856
76336,77920,1584,0,GE-Phrase,227,77639,79279,1640
76336,77920,1584,0,NTB,que era só um corredorzinho,76336,77920,1584
77920,79367,1447,0,GE-Phrase,228,79279,80954,1675
77920,79367,1447,0,NTB,que depois virou,77920,79367,1447
79367,79692,325,0,GE-Phrase,228,79279,80954,1675
79367,79692,325,0,NTB,né,79367,79692,325
79692,81357,1665,0,GE-Phrase,229,80954,82638,1684
79692,81357,1665,0,NTB,um negócio enorme,79692,81357,1665
88201,89296,1095,0,NTB,<cheguei nisso> +,88201,89296,1095
93305,94317,1012,0,NTB,achei que eu fosse odiar,93305,94317,1012
95089,96173,1084,0,NTB,eu gostei,95089,96173,1084
96511,97855,1344,0,GE-Phrase,230,97846,98708,862
96511,97855,1344,0,NTB,hoje eu vejo que depende &n [/1],96511,97855,1344
97855,98199,344,0,GE-Phrase,230,97846,98708,862
97855,98199,344,0,NTB,né,97855,98199,344
98199,98848,649,0,GE-Phrase,231,98708,100412,1704
98199,98848,649,0,NTB,do aluno,98199,98848,649
98848,100935,2087,0,NTB,da interação que cê tem com aluno,98848,100935,2087
137105,138339,1234,0,GE-Phrase,236,138001,139371,1370
137105,138339,1234,0,NTB,em inglês obviamente,137105,138339,1234
138339,139647,1308,0,GE-Phrase,237,139371,143181,3810
138339,139647,1308,0,NTB,a gente tinha livro e tudo,138339,139647,1308
4370,5588,1218,0,GE-Phrase,201,2608,9088,6480
4370,5588,1218,0,NTB,aonde a gente ia,4370,5588,1218
5588,7444,1856,0,GE-Phrase,201,2608,9088,6480
5588,7444,1856,0,NTB,quando a gente era criança,5588,7444,1856
76336,77920,1584,0,GE-Phrase,227,77639,79279,1640
76336,77920,1584,0,NTB,que era só um corredorzinho,76336,77920,1584
77920,79367,1447,0,GE-Phrase,228,79279,80954,1675
77920,79367,1447,0,NTB,que depois virou,77920,79367,1447
79367,79692,325,0,GE-Phrase,228,79279,80954,1675
79367,79692,325,0,NTB,né,79367,79692,325
79692,81357,1665,0,GE-Phrase,229,80954,82638,1684
79692,81357,1665,0,NTB,um negócio enorme,79692,81357,1665
88201,89296,1095,0,NTB,<cheguei nisso> +,88201,89296,1095
93305,94317,1012,0,NTB,achei que eu fosse odiar,93305,94317,1012
95089,96173,1084,0,NTB,eu gostei,95089,96173,1084
96511,97855,1344,0,GE-Phrase,230,97846,98708,862
96511,97855,1344,0,NTB,hoje eu vejo que depende &n [/1],96511,97855,1344
97855,98199,344,0,GE-Phrase,230,97846,98708,862
97855,98199,344,0,NTB,né,97855,98199,344
98199,98848,649,0,GE-Phrase,231,98708,100412,1704
98199,98848,649,0,NTB,do aluno,98199,98848,649
98848,100935,2087,0,NTB,da interação que cê tem com aluno,98848,100935,2087
137105,138339,1234,0,GE-Phrase,236,138001,139371,1370
137105,138339,1234,0,NTB,em inglês obviamente,137105,138339,1234
138339,139647,1308,0,GE-Phrase,237,139371,143181,3810
138339,139647,1308,0,NTB,a gente tinha livro e tudo,138339,139647,1308
4370,5588,1218,0,GE-Phrase,201,2608,9088,6480
4370,5588,1218,0,NTB,aonde a gente ia,4370,5588,1218
5588,7444,1856,0,GE-Phrase,201,2608,9088,6480
5588,7444,1856,0,NTB,quando a gente era criança,5588,7444,1856
76336,77920,1584,0,GE-Phrase,227,77639,79279,1640
76336,77920,1584,0,NTB,que era só um corredorzinho,76336,77920,1584
77920,79367,1447,0,GE-Phrase,228,79279,80954,1675
77920,79367,1447,0,NTB,que depois virou,77920,79367,1447
79367,79692,325,0,GE-Phrase,228,79279,80954,1675
79367,79692,325,0,NTB,né,79367,79692,325
79692,81357,1665,0,GE-Phrase,229,80954,82638,1684
79692,81357,1665,0,NTB,um negócio enorme,79692,81357,1665
88201,89296,1095,0,NTB,<cheguei nisso> +,88201,89296,1095
93305,94317,1012,0,NTB,achei que eu fosse odiar,93305,94317,1012
95089,96173,1084,0,NTB,eu gostei,95089,96173,1084
96511,97855,1344,0,GE-Phrase,230,97846,98708,862
96511,97855,1344,0,NTB,hoje eu vejo que depende &n [/1],96511,97855,1344
97855,98199,344,0,GE-Phrase,230,97846,98708,862
97855,98199,344,0,NTB,né,97855,98199,344
98199,98848,649,0,GE-Phrase,231,98708,100412,1704
98199,98848,649,0,NTB,do aluno,98199,98848,649
98848,100935,2087,0,NTB,da interação que cê tem com aluno,98848,100935,2087
137105,138339,1234,0,GE-Phrase,236,138001,139371,1370
137105,138339,1234,0,NTB,em inglês obviamente,137105,138339,1234
138339,139647,1308,0,GE-Phrase,237,139371,143181,3810
138339,139647,1308,0,NTB,a gente tinha livro e tudo,138339,139647,1308
4370,5588,1218,0,GE-Phrase,201,2608,9088,6480
4370,5588,1218,0,NTB,aonde a gente ia,4370,5588,1218
5588,7444,1856,0,GE-Phrase,201,2608,9088,6480
5588,7444,1856,0,NTB,quando a gente era criança,5588,7444,1856
76336,77920,1584,0,GE-Phrase,227,77639,79279,1640
76336,77920,1584,0,NTB,que era só um corredorzinho,76336,77920,1584
77920,79367,1447,0,GE-Phrase,228,79279,80954,1675
77920,79367,1447,0,NTB,que depois virou,77920,79367,1447
79367,79692,325,0,GE-Phrase,228,79279,80954,1675
79367,79692,325,0,NTB,né,79367,79692,325
79692,81357,1665,0,GE-Phrase,229,80954,82638,1684
79692,81357,1665,0,NTB,um negócio enorme,79692,81357,1665
88201,89296,1095,0,NTB,<cheguei nisso> +,88201,89296,1095
93305,94317,1012,0,NTB,achei que eu fosse odiar,93305,94317,1012
95089,96173,1084,0,NTB,eu gostei,95089,96173,1084
96511,97855,1344,0,GE-Phrase,230,97846,98708,862
96511,97855,1344,0,NTB,hoje eu vejo que depende &n [/1],96511,97855,1344
97855,98199,344,0,GE-Phrase,230,97846,98708,862
97855,98199,344,0,NTB,né,97855,98199,344
98199,98848,649,0,GE-Phrase,231,98708,100412,1704
98199,98848,649,0,NTB,do aluno,98199,98848,649
98848,100935,2087,0,NTB,da interação que cê tem com aluno,98848,100935,2087
137105,138339,1234,0,GE-Phrase,236,138001,139371,1370
137105,138339,1234,0,NTB,em inglês obviamente,137105,138339,1234
138339,139647,1308,0,GE-Phrase,237,139371,143181,3810
138339,139647,1308,0,NTB,a gente tinha livro e tudo,138339,139647,1308
9631,12030,2399,0,GE-Phrase,206,11228,13092,1864
9631,12030,2399,0,NTB,que inclusive tô produzindo um,9631,12030,2399
12030,13506,1476,0,GE-Phrase,207,13092,14908,1816
12030,13506,1476,0,NTB,p' cê ver a dubiedade da coisa,12030,13506,1476
25187,26370,1183,0,GE-Phrase,212,23414,26572,3158
25187,26370,1183,0,NTB,se eu reproduzir meu método,25187,26370,1183
26370,27200,830,0,GE-Phrase,213,26572,28865,2293
26370,27200,830,0,NTB,tá ligado,26370,27200,830
27200,28048,848,0,GE-Phrase,213,26572,28865,2293
27200,28048,848,0,NTB,dentro da cultura,27200,28048,848
28048,29067,1019,0,GE-Phrase,214,28865,30267,1402
28048,29067,1019,0,NTB,e adequando e et cetera,28048,29067,1019
69285,70269,984,0,GE-Phrase,234,70078,71694,1616
69285,70269,984,0,NTB,o projeto é dela,69285,70269,984
123333,123678,345,0,GE-Phrase,261,123162,126484,3322
123333,123678,345,0,NTB,porque &n [/1],123333,123678,345
123678,123884,206,0,GE-Phrase,261,123162,126484,3322
123678,123884,206,0,NTB,né,123678,123884,206
123884,124797,913,0,GE-Phrase,261,123162,126484,3322
123884,124797,913,0,NTB,ia parar tudo,123884,124797,913
124797,126007,1210,0,GE-Phrase,261,123162,126484,3322
124797,126007,1210,0,NTB,então vou monitorar quem,124797,126007,1210
126007,127426,1419,0,NTB,et cetera,126007,127426,1419
131502,132715,1213,0,GE-Phrase,263,132202,134077,1875
131502,132715,1213,0,NTB,nũ tinha recebido nenhuma bolsa ainda né,131502,132715,1213
132715,134762,2047,0,GE-Phrase,264,134077,135782,1705
132715,134762,2047,0,NTB,tinha acabado de acontecer o processo,132715,134762,2047
136371,137155,784,0,GE-Phrase,265,135782,138288,2506
136371,137155,784,0,NTB,a minha tutora,136371,137155,784
137155,137394,239,0,GE-Phrase,265,135782,138288,2506
137155,137394,239,0,NTB,né,137155,137394,239
141078,143026,1948,0,GE-Phrase,268,142467,145380,2913
141078,143026,1948,0,NTB,e a gente volta quando retomar a aula,141078,143026,1948
149343,150432,1089,0,GE-Phrase,271,149490,151803,2313
149343,150432,1089,0,NTB,se cês concordarem,149343,150432,1089
9631,12030,2399,0,GE-Phrase,206,11228,13092,1864
9631,12030,2399,0,NTB,que inclusive tô produzindo um,9631,12030,2399
12030,13506,1476,0,GE-Phrase,207,13092,14908,1816
12030,13506,1476,0,NTB,p' cê ver a dubiedade da coisa,12030,13506,1476
25187,26370,1183,0,GE-Phrase,212,23414,26572,3158
25187,26370,1183,0,NTB,se eu reproduzir meu método,25187,26370,1183
26370,27200,830,0,GE-Phrase,213,26572,28865,2293
26370,27200,830,0,NTB,tá ligado,26370,27200,830
27200,28048,848,0,GE-Phrase,213,26572,28865,2293
27200,28048,848,0,NTB,dentro da cultura,27200,28048,848
28048,29067,1019,0,GE-Phrase,214,28865,30267,1402
28048,29067,1019,0,NTB,e adequando e et cetera,28048,29067,1019
69285,70269,984,0,GE-Phrase,234,70078,71694,1616
69285,70269,984,0,NTB,o projeto é dela,69285,70269,984
123333,123678,345,0,GE-Phrase,261,123162,126484,3322
123333,123678,345,0,NTB,porque &n [/1],123333,123678,345
123678,123884,206,0,GE-Phrase,261,123162,126484,3322
123678,123884,206,0,NTB,né,123678,123884,206
123884,124797,913,0,GE-Phrase,261,123162,126484,3322
123884,124797,913,0,NTB,ia parar tudo,123884,124797,913
124797,126007,1210,0,GE-Phrase,261,123162,126484,3322
124797,126007,1210,0,NTB,então vou monitorar quem,124797,126007,1210
126007,127426,1419,0,NTB,et cetera,126007,127426,1419
131502,132715,1213,0,GE-Phrase,263,132202,134077,1875
131502,132715,1213,0,NTB,nũ tinha recebido nenhuma bolsa ainda né,131502,132715,1213
132715,134762,2047,0,GE-Phrase,264,134077,135782,1705
132715,134762,2047,0,NTB,tinha acabado de acontecer o processo,132715,134762,2047
136371,137155,784,0,GE-Phrase,265,135782,138288,2506
136371,137155,784,0,NTB,a minha tutora,136371,137155,784
137155,137394,239,0,GE-Phrase,265,135782,138288,2506
137155,137394,239,0,NTB,né,137155,137394,239
141078,143026,1948,0,GE-Phrase,268,142467,145380,2913
141078,143026,1948,0,NTB,e a gente volta quando retomar a aula,141078,143026,1948
149343,150432,1089,0,GE-Phrase,271,149490,151803,2313
149343,150432,1089,0,NTB,se cês concordarem,149343,150432,1089
9631,12030,2399,0,GE-Phrase,206,11228,13092,1864
9631,12030,2399,0,NTB,que inclusive tô produzindo um,9631,12030,2399
12030,13506,1476,0,GE-Phrase,207,13092,14908,1816
12030,13506,1476,0,NTB,p' cê ver a dubiedade da coisa,12030,13506,1476
25187,26370,1183,0,GE-Phrase,212,23414,26572,3158
25187,26370,1183,0,NTB,se eu reproduzir meu método,25187,26370,1183
26370,27200,830,0,GE-Phrase,213,26572,28865,2293
26370,27200,830,0,NTB,tá ligado,26370,27200,830
27200,28048,848,0,GE-Phrase,213,26572,28865,2293
27200,28048,848,0,NTB,dentro da cultura,27200,28048,848
28048,29067,1019,0,GE-Phrase,214,28865,30267,1402
28048,29067,1019,0,NTB,e adequando e et cetera,28048,29067,1019
69285,70269,984,0,GE-Phrase,234,70078,71694,1616
69285,70269,984,0,NTB,o projeto é dela,69285,70269,984
123333,123678,345,0,GE-Phrase,261,123162,126484,3322
123333,123678,345,0,NTB,porque &n [/1],123333,123678,345
123678,123884,206,0,GE-Phrase,261,123162,126484,3322
123678,123884,206,0,NTB,né,123678,123884,206
123884,124797,913,0,GE-Phrase,261,123162,126484,3322
123884,124797,913,0,NTB,ia parar tudo,123884,124797,913
124797,126007,1210,0,GE-Phrase,261,123162,126484,3322
124797,126007,1210,0,NTB,então vou monitorar quem,124797,126007,1210
126007,127426,1419,0,NTB,et cetera,126007,127426,1419
131502,132715,1213,0,GE-Phrase,263,132202,134077,1875
131502,132715,1213,0,NTB,nũ tinha recebido nenhuma bolsa ainda né,131502,132715,1213
132715,134762,2047,0,GE-Phrase,264,134077,135782,1705
132715,134762,2047,0,NTB,tinha acabado de acontecer o processo,132715,134762,2047
136371,137155,784,0,GE-Phrase,265,135782,138288,2506
136371,137155,784,0,NTB,a minha tutora,136371,137155,784
137155,137394,239,0,GE-Phrase,265,135782,138288,2506
137155,137394,239,0,NTB,né,137155,137394,239
141078,143026,1948,0,GE-Phrase,268,142467,145380,2913
141078,143026,1948,0,NTB,e a gente volta quando retomar a aula,141078,143026,1948
149343,150432,1089,0,GE-Phrase,271,149490,151803,2313
149343,150432,1089,0,NTB,se cês concordarem,149343,150432,1089
9631,12030,2399,0,GE-Phrase,206,11228,13092,1864
9631,12030,2399,0,NTB,que inclusive tô produzindo um,9631,12030,2399
12030,13506,1476,0,GE-Phrase,207,13092,14908,1816
12030,13506,1476,0,NTB,p' cê ver a dubiedade da coisa,12030,13506,1476
25187,26370,1183,0,GE-Phrase,212,23414,26572,3158
25187,26370,1183,0,NTB,se eu reproduzir meu método,25187,26370,1183
26370,27200,830,0,GE-Phrase,213,26572,28865,2293
26370,27200,830,0,NTB,tá ligado,26370,27200,830
27200,28048,848,0,GE-Phrase,213,26572,28865,2293
27200,28048,848,0,NTB,dentro da cultura,27200,28048,848
28048,29067,1019,0,GE-Phrase,214,28865,30267,1402
28048,29067,1019,0,NTB,e adequando e et cetera,28048,29067,1019
69285,70269,984,0,GE-Phrase,234,70078,71694,1616
69285,70269,984,0,NTB,o projeto é dela,69285,70269,984
123333,123678,345,0,GE-Phrase,261,123162,126484,3322
123333,123678,345,0,NTB,porque &n [/1],123333,123678,345
123678,123884,206,0,GE-Phrase,261,123162,126484,3322
123678,123884,206,0,NTB,né,123678,123884,206
123884,124797,913,0,GE-Phrase,261,123162,126484,3322
123884,124797,913,0,NTB,ia parar tudo,123884,124797,913
124797,126007,1210,0,GE-Phrase,261,123162,126484,3322
124797,126007,1210,0,NTB,então vou monitorar quem,124797,126007,1210
126007,127426,1419,0,NTB,et cetera,126007,127426,1419
131502,132715,1213,0,GE-Phrase,263,132202,134077,1875
131502,132715,1213,0,NTB,nũ tinha recebido nenhuma bolsa ainda né,131502,132715,1213
132715,134762,2047,0,GE-Phrase,264,134077,135782,1705
132715,134762,2047,0,NTB,tinha acabado de acontecer o processo,132715,134762,2047
136371,137155,784,0,GE-Phrase,265,135782,138288,2506
136371,137155,784,0,NTB,a minha tutora,136371,137155,784
137155,137394,239,0,GE-Phrase,265,135782,138288,2506
137155,137394,239,0,NTB,né,137155,137394,239
141078,143026,1948,0,GE-Phrase,268,142467,145380,2913
141078,143026,1948,0,NTB,e a gente volta quando retomar a aula,141078,143026,1948
149343,150432,1089,0,GE-Phrase,271,149490,151803,2313
149343,150432,1089,0,NTB,se cês concordarem,149343,150432,1089
9631,12030,2399,0,GE-Phrase,206,11228,13092,1864
9631,12030,2399,0,NTB,que inclusive tô produzindo um,9631,12030,2399
12030,13506,1476,0,GE-Phrase,207,13092,14908,1816
12030,13506,1476,0,NTB,p' cê ver a dubiedade da coisa,12030,13506,1476
25187,26370,1183,0,GE-Phrase,212,23414,26572,3158
25187,26370,1183,0,NTB,se eu reproduzir meu método,25187,26370,1183
26370,27200,830,0,GE-Phrase,213,26572,28865,2293
26370,27200,830,0,NTB,tá ligado,26370,27200,830
27200,28048,848,0,GE-Phrase,213,26572,28865,2293
27200,28048,848,0,NTB,dentro da cultura,27200,28048,848
28048,29067,1019,0,GE-Phrase,214,28865,30267,1402
28048,29067,1019,0,NTB,e adequando e et cetera,28048,29067,1019
69285,70269,984,0,GE-Phrase,234,70078,71694,1616
69285,70269,984,0,NTB,o projeto é dela,69285,70269,984
123333,123678,345,0,GE-Phrase,261,123162,126484,3322
123333,123678,345,0,NTB,porque &n [/1],123333,123678,345
123678,123884,206,0,GE-Phrase,261,123162,126484,3322
123678,123884,206,0,NTB,né,123678,123884,206
123884,124797,913,0,GE-Phrase,261,123162,126484,3322
123884,124797,913,0,NTB,ia parar tudo,123884,124797,913
124797,126007,1210,0,GE-Phrase,261,123162,126484,3322
124797,126007,1210,0,NTB,então vou monitorar quem,124797,126007,1210
126007,127426,1419,0,NTB,et cetera,126007,127426,1419
131502,132715,1213,0,GE-Phrase,263,132202,134077,1875
131502,132715,1213,0,NTB,nũ tinha recebido nenhuma bolsa ainda né,131502,132715,1213
132715,134762,2047,0,GE-Phrase,264,134077,135782,1705
132715,134762,2047,0,NTB,tinha acabado de acontecer o processo,132715,134762,2047
136371,137155,784,0,GE-Phrase,265,135782,138288,2506
136371,137155,784,0,NTB,a minha tutora,136371,137155,784
137155,137394,239,0,GE-Phrase,265,135782,138288,2506
137155,137394,239,0,NTB,né,137155,137394,239
141078,143026,1948,0,GE-Phrase,268,142467,145380,2913
141078,143026,1948,0,NTB,e a gente volta quando retomar a aula,141078,143026,1948
149343,150432,1089,0,GE-Phrase,271,149490,151803,2313
149343,150432,1089,0,NTB,se cês concordarem,149343,150432,1089
9631,12030,2399,0,GE-Phrase,206,11228,13092,1864
9631,12030,2399,0,NTB,que inclusive tô produzindo um,9631,12030,2399
12030,13506,1476,0,GE-Phrase,207,13092,14908,1816
12030,13506,1476,0,NTB,p' cê ver a dubiedade da coisa,12030,13506,1476
25187,26370,1183,0,GE-Phrase,212,23414,26572,3158
25187,26370,1183,0,NTB,se eu reproduzir meu método,25187,26370,1183
26370,27200,830,0,GE-Phrase,213,26572,28865,2293
26370,27200,830,0,NTB,tá ligado,26370,27200,830
27200,28048,848,0,GE-Phrase,213,26572,28865,2293
27200,28048,848,0,NTB,dentro da cultura,27200,28048,848
28048,29067,1019,0,GE-Phrase,214,28865,30267,1402
28048,29067,1019,0,NTB,e adequando e et cetera,28048,29067,1019
69285,70269,984,0,GE-Phrase,234,70078,71694,1616
69285,70269,984,0,NTB,o projeto é dela,69285,70269,984
123333,123678,345,0,GE-Phrase,261,123162,126484,3322
123333,123678,345,0,NTB,porque &n [/1],123333,123678,345
123678,123884,206,0,GE-Phrase,261,123162,126484,3322
123678,123884,206,0,NTB,né,123678,123884,206
123884,124797,913,0,GE-Phrase,261,123162,126484,3322
123884,124797,913,0,NTB,ia parar tudo,123884,124797,913
124797,126007,1210,0,GE-Phrase,261,123162,126484,3322
124797,126007,1210,0,NTB,então vou monitorar quem,124797,126007,1210
126007,127426,1419,0,NTB,et cetera,126007,127426,1419
131502,132715,1213,0,GE-Phrase,263,132202,134077,1875
131502,132715,1213,0,NTB,nũ tinha recebido nenhuma bolsa ainda né,131502,132715,1213
132715,134762,2047,0,GE-Phrase,264,134077,135782,1705
132715,134762,2047,0,NTB,tinha acabado de acontecer o processo,132715,134762,2047
136371,137155,784,0,GE-Phrase,265,135782,138288,2506
136371,137155,784,0,NTB,a minha tutora,136371,137155,784
137155,137394,239,0,GE-Phrase,265,135782,138288,2506
137155,137394,239,0,NTB,né,137155,137394,239
141078,143026,1948,0,GE-Phrase,268,142467,145380,2913
141078,143026,1948,0,NTB,e a gente volta quando retomar a aula,141078,143026,1948
149343,150432,1089,0,GE-Phrase,271,149490,151803,2313
149343,150432,1089,0,NTB,se cês concordarem,149343,150432,1089
9631,12030,2399,0,GE-Phrase,206,11228,13092,1864
9631,12030,2399,0,NTB,que inclusive tô produzindo um,9631,12030,2399
12030,13506,1476,0,GE-Phrase,207,13092,14908,1816
12030,13506,1476,0,NTB,p' cê ver a dubiedade da coisa,12030,13506,1476
25187,26370,1183,0,GE-Phrase,212,23414,26572,3158
25187,26370,1183,0,NTB,se eu reproduzir meu método,25187,26370,1183
26370,27200,830,0,GE-Phrase,213,26572,28865,2293
26370,27200,830,0,NTB,tá ligado,26370,27200,830
27200,28048,848,0,GE-Phrase,213,26572,28865,2293
27200,28048,848,0,NTB,dentro da cultura,27200,28048,848
28048,29067,1019,0,GE-Phrase,214,28865,30267,1402
28048,29067,1019,0,NTB,e adequando e et cetera,28048,29067,1019
69285,70269,984,0,GE-Phrase,234,70078,71694,1616
69285,70269,984,0,NTB,o projeto é dela,69285,70269,984
123333,123678,345,0,GE-Phrase,261,123162,126484,3322
123333,123678,345,0,NTB,porque &n [/1],123333,123678,345
123678,123884,206,0,GE-Phrase,261,123162,126484,3322
123678,123884,206,0,NTB,né,123678,123884,206
123884,124797,913,0,GE-Phrase,261,123162,126484,3322
123884,124797,913,0,NTB,ia parar tudo,123884,124797,913
124797,126007,1210,0,GE-Phrase,261,123162,126484,3322
124797,126007,1210,0,NTB,então vou monitorar quem,124797,126007,1210
126007,127426,1419,0,NTB,et cetera,126007,127426,1419
131502,132715,1213,0,GE-Phrase,263,132202,134077,1875
131502,132715,1213,0,NTB,nũ tinha recebido nenhuma bolsa ainda né,131502,132715,1213
132715,134762,2047,0,GE-Phrase,264,134077,135782,1705
132715,134762,2047,0,NTB,tinha acabado de acontecer o processo,132715,134762,2047
136371,137155,784,0,GE-Phrase,265,135782,138288,2506
136371,137155,784,0,NTB,a minha tutora,136371,137155,784
137155,137394,239,0,GE-Phrase,265,135782,138288,2506
137155,137394,239,0,NTB,né,137155,137394,239
141078,143026,1948,0,GE-Phrase,268,142467,145380,2913
141078,143026,1948,0,NTB,e a gente volta quando retomar a aula,141078,143026,1948
149343,150432,1089,0,GE-Phrase,271,149490,151803,2313
149343,150432,1089,0,NTB,se cês concordarem,149343,150432,1089
9631,12030,2399,0,GE-Phrase,206,11228,13092,1864
9631,12030,2399,0,NTB,que inclusive tô produzindo um,9631,12030,2399
12030,13506,1476,0,GE-Phrase,207,13092,14908,1816
12030,13506,1476,0,NTB,p' cê ver a dubiedade da coisa,12030,13506,1476
25187,26370,1183,0,GE-Phrase,212,23414,26572,3158
25187,26370,1183,0,NTB,se eu reproduzir meu método,25187,26370,1183
26370,27200,830,0,GE-Phrase,213,26572,28865,2293
26370,27200,830,0,NTB,tá ligado,26370,27200,830
27200,28048,848,0,GE-Phrase,213,26572,28865,2293
27200,28048,848,0,NTB,dentro da cultura,27200,28048,848
28048,29067,1019,0,GE-Phrase,214,28865,30267,1402
28048,29067,1019,0,NTB,e adequando e et cetera,28048,29067,1019
69285,70269,984,0,GE-Phrase,234,70078,71694,1616
69285,70269,984,0,NTB,o projeto é dela,69285,70269,984
123333,123678,345,0,GE-Phrase,261,123162,126484,3322
123333,123678,345,0,NTB,porque &n [/1],123333,123678,345
123678,123884,206,0,GE-Phrase,261,123162,126484,3322
123678,123884,206,0,NTB,né,123678,123884,206
123884,124797,913,0,GE-Phrase,261,123162,126484,3322
123884,124797,913,0,NTB,ia parar tudo,123884,124797,913
124797,126007,1210,0,GE-Phrase,261,123162,126484,3322
124797,126007,1210,0,NTB,então vou monitorar quem,124797,126007,1210
126007,127426,1419,0,NTB,et cetera,126007,127426,1419
131502,132715,1213,0,GE-Phrase,263,132202,134077,1875
131502,132715,1213,0,NTB,nũ tinha recebido nenhuma bolsa ainda né,131502,132715,1213
132715,134762,2047,0,GE-Phrase,264,134077,135782,1705
132715,134762,2047,0,NTB,tinha acabado de acontecer o processo,132715,134762,2047
136371,137155,784,0,GE-Phrase,265,135782,138288,2506
136371,137155,784,0,NTB,a minha tutora,136371,137155,784
137155,137394,239,0,GE-Phrase,265,135782,138288,2506
137155,137394,239,0,NTB,né,137155,137394,239
141078,143026,1948,0,GE-Phrase,268,142467,145380,2913
141078,143026,1948,0,NTB,e a gente volta quando retomar a aula,141078,143026,1948
149343,150432,1089,0,GE-Phrase,271,149490,151803,2313
149343,150432,1089,0,NTB,se cês concordarem,149343,150432,1089
9631,12030,2399,0,GE-Phrase,206,11228,13092,1864
9631,12030,2399,0,NTB,que inclusive tô produzindo um,9631,12030,2399
12030,13506,1476,0,GE-Phrase,207,13092,14908,1816
12030,13506,1476,0,NTB,p' cê ver a dubiedade da coisa,12030,13506,1476
25187,26370,1183,0,GE-Phrase,212,23414,26572,3158
25187,26370,1183,0,NTB,se eu reproduzir meu método,25187,26370,1183
26370,27200,830,0,GE-Phrase,213,26572,28865,2293
26370,27200,830,0,NTB,tá ligado,26370,27200,830
27200,28048,848,0,GE-Phrase,213,26572,28865,2293
27200,28048,848,0,NTB,dentro da cultura,27200,28048,848
28048,29067,1019,0,GE-Phrase,214,28865,30267,1402
28048,29067,1019,0,NTB,e adequando e et cetera,28048,29067,1019
69285,70269,984,0,GE-Phrase,234,70078,71694,1616
69285,70269,984,0,NTB,o projeto é dela,69285,70269,984
123333,123678,345,0,GE-Phrase,261,123162,126484,3322
123333,123678,345,0,NTB,porque &n [/1],123333,123678,345
123678,123884,206,0,GE-Phrase,261,123162,126484,3322
123678,123884,206,0,NTB,né,123678,123884,206
123884,124797,913,0,GE-Phrase,261,123162,126484,3322
123884,124797,913,0,NTB,ia parar tudo,123884,124797,913
124797,126007,1210,0,GE-Phrase,261,123162,126484,3322
124797,126007,1210,0,NTB,então vou monitorar quem,124797,126007,1210
126007,127426,1419,0,NTB,et cetera,126007,127426,1419
131502,132715,1213,0,GE-Phrase,263,132202,134077,1875
131502,132715,1213,0,NTB,nũ tinha recebido nenhuma bolsa ainda né,131502,132715,1213
132715,134762,2047,0,GE-Phrase,264,134077,135782,1705
132715,134762,2047,0,NTB,tinha acabado de acontecer o processo,132715,134762,2047
136371,137155,784,0,GE-Phrase,265,135782,138288,2506
136371,137155,784,0,NTB,a minha tutora,136371,137155,784
137155,137394,239,0,GE-Phrase,265,135782,138288,2506
137155,137394,239,0,NTB,né,137155,137394,239
141078,143026,1948,0,GE-Phrase,268,142467,145380,2913
141078,143026,1948,0,NTB,e a gente volta quando retomar a aula,141078,143026,1948
149343,150432,1089,0,GE-Phrase,271,149490,151803,2313
149343,150432,1089,0,NTB,se cês concordarem,149343,150432,1089
9631,12030,2399,0,GE-Phrase,206,11228,13092,1864
9631,12030,2399,0,NTB,que inclusive tô produzindo um,9631,12030,2399
12030,13506,1476,0,GE-Phrase,207,13092,14908,1816
12030,13506,1476,0,NTB,p' cê ver a dubiedade da coisa,12030,13506,1476
25187,26370,1183,0,GE-Phrase,212,23414,26572,3158
25187,26370,1183,0,NTB,se eu reproduzir meu método,25187,26370,1183
26370,27200,830,0,GE-Phrase,213,26572,28865,2293
26370,27200,830,0,NTB,tá ligado,26370,27200,830
27200,28048,848,0,GE-Phrase,213,26572,28865,2293
27200,28048,848,0,NTB,dentro da cultura,27200,28048,848
28048,29067,1019,0,GE-Phrase,214,28865,30267,1402
28048,29067,1019,0,NTB,e adequando e et cetera,28048,29067,1019
69285,70269,984,0,GE-Phrase,234,70078,71694,1616
69285,70269,984,0,NTB,o projeto é dela,69285,70269,984
123333,123678,345,0,GE-Phrase,261,123162,126484,3322
123333,123678,345,0,NTB,porque &n [/1],123333,123678,345
123678,123884,206,0,GE-Phrase,261,123162,126484,3322
123678,123884,206,0,NTB,né,123678,123884,206
123884,124797,913,0,GE-Phrase,261,123162,126484,3322
123884,124797,913,0,NTB,ia parar tudo,123884,124797,913
124797,126007,1210,0,GE-Phrase,261,123162,126484,3322
124797,126007,1210,0,NTB,então vou monitorar quem,124797,126007,1210
126007,127426,1419,0,NTB,et cetera,126007,127426,1419
131502,132715,1213,0,GE-Phrase,263,132202,134077,1875
131502,132715,1213,0,NTB,nũ tinha recebido nenhuma bolsa ainda né,131502,132715,1213
132715,134762,2047,0,GE-Phrase,264,134077,135782,1705
132715,134762,2047,0,NTB,tinha acabado de acontecer o processo,132715,134762,2047
136371,137155,784,0,GE-Phrase,265,135782,138288,2506
136371,137155,784,0,NTB,a minha tutora,136371,137155,784
137155,137394,239,0,GE-Phrase,265,135782,138288,2506
137155,137394,239,0,NTB,né,137155,137394,239
141078,143026,1948,0,GE-Phrase,268,142467,145380,2913
141078,143026,1948,0,NTB,e a gente volta quando retomar a aula,141078,143026,1948
149343,150432,1089,0,GE-Phrase,271,149490,151803,2313
149343,150432,1089,0,NTB,se cês concordarem,149343,150432,1089
9631,12030,2399,0,GE-Phrase,206,11228,13092,1864
9631,12030,2399,0,NTB,que inclusive tô produzindo um,9631,12030,2399
12030,13506,1476,0,GE-Phrase,207,13092,14908,1816
12030,13506,1476,0,NTB,p' cê ver a dubiedade da coisa,12030,13506,1476
25187,26370,1183,0,GE-Phrase,212,23414,26572,3158
25187,26370,1183,0,NTB,se eu reproduzir meu método,25187,26370,1183
26370,27200,830,0,GE-Phrase,213,26572,28865,2293
26370,27200,830,0,NTB,tá ligado,26370,27200,830
27200,28048,848,0,GE-Phrase,213,26572,28865,2293
27200,28048,848,0,NTB,dentro da cultura,27200,28048,848
28048,29067,1019,0,GE-Phrase,214,28865,30267,1402
28048,29067,1019,0,NTB,e adequando e et cetera,28048,29067,1019
69285,70269,984,0,GE-Phrase,234,70078,71694,1616
69285,70269,984,0,NTB,o projeto é dela,69285,70269,984
123333,123678,345,0,GE-Phrase,261,123162,126484,3322
123333,123678,345,0,NTB,porque &n [/1],123333,123678,345
123678,123884,206,0,GE-Phrase,261,123162,126484,3322
123678,123884,206,0,NTB,né,123678,123884,206
123884,124797,913,0,GE-Phrase,261,123162,126484,3322
123884,124797,913,0,NTB,ia parar tudo,123884,124797,913
124797,126007,1210,0,GE-Phrase,261,123162,126484,3322
124797,126007,1210,0,NTB,então vou monitorar quem,124797,126007,1210
126007,127426,1419,0,NTB,et cetera,126007,127426,1419
131502,132715,1213,0,GE-Phrase,263,132202,134077,1875
131502,132715,1213,0,NTB,nũ tinha recebido nenhuma bolsa ainda né,131502,132715,1213
132715,134762,2047,0,GE-Phrase,264,134077,135782,1705
132715,134762,2047,0,NTB,tinha acabado de acontecer o processo,132715,134762,2047
136371,137155,784,0,GE-Phrase,265,135782,138288,2506
136371,137155,784,0,NTB,a minha tutora,136371,137155,784
137155,137394,239,0,GE-Phrase,265,135782,138288,2506
137155,137394,239,0,NTB,né,137155,137394,239
141078,143026,1948,0,GE-Phrase,268,142467,145380,2913
141078,143026,1948,0,NTB,e a gente volta quando retomar a aula,141078,143026,1948
149343,150432,1089,0,GE-Phrase,271,149490,151803,2313
149343,150432,1089,0,NTB,se cês concordarem,149343,150432,1089
9631,12030,2399,0,GE-Phrase,206,11228,13092,1864
9631,12030,2399,0,NTB,que inclusive tô produzindo um,9631,12030,2399
12030,13506,1476,0,GE-Phrase,207,13092,14908,1816
12030,13506,1476,0,NTB,p' cê ver a dubiedade da coisa,12030,13506,1476
25187,26370,1183,0,GE-Phrase,212,23414,26572,3158
25187,26370,1183,0,NTB,se eu reproduzir meu método,25187,26370,1183
26370,27200,830,0,GE-Phrase,213,26572,28865,2293
26370,27200,830,0,NTB,tá ligado,26370,27200,830
27200,28048,848,0,GE-Phrase,213,26572,28865,2293
27200,28048,848,0,NTB,dentro da cultura,27200,28048,848
28048,29067,1019,0,GE-Phrase,214,28865,30267,1402
28048,29067,1019,0,NTB,e adequando e et cetera,28048,29067,1019
69285,70269,984,0,GE-Phrase,234,70078,71694,1616
69285,70269,984,0,NTB,o projeto é dela,69285,70269,984
123333,123678,345,0,GE-Phrase,261,123162,126484,3322
123333,123678,345,0,NTB,porque &n [/1],123333,123678,345
123678,123884,206,0,GE-Phrase,261,123162,126484,3322
123678,123884,206,0,NTB,né,123678,123884,206
123884,124797,913,0,GE-Phrase,261,123162,126484,3322
123884,124797,913,0,NTB,ia parar tudo,123884,124797,913
124797,126007,1210,0,GE-Phrase,261,123162,126484,3322
124797,126007,1210,0,NTB,então vou monitorar quem,124797,126007,1210
126007,127426,1419,0,NTB,et cetera,126007,127426,1419
131502,132715,1213,0,GE-Phrase,263,132202,134077,1875
131502,132715,1213,0,NTB,nũ tinha recebido nenhuma bolsa ainda né,131502,132715,1213
132715,134762,2047,0,GE-Phrase,264,134077,135782,1705
132715,134762,2047,0,NTB,tinha acabado de acontecer o processo,132715,134762,2047
136371,137155,784,0,GE-Phrase,265,135782,138288,2506
136371,137155,784,0,NTB,a minha tutora,136371,137155,784
137155,137394,239,0,GE-Phrase,265,135782,138288,2506
137155,137394,239,0,NTB,né,137155,137394,239
141078,143026,1948,0,GE-Phrase,268,142467,145380,2913
141078,143026,1948,0,NTB,e a gente volta quando retomar a aula,141078,143026,1948
149343,150432,1089,0,GE-Phrase,271,149490,151803,2313
149343,150432,1089,0,NTB,se cês concordarem,149343,150432,1089
9631,12030,2399,0,GE-Phrase,206,11228,13092,1864
9631,12030,2399,0,NTB,que inclusive tô produzindo um,9631,12030,2399
12030,13506,1476,0,GE-Phrase,207,13092,14908,1816
12030,13506,1476,0,NTB,p' cê ver a dubiedade da coisa,12030,13506,1476
25187,26370,1183,0,GE-Phrase,212,23414,26572,3158
25187,26370,1183,0,NTB,se eu reproduzir meu método,25187,26370,1183
26370,27200,830,0,GE-Phrase,213,26572,28865,2293
26370,27200,830,0,NTB,tá ligado,26370,27200,830
27200,28048,848,0,GE-Phrase,213,26572,28865,2293
27200,28048,848,0,NTB,dentro da cultura,27200,28048,848
28048,29067,1019,0,GE-Phrase,214,28865,30267,1402
28048,29067,1019,0,NTB,e adequando e et cetera,28048,29067,1019
69285,70269,984,0,GE-Phrase,234,70078,71694,1616
69285,70269,984,0,NTB,o projeto é dela,69285,70269,984
123333,123678,345,0,GE-Phrase,261,123162,126484,3322
123333,123678,345,0,NTB,porque &n [/1],123333,123678,345
123678,123884,206,0,GE-Phrase,261,123162,126484,3322
123678,123884,206,0,NTB,né,123678,123884,206
123884,124797,913,0,GE-Phrase,261,123162,126484,3322
123884,124797,913,0,NTB,ia parar tudo,123884,124797,913
124797,126007,1210,0,GE-Phrase,261,123162,126484,3322
124797,126007,1210,0,NTB,então vou monitorar quem,124797,126007,1210
126007,127426,1419,0,NTB,et cetera,126007,127426,1419
131502,132715,1213,0,GE-Phrase,263,132202,134077,1875
131502,132715,1213,0,NTB,nũ tinha recebido nenhuma bolsa ainda né,131502,132715,1213
132715,134762,2047,0,GE-Phrase,264,134077,135782,1705
132715,134762,2047,0,NTB,tinha acabado de acontecer o processo,132715,134762,2047
136371,137155,784,0,GE-Phrase,265,135782,138288,2506
136371,137155,784,0,NTB,a minha tutora,136371,137155,784
137155,137394,239,0,GE-Phrase,265,135782,138288,2506
137155,137394,239,0,NTB,né,137155,137394,239
141078,143026,1948,0,GE-Phrase,268,142467,145380,2913
141078,143026,1948,0,NTB,e a gente volta quando retomar a aula,141078,143026,1948
149343,150432,1089,0,GE-Phrase,271,149490,151803,2313
149343,150432,1089,0,NTB,se cês concordarem,149343,150432,1089
9631,12030,2399,0,GE-Phrase,206,11228,13092,1864
9631,12030,2399,0,NTB,que inclusive tô produzindo um,9631,12030,2399
12030,13506,1476,0,GE-Phrase,207,13092,14908,1816
12030,13506,1476,0,NTB,p' cê ver a dubiedade da coisa,12030,13506,1476
25187,26370,1183,0,GE-Phrase,212,23414,26572,3158
25187,26370,1183,0,NTB,se eu reproduzir meu método,25187,26370,1183
26370,27200,830,0,GE-Phrase,213,26572,28865,2293
26370,27200,830,0,NTB,tá ligado,26370,27200,830
27200,28048,848,0,GE-Phrase,213,26572,28865,2293
27200,28048,848,0,NTB,dentro da cultura,27200,28048,848
28048,29067,1019,0,GE-Phrase,214,28865,30267,1402
28048,29067,1019,0,NTB,e adequando e et cetera,28048,29067,1019
69285,70269,984,0,GE-Phrase,234,70078,71694,1616
69285,70269,984,0,NTB,o projeto é dela,69285,70269,984
123333,123678,345,0,GE-Phrase,261,123162,126484,3322
123333,123678,345,0,NTB,porque &n [/1],123333,123678,345
123678,123884,206,0,GE-Phrase,261,123162,126484,3322
123678,123884,206,0,NTB,né,123678,123884,206
123884,124797,913,0,GE-Phrase,261,123162,126484,3322
123884,124797,913,0,NTB,ia parar tudo,123884,124797,913
124797,126007,1210,0,GE-Phrase,261,123162,126484,3322
124797,126007,1210,0,NTB,então vou monitorar quem,124797,126007,1210
126007,127426,1419,0,NTB,et cetera,126007,127426,1419
131502,132715,1213,0,GE-Phrase,263,132202,134077,1875
131502,132715,1213,0,NTB,nũ tinha recebido nenhuma bolsa ainda né,131502,132715,1213
132715,134762,2047,0,GE-Phrase,264,134077,135782,1705
132715,134762,2047,0,NTB,tinha acabado de acontecer o processo,132715,134762,2047
136371,137155,784,0,GE-Phrase,265,135782,138288,2506
136371,137155,784,0,NTB,a minha tutora,136371,137155,784
137155,137394,239,0,GE-Phrase,265,135782,138288,2506
137155,137394,239,0,NTB,né,137155,137394,239
141078,143026,1948,0,GE-Phrase,268,142467,145380,2913
141078,143026,1948,0,NTB,e a gente volta quando retomar a aula,141078,143026,1948
149343,150432,1089,0,GE-Phrase,271,149490,151803,2313
149343,150432,1089,0,NTB,se cês concordarem,149343,150432,1089
9631,12030,2399,0,GE-Phrase,206,11228,13092,1864
9631,12030,2399,0,NTB,que inclusive tô produzindo um,9631,12030,2399
12030,13506,1476,0,GE-Phrase,207,13092,14908,1816
12030,13506,1476,0,NTB,p' cê ver a dubiedade da coisa,12030,13506,1476
25187,26370,1183,0,GE-Phrase,212,23414,26572,3158
25187,26370,1183,0,NTB,se eu reproduzir meu método,25187,26370,1183
26370,27200,830,0,GE-Phrase,213,26572,28865,2293
26370,27200,830,0,NTB,tá ligado,26370,27200,830
27200,28048,848,0,GE-Phrase,213,26572,28865,2293
27200,28048,848,0,NTB,dentro da cultura,27200,28048,848
28048,29067,1019,0,GE-Phrase,214,28865,30267,1402
28048,29067,1019,0,NTB,e adequando e et cetera,28048,29067,1019
69285,70269,984,0,GE-Phrase,234,70078,71694,1616
69285,70269,984,0,NTB,o projeto é dela,69285,70269,984
123333,123678,345,0,GE-Phrase,261,123162,126484,3322
123333,123678,345,0,NTB,porque &n [/1],123333,123678,345
123678,123884,206,0,GE-Phrase,261,123162,126484,3322
123678,123884,206,0,NTB,né,123678,123884,206
123884,124797,913,0,GE-Phrase,261,123162,126484,3322
123884,124797,913,0,NTB,ia parar tudo,123884,124797,913
124797,126007,1210,0,GE-Phrase,261,123162,126484,3322
124797,126007,1210,0,NTB,então vou monitorar quem,124797,126007,1210
126007,127426,1419,0,NTB,et cetera,126007,127426,1419
131502,132715,1213,0,GE-Phrase,263,132202,134077,1875
131502,132715,1213,0,NTB,nũ tinha recebido nenhuma bolsa ainda né,131502,132715,1213
132715,134762,2047,0,GE-Phrase,264,134077,135782,1705
132715,134762,2047,0,NTB,tinha acabado de acontecer o processo,132715,134762,2047
136371,137155,784,0,GE-Phrase,265,135782,138288,2506
136371,137155,784,0,NTB,a minha tutora,136371,137155,784
137155,137394,239,0,GE-Phrase,265,135782,138288,2506
137155,137394,239,0,NTB,né,137155,137394,239
141078,143026,1948,0,GE-Phrase,268,142467,145380,2913
141078,143026,1948,0,NTB,e a gente volta quando retomar a aula,141078,143026,1948
149343,150432,1089,0,GE-Phrase,271,149490,151803,2313
149343,150432,1089,0,NTB,se cês concordarem,149343,150432,1089
9631,12030,2399,0,GE-Phrase,206,11228,13092,1864
9631,12030,2399,0,NTB,que inclusive tô produzindo um,9631,12030,2399
12030,13506,1476,0,GE-Phrase,207,13092,14908,1816
12030,13506,1476,0,NTB,p' cê ver a dubiedade da coisa,12030,13506,1476
25187,26370,1183,0,GE-Phrase,212,23414,26572,3158
25187,26370,1183,0,NTB,se eu reproduzir meu método,25187,26370,1183
26370,27200,830,0,GE-Phrase,213,26572,28865,2293
26370,27200,830,0,NTB,tá ligado,26370,27200,830
27200,28048,848,0,GE-Phrase,213,26572,28865,2293
27200,28048,848,0,NTB,dentro da cultura,27200,28048,848
28048,29067,1019,0,GE-Phrase,214,28865,30267,1402
28048,29067,1019,0,NTB,e adequando e et cetera,28048,29067,1019
69285,70269,984,0,GE-Phrase,234,70078,71694,1616
69285,70269,984,0,NTB,o projeto é dela,69285,70269,984
123333,123678,345,0,GE-Phrase,261,123162,126484,3322
123333,123678,345,0,NTB,porque &n [/1],123333,123678,345
123678,123884,206,0,GE-Phrase,261,123162,126484,3322
123678,123884,206,0,NTB,né,123678,123884,206
123884,124797,913,0,GE-Phrase,261,123162,126484,3322
123884,124797,913,0,NTB,ia parar tudo,123884,124797,913
124797,126007,1210,0,GE-Phrase,261,123162,126484,3322
124797,126007,1210,0,NTB,então vou monitorar quem,124797,126007,1210
126007,127426,1419,0,NTB,et cetera,126007,127426,1419
131502,132715,1213,0,GE-Phrase,263,132202,134077,1875
131502,132715,1213,0,NTB,nũ tinha recebido nenhuma bolsa ainda né,131502,132715,1213
132715,134762,2047,0,GE-Phrase,264,134077,135782,1705
132715,134762,2047,0,NTB,tinha acabado de acontecer o processo,132715,134762,2047
136371,137155,784,0,GE-Phrase,265,135782,138288,2506
136371,137155,784,0,NTB,a minha tutora,136371,137155,784
137155,137394,239,0,GE-Phrase,265,135782,138288,2506
137155,137394,239,0,NTB,né,137155,137394,239
141078,143026,1948,0,GE-Phrase,268,142467,145380,2913
141078,143026,1948,0,NTB,e a gente volta quando retomar a aula,141078,143026,1948
149343,150432,1089,0,GE-Phrase,271,149490,151803,2313
149343,150432,1089,0,NTB,se cês concordarem,149343,150432,1089
9631,12030,2399,0,GE-Phrase,206,11228,13092,1864
9631,12030,2399,0,NTB,que inclusive tô produzindo um,9631,12030,2399
12030,13506,1476,0,GE-Phrase,207,13092,14908,1816
12030,13506,1476,0,NTB,p' cê ver a dubiedade da coisa,12030,13506,1476
25187,26370,1183,0,GE-Phrase,212,23414,26572,3158
25187,26370,1183,0,NTB,se eu reproduzir meu método,25187,26370,1183
26370,27200,830,0,GE-Phrase,213,26572,28865,2293
26370,27200,830,0,NTB,tá ligado,26370,27200,830
27200,28048,848,0,GE-Phrase,213,26572,28865,2293
27200,28048,848,0,NTB,dentro da cultura,27200,28048,848
28048,29067,1019,0,GE-Phrase,214,28865,30267,1402
28048,29067,1019,0,NTB,e adequando e et cetera,28048,29067,1019
69285,70269,984,0,GE-Phrase,234,70078,71694,1616
69285,70269,984,0,NTB,o projeto é dela,69285,70269,984
123333,123678,345,0,GE-Phrase,261,123162,126484,3322
123333,123678,345,0,NTB,porque &n [/1],123333,123678,345
123678,123884,206,0,GE-Phrase,261,123162,126484,3322
123678,123884,206,0,NTB,né,123678,123884,206
123884,124797,913,0,GE-Phrase,261,123162,126484,3322
123884,124797,913,0,NTB,ia parar tudo,123884,124797,913
124797,126007,1210,0,GE-Phrase,261,123162,126484,3322
124797,126007,1210,0,NTB,então vou monitorar quem,124797,126007,1210
126007,127426,1419,0,NTB,et cetera,126007,127426,1419
131502,132715,1213,0,GE-Phrase,263,132202,134077,1875
131502,132715,1213,0,NTB,nũ tinha recebido nenhuma bolsa ainda né,131502,132715,1213
132715,134762,2047,0,GE-Phrase,264,134077,135782,1705
132715,134762,2047,0,NTB,tinha acabado de acontecer o processo,132715,134762,2047
136371,137155,784,0,GE-Phrase,265,135782,138288,2506
136371,137155,784,0,NTB,a minha tutora,136371,137155,784
137155,137394,239,0,GE-Phrase,265,135782,138288,2506
137155,137394,239,0,NTB,né,137155,137394,239
141078,143026,1948,0,GE-Phrase,268,142467,145380,2913
141078,143026,1948,0,NTB,e a gente volta quando retomar a aula,141078,143026,1948
149343,150432,1089,0,GE-Phrase,271,149490,151803,2313
149343,150432,1089,0,NTB,se cês concordarem,149343,150432,1089
9631,12030,2399,0,GE-Phrase,206,11228,13092,1864
9631,12030,2399,0,NTB,que inclusive tô produzindo um,9631,12030,2399
12030,13506,1476,0,GE-Phrase,207,13092,14908,1816
12030,13506,1476,0,NTB,p' cê ver a dubiedade da coisa,12030,13506,1476
25187,26370,1183,0,GE-Phrase,212,23414,26572,3158
25187,26370,1183,0,NTB,se eu reproduzir meu método,25187,26370,1183
26370,27200,830,0,GE-Phrase,213,26572,28865,2293
26370,27200,830,0,NTB,tá ligado,26370,27200,830
27200,28048,848,0,GE-Phrase,213,26572,28865,2293
27200,28048,848,0,NTB,dentro da cultura,27200,28048,848
28048,29067,1019,0,GE-Phrase,214,28865,30267,1402
28048,29067,1019,0,NTB,e adequando e et cetera,28048,29067,1019
69285,70269,984,0,GE-Phrase,234,70078,71694,1616
69285,70269,984,0,NTB,o projeto é dela,69285,70269,984
123333,123678,345,0,GE-Phrase,261,123162,126484,3322
123333,123678,345,0,NTB,porque &n [/1],123333,123678,345
123678,123884,206,0,GE-Phrase,261,123162,126484,3322
123678,123884,206,0,NTB,né,123678,123884,206
123884,124797,913,0,GE-Phrase,261,123162,126484,3322
123884,124797,913,0,NTB,ia parar tudo,123884,124797,913
124797,126007,1210,0,GE-Phrase,261,123162,126484,3322
124797,126007,1210,0,NTB,então vou monitorar quem,124797,126007,1210
126007,127426,1419,0,NTB,et cetera,126007,127426,1419
131502,132715,1213,0,GE-Phrase,263,132202,134077,1875
131502,132715,1213,0,NTB,nũ tinha recebido nenhuma bolsa ainda né,131502,132715,1213
132715,134762,2047,0,GE-Phrase,264,134077,135782,1705
132715,134762,2047,0,NTB,tinha acabado de acontecer o processo,132715,134762,2047
136371,137155,784,0,GE-Phrase,265,135782,138288,2506
136371,137155,784,0,NTB,a minha tutora,136371,137155,784
137155,137394,239,0,GE-Phrase,265,135782,138288,2506
137155,137394,239,0,NTB,né,137155,137394,239
141078,143026,1948,0,GE-Phrase,268,142467,145380,2913
141078,143026,1948,0,NTB,e a gente volta quando retomar a aula,141078,143026,1948
149343,150432,1089,0,GE-Phrase,271,149490,151803,2313
149343,150432,1089,0,NTB,se cês concordarem,149343,150432,1089
9631,12030,2399,0,GE-Phrase,206,11228,13092,1864
9631,12030,2399,0,NTB,que inclusive tô produzindo um,9631,12030,2399
12030,13506,1476,0,GE-Phrase,207,13092,14908,1816
12030,13506,1476,0,NTB,p' cê ver a dubiedade da coisa,12030,13506,1476
25187,26370,1183,0,GE-Phrase,212,23414,26572,3158
25187,26370,1183,0,NTB,se eu reproduzir meu método,25187,26370,1183
26370,27200,830,0,GE-Phrase,213,26572,28865,2293
26370,27200,830,0,NTB,tá ligado,26370,27200,830
27200,28048,848,0,GE-Phrase,213,26572,28865,2293
27200,28048,848,0,NTB,dentro da cultura,27200,28048,848
28048,29067,1019,0,GE-Phrase,214,28865,30267,1402
28048,29067,1019,0,NTB,e adequando e et cetera,28048,29067,1019
69285,70269,984,0,GE-Phrase,234,70078,71694,1616
69285,70269,984,0,NTB,o projeto é dela,69285,70269,984
123333,123678,345,0,GE-Phrase,261,123162,126484,3322
123333,123678,345,0,NTB,porque &n [/1],123333,123678,345
123678,123884,206,0,GE-Phrase,261,123162,126484,3322
123678,123884,206,0,NTB,né,123678,123884,206
123884,124797,913,0,GE-Phrase,261,123162,126484,3322
123884,124797,913,0,NTB,ia parar tudo,123884,124797,913
124797,126007,1210,0,GE-Phrase,261,123162,126484,3322
124797,126007,1210,0,NTB,então vou monitorar quem,124797,126007,1210
126007,127426,1419,0,NTB,et cetera,126007,127426,1419
131502,132715,1213,0,GE-Phrase,263,132202,134077,1875
131502,132715,1213,0,NTB,nũ tinha recebido nenhuma bolsa ainda né,131502,132715,1213
132715,134762,2047,0,GE-Phrase,264,134077,135782,1705
132715,134762,2047,0,NTB,tinha acabado de acontecer o processo,132715,134762,2047
136371,137155,784,0,GE-Phrase,265,135782,138288,2506
136371,137155,784,0,NTB,a minha tutora,136371,137155,784
137155,137394,239,0,GE-Phrase,265,135782,138288,2506
137155,137394,239,0,NTB,né,137155,137394,239
141078,143026,1948,0,GE-Phrase,268,142467,145380,2913
141078,143026,1948,0,NTB,e a gente volta quando retomar a aula,141078,143026,1948
149343,150432,1089,0,GE-Phrase,271,149490,151803,2313
149343,150432,1089,0,NTB,se cês concordarem,149343,150432,1089
9631,12030,2399,0,GE-Phrase,206,11228,13092,1864
9631,12030,2399,0,NTB,que inclusive tô produzindo um,9631,12030,2399
12030,13506,1476,0,GE-Phrase,207,13092,14908,1816
12030,13506,1476,0,NTB,p' cê ver a dubiedade da coisa,12030,13506,1476
25187,26370,1183,0,GE-Phrase,212,23414,26572,3158
25187,26370,1183,0,NTB,se eu reproduzir meu método,25187,26370,1183
26370,27200,830,0,GE-Phrase,213,26572,28865,2293
26370,27200,830,0,NTB,tá ligado,26370,27200,830
27200,28048,848,0,GE-Phrase,213,26572,28865,2293
27200,28048,848,0,NTB,dentro da cultura,27200,28048,848
28048,29067,1019,0,GE-Phrase,214,28865,30267,1402
28048,29067,1019,0,NTB,e adequando e et cetera,28048,29067,1019
69285,70269,984,0,GE-Phrase,234,70078,71694,1616
69285,70269,984,0,NTB,o projeto é dela,69285,70269,984
123333,123678,345,0,GE-Phrase,261,123162,126484,3322
123333,123678,345,0,NTB,porque &n [/1],123333,123678,345
123678,123884,206,0,GE-Phrase,261,123162,126484,3322
123678,123884,206,0,NTB,né,123678,123884,206
123884,124797,913,0,GE-Phrase,261,123162,126484,3322
123884,124797,913,0,NTB,ia parar tudo,123884,124797,913
124797,126007,1210,0,GE-Phrase,261,123162,126484,3322
124797,126007,1210,0,NTB,então vou monitorar quem,124797,126007,1210
126007,127426,1419,0,NTB,et cetera,126007,127426,1419
131502,132715,1213,0,GE-Phrase,263,132202,134077,1875
131502,132715,1213,0,NTB,nũ tinha recebido nenhuma bolsa ainda né,131502,132715,1213
132715,134762,2047,0,GE-Phrase,264,134077,135782,1705
132715,134762,2047,0,NTB,tinha acabado de acontecer o processo,132715,134762,2047
136371,137155,784,0,GE-Phrase,265,135782,138288,2506
136371,137155,784,0,NTB,a minha tutora,136371,137155,784
137155,137394,239,0,GE-Phrase,265,135782,138288,2506
137155,137394,239,0,NTB,né,137155,137394,239
141078,143026,1948,0,GE-Phrase,268,142467,145380,2913
141078,143026,1948,0,NTB,e a gente volta quando retomar a aula,141078,143026,1948
149343,150432,1089,0,GE-Phrase,271,149490,151803,2313
149343,150432,1089,0,NTB,se cês concordarem,149343,150432,1089
9631,12030,2399,0,GE-Phrase,206,11228,13092,1864
9631,12030,2399,0,NTB,que inclusive tô produzindo um,9631,12030,2399
12030,13506,1476,0,GE-Phrase,207,13092,14908,1816
12030,13506,1476,0,NTB,p' cê ver a dubiedade da coisa,12030,13506,1476
25187,26370,1183,0,GE-Phrase,212,23414,26572,3158
25187,26370,1183,0,NTB,se eu reproduzir meu método,25187,26370,1183
26370,27200,830,0,GE-Phrase,213,26572,28865,2293
26370,27200,830,0,NTB,tá ligado,26370,27200,830
27200,28048,848,0,GE-Phrase,213,26572,28865,2293
27200,28048,848,0,NTB,dentro da cultura,27200,28048,848
28048,29067,1019,0,GE-Phrase,214,28865,30267,1402
28048,29067,1019,0,NTB,e adequando e et cetera,28048,29067,1019
69285,70269,984,0,GE-Phrase,234,70078,71694,1616
69285,70269,984,0,NTB,o projeto é dela,69285,70269,984
123333,123678,345,0,GE-Phrase,261,123162,126484,3322
123333,123678,345,0,NTB,porque &n [/1],123333,123678,345
123678,123884,206,0,GE-Phrase,261,123162,126484,3322
123678,123884,206,0,NTB,né,123678,123884,206
123884,124797,913,0,GE-Phrase,261,123162,126484,3322
123884,124797,913,0,NTB,ia parar tudo,123884,124797,913
124797,126007,1210,0,GE-Phrase,261,123162,126484,3322
124797,126007,1210,0,NTB,então vou monitorar quem,124797,126007,1210
126007,127426,1419,0,NTB,et cetera,126007,127426,1419
131502,132715,1213,0,GE-Phrase,263,132202,134077,1875
131502,132715,1213,0,NTB,nũ tinha recebido nenhuma bolsa ainda né,131502,132715,1213
132715,134762,2047,0,GE-Phrase,264,134077,135782,1705
132715,134762,2047,0,NTB,tinha acabado de acontecer o processo,132715,134762,2047
136371,137155,784,0,GE-Phrase,265,135782,138288,2506
136371,137155,784,0,NTB,a minha tutora,136371,137155,784
137155,137394,239,0,GE-Phrase,265,135782,138288,2506
137155,137394,239,0,NTB,né,137155,137394,239
141078,143026,1948,0,GE-Phrase,268,142467,145380,2913
141078,143026,1948,0,NTB,e a gente volta quando retomar a aula,141078,143026,1948
149343,150432,1089,0,GE-Phrase,271,149490,151803,2313
149343,150432,1089,0,NTB,se cês concordarem,149343,150432,1089
9631,12030,2399,0,GE-Phrase,206,11228,13092,1864
9631,12030,2399,0,NTB,que inclusive tô produzindo um,9631,12030,2399
12030,13506,1476,0,GE-Phrase,207,13092,14908,1816
12030,13506,1476,0,NTB,p' cê ver a dubiedade da coisa,12030,13506,1476
25187,26370,1183,0,GE-Phrase,212,23414,26572,3158
25187,26370,1183,0,NTB,se eu reproduzir meu método,25187,26370,1183
26370,27200,830,0,GE-Phrase,213,26572,28865,2293
26370,27200,830,0,NTB,tá ligado,26370,27200,830
27200,28048,848,0,GE-Phrase,213,26572,28865,2293
27200,28048,848,0,NTB,dentro da cultura,27200,28048,848
28048,29067,1019,0,GE-Phrase,214,28865,30267,1402
28048,29067,1019,0,NTB,e adequando e et cetera,28048,29067,1019
69285,70269,984,0,GE-Phrase,234,70078,71694,1616
69285,70269,984,0,NTB,o projeto é dela,69285,70269,984
123333,123678,345,0,GE-Phrase,261,123162,126484,3322
123333,123678,345,0,NTB,porque &n [/1],123333,123678,345
123678,123884,206,0,GE-Phrase,261,123162,126484,3322
123678,123884,206,0,NTB,né,123678,123884,206
123884,124797,913,0,GE-Phrase,261,123162,126484,3322
123884,124797,913,0,NTB,ia parar tudo,123884,124797,913
124797,126007,1210,0,GE-Phrase,261,123162,126484,3322
124797,126007,1210,0,NTB,então vou monitorar quem,124797,126007,1210
126007,127426,1419,0,NTB,et cetera,126007,127426,1419
131502,132715,1213,0,GE-Phrase,263,132202,134077,1875
131502,132715,1213,0,NTB,nũ tinha recebido nenhuma bolsa ainda né,131502,132715,1213
132715,134762,2047,0,GE-Phrase,264,134077,135782,1705
132715,134762,2047,0,NTB,tinha acabado de acontecer o processo,132715,134762,2047
136371,137155,784,0,GE-Phrase,265,135782,138288,2506
136371,137155,784,0,NTB,a minha tutora,136371,137155,784
137155,137394,239,0,GE-Phrase,265,135782,138288,2506
137155,137394,239,0,NTB,né,137155,137394,239
141078,143026,1948,0,GE-Phrase,268,142467,145380,2913
141078,143026,1948,0,NTB,e a gente volta quando retomar a aula,141078,143026,1948
149343,150432,1089,0,GE-Phrase,271,149490,151803,2313
149343,150432,1089,0,NTB,se cês concordarem,149343,150432,1089
9631,12030,2399,0,GE-Phrase,206,11228,13092,1864
9631,12030,2399,0,NTB,que inclusive tô produzindo um,9631,12030,2399
12030,13506,1476,0,GE-Phrase,207,13092,14908,1816
12030,13506,1476,0,NTB,p' cê ver a dubiedade da coisa,12030,13506,1476
25187,26370,1183,0,GE-Phrase,212,23414,26572,3158
25187,26370,1183,0,NTB,se eu reproduzir meu método,25187,26370,1183
26370,27200,830,0,GE-Phrase,213,26572,28865,2293
26370,27200,830,0,NTB,tá ligado,26370,27200,830
27200,28048,848,0,GE-Phrase,213,26572,28865,2293
27200,28048,848,0,NTB,dentro da cultura,27200,28048,848
28048,29067,1019,0,GE-Phrase,214,28865,30267,1402
28048,29067,1019,0,NTB,e adequando e et cetera,28048,29067,1019
69285,70269,984,0,GE-Phrase,234,70078,71694,1616
69285,70269,984,0,NTB,o projeto é dela,69285,70269,984
123333,123678,345,0,GE-Phrase,261,123162,126484,3322
123333,123678,345,0,NTB,porque &n [/1],123333,123678,345
123678,123884,206,0,GE-Phrase,261,123162,126484,3322
123678,123884,206,0,NTB,né,123678,123884,206
123884,124797,913,0,GE-Phrase,261,123162,126484,3322
123884,124797,913,0,NTB,ia parar tudo,123884,124797,913
124797,126007,1210,0,GE-Phrase,261,123162,126484,3322
124797,126007,1210,0,NTB,então vou monitorar quem,124797,126007,1210
126007,127426,1419,0,NTB,et cetera,126007,127426,1419
131502,132715,1213,0,GE-Phrase,263,132202,134077,1875
131502,132715,1213,0,NTB,nũ tinha recebido nenhuma bolsa ainda né,131502,132715,1213
132715,134762,2047,0,GE-Phrase,264,134077,135782,1705
132715,134762,2047,0,NTB,tinha acabado de acontecer o processo,132715,134762,2047
136371,137155,784,0,GE-Phrase,265,135782,138288,2506
136371,137155,784,0,NTB,a minha tutora,136371,137155,784
137155,137394,239,0,GE-Phrase,265,135782,138288,2506
137155,137394,239,0,NTB,né,137155,137394,239
141078,143026,1948,0,GE-Phrase,268,142467,145380,2913
141078,143026,1948,0,NTB,e a gente volta quando retomar a aula,141078,143026,1948
149343,150432,1089,0,GE-Phrase,271,149490,151803,2313
149343,150432,1089,0,NTB,se cês concordarem,149343,150432,1089
9631,12030,2399,0,GE-Phrase,206,11228,13092,1864
9631,12030,2399,0,NTB,que inclusive tô produzindo um,9631,12030,2399
12030,13506,1476,0,GE-Phrase,207,13092,14908,1816
12030,13506,1476,0,NTB,p' cê ver a dubiedade da coisa,12030,13506,1476
25187,26370,1183,0,GE-Phrase,212,23414,26572,3158
25187,26370,1183,0,NTB,se eu reproduzir meu método,25187,26370,1183
26370,27200,830,0,GE-Phrase,213,26572,28865,2293
26370,27200,830,0,NTB,tá ligado,26370,27200,830
27200,28048,848,0,GE-Phrase,213,26572,28865,2293
27200,28048,848,0,NTB,dentro da cultura,27200,28048,848
28048,29067,1019,0,GE-Phrase,214,28865,30267,1402
28048,29067,1019,0,NTB,e adequando e et cetera,28048,29067,1019
69285,70269,984,0,GE-Phrase,234,70078,71694,1616
69285,70269,984,0,NTB,o projeto é dela,69285,70269,984
123333,123678,345,0,GE-Phrase,261,123162,126484,3322
123333,123678,345,0,NTB,porque &n [/1],123333,123678,345
123678,123884,206,0,GE-Phrase,261,123162,126484,3322
123678,123884,206,0,NTB,né,123678,123884,206
123884,124797,913,0,GE-Phrase,261,123162,126484,3322
123884,124797,913,0,NTB,ia parar tudo,123884,124797,913
124797,126007,1210,0,GE-Phrase,261,123162,126484,3322
124797,126007,1210,0,NTB,então vou monitorar quem,124797,126007,1210
126007,127426,1419,0,NTB,et cetera,126007,127426,1419
131502,132715,1213,0,GE-Phrase,263,132202,134077,1875
131502,132715,1213,0,NTB,nũ tinha recebido nenhuma bolsa ainda né,131502,132715,1213
132715,134762,2047,0,GE-Phrase,264,134077,135782,1705
132715,134762,2047,0,NTB,tinha acabado de acontecer o processo,132715,134762,2047
136371,137155,784,0,GE-Phrase,265,135782,138288,2506
136371,137155,784,0,NTB,a minha tutora,136371,137155,784
137155,137394,239,0,GE-Phrase,265,135782,138288,2506
137155,137394,239,0,NTB,né,137155,137394,239
141078,143026,1948,0,GE-Phrase,268,142467,145380,2913
141078,143026,1948,0,NTB,e a gente volta quando retomar a aula,141078,143026,1948
149343,150432,1089,0,GE-Phrase,271,149490,151803,2313
149343,150432,1089,0,NTB,se cês concordarem,149343,150432,1089
9631,12030,2399,0,GE-Phrase,206,11228,13092,1864
9631,12030,2399,0,NTB,que inclusive tô produzindo um,9631,12030,2399
12030,13506,1476,0,GE-Phrase,207,13092,14908,1816
12030,13506,1476,0,NTB,p' cê ver a dubiedade da coisa,12030,13506,1476
25187,26370,1183,0,GE-Phrase,212,23414,26572,3158
25187,26370,1183,0,NTB,se eu reproduzir meu método,25187,26370,1183
26370,27200,830,0,GE-Phrase,213,26572,28865,2293
26370,27200,830,0,NTB,tá ligado,26370,27200,830
27200,28048,848,0,GE-Phrase,213,26572,28865,2293
27200,28048,848,0,NTB,dentro da cultura,27200,28048,848
28048,29067,1019,0,GE-Phrase,214,28865,30267,1402
28048,29067,1019,0,NTB,e adequando e et cetera,28048,29067,1019
69285,70269,984,0,GE-Phrase,234,70078,71694,1616
69285,70269,984,0,NTB,o projeto é dela,69285,70269,984
123333,123678,345,0,GE-Phrase,261,123162,126484,3322
123333,123678,345,0,NTB,porque &n [/1],123333,123678,345
123678,123884,206,0,GE-Phrase,261,123162,126484,3322
123678,123884,206,0,NTB,né,123678,123884,206
123884,124797,913,0,GE-Phrase,261,123162,126484,3322
123884,124797,913,0,NTB,ia parar tudo,123884,124797,913
124797,126007,1210,0,GE-Phrase,261,123162,126484,3322
124797,126007,1210,0,NTB,então vou monitorar quem,124797,126007,1210
126007,127426,1419,0,NTB,et cetera,126007,127426,1419
131502,132715,1213,0,GE-Phrase,263,132202,134077,1875
131502,132715,1213,0,NTB,nũ tinha recebido nenhuma bolsa ainda né,131502,132715,1213
132715,134762,2047,0,GE-Phrase,264,134077,135782,1705
132715,134762,2047,0,NTB,tinha acabado de acontecer o processo,132715,134762,2047
136371,137155,784,0,GE-Phrase,265,135782,138288,2506
136371,137155,784,0,NTB,a minha tutora,136371,137155,784
137155,137394,239,0,GE-Phrase,265,135782,138288,2506
137155,137394,239,0,NTB,né,137155,137394,239
141078,143026,1948,0,GE-Phrase,268,142467,145380,2913
141078,143026,1948,0,NTB,e a gente volta quando retomar a aula,141078,143026,1948
149343,150432,1089,0,GE-Phrase,271,149490,151803,2313
149343,150432,1089,0,NTB,se cês concordarem,149343,150432,1089
9631,12030,2399,0,GE-Phrase,206,11228,13092,1864
9631,12030,2399,0,NTB,que inclusive tô produzindo um,9631,12030,2399
12030,13506,1476,0,GE-Phrase,207,13092,14908,1816
12030,13506,1476,0,NTB,p' cê ver a dubiedade da coisa,12030,13506,1476
25187,26370,1183,0,GE-Phrase,212,23414,26572,3158
25187,26370,1183,0,NTB,se eu reproduzir meu método,25187,26370,1183
26370,27200,830,0,GE-Phrase,213,26572,28865,2293
26370,27200,830,0,NTB,tá ligado,26370,27200,830
27200,28048,848,0,GE-Phrase,213,26572,28865,2293
27200,28048,848,0,NTB,dentro da cultura,27200,28048,848
28048,29067,1019,0,GE-Phrase,214,28865,30267,1402
28048,29067,1019,0,NTB,e adequando e et cetera,28048,29067,1019
69285,70269,984,0,GE-Phrase,234,70078,71694,1616
69285,70269,984,0,NTB,o projeto é dela,69285,70269,984
123333,123678,345,0,GE-Phrase,261,123162,126484,3322
123333,123678,345,0,NTB,porque &n [/1],123333,123678,345
123678,123884,206,0,GE-Phrase,261,123162,126484,3322
123678,123884,206,0,NTB,né,123678,123884,206
123884,124797,913,0,GE-Phrase,261,123162,126484,3322
123884,124797,913,0,NTB,ia parar tudo,123884,124797,913
124797,126007,1210,0,GE-Phrase,261,123162,126484,3322
124797,126007,1210,0,NTB,então vou monitorar quem,124797,126007,1210
126007,127426,1419,0,NTB,et cetera,126007,127426,1419
131502,132715,1213,0,GE-Phrase,263,132202,134077,1875
131502,132715,1213,0,NTB,nũ tinha recebido nenhuma bolsa ainda né,131502,132715,1213
132715,134762,2047,0,GE-Phrase,264,134077,135782,1705
132715,134762,2047,0,NTB,tinha acabado de acontecer o processo,132715,134762,2047
136371,137155,784,0,GE-Phrase,265,135782,138288,2506
136371,137155,784,0,NTB,a minha tutora,136371,137155,784
137155,137394,239,0,GE-Phrase,265,135782,138288,2506
137155,137394,239,0,NTB,né,137155,137394,239
141078,143026,1948,0,GE-Phrase,268,142467,145380,2913
141078,143026,1948,0,NTB,e a gente volta quando retomar a aula,141078,143026,1948
149343,150432,1089,0,GE-Phrase,271,149490,151803,2313
149343,150432,1089,0,NTB,se cês concordarem,149343,150432,1089
9631,12030,2399,0,GE-Phrase,206,11228,13092,1864
9631,12030,2399,0,NTB,que inclusive tô produzindo um,9631,12030,2399
12030,13506,1476,0,GE-Phrase,207,13092,14908,1816
12030,13506,1476,0,NTB,p' cê ver a dubiedade da coisa,12030,13506,1476
25187,26370,1183,0,GE-Phrase,212,23414,26572,3158
25187,26370,1183,0,NTB,se eu reproduzir meu método,25187,26370,1183
26370,27200,830,0,GE-Phrase,213,26572,28865,2293
26370,27200,830,0,NTB,tá ligado,26370,27200,830
27200,28048,848,0,GE-Phrase,213,26572,28865,2293
27200,28048,848,0,NTB,dentro da cultura,27200,28048,848
28048,29067,1019,0,GE-Phrase,214,28865,30267,1402
28048,29067,1019,0,NTB,e adequando e et cetera,28048,29067,1019
69285,70269,984,0,GE-Phrase,234,70078,71694,1616
69285,70269,984,0,NTB,o projeto é dela,69285,70269,984
123333,123678,345,0,GE-Phrase,261,123162,126484,3322
123333,123678,345,0,NTB,porque &n [/1],123333,123678,345
123678,123884,206,0,GE-Phrase,261,123162,126484,3322
123678,123884,206,0,NTB,né,123678,123884,206
123884,124797,913,0,GE-Phrase,261,123162,126484,3322
123884,124797,913,0,NTB,ia parar tudo,123884,124797,913
124797,126007,1210,0,GE-Phrase,261,123162,126484,3322
124797,126007,1210,0,NTB,então vou monitorar quem,124797,126007,1210
126007,127426,1419,0,NTB,et cetera,126007,127426,1419
131502,132715,1213,0,GE-Phrase,263,132202,134077,1875
131502,132715,1213,0,NTB,nũ tinha recebido nenhuma bolsa ainda né,131502,132715,1213
132715,134762,2047,0,GE-Phrase,264,134077,135782,1705
132715,134762,2047,0,NTB,tinha acabado de acontecer o processo,132715,134762,2047
136371,137155,784,0,GE-Phrase,265,135782,138288,2506
136371,137155,784,0,NTB,a minha tutora,136371,137155,784
137155,137394,239,0,GE-Phrase,265,135782,138288,2506
137155,137394,239,0,NTB,né,137155,137394,239
141078,143026,1948,0,GE-Phrase,268,142467,145380,2913
141078,143026,1948,0,NTB,e a gente volta quando retomar a aula,141078,143026,1948
149343,150432,1089,0,GE-Phrase,271,149490,151803,2313
149343,150432,1089,0,NTB,se cês concordarem,149343,150432,1089
9631,12030,2399,0,GE-Phrase,206,11228,13092,1864
9631,12030,2399,0,NTB,que inclusive tô produzindo um,9631,12030,2399
12030,13506,1476,0,GE-Phrase,207,13092,14908,1816
12030,13506,1476,0,NTB,p' cê ver a dubiedade da coisa,12030,13506,1476
25187,26370,1183,0,GE-Phrase,212,23414,26572,3158
25187,26370,1183,0,NTB,se eu reproduzir meu método,25187,26370,1183
26370,27200,830,0,GE-Phrase,213,26572,28865,2293
26370,27200,830,0,NTB,tá ligado,26370,27200,830
27200,28048,848,0,GE-Phrase,213,26572,28865,2293
27200,28048,848,0,NTB,dentro da cultura,27200,28048,848
28048,29067,1019,0,GE-Phrase,214,28865,30267,1402
28048,29067,1019,0,NTB,e adequando e et cetera,28048,29067,1019
69285,70269,984,0,GE-Phrase,234,70078,71694,1616
69285,70269,984,0,NTB,o projeto é dela,69285,70269,984
123333,123678,345,0,GE-Phrase,261,123162,126484,3322
123333,123678,345,0,NTB,porque &n [/1],123333,123678,345
123678,123884,206,0,GE-Phrase,261,123162,126484,3322
123678,123884,206,0,NTB,né,123678,123884,206
123884,124797,913,0,GE-Phrase,261,123162,126484,3322
123884,124797,913,0,NTB,ia parar tudo,123884,124797,913
124797,126007,1210,0,GE-Phrase,261,123162,126484,3322
124797,126007,1210,0,NTB,então vou monitorar quem,124797,126007,1210
126007,127426,1419,0,NTB,et cetera,126007,127426,1419
131502,132715,1213,0,GE-Phrase,263,132202,134077,1875
131502,132715,1213,0,NTB,nũ tinha recebido nenhuma bolsa ainda né,131502,132715,1213
132715,134762,2047,0,GE-Phrase,264,134077,135782,1705
132715,134762,2047,0,NTB,tinha acabado de acontecer o processo,132715,134762,2047
136371,137155,784,0,GE-Phrase,265,135782,138288,2506
136371,137155,784,0,NTB,a minha tutora,136371,137155,784
137155,137394,239,0,GE-Phrase,265,135782,138288,2506
137155,137394,239,0,NTB,né,137155,137394,239
141078,143026,1948,0,GE-Phrase,268,142467,145380,2913
141078,143026,1948,0,NTB,e a gente volta quando retomar a aula,141078,143026,1948
149343,150432,1089,0,GE-Phrase,271,149490,151803,2313
149343,150432,1089,0,NTB,se cês concordarem,149343,150432,1089
9631,12030,2399,0,GE-Phrase,206,11228,13092,1864
9631,12030,2399,0,NTB,que inclusive tô produzindo um,9631,12030,2399
12030,13506,1476,0,GE-Phrase,207,13092,14908,1816
12030,13506,1476,0,NTB,p' cê ver a dubiedade da coisa,12030,13506,1476
25187,26370,1183,0,GE-Phrase,212,23414,26572,3158
25187,26370,1183,0,NTB,se eu reproduzir meu método,25187,26370,1183
26370,27200,830,0,GE-Phrase,213,26572,28865,2293
26370,27200,830,0,NTB,tá ligado,26370,27200,830
27200,28048,848,0,GE-Phrase,213,26572,28865,2293
27200,28048,848,0,NTB,dentro da cultura,27200,28048,848
28048,29067,1019,0,GE-Phrase,214,28865,30267,1402
28048,29067,1019,0,NTB,e adequando e et cetera,28048,29067,1019
69285,70269,984,0,GE-Phrase,234,70078,71694,1616
69285,70269,984,0,NTB,o projeto é dela,69285,70269,984
123333,123678,345,0,GE-Phrase,261,123162,126484,3322
123333,123678,345,0,NTB,porque &n [/1],123333,123678,345
123678,123884,206,0,GE-Phrase,261,123162,126484,3322
123678,123884,206,0,NTB,né,123678,123884,206
123884,124797,913,0,GE-Phrase,261,123162,126484,3322
123884,124797,913,0,NTB,ia parar tudo,123884,124797,913
124797,126007,1210,0,GE-Phrase,261,123162,126484,3322
124797,126007,1210,0,NTB,então vou monitorar quem,124797,126007,1210
126007,127426,1419,0,NTB,et cetera,126007,127426,1419
131502,132715,1213,0,GE-Phrase,263,132202,134077,1875
131502,132715,1213,0,NTB,nũ tinha recebido nenhuma bolsa ainda né,131502,132715,1213
132715,134762,2047,0,GE-Phrase,264,134077,135782,1705
132715,134762,2047,0,NTB,tinha acabado de acontecer o processo,132715,134762,2047
136371,137155,784,0,GE-Phrase,265,135782,138288,2506
136371,137155,784,0,NTB,a minha tutora,136371,137155,784
137155,137394,239,0,GE-Phrase,265,135782,138288,2506
137155,137394,239,0,NTB,né,137155,137394,239
141078,143026,1948,0,GE-Phrase,268,142467,145380,2913
141078,143026,1948,0,NTB,e a gente volta quando retomar a aula,141078,143026,1948
149343,150432,1089,0,GE-Phrase,271,149490,151803,2313
149343,150432,1089,0,NTB,se cês concordarem,149343,150432,1089
9631,12030,2399,0,GE-Phrase,206,11228,13092,1864
9631,12030,2399,0,NTB,que inclusive tô produzindo um,9631,12030,2399
12030,13506,1476,0,GE-Phrase,207,13092,14908,1816
12030,13506,1476,0,NTB,p' cê ver a dubiedade da coisa,12030,13506,1476
25187,26370,1183,0,GE-Phrase,212,23414,26572,3158
25187,26370,1183,0,NTB,se eu reproduzir meu método,25187,26370,1183
26370,27200,830,0,GE-Phrase,213,26572,28865,2293
26370,27200,830,0,NTB,tá ligado,26370,27200,830
27200,28048,848,0,GE-Phrase,213,26572,28865,2293
27200,28048,848,0,NTB,dentro da cultura,27200,28048,848
28048,29067,1019,0,GE-Phrase,214,28865,30267,1402
28048,29067,1019,0,NTB,e adequando e et cetera,28048,29067,1019
69285,70269,984,0,GE-Phrase,234,70078,71694,1616
69285,70269,984,0,NTB,o projeto é dela,69285,70269,984
123333,123678,345,0,GE-Phrase,261,123162,126484,3322
123333,123678,345,0,NTB,porque &n [/1],123333,123678,345
123678,123884,206,0,GE-Phrase,261,123162,126484,3322
123678,123884,206,0,NTB,né,123678,123884,206
123884,124797,913,0,GE-Phrase,261,123162,126484,3322
123884,124797,913,0,NTB,ia parar tudo,123884,124797,913
124797,126007,1210,0,GE-Phrase,261,123162,126484,3322
124797,126007,1210,0,NTB,então vou monitorar quem,124797,126007,1210
126007,127426,1419,0,NTB,et cetera,126007,127426,1419
131502,132715,1213,0,GE-Phrase,263,132202,134077,1875
131502,132715,1213,0,NTB,nũ tinha recebido nenhuma bolsa ainda né,131502,132715,1213
132715,134762,2047,0,GE-Phrase,264,134077,135782,1705
132715,134762,2047,0,NTB,tinha acabado de acontecer o processo,132715,134762,2047
136371,137155,784,0,GE-Phrase,265,135782,138288,2506
136371,137155,784,0,NTB,a minha tutora,136371,137155,784
137155,137394,239,0,GE-Phrase,265,135782,138288,2506
137155,137394,239,0,NTB,né,137155,137394,239
141078,143026,1948,0,GE-Phrase,268,142467,145380,2913
141078,143026,1948,0,NTB,e a gente volta quando retomar a aula,141078,143026,1948
149343,150432,1089,0,GE-Phrase,271,149490,151803,2313
149343,150432,1089,0,NTB,se cês concordarem,149343,150432,1089
9631,12030,2399,0,GE-Phrase,206,11228,13092,1864
9631,12030,2399,0,NTB,que inclusive tô produzindo um,9631,12030,2399
12030,13506,1476,0,GE-Phrase,207,13092,14908,1816
12030,13506,1476,0,NTB,p' cê ver a dubiedade da coisa,12030,13506,1476
25187,26370,1183,0,GE-Phrase,212,23414,26572,3158
25187,26370,1183,0,NTB,se eu reproduzir meu método,25187,26370,1183
26370,27200,830,0,GE-Phrase,213,26572,28865,2293
26370,27200,830,0,NTB,tá ligado,26370,27200,830
27200,28048,848,0,GE-Phrase,213,26572,28865,2293
27200,28048,848,0,NTB,dentro da cultura,27200,28048,848
28048,29067,1019,0,GE-Phrase,214,28865,30267,1402
28048,29067,1019,0,NTB,e adequando e et cetera,28048,29067,1019
69285,70269,984,0,GE-Phrase,234,70078,71694,1616
69285,70269,984,0,NTB,o projeto é dela,69285,70269,984
123333,123678,345,0,GE-Phrase,261,123162,126484,3322
123333,123678,345,0,NTB,porque &n [/1],123333,123678,345
123678,123884,206,0,GE-Phrase,261,123162,126484,3322
123678,123884,206,0,NTB,né,123678,123884,206
123884,124797,913,0,GE-Phrase,261,123162,126484,3322
123884,124797,913,0,NTB,ia parar tudo,123884,124797,913
124797,126007,1210,0,GE-Phrase,261,123162,126484,3322
124797,126007,1210,0,NTB,então vou monitorar quem,124797,126007,1210
126007,127426,1419,0,NTB,et cetera,126007,127426,1419
131502,132715,1213,0,GE-Phrase,263,132202,134077,1875
131502,132715,1213,0,NTB,nũ tinha recebido nenhuma bolsa ainda né,131502,132715,1213
132715,134762,2047,0,GE-Phrase,264,134077,135782,1705
132715,134762,2047,0,NTB,tinha acabado de acontecer o processo,132715,134762,2047
136371,137155,784,0,GE-Phrase,265,135782,138288,2506
136371,137155,784,0,NTB,a minha tutora,136371,137155,784
137155,137394,239,0,GE-Phrase,265,135782,138288,2506
137155,137394,239,0,NTB,né,137155,137394,239
141078,143026,1948,0,GE-Phrase,268,142467,145380,2913
141078,143026,1948,0,NTB,e a gente volta quando retomar a aula,141078,143026,1948
149343,150432,1089,0,GE-Phrase,271,149490,151803,2313
149343,150432,1089,0,NTB,se cês concordarem,149343,150432,1089
9631,12030,2399,0,GE-Phrase,206,11228,13092,1864
9631,12030,2399,0,NTB,que inclusive tô produzindo um,9631,12030,2399
12030,13506,1476,0,GE-Phrase,207,13092,14908,1816
12030,13506,1476,0,NTB,p' cê ver a dubiedade da coisa,12030,13506,1476
25187,26370,1183,0,GE-Phrase,212,23414,26572,3158
25187,26370,1183,0,NTB,se eu reproduzir meu método,25187,26370,1183
26370,27200,830,0,GE-Phrase,213,26572,28865,2293
26370,27200,830,0,NTB,tá ligado,26370,27200,830
27200,28048,848,0,GE-Phrase,213,26572,28865,2293
27200,28048,848,0,NTB,dentro da cultura,27200,28048,848
28048,29067,1019,0,GE-Phrase,214,28865,30267,1402
28048,29067,1019,0,NTB,e adequando e et cetera,28048,29067,1019
69285,70269,984,0,GE-Phrase,234,70078,71694,1616
69285,70269,984,0,NTB,o projeto é dela,69285,70269,984
123333,123678,345,0,GE-Phrase,261,123162,126484,3322
123333,123678,345,0,NTB,porque &n [/1],123333,123678,345
123678,123884,206,0,GE-Phrase,261,123162,126484,3322
123678,123884,206,0,NTB,né,123678,123884,206
123884,124797,913,0,GE-Phrase,261,123162,126484,3322
123884,124797,913,0,NTB,ia parar tudo,123884,124797,913
124797,126007,1210,0,GE-Phrase,261,123162,126484,3322
124797,126007,1210,0,NTB,então vou monitorar quem,124797,126007,1210
126007,127426,1419,0,NTB,et cetera,126007,127426,1419
131502,132715,1213,0,GE-Phrase,263,132202,134077,1875
131502,132715,1213,0,NTB,nũ tinha recebido nenhuma bolsa ainda né,131502,132715,1213
132715,134762,2047,0,GE-Phrase,264,134077,135782,1705
132715,134762,2047,0,NTB,tinha acabado de acontecer o processo,132715,134762,2047
136371,137155,784,0,GE-Phrase,265,135782,138288,2506
136371,137155,784,0,NTB,a minha tutora,136371,137155,784
137155,137394,239,0,GE-Phrase,265,135782,138288,2506
137155,137394,239,0,NTB,né,137155,137394,239
141078,143026,1948,0,GE-Phrase,268,142467,145380,2913
141078,143026,1948,0,NTB,e a gente volta quando retomar a aula,141078,143026,1948
149343,150432,1089,0,GE-Phrase,271,149490,151803,2313
149343,150432,1089,0,NTB,se cês concordarem,149343,150432,1089
9631,12030,2399,0,GE-Phrase,206,11228,13092,1864
9631,12030,2399,0,NTB,que inclusive tô produzindo um,9631,12030,2399
12030,13506,1476,0,GE-Phrase,207,13092,14908,1816
12030,13506,1476,0,NTB,p' cê ver a dubiedade da coisa,12030,13506,1476
25187,26370,1183,0,GE-Phrase,212,23414,26572,3158
25187,26370,1183,0,NTB,se eu reproduzir meu método,25187,26370,1183
26370,27200,830,0,GE-Phrase,213,26572,28865,2293
26370,27200,830,0,NTB,tá ligado,26370,27200,830
27200,28048,848,0,GE-Phrase,213,26572,28865,2293
27200,28048,848,0,NTB,dentro da cultura,27200,28048,848
28048,29067,1019,0,GE-Phrase,214,28865,30267,1402
28048,29067,1019,0,NTB,e adequando e et cetera,28048,29067,1019
69285,70269,984,0,GE-Phrase,234,70078,71694,1616
69285,70269,984,0,NTB,o projeto é dela,69285,70269,984
123333,123678,345,0,GE-Phrase,261,123162,126484,3322
123333,123678,345,0,NTB,porque &n [/1],123333,123678,345
123678,123884,206,0,GE-Phrase,261,123162,126484,3322
123678,123884,206,0,NTB,né,123678,123884,206
123884,124797,913,0,GE-Phrase,261,123162,126484,3322
123884,124797,913,0,NTB,ia parar tudo,123884,124797,913
124797,126007,1210,0,GE-Phrase,261,123162,126484,3322
124797,126007,1210,0,NTB,então vou monitorar quem,124797,126007,1210
126007,127426,1419,0,NTB,et cetera,126007,127426,1419
131502,132715,1213,0,GE-Phrase,263,132202,134077,1875
131502,132715,1213,0,NTB,nũ tinha recebido nenhuma bolsa ainda né,131502,132715,1213
132715,134762,2047,0,GE-Phrase,264,134077,135782,1705
132715,134762,2047,0,NTB,tinha acabado de acontecer o processo,132715,134762,2047
136371,137155,784,0,GE-Phrase,265,135782,138288,2506
136371,137155,784,0,NTB,a minha tutora,136371,137155,784
137155,137394,239,0,GE-Phrase,265,135782,138288,2506
137155,137394,239,0,NTB,né,137155,137394,239
141078,143026,1948,0,GE-Phrase,268,142467,145380,2913
141078,143026,1948,0,NTB,e a gente volta quando retomar a aula,141078,143026,1948
149343,150432,1089,0,GE-Phrase,271,149490,151803,2313
149343,150432,1089,0,NTB,se cês concordarem,149343,150432,1089
9631,12030,2399,0,GE-Phrase,206,11228,13092,1864
9631,12030,2399,0,NTB,que inclusive tô produzindo um,9631,12030,2399
12030,13506,1476,0,GE-Phrase,207,13092,14908,1816
12030,13506,1476,0,NTB,p' cê ver a dubiedade da coisa,12030,13506,1476
25187,26370,1183,0,GE-Phrase,212,23414,26572,3158
25187,26370,1183,0,NTB,se eu reproduzir meu método,25187,26370,1183
26370,27200,830,0,GE-Phrase,213,26572,28865,2293
26370,27200,830,0,NTB,tá ligado,26370,27200,830
27200,28048,848,0,GE-Phrase,213,26572,28865,2293
27200,28048,848,0,NTB,dentro da cultura,27200,28048,848
28048,29067,1019,0,GE-Phrase,214,28865,30267,1402
28048,29067,1019,0,NTB,e adequando e et cetera,28048,29067,1019
69285,70269,984,0,GE-Phrase,234,70078,71694,1616
69285,70269,984,0,NTB,o projeto é dela,69285,70269,984
123333,123678,345,0,GE-Phrase,261,123162,126484,3322
123333,123678,345,0,NTB,porque &n [/1],123333,123678,345
123678,123884,206,0,GE-Phrase,261,123162,126484,3322
123678,123884,206,0,NTB,né,123678,123884,206
123884,124797,913,0,GE-Phrase,261,123162,126484,3322
123884,124797,913,0,NTB,ia parar tudo,123884,124797,913
124797,126007,1210,0,GE-Phrase,261,123162,126484,3322
124797,126007,1210,0,NTB,então vou monitorar quem,124797,126007,1210
126007,127426,1419,0,NTB,et cetera,126007,127426,1419
131502,132715,1213,0,GE-Phrase,263,132202,134077,1875
131502,132715,1213,0,NTB,nũ tinha recebido nenhuma bolsa ainda né,131502,132715,1213
132715,134762,2047,0,GE-Phrase,264,134077,135782,1705
132715,134762,2047,0,NTB,tinha acabado de acontecer o processo,132715,134762,2047
136371,137155,784,0,GE-Phrase,265,135782,138288,2506
136371,137155,784,0,NTB,a minha tutora,136371,137155,784
137155,137394,239,0,GE-Phrase,265,135782,138288,2506
137155,137394,239,0,NTB,né,137155,137394,239
141078,143026,1948,0,GE-Phrase,268,142467,145380,2913
141078,143026,1948,0,NTB,e a gente volta quando retomar a aula,141078,143026,1948
149343,150432,1089,0,GE-Phrase,271,149490,151803,2313
149343,150432,1089,0,NTB,se cês concordarem,149343,150432,1089
9631,12030,2399,0,GE-Phrase,206,11228,13092,1864
9631,12030,2399,0,NTB,que inclusive tô produzindo um,9631,12030,2399
12030,13506,1476,0,GE-Phrase,207,13092,14908,1816
12030,13506,1476,0,NTB,p' cê ver a dubiedade da coisa,12030,13506,1476
25187,26370,1183,0,GE-Phrase,212,23414,26572,3158
25187,26370,1183,0,NTB,se eu reproduzir meu método,25187,26370,1183
26370,27200,830,0,GE-Phrase,213,26572,28865,2293
26370,27200,830,0,NTB,tá ligado,26370,27200,830
27200,28048,848,0,GE-Phrase,213,26572,28865,2293
27200,28048,848,0,NTB,dentro da cultura,27200,28048,848
28048,29067,1019,0,GE-Phrase,214,28865,30267,1402
28048,29067,1019,0,NTB,e adequando e et cetera,28048,29067,1019
69285,70269,984,0,GE-Phrase,234,70078,71694,1616
69285,70269,984,0,NTB,o projeto é dela,69285,70269,984
123333,123678,345,0,GE-Phrase,261,123162,126484,3322
123333,123678,345,0,NTB,porque &n [/1],123333,123678,345
123678,123884,206,0,GE-Phrase,261,123162,126484,3322
123678,123884,206,0,NTB,né,123678,123884,206
123884,124797,913,0,GE-Phrase,261,123162,126484,3322
123884,124797,913,0,NTB,ia parar tudo,123884,124797,913
124797,126007,1210,0,GE-Phrase,261,123162,126484,3322
124797,126007,1210,0,NTB,então vou monitorar quem,124797,126007,1210
126007,127426,1419,0,NTB,et cetera,126007,127426,1419
131502,132715,1213,0,GE-Phrase,263,132202,134077,1875
131502,132715,1213,0,NTB,nũ tinha recebido nenhuma bolsa ainda né,131502,132715,1213
132715,134762,2047,0,GE-Phrase,264,134077,135782,1705
132715,134762,2047,0,NTB,tinha acabado de acontecer o processo,132715,134762,2047
136371,137155,784,0,GE-Phrase,265,135782,138288,2506
136371,137155,784,0,NTB,a minha tutora,136371,137155,784
137155,137394,239,0,GE-Phrase,265,135782,138288,2506
137155,137394,239,0,NTB,né,137155,137394,239
141078,143026,1948,0,GE-Phrase,268,142467,145380,2913
141078,143026,1948,0,NTB,e a gente volta quando retomar a aula,141078,143026,1948
149343,150432,1089,0,GE-Phrase,271,149490,151803,2313
149343,150432,1089,0,NTB,se cês concordarem,149343,150432,1089
9631,12030,2399,0,GE-Phrase,206,11228,13092,1864
9631,12030,2399,0,NTB,que inclusive tô produzindo um,9631,12030,2399
12030,13506,1476,0,GE-Phrase,207,13092,14908,1816
12030,13506,1476,0,NTB,p' cê ver a dubiedade da coisa,12030,13506,1476
25187,26370,1183,0,GE-Phrase,212,23414,26572,3158
25187,26370,1183,0,NTB,se eu reproduzir meu método,25187,26370,1183
26370,27200,830,0,GE-Phrase,213,26572,28865,2293
26370,27200,830,0,NTB,tá ligado,26370,27200,830
27200,28048,848,0,GE-Phrase,213,26572,28865,2293
27200,28048,848,0,NTB,dentro da cultura,27200,28048,848
28048,29067,1019,0,GE-Phrase,214,28865,30267,1402
28048,29067,1019,0,NTB,e adequando e et cetera,28048,29067,1019
69285,70269,984,0,GE-Phrase,234,70078,71694,1616
69285,70269,984,0,NTB,o projeto é dela,69285,70269,984
123333,123678,345,0,GE-Phrase,261,123162,126484,3322
123333,123678,345,0,NTB,porque &n [/1],123333,123678,345
123678,123884,206,0,GE-Phrase,261,123162,126484,3322
123678,123884,206,0,NTB,né,123678,123884,206
123884,124797,913,0,GE-Phrase,261,123162,126484,3322
123884,124797,913,0,NTB,ia parar tudo,123884,124797,913
124797,126007,1210,0,GE-Phrase,261,123162,126484,3322
124797,126007,1210,0,NTB,então vou monitorar quem,124797,126007,1210
126007,127426,1419,0,NTB,et cetera,126007,127426,1419
131502,132715,1213,0,GE-Phrase,263,132202,134077,1875
131502,132715,1213,0,NTB,nũ tinha recebido nenhuma bolsa ainda né,131502,132715,1213
132715,134762,2047,0,GE-Phrase,264,134077,135782,1705
132715,134762,2047,0,NTB,tinha acabado de acontecer o processo,132715,134762,2047
136371,137155,784,0,GE-Phrase,265,135782,138288,2506
136371,137155,784,0,NTB,a minha tutora,136371,137155,784
137155,137394,239,0,GE-Phrase,265,135782,138288,2506
137155,137394,239,0,NTB,né,137155,137394,239
141078,143026,1948,0,GE-Phrase,268,142467,145380,2913
141078,143026,1948,0,NTB,e a gente volta quando retomar a aula,141078,143026,1948
149343,150432,1089,0,GE-Phrase,271,149490,151803,2313
149343,150432,1089,0,NTB,se cês concordarem,149343,150432,1089
9631,12030,2399,0,GE-Phrase,206,11228,13092,1864
9631,12030,2399,0,NTB,que inclusive tô produzindo um,9631,12030,2399
12030,13506,1476,0,GE-Phrase,207,13092,14908,1816
12030,13506,1476,0,NTB,p' cê ver a dubiedade da coisa,12030,13506,1476
25187,26370,1183,0,GE-Phrase,212,23414,26572,3158
25187,26370,1183,0,NTB,se eu reproduzir meu método,25187,26370,1183
26370,27200,830,0,GE-Phrase,213,26572,28865,2293
26370,27200,830,0,NTB,tá ligado,26370,27200,830
27200,28048,848,0,GE-Phrase,213,26572,28865,2293
27200,28048,848,0,NTB,dentro da cultura,27200,28048,848
28048,29067,1019,0,GE-Phrase,214,28865,30267,1402
28048,29067,1019,0,NTB,e adequando e et cetera,28048,29067,1019
69285,70269,984,0,GE-Phrase,234,70078,71694,1616
69285,70269,984,0,NTB,o projeto é dela,69285,70269,984
123333,123678,345,0,GE-Phrase,261,123162,126484,3322
123333,123678,345,0,NTB,porque &n [/1],123333,123678,345
123678,123884,206,0,GE-Phrase,261,123162,126484,3322
123678,123884,206,0,NTB,né,123678,123884,206
123884,124797,913,0,GE-Phrase,261,123162,126484,3322
123884,124797,913,0,NTB,ia parar tudo,123884,124797,913
124797,126007,1210,0,GE-Phrase,261,123162,126484,3322
124797,126007,1210,0,NTB,então vou monitorar quem,124797,126007,1210
126007,127426,1419,0,NTB,et cetera,126007,127426,1419
131502,132715,1213,0,GE-Phrase,263,132202,134077,1875
131502,132715,1213,0,NTB,nũ tinha recebido nenhuma bolsa ainda né,131502,132715,1213
132715,134762,2047,0,GE-Phrase,264,134077,135782,1705
132715,134762,2047,0,NTB,tinha acabado de acontecer o processo,132715,134762,2047
136371,137155,784,0,GE-Phrase,265,135782,138288,2506
136371,137155,784,0,NTB,a minha tutora,136371,137155,784
137155,137394,239,0,GE-Phrase,265,135782,138288,2506
137155,137394,239,0,NTB,né,137155,137394,239
141078,143026,1948,0,GE-Phrase,268,142467,145380,2913
141078,143026,1948,0,NTB,e a gente volta quando retomar a aula,141078,143026,1948
149343,150432,1089,0,GE-Phrase,271,149490,151803,2313
149343,150432,1089,0,NTB,se cês concordarem,149343,150432,1089
9631,12030,2399,0,GE-Phrase,206,11228,13092,1864
9631,12030,2399,0,NTB,que inclusive tô produzindo um,9631,12030,2399
12030,13506,1476,0,GE-Phrase,207,13092,14908,1816
12030,13506,1476,0,NTB,p' cê ver a dubiedade da coisa,12030,13506,1476
25187,26370,1183,0,GE-Phrase,212,23414,26572,3158
25187,26370,1183,0,NTB,se eu reproduzir meu método,25187,26370,1183
26370,27200,830,0,GE-Phrase,213,26572,28865,2293
26370,27200,830,0,NTB,tá ligado,26370,27200,830
27200,28048,848,0,GE-Phrase,213,26572,28865,2293
27200,28048,848,0,NTB,dentro da cultura,27200,28048,848
28048,29067,1019,0,GE-Phrase,214,28865,30267,1402
28048,29067,1019,0,NTB,e adequando e et cetera,28048,29067,1019
69285,70269,984,0,GE-Phrase,234,70078,71694,1616
69285,70269,984,0,NTB,o projeto é dela,69285,70269,984
123333,123678,345,0,GE-Phrase,261,123162,126484,3322
123333,123678,345,0,NTB,porque &n [/1],123333,123678,345
123678,123884,206,0,GE-Phrase,261,123162,126484,3322
123678,123884,206,0,NTB,né,123678,123884,206
123884,124797,913,0,GE-Phrase,261,123162,126484,3322
123884,124797,913,0,NTB,ia parar tudo,123884,124797,913
124797,126007,1210,0,GE-Phrase,261,123162,126484,3322
124797,126007,1210,0,NTB,então vou monitorar quem,124797,126007,1210
126007,127426,1419,0,NTB,et cetera,126007,127426,1419
131502,132715,1213,0,GE-Phrase,263,132202,134077,1875
131502,132715,1213,0,NTB,nũ tinha recebido nenhuma bolsa ainda né,131502,132715,1213
132715,134762,2047,0,GE-Phrase,264,134077,135782,1705
132715,134762,2047,0,NTB,tinha acabado de acontecer o processo,132715,134762,2047
136371,137155,784,0,GE-Phrase,265,135782,138288,2506
136371,137155,784,0,NTB,a minha tutora,136371,137155,784
137155,137394,239,0,GE-Phrase,265,135782,138288,2506
137155,137394,239,0,NTB,né,137155,137394,239
141078,143026,1948,0,GE-Phrase,268,142467,145380,2913
141078,143026,1948,0,NTB,e a gente volta quando retomar a aula,141078,143026,1948
149343,150432,1089,0,GE-Phrase,271,149490,151803,2313
149343,150432,1089,0,NTB,se cês concordarem,149343,150432,1089
9631,12030,2399,0,GE-Phrase,206,11228,13092,1864
9631,12030,2399,0,NTB,que inclusive tô produzindo um,9631,12030,2399
12030,13506,1476,0,GE-Phrase,207,13092,14908,1816
12030,13506,1476,0,NTB,p' cê ver a dubiedade da coisa,12030,13506,1476
25187,26370,1183,0,GE-Phrase,212,23414,26572,3158
25187,26370,1183,0,NTB,se eu reproduzir meu método,25187,26370,1183
26370,27200,830,0,GE-Phrase,213,26572,28865,2293
26370,27200,830,0,NTB,tá ligado,26370,27200,830
27200,28048,848,0,GE-Phrase,213,26572,28865,2293
27200,28048,848,0,NTB,dentro da cultura,27200,28048,848
28048,29067,1019,0,GE-Phrase,214,28865,30267,1402
28048,29067,1019,0,NTB,e adequando e et cetera,28048,29067,1019
69285,70269,984,0,GE-Phrase,234,70078,71694,1616
69285,70269,984,0,NTB,o projeto é dela,69285,70269,984
123333,123678,345,0,GE-Phrase,261,123162,126484,3322
123333,123678,345,0,NTB,porque &n [/1],123333,123678,345
123678,123884,206,0,GE-Phrase,261,123162,126484,3322
123678,123884,206,0,NTB,né,123678,123884,206
123884,124797,913,0,GE-Phrase,261,123162,126484,3322
123884,124797,913,0,NTB,ia parar tudo,123884,124797,913
124797,126007,1210,0,GE-Phrase,261,123162,126484,3322
124797,126007,1210,0,NTB,então vou monitorar quem,124797,126007,1210
126007,127426,1419,0,NTB,et cetera,126007,127426,1419
131502,132715,1213,0,GE-Phrase,263,132202,134077,1875
131502,132715,1213,0,NTB,nũ tinha recebido nenhuma bolsa ainda né,131502,132715,1213
132715,134762,2047,0,GE-Phrase,264,134077,135782,1705
132715,134762,2047,0,NTB,tinha acabado de acontecer o processo,132715,134762,2047
136371,137155,784,0,GE-Phrase,265,135782,138288,2506
136371,137155,784,0,NTB,a minha tutora,136371,137155,784
137155,137394,239,0,GE-Phrase,265,135782,138288,2506
137155,137394,239,0,NTB,né,137155,137394,239
141078,143026,1948,0,GE-Phrase,268,142467,145380,2913
141078,143026,1948,0,NTB,e a gente volta quando retomar a aula,141078,143026,1948
149343,150432,1089,0,GE-Phrase,271,149490,151803,2313
149343,150432,1089,0,NTB,se cês concordarem,149343,150432,1089
9631,12030,2399,0,GE-Phrase,206,11228,13092,1864
9631,12030,2399,0,NTB,que inclusive tô produzindo um,9631,12030,2399
12030,13506,1476,0,GE-Phrase,207,13092,14908,1816
12030,13506,1476,0,NTB,p' cê ver a dubiedade da coisa,12030,13506,1476
25187,26370,1183,0,GE-Phrase,212,23414,26572,3158
25187,26370,1183,0,NTB,se eu reproduzir meu método,25187,26370,1183
26370,27200,830,0,GE-Phrase,213,26572,28865,2293
26370,27200,830,0,NTB,tá ligado,26370,27200,830
27200,28048,848,0,GE-Phrase,213,26572,28865,2293
27200,28048,848,0,NTB,dentro da cultura,27200,28048,848
28048,29067,1019,0,GE-Phrase,214,28865,30267,1402
28048,29067,1019,0,NTB,e adequando e et cetera,28048,29067,1019
69285,70269,984,0,GE-Phrase,234,70078,71694,1616
69285,70269,984,0,NTB,o projeto é dela,69285,70269,984
123333,123678,345,0,GE-Phrase,261,123162,126484,3322
123333,123678,345,0,NTB,porque &n [/1],123333,123678,345
123678,123884,206,0,GE-Phrase,261,123162,126484,3322
123678,123884,206,0,NTB,né,123678,123884,206
123884,124797,913,0,GE-Phrase,261,123162,126484,3322
123884,124797,913,0,NTB,ia parar tudo,123884,124797,913
124797,126007,1210,0,GE-Phrase,261,123162,126484,3322
124797,126007,1210,0,NTB,então vou monitorar quem,124797,126007,1210
126007,127426,1419,0,NTB,et cetera,126007,127426,1419
131502,132715,1213,0,GE-Phrase,263,132202,134077,1875
131502,132715,1213,0,NTB,nũ tinha recebido nenhuma bolsa ainda né,131502,132715,1213
132715,134762,2047,0,GE-Phrase,264,134077,135782,1705
132715,134762,2047,0,NTB,tinha acabado de acontecer o processo,132715,134762,2047
136371,137155,784,0,GE-Phrase,265,135782,138288,2506
136371,137155,784,0,NTB,a minha tutora,136371,137155,784
137155,137394,239,0,GE-Phrase,265,135782,138288,2506
137155,137394,239,0,NTB,né,137155,137394,239
141078,143026,1948,0,GE-Phrase,268,142467,145380,2913
141078,143026,1948,0,NTB,e a gente volta quando retomar a aula,141078,143026,1948
149343,150432,1089,0,GE-Phrase,271,149490,151803,2313
149343,150432,1089,0,NTB,se cês concordarem,149343,150432,1089
9631,12030,2399,0,GE-Phrase,206,11228,13092,1864
9631,12030,2399,0,NTB,que inclusive tô produzindo um,9631,12030,2399
12030,13506,1476,0,GE-Phrase,207,13092,14908,1816
12030,13506,1476,0,NTB,p' cê ver a dubiedade da coisa,12030,13506,1476
25187,26370,1183,0,GE-Phrase,212,23414,26572,3158
25187,26370,1183,0,NTB,se eu reproduzir meu método,25187,26370,1183
26370,27200,830,0,GE-Phrase,213,26572,28865,2293
26370,27200,830,0,NTB,tá ligado,26370,27200,830
27200,28048,848,0,GE-Phrase,213,26572,28865,2293
27200,28048,848,0,NTB,dentro da cultura,27200,28048,848
28048,29067,1019,0,GE-Phrase,214,28865,30267,1402
28048,29067,1019,0,NTB,e adequando e et cetera,28048,29067,1019
69285,70269,984,0,GE-Phrase,234,70078,71694,1616
69285,70269,984,0,NTB,o projeto é dela,69285,70269,984
123333,123678,345,0,GE-Phrase,261,123162,126484,3322
123333,123678,345,0,NTB,porque &n [/1],123333,123678,345
123678,123884,206,0,GE-Phrase,261,123162,126484,3322
123678,123884,206,0,NTB,né,123678,123884,206
123884,124797,913,0,GE-Phrase,261,123162,126484,3322
123884,124797,913,0,NTB,ia parar tudo,123884,124797,913
124797,126007,1210,0,GE-Phrase,261,123162,126484,3322
124797,126007,1210,0,NTB,então vou monitorar quem,124797,126007,1210
126007,127426,1419,0,NTB,et cetera,126007,127426,1419
131502,132715,1213,0,GE-Phrase,263,132202,134077,1875
131502,132715,1213,0,NTB,nũ tinha recebido nenhuma bolsa ainda né,131502,132715,1213
132715,134762,2047,0,GE-Phrase,264,134077,135782,1705
132715,134762,2047,0,NTB,tinha acabado de acontecer o processo,132715,134762,2047
136371,137155,784,0,GE-Phrase,265,135782,138288,2506
136371,137155,784,0,NTB,a minha tutora,136371,137155,784
137155,137394,239,0,GE-Phrase,265,135782,138288,2506
137155,137394,239,0,NTB,né,137155,137394,239
141078,143026,1948,0,GE-Phrase,268,142467,145380,2913
141078,143026,1948,0,NTB,e a gente volta quando retomar a aula,141078,143026,1948
149343,150432,1089,0,GE-Phrase,271,149490,151803,2313
149343,150432,1089,0,NTB,se cês concordarem,149343,150432,1089
9631,12030,2399,0,GE-Phrase,206,11228,13092,1864
9631,12030,2399,0,NTB,que inclusive tô produzindo um,9631,12030,2399
12030,13506,1476,0,GE-Phrase,207,13092,14908,1816
12030,13506,1476,0,NTB,p' cê ver a dubiedade da coisa,12030,13506,1476
25187,26370,1183,0,GE-Phrase,212,23414,26572,3158
25187,26370,1183,0,NTB,se eu reproduzir meu método,25187,26370,1183
26370,27200,830,0,GE-Phrase,213,26572,28865,2293
26370,27200,830,0,NTB,tá ligado,26370,27200,830
27200,28048,848,0,GE-Phrase,213,26572,28865,2293
27200,28048,848,0,NTB,dentro da cultura,27200,28048,848
28048,29067,1019,0,GE-Phrase,214,28865,30267,1402
28048,29067,1019,0,NTB,e adequando e et cetera,28048,29067,1019
69285,70269,984,0,GE-Phrase,234,70078,71694,1616
69285,70269,984,0,NTB,o projeto é dela,69285,70269,984
123333,123678,345,0,GE-Phrase,261,123162,126484,3322
123333,123678,345,0,NTB,porque &n [/1],123333,123678,345
123678,123884,206,0,GE-Phrase,261,123162,126484,3322
123678,123884,206,0,NTB,né,123678,123884,206
123884,124797,913,0,GE-Phrase,261,123162,126484,3322
123884,124797,913,0,NTB,ia parar tudo,123884,124797,913
124797,126007,1210,0,GE-Phrase,261,123162,126484,3322
124797,126007,1210,0,NTB,então vou monitorar quem,124797,126007,1210
126007,127426,1419,0,NTB,et cetera,126007,127426,1419
131502,132715,1213,0,GE-Phrase,263,132202,134077,1875
131502,132715,1213,0,NTB,nũ tinha recebido nenhuma bolsa ainda né,131502,132715,1213
132715,134762,2047,0,GE-Phrase,264,134077,135782,1705
132715,134762,2047,0,NTB,tinha acabado de acontecer o processo,132715,134762,2047
136371,137155,784,0,GE-Phrase,265,135782,138288,2506
136371,137155,784,0,NTB,a minha tutora,136371,137155,784
137155,137394,239,0,GE-Phrase,265,135782,138288,2506
137155,137394,239,0,NTB,né,137155,137394,239
141078,143026,1948,0,GE-Phrase,268,142467,145380,2913
141078,143026,1948,0,NTB,e a gente volta quando retomar a aula,141078,143026,1948
149343,150432,1089,0,GE-Phrase,271,149490,151803,2313
149343,150432,1089,0,NTB,se cês concordarem,149343,150432,1089
9631,12030,2399,0,GE-Phrase,206,11228,13092,1864
9631,12030,2399,0,NTB,que inclusive tô produzindo um,9631,12030,2399
12030,13506,1476,0,GE-Phrase,207,13092,14908,1816
12030,13506,1476,0,NTB,p' cê ver a dubiedade da coisa,12030,13506,1476
25187,26370,1183,0,GE-Phrase,212,23414,26572,3158
25187,26370,1183,0,NTB,se eu reproduzir meu método,25187,26370,1183
26370,27200,830,0,GE-Phrase,213,26572,28865,2293
26370,27200,830,0,NTB,tá ligado,26370,27200,830
27200,28048,848,0,GE-Phrase,213,26572,28865,2293
27200,28048,848,0,NTB,dentro da cultura,27200,28048,848
28048,29067,1019,0,GE-Phrase,214,28865,30267,1402
28048,29067,1019,0,NTB,e adequando e et cetera,28048,29067,1019
69285,70269,984,0,GE-Phrase,234,70078,71694,1616
69285,70269,984,0,NTB,o projeto é dela,69285,70269,984
123333,123678,345,0,GE-Phrase,261,123162,126484,3322
123333,123678,345,0,NTB,porque &n [/1],123333,123678,345
123678,123884,206,0,GE-Phrase,261,123162,126484,3322
123678,123884,206,0,NTB,né,123678,123884,206
123884,124797,913,0,GE-Phrase,261,123162,126484,3322
123884,124797,913,0,NTB,ia parar tudo,123884,124797,913
124797,126007,1210,0,GE-Phrase,261,123162,126484,3322
124797,126007,1210,0,NTB,então vou monitorar quem,124797,126007,1210
126007,127426,1419,0,NTB,et cetera,126007,127426,1419
131502,132715,1213,0,GE-Phrase,263,132202,134077,1875
131502,132715,1213,0,NTB,nũ tinha recebido nenhuma bolsa ainda né,131502,132715,1213
132715,134762,2047,0,GE-Phrase,264,134077,135782,1705
132715,134762,2047,0,NTB,tinha acabado de acontecer o processo,132715,134762,2047
136371,137155,784,0,GE-Phrase,265,135782,138288,2506
136371,137155,784,0,NTB,a minha tutora,136371,137155,784
137155,137394,239,0,GE-Phrase,265,135782,138288,2506
137155,137394,239,0,NTB,né,137155,137394,239
141078,143026,1948,0,GE-Phrase,268,142467,145380,2913
141078,143026,1948,0,NTB,e a gente volta quando retomar a aula,141078,143026,1948
149343,150432,1089,0,GE-Phrase,271,149490,151803,2313
149343,150432,1089,0,NTB,se cês concordarem,149343,150432,1089
9631,12030,2399,0,GE-Phrase,206,11228,13092,1864
9631,12030,2399,0,NTB,que inclusive tô produzindo um,9631,12030,2399
12030,13506,1476,0,GE-Phrase,207,13092,14908,1816
12030,13506,1476,0,NTB,p' cê ver a dubiedade da coisa,12030,13506,1476
25187,26370,1183,0,GE-Phrase,212,23414,26572,3158
25187,26370,1183,0,NTB,se eu reproduzir meu método,25187,26370,1183
26370,27200,830,0,GE-Phrase,213,26572,28865,2293
26370,27200,830,0,NTB,tá ligado,26370,27200,830
27200,28048,848,0,GE-Phrase,213,26572,28865,2293
27200,28048,848,0,NTB,dentro da cultura,27200,28048,848
28048,29067,1019,0,GE-Phrase,214,28865,30267,1402
28048,29067,1019,0,NTB,e adequando e et cetera,28048,29067,1019
69285,70269,984,0,GE-Phrase,234,70078,71694,1616
69285,70269,984,0,NTB,o projeto é dela,69285,70269,984
123333,123678,345,0,GE-Phrase,261,123162,126484,3322
123333,123678,345,0,NTB,porque &n [/1],123333,123678,345
123678,123884,206,0,GE-Phrase,261,123162,126484,3322
123678,123884,206,0,NTB,né,123678,123884,206
123884,124797,913,0,GE-Phrase,261,123162,126484,3322
123884,124797,913,0,NTB,ia parar tudo,123884,124797,913
124797,126007,1210,0,GE-Phrase,261,123162,126484,3322
124797,126007,1210,0,NTB,então vou monitorar quem,124797,126007,1210
126007,127426,1419,0,NTB,et cetera,126007,127426,1419
131502,132715,1213,0,GE-Phrase,263,132202,134077,1875
131502,132715,1213,0,NTB,nũ tinha recebido nenhuma bolsa ainda né,131502,132715,1213
132715,134762,2047,0,GE-Phrase,264,134077,135782,1705
132715,134762,2047,0,NTB,tinha acabado de acontecer o processo,132715,134762,2047
136371,137155,784,0,GE-Phrase,265,135782,138288,2506
136371,137155,784,0,NTB,a minha tutora,136371,137155,784
137155,137394,239,0,GE-Phrase,265,135782,138288,2506
137155,137394,239,0,NTB,né,137155,137394,239
141078,143026,1948,0,GE-Phrase,268,142467,145380,2913
141078,143026,1948,0,NTB,e a gente volta quando retomar a aula,141078,143026,1948
149343,150432,1089,0,GE-Phrase,271,149490,151803,2313
149343,150432,1089,0,NTB,se cês concordarem,149343,150432,1089
9631,12030,2399,0,GE-Phrase,206,11228,13092,1864
9631,12030,2399,0,NTB,que inclusive tô produzindo um,9631,12030,2399
12030,13506,1476,0,GE-Phrase,207,13092,14908,1816
12030,13506,1476,0,NTB,p' cê ver a dubiedade da coisa,12030,13506,1476
25187,26370,1183,0,GE-Phrase,212,23414,26572,3158
25187,26370,1183,0,NTB,se eu reproduzir meu método,25187,26370,1183
26370,27200,830,0,GE-Phrase,213,26572,28865,2293
26370,27200,830,0,NTB,tá ligado,26370,27200,830
27200,28048,848,0,GE-Phrase,213,26572,28865,2293
27200,28048,848,0,NTB,dentro da cultura,27200,28048,848
28048,29067,1019,0,GE-Phrase,214,28865,30267,1402
28048,29067,1019,0,NTB,e adequando e et cetera,28048,29067,1019
69285,70269,984,0,GE-Phrase,234,70078,71694,1616
69285,70269,984,0,NTB,o projeto é dela,69285,70269,984
123333,123678,345,0,GE-Phrase,261,123162,126484,3322
123333,123678,345,0,NTB,porque &n [/1],123333,123678,345
123678,123884,206,0,GE-Phrase,261,123162,126484,3322
123678,123884,206,0,NTB,né,123678,123884,206
123884,124797,913,0,GE-Phrase,261,123162,126484,3322
123884,124797,913,0,NTB,ia parar tudo,123884,124797,913
124797,126007,1210,0,GE-Phrase,261,123162,126484,3322
124797,126007,1210,0,NTB,então vou monitorar quem,124797,126007,1210
126007,127426,1419,0,NTB,et cetera,126007,127426,1419
131502,132715,1213,0,GE-Phrase,263,132202,134077,1875
131502,132715,1213,0,NTB,nũ tinha recebido nenhuma bolsa ainda né,131502,132715,1213
132715,134762,2047,0,GE-Phrase,264,134077,135782,1705
132715,134762,2047,0,NTB,tinha acabado de acontecer o processo,132715,134762,2047
136371,137155,784,0,GE-Phrase,265,135782,138288,2506
136371,137155,784,0,NTB,a minha tutora,136371,137155,784
137155,137394,239,0,GE-Phrase,265,135782,138288,2506
137155,137394,239,0,NTB,né,137155,137394,239
141078,143026,1948,0,GE-Phrase,268,142467,145380,2913
141078,143026,1948,0,NTB,e a gente volta quando retomar a aula,141078,143026,1948
149343,150432,1089,0,GE-Phrase,271,149490,151803,2313
149343,150432,1089,0,NTB,se cês concordarem,149343,150432,1089
9631,12030,2399,0,GE-Phrase,206,11228,13092,1864
9631,12030,2399,0,NTB,que inclusive tô produzindo um,9631,12030,2399
12030,13506,1476,0,GE-Phrase,207,13092,14908,1816
12030,13506,1476,0,NTB,p' cê ver a dubiedade da coisa,12030,13506,1476
25187,26370,1183,0,GE-Phrase,212,23414,26572,3158
25187,26370,1183,0,NTB,se eu reproduzir meu método,25187,26370,1183
26370,27200,830,0,GE-Phrase,213,26572,28865,2293
26370,27200,830,0,NTB,tá ligado,26370,27200,830
27200,28048,848,0,GE-Phrase,213,26572,28865,2293
27200,28048,848,0,NTB,dentro da cultura,27200,28048,848
28048,29067,1019,0,GE-Phrase,214,28865,30267,1402
28048,29067,1019,0,NTB,e adequando e et cetera,28048,29067,1019
69285,70269,984,0,GE-Phrase,234,70078,71694,1616
69285,70269,984,0,NTB,o projeto é dela,69285,70269,984
123333,123678,345,0,GE-Phrase,261,123162,126484,3322
123333,123678,345,0,NTB,porque &n [/1],123333,123678,345
123678,123884,206,0,GE-Phrase,261,123162,126484,3322
123678,123884,206,0,NTB,né,123678,123884,206
123884,124797,913,0,GE-Phrase,261,123162,126484,3322
123884,124797,913,0,NTB,ia parar tudo,123884,124797,913
124797,126007,1210,0,GE-Phrase,261,123162,126484,3322
124797,126007,1210,0,NTB,então vou monitorar quem,124797,126007,1210
126007,127426,1419,0,NTB,et cetera,126007,127426,1419
131502,132715,1213,0,GE-Phrase,263,132202,134077,1875
131502,132715,1213,0,NTB,nũ tinha recebido nenhuma bolsa ainda né,131502,132715,1213
132715,134762,2047,0,GE-Phrase,264,134077,135782,1705
132715,134762,2047,0,NTB,tinha acabado de acontecer o processo,132715,134762,2047
136371,137155,784,0,GE-Phrase,265,135782,138288,2506
136371,137155,784,0,NTB,a minha tutora,136371,137155,784
137155,137394,239,0,GE-Phrase,265,135782,138288,2506
137155,137394,239,0,NTB,né,137155,137394,239
141078,143026,1948,0,GE-Phrase,268,142467,145380,2913
141078,143026,1948,0,NTB,e a gente volta quando retomar a aula,141078,143026,1948
149343,150432,1089,0,GE-Phrase,271,149490,151803,2313
149343,150432,1089,0,NTB,se cês concordarem,149343,150432,1089
9631,12030,2399,0,GE-Phrase,206,11228,13092,1864
9631,12030,2399,0,NTB,que inclusive tô produzindo um,9631,12030,2399
12030,13506,1476,0,GE-Phrase,207,13092,14908,1816
12030,13506,1476,0,NTB,p' cê ver a dubiedade da coisa,12030,13506,1476
25187,26370,1183,0,GE-Phrase,212,23414,26572,3158
25187,26370,1183,0,NTB,se eu reproduzir meu método,25187,26370,1183
26370,27200,830,0,GE-Phrase,213,26572,28865,2293
26370,27200,830,0,NTB,tá ligado,26370,27200,830
27200,28048,848,0,GE-Phrase,213,26572,28865,2293
27200,28048,848,0,NTB,dentro da cultura,27200,28048,848
28048,29067,1019,0,GE-Phrase,214,28865,30267,1402
28048,29067,1019,0,NTB,e adequando e et cetera,28048,29067,1019
69285,70269,984,0,GE-Phrase,234,70078,71694,1616
69285,70269,984,0,NTB,o projeto é dela,69285,70269,984
123333,123678,345,0,GE-Phrase,261,123162,126484,3322
123333,123678,345,0,NTB,porque &n [/1],123333,123678,345
123678,123884,206,0,GE-Phrase,261,123162,126484,3322
123678,123884,206,0,NTB,né,123678,123884,206
123884,124797,913,0,GE-Phrase,261,123162,126484,3322
123884,124797,913,0,NTB,ia parar tudo,123884,124797,913
124797,126007,1210,0,GE-Phrase,261,123162,126484,3322
124797,126007,1210,0,NTB,então vou monitorar quem,124797,126007,1210
126007,127426,1419,0,NTB,et cetera,126007,127426,1419
131502,132715,1213,0,GE-Phrase,263,132202,134077,1875
131502,132715,1213,0,NTB,nũ tinha recebido nenhuma bolsa ainda né,131502,132715,1213
132715,134762,2047,0,GE-Phrase,264,134077,135782,1705
132715,134762,2047,0,NTB,tinha acabado de acontecer o processo,132715,134762,2047
136371,137155,784,0,GE-Phrase,265,135782,138288,2506
136371,137155,784,0,NTB,a minha tutora,136371,137155,784
137155,137394,239,0,GE-Phrase,265,135782,138288,2506
137155,137394,239,0,NTB,né,137155,137394,239
141078,143026,1948,0,GE-Phrase,268,142467,145380,2913
141078,143026,1948,0,NTB,e a gente volta quando retomar a aula,141078,143026,1948
149343,150432,1089,0,GE-Phrase,271,149490,151803,2313
149343,150432,1089,0,NTB,se cês concordarem,149343,150432,1089
9631,12030,2399,0,GE-Phrase,206,11228,13092,1864
9631,12030,2399,0,NTB,que inclusive tô produzindo um,9631,12030,2399
12030,13506,1476,0,GE-Phrase,207,13092,14908,1816
12030,13506,1476,0,NTB,p' cê ver a dubiedade da coisa,12030,13506,1476
25187,26370,1183,0,GE-Phrase,212,23414,26572,3158
25187,26370,1183,0,NTB,se eu reproduzir meu método,25187,26370,1183
26370,27200,830,0,GE-Phrase,213,26572,28865,2293
26370,27200,830,0,NTB,tá ligado,26370,27200,830
27200,28048,848,0,GE-Phrase,213,26572,28865,2293
27200,28048,848,0,NTB,dentro da cultura,27200,28048,848
28048,29067,1019,0,GE-Phrase,214,28865,30267,1402
28048,29067,1019,0,NTB,e adequando e et cetera,28048,29067,1019
69285,70269,984,0,GE-Phrase,234,70078,71694,1616
69285,70269,984,0,NTB,o projeto é dela,69285,70269,984
123333,123678,345,0,GE-Phrase,261,123162,126484,3322
123333,123678,345,0,NTB,porque &n [/1],123333,123678,345
123678,123884,206,0,GE-Phrase,261,123162,126484,3322
123678,123884,206,0,NTB,né,123678,123884,206
123884,124797,913,0,GE-Phrase,261,123162,126484,3322
123884,124797,913,0,NTB,ia parar tudo,123884,124797,913
124797,126007,1210,0,GE-Phrase,261,123162,126484,3322
124797,126007,1210,0,NTB,então vou monitorar quem,124797,126007,1210
126007,127426,1419,0,NTB,et cetera,126007,127426,1419
131502,132715,1213,0,GE-Phrase,263,132202,134077,1875
131502,132715,1213,0,NTB,nũ tinha recebido nenhuma bolsa ainda né,131502,132715,1213
132715,134762,2047,0,GE-Phrase,264,134077,135782,1705
132715,134762,2047,0,NTB,tinha acabado de acontecer o processo,132715,134762,2047
136371,137155,784,0,GE-Phrase,265,135782,138288,2506
136371,137155,784,0,NTB,a minha tutora,136371,137155,784
137155,137394,239,0,GE-Phrase,265,135782,138288,2506
137155,137394,239,0,NTB,né,137155,137394,239
141078,143026,1948,0,GE-Phrase,268,142467,145380,2913
141078,143026,1948,0,NTB,e a gente volta quando retomar a aula,141078,143026,1948
149343,150432,1089,0,GE-Phrase,271,149490,151803,2313
149343,150432,1089,0,NTB,se cês concordarem,149343,150432,1089
9631,12030,2399,0,GE-Phrase,206,11228,13092,1864
9631,12030,2399,0,NTB,que inclusive tô produzindo um,9631,12030,2399
12030,13506,1476,0,GE-Phrase,207,13092,14908,1816
12030,13506,1476,0,NTB,p' cê ver a dubiedade da coisa,12030,13506,1476
25187,26370,1183,0,GE-Phrase,212,23414,26572,3158
25187,26370,1183,0,NTB,se eu reproduzir meu método,25187,26370,1183
26370,27200,830,0,GE-Phrase,213,26572,28865,2293
26370,27200,830,0,NTB,tá ligado,26370,27200,830
27200,28048,848,0,GE-Phrase,213,26572,28865,2293
27200,28048,848,0,NTB,dentro da cultura,27200,28048,848
28048,29067,1019,0,GE-Phrase,214,28865,30267,1402
28048,29067,1019,0,NTB,e adequando e et cetera,28048,29067,1019
69285,70269,984,0,GE-Phrase,234,70078,71694,1616
69285,70269,984,0,NTB,o projeto é dela,69285,70269,984
123333,123678,345,0,GE-Phrase,261,123162,126484,3322
123333,123678,345,0,NTB,porque &n [/1],123333,123678,345
123678,123884,206,0,GE-Phrase,261,123162,126484,3322
123678,123884,206,0,NTB,né,123678,123884,206
123884,124797,913,0,GE-Phrase,261,123162,126484,3322
123884,124797,913,0,NTB,ia parar tudo,123884,124797,913
124797,126007,1210,0,GE-Phrase,261,123162,126484,3322
124797,126007,1210,0,NTB,então vou monitorar quem,124797,126007,1210
126007,127426,1419,0,NTB,et cetera,126007,127426,1419
131502,132715,1213,0,GE-Phrase,263,132202,134077,1875
131502,132715,1213,0,NTB,nũ tinha recebido nenhuma bolsa ainda né,131502,132715,1213
132715,134762,2047,0,GE-Phrase,264,134077,135782,1705
132715,134762,2047,0,NTB,tinha acabado de acontecer o processo,132715,134762,2047
136371,137155,784,0,GE-Phrase,265,135782,138288,2506
136371,137155,784,0,NTB,a minha tutora,136371,137155,784
137155,137394,239,0,GE-Phrase,265,135782,138288,2506
137155,137394,239,0,NTB,né,137155,137394,239
141078,143026,1948,0,GE-Phrase,268,142467,145380,2913
141078,143026,1948,0,NTB,e a gente volta quando retomar a aula,141078,143026,1948
149343,150432,1089,0,GE-Phrase,271,149490,151803,2313
149343,150432,1089,0,NTB,se cês concordarem,149343,150432,1089
9631,12030,2399,0,GE-Phrase,206,11228,13092,1864
9631,12030,2399,0,NTB,que inclusive tô produzindo um,9631,12030,2399
12030,13506,1476,0,GE-Phrase,207,13092,14908,1816
12030,13506,1476,0,NTB,p' cê ver a dubiedade da coisa,12030,13506,1476
25187,26370,1183,0,GE-Phrase,212,23414,26572,3158
25187,26370,1183,0,NTB,se eu reproduzir meu método,25187,26370,1183
26370,27200,830,0,GE-Phrase,213,26572,28865,2293
26370,27200,830,0,NTB,tá ligado,26370,27200,830
27200,28048,848,0,GE-Phrase,213,26572,28865,2293
27200,28048,848,0,NTB,dentro da cultura,27200,28048,848
28048,29067,1019,0,GE-Phrase,214,28865,30267,1402
28048,29067,1019,0,NTB,e adequando e et cetera,28048,29067,1019
69285,70269,984,0,GE-Phrase,234,70078,71694,1616
69285,70269,984,0,NTB,o projeto é dela,69285,70269,984
123333,123678,345,0,GE-Phrase,261,123162,126484,3322
123333,123678,345,0,NTB,porque &n [/1],123333,123678,345
123678,123884,206,0,GE-Phrase,261,123162,126484,3322
123678,123884,206,0,NTB,né,123678,123884,206
123884,124797,913,0,GE-Phrase,261,123162,126484,3322
123884,124797,913,0,NTB,ia parar tudo,123884,124797,913
124797,126007,1210,0,GE-Phrase,261,123162,126484,3322
124797,126007,1210,0,NTB,então vou monitorar quem,124797,126007,1210
126007,127426,1419,0,NTB,et cetera,126007,127426,1419
131502,132715,1213,0,GE-Phrase,263,132202,134077,1875
131502,132715,1213,0,NTB,nũ tinha recebido nenhuma bolsa ainda né,131502,132715,1213
132715,134762,2047,0,GE-Phrase,264,134077,135782,1705
132715,134762,2047,0,NTB,tinha acabado de acontecer o processo,132715,134762,2047
136371,137155,784,0,GE-Phrase,265,135782,138288,2506
136371,137155,784,0,NTB,a minha tutora,136371,137155,784
137155,137394,239,0,GE-Phrase,265,135782,138288,2506
137155,137394,239,0,NTB,né,137155,137394,239
141078,143026,1948,0,GE-Phrase,268,142467,145380,2913
141078,143026,1948,0,NTB,e a gente volta quando retomar a aula,141078,143026,1948
149343,150432,1089,0,GE-Phrase,271,149490,151803,2313
149343,150432,1089,0,NTB,se cês concordarem,149343,150432,1089
9631,12030,2399,0,GE-Phrase,206,11228,13092,1864
9631,12030,2399,0,NTB,que inclusive tô produzindo um,9631,12030,2399
12030,13506,1476,0,GE-Phrase,207,13092,14908,1816
12030,13506,1476,0,NTB,p' cê ver a dubiedade da coisa,12030,13506,1476
25187,26370,1183,0,GE-Phrase,212,23414,26572,3158
25187,26370,1183,0,NTB,se eu reproduzir meu método,25187,26370,1183
26370,27200,830,0,GE-Phrase,213,26572,28865,2293
26370,27200,830,0,NTB,tá ligado,26370,27200,830
27200,28048,848,0,GE-Phrase,213,26572,28865,2293
27200,28048,848,0,NTB,dentro da cultura,27200,28048,848
28048,29067,1019,0,GE-Phrase,214,28865,30267,1402
28048,29067,1019,0,NTB,e adequando e et cetera,28048,29067,1019
69285,70269,984,0,GE-Phrase,234,70078,71694,1616
69285,70269,984,0,NTB,o projeto é dela,69285,70269,984
123333,123678,345,0,GE-Phrase,261,123162,126484,3322
123333,123678,345,0,NTB,porque &n [/1],123333,123678,345
123678,123884,206,0,GE-Phrase,261,123162,126484,3322
123678,123884,206,0,NTB,né,123678,123884,206
123884,124797,913,0,GE-Phrase,261,123162,126484,3322
123884,124797,913,0,NTB,ia parar tudo,123884,124797,913
124797,126007,1210,0,GE-Phrase,261,123162,126484,3322
124797,126007,1210,0,NTB,então vou monitorar quem,124797,126007,1210
126007,127426,1419,0,NTB,et cetera,126007,127426,1419
131502,132715,1213,0,GE-Phrase,263,132202,134077,1875
131502,132715,1213,0,NTB,nũ tinha recebido nenhuma bolsa ainda né,131502,132715,1213
132715,134762,2047,0,GE-Phrase,264,134077,135782,1705
132715,134762,2047,0,NTB,tinha acabado de acontecer o processo,132715,134762,2047
136371,137155,784,0,GE-Phrase,265,135782,138288,2506
136371,137155,784,0,NTB,a minha tutora,136371,137155,784
137155,137394,239,0,GE-Phrase,265,135782,138288,2506
137155,137394,239,0,NTB,né,137155,137394,239
141078,143026,1948,0,GE-Phrase,268,142467,145380,2913
141078,143026,1948,0,NTB,e a gente volta quando retomar a aula,141078,143026,1948
149343,150432,1089,0,GE-Phrase,271,149490,151803,2313
149343,150432,1089,0,NTB,se cês concordarem,149343,150432,1089
9631,12030,2399,0,GE-Phrase,206,11228,13092,1864
9631,12030,2399,0,NTB,que inclusive tô produzindo um,9631,12030,2399
12030,13506,1476,0,GE-Phrase,207,13092,14908,1816
12030,13506,1476,0,NTB,p' cê ver a dubiedade da coisa,12030,13506,1476
25187,26370,1183,0,GE-Phrase,212,23414,26572,3158
25187,26370,1183,0,NTB,se eu reproduzir meu método,25187,26370,1183
26370,27200,830,0,GE-Phrase,213,26572,28865,2293
26370,27200,830,0,NTB,tá ligado,26370,27200,830
27200,28048,848,0,GE-Phrase,213,26572,28865,2293
27200,28048,848,0,NTB,dentro da cultura,27200,28048,848
28048,29067,1019,0,GE-Phrase,214,28865,30267,1402
28048,29067,1019,0,NTB,e adequando e et cetera,28048,29067,1019
69285,70269,984,0,GE-Phrase,234,70078,71694,1616
69285,70269,984,0,NTB,o projeto é dela,69285,70269,984
123333,123678,345,0,GE-Phrase,261,123162,126484,3322
123333,123678,345,0,NTB,porque &n [/1],123333,123678,345
123678,123884,206,0,GE-Phrase,261,123162,126484,3322
123678,123884,206,0,NTB,né,123678,123884,206
123884,124797,913,0,GE-Phrase,261,123162,126484,3322
123884,124797,913,0,NTB,ia parar tudo,123884,124797,913
124797,126007,1210,0,GE-Phrase,261,123162,126484,3322
124797,126007,1210,0,NTB,então vou monitorar quem,124797,126007,1210
126007,127426,1419,0,NTB,et cetera,126007,127426,1419
131502,132715,1213,0,GE-Phrase,263,132202,134077,1875
131502,132715,1213,0,NTB,nũ tinha recebido nenhuma bolsa ainda né,131502,132715,1213
132715,134762,2047,0,GE-Phrase,264,134077,135782,1705
132715,134762,2047,0,NTB,tinha acabado de acontecer o processo,132715,134762,2047
136371,137155,784,0,GE-Phrase,265,135782,138288,2506
136371,137155,784,0,NTB,a minha tutora,136371,137155,784
137155,137394,239,0,GE-Phrase,265,135782,138288,2506
137155,137394,239,0,NTB,né,137155,137394,239
141078,143026,1948,0,GE-Phrase,268,142467,145380,2913
141078,143026,1948,0,NTB,e a gente volta quando retomar a aula,141078,143026,1948
149343,150432,1089,0,GE-Phrase,271,149490,151803,2313
149343,150432,1089,0,NTB,se cês concordarem,149343,150432,1089
9631,12030,2399,0,GE-Phrase,206,11228,13092,1864
9631,12030,2399,0,NTB,que inclusive tô produzindo um,9631,12030,2399
12030,13506,1476,0,GE-Phrase,207,13092,14908,1816
12030,13506,1476,0,NTB,p' cê ver a dubiedade da coisa,12030,13506,1476
25187,26370,1183,0,GE-Phrase,212,23414,26572,3158
25187,26370,1183,0,NTB,se eu reproduzir meu método,25187,26370,1183
26370,27200,830,0,GE-Phrase,213,26572,28865,2293
26370,27200,830,0,NTB,tá ligado,26370,27200,830
27200,28048,848,0,GE-Phrase,213,26572,28865,2293
27200,28048,848,0,NTB,dentro da cultura,27200,28048,848
28048,29067,1019,0,GE-Phrase,214,28865,30267,1402
28048,29067,1019,0,NTB,e adequando e et cetera,28048,29067,1019
69285,70269,984,0,GE-Phrase,234,70078,71694,1616
69285,70269,984,0,NTB,o projeto é dela,69285,70269,984
123333,123678,345,0,GE-Phrase,261,123162,126484,3322
123333,123678,345,0,NTB,porque &n [/1],123333,123678,345
123678,123884,206,0,GE-Phrase,261,123162,126484,3322
123678,123884,206,0,NTB,né,123678,123884,206
123884,124797,913,0,GE-Phrase,261,123162,126484,3322
123884,124797,913,0,NTB,ia parar tudo,123884,124797,913
124797,126007,1210,0,GE-Phrase,261,123162,126484,3322
124797,126007,1210,0,NTB,então vou monitorar quem,124797,126007,1210
126007,127426,1419,0,NTB,et cetera,126007,127426,1419
131502,132715,1213,0,GE-Phrase,263,132202,134077,1875
131502,132715,1213,0,NTB,nũ tinha recebido nenhuma bolsa ainda né,131502,132715,1213
132715,134762,2047,0,GE-Phrase,264,134077,135782,1705
132715,134762,2047,0,NTB,tinha acabado de acontecer o processo,132715,134762,2047
136371,137155,784,0,GE-Phrase,265,135782,138288,2506
136371,137155,784,0,NTB,a minha tutora,136371,137155,784
137155,137394,239,0,GE-Phrase,265,135782,138288,2506
137155,137394,239,0,NTB,né,137155,137394,239
141078,143026,1948,0,GE-Phrase,268,142467,145380,2913
141078,143026,1948,0,NTB,e a gente volta quando retomar a aula,141078,143026,1948
149343,150432,1089,0,GE-Phrase,271,149490,151803,2313
149343,150432,1089,0,NTB,se cês concordarem,149343,150432,1089
9631,12030,2399,0,GE-Phrase,206,11228,13092,1864
9631,12030,2399,0,NTB,que inclusive tô produzindo um,9631,12030,2399
12030,13506,1476,0,GE-Phrase,207,13092,14908,1816
12030,13506,1476,0,NTB,p' cê ver a dubiedade da coisa,12030,13506,1476
25187,26370,1183,0,GE-Phrase,212,23414,26572,3158
25187,26370,1183,0,NTB,se eu reproduzir meu método,25187,26370,1183
26370,27200,830,0,GE-Phrase,213,26572,28865,2293
26370,27200,830,0,NTB,tá ligado,26370,27200,830
27200,28048,848,0,GE-Phrase,213,26572,28865,2293
27200,28048,848,0,NTB,dentro da cultura,27200,28048,848
28048,29067,1019,0,GE-Phrase,214,28865,30267,1402
28048,29067,1019,0,NTB,e adequando e et cetera,28048,29067,1019
69285,70269,984,0,GE-Phrase,234,70078,71694,1616
69285,70269,984,0,NTB,o projeto é dela,69285,70269,984
123333,123678,345,0,GE-Phrase,261,123162,126484,3322
123333,123678,345,0,NTB,porque &n [/1],123333,123678,345
123678,123884,206,0,GE-Phrase,261,123162,126484,3322
123678,123884,206,0,NTB,né,123678,123884,206
123884,124797,913,0,GE-Phrase,261,123162,126484,3322
123884,124797,913,0,NTB,ia parar tudo,123884,124797,913
124797,126007,1210,0,GE-Phrase,261,123162,126484,3322
124797,126007,1210,0,NTB,então vou monitorar quem,124797,126007,1210
126007,127426,1419,0,NTB,et cetera,126007,127426,1419
131502,132715,1213,0,GE-Phrase,263,132202,134077,1875
131502,132715,1213,0,NTB,nũ tinha recebido nenhuma bolsa ainda né,131502,132715,1213
132715,134762,2047,0,GE-Phrase,264,134077,135782,1705
132715,134762,2047,0,NTB,tinha acabado de acontecer o processo,132715,134762,2047
136371,137155,784,0,GE-Phrase,265,135782,138288,2506
136371,137155,784,0,NTB,a minha tutora,136371,137155,784
137155,137394,239,0,GE-Phrase,265,135782,138288,2506
137155,137394,239,0,NTB,né,137155,137394,239
141078,143026,1948,0,GE-Phrase,268,142467,145380,2913
141078,143026,1948,0,NTB,e a gente volta quando retomar a aula,141078,143026,1948
149343,150432,1089,0,GE-Phrase,271,149490,151803,2313
149343,150432,1089,0,NTB,se cês concordarem,149343,150432,1089
9631,12030,2399,0,GE-Phrase,206,11228,13092,1864
9631,12030,2399,0,NTB,que inclusive tô produzindo um,9631,12030,2399
12030,13506,1476,0,GE-Phrase,207,13092,14908,1816
12030,13506,1476,0,NTB,p' cê ver a dubiedade da coisa,12030,13506,1476
25187,26370,1183,0,GE-Phrase,212,23414,26572,3158
25187,26370,1183,0,NTB,se eu reproduzir meu método,25187,26370,1183
26370,27200,830,0,GE-Phrase,213,26572,28865,2293
26370,27200,830,0,NTB,tá ligado,26370,27200,830
27200,28048,848,0,GE-Phrase,213,26572,28865,2293
27200,28048,848,0,NTB,dentro da cultura,27200,28048,848
28048,29067,1019,0,GE-Phrase,214,28865,30267,1402
28048,29067,1019,0,NTB,e adequando e et cetera,28048,29067,1019
69285,70269,984,0,GE-Phrase,234,70078,71694,1616
69285,70269,984,0,NTB,o projeto é dela,69285,70269,984
123333,123678,345,0,GE-Phrase,261,123162,126484,3322
123333,123678,345,0,NTB,porque &n [/1],123333,123678,345
123678,123884,206,0,GE-Phrase,261,123162,126484,3322
123678,123884,206,0,NTB,né,123678,123884,206
123884,124797,913,0,GE-Phrase,261,123162,126484,3322
123884,124797,913,0,NTB,ia parar tudo,123884,124797,913
124797,126007,1210,0,GE-Phrase,261,123162,126484,3322
124797,126007,1210,0,NTB,então vou monitorar quem,124797,126007,1210
126007,127426,1419,0,NTB,et cetera,126007,127426,1419
131502,132715,1213,0,GE-Phrase,263,132202,134077,1875
131502,132715,1213,0,NTB,nũ tinha recebido nenhuma bolsa ainda né,131502,132715,1213
132715,134762,2047,0,GE-Phrase,264,134077,135782,1705
132715,134762,2047,0,NTB,tinha acabado de acontecer o processo,132715,134762,2047
136371,137155,784,0,GE-Phrase,265,135782,138288,2506
136371,137155,784,0,NTB,a minha tutora,136371,137155,784
137155,137394,239,0,GE-Phrase,265,135782,138288,2506
137155,137394,239,0,NTB,né,137155,137394,239
141078,143026,1948,0,GE-Phrase,268,142467,145380,2913
141078,143026,1948,0,NTB,e a gente volta quando retomar a aula,141078,143026,1948
149343,150432,1089,0,GE-Phrase,271,149490,151803,2313
149343,150432,1089,0,NTB,se cês concordarem,149343,150432,1089
9631,12030,2399,0,GE-Phrase,206,11228,13092,1864
9631,12030,2399,0,NTB,que inclusive tô produzindo um,9631,12030,2399
12030,13506,1476,0,GE-Phrase,207,13092,14908,1816
12030,13506,1476,0,NTB,p' cê ver a dubiedade da coisa,12030,13506,1476
25187,26370,1183,0,GE-Phrase,212,23414,26572,3158
25187,26370,1183,0,NTB,se eu reproduzir meu método,25187,26370,1183
26370,27200,830,0,GE-Phrase,213,26572,28865,2293
26370,27200,830,0,NTB,tá ligado,26370,27200,830
27200,28048,848,0,GE-Phrase,213,26572,28865,2293
27200,28048,848,0,NTB,dentro da cultura,27200,28048,848
28048,29067,1019,0,GE-Phrase,214,28865,30267,1402
28048,29067,1019,0,NTB,e adequando e et cetera,28048,29067,1019
69285,70269,984,0,GE-Phrase,234,70078,71694,1616
69285,70269,984,0,NTB,o projeto é dela,69285,70269,984
123333,123678,345,0,GE-Phrase,261,123162,126484,3322
123333,123678,345,0,NTB,porque &n [/1],123333,123678,345
123678,123884,206,0,GE-Phrase,261,123162,126484,3322
123678,123884,206,0,NTB,né,123678,123884,206
123884,124797,913,0,GE-Phrase,261,123162,126484,3322
123884,124797,913,0,NTB,ia parar tudo,123884,124797,913
124797,126007,1210,0,GE-Phrase,261,123162,126484,3322
124797,126007,1210,0,NTB,então vou monitorar quem,124797,126007,1210
126007,127426,1419,0,NTB,et cetera,126007,127426,1419
131502,132715,1213,0,GE-Phrase,263,132202,134077,1875
131502,132715,1213,0,NTB,nũ tinha recebido nenhuma bolsa ainda né,131502,132715,1213
132715,134762,2047,0,GE-Phrase,264,134077,135782,1705
132715,134762,2047,0,NTB,tinha acabado de acontecer o processo,132715,134762,2047
136371,137155,784,0,GE-Phrase,265,135782,138288,2506
136371,137155,784,0,NTB,a minha tutora,136371,137155,784
137155,137394,239,0,GE-Phrase,265,135782,138288,2506
137155,137394,239,0,NTB,né,137155,137394,239
141078,143026,1948,0,GE-Phrase,268,142467,145380,2913
141078,143026,1948,0,NTB,e a gente volta quando retomar a aula,141078,143026,1948
149343,150432,1089,0,GE-Phrase,271,149490,151803,2313
149343,150432,1089,0,NTB,se cês concordarem,149343,150432,1089
9631,12030,2399,0,GE-Phrase,206,11228,13092,1864
9631,12030,2399,0,NTB,que inclusive tô produzindo um,9631,12030,2399
12030,13506,1476,0,GE-Phrase,207,13092,14908,1816
12030,13506,1476,0,NTB,p' cê ver a dubiedade da coisa,12030,13506,1476
25187,26370,1183,0,GE-Phrase,212,23414,26572,3158
25187,26370,1183,0,NTB,se eu reproduzir meu método,25187,26370,1183
26370,27200,830,0,GE-Phrase,213,26572,28865,2293
26370,27200,830,0,NTB,tá ligado,26370,27200,830
27200,28048,848,0,GE-Phrase,213,26572,28865,2293
27200,28048,848,0,NTB,dentro da cultura,27200,28048,848
28048,29067,1019,0,GE-Phrase,214,28865,30267,1402
28048,29067,1019,0,NTB,e adequando e et cetera,28048,29067,1019
69285,70269,984,0,GE-Phrase,234,70078,71694,1616
69285,70269,984,0,NTB,o projeto é dela,69285,70269,984
123333,123678,345,0,GE-Phrase,261,123162,126484,3322
123333,123678,345,0,NTB,porque &n [/1],123333,123678,345
123678,123884,206,0,GE-Phrase,261,123162,126484,3322
123678,123884,206,0,NTB,né,123678,123884,206
123884,124797,913,0,GE-Phrase,261,123162,126484,3322
123884,124797,913,0,NTB,ia parar tudo,123884,124797,913
124797,126007,1210,0,GE-Phrase,261,123162,126484,3322
124797,126007,1210,0,NTB,então vou monitorar quem,124797,126007,1210
126007,127426,1419,0,NTB,et cetera,126007,127426,1419
131502,132715,1213,0,GE-Phrase,263,132202,134077,1875
131502,132715,1213,0,NTB,nũ tinha recebido nenhuma bolsa ainda né,131502,132715,1213
132715,134762,2047,0,GE-Phrase,264,134077,135782,1705
132715,134762,2047,0,NTB,tinha acabado de acontecer o processo,132715,134762,2047
136371,137155,784,0,GE-Phrase,265,135782,138288,2506
136371,137155,784,0,NTB,a minha tutora,136371,137155,784
137155,137394,239,0,GE-Phrase,265,135782,138288,2506
137155,137394,239,0,NTB,né,137155,137394,239
141078,143026,1948,0,GE-Phrase,268,142467,145380,2913
141078,143026,1948,0,NTB,e a gente volta quando retomar a aula,141078,143026,1948
149343,150432,1089,0,GE-Phrase,271,149490,151803,2313
149343,150432,1089,0,NTB,se cês concordarem,149343,150432,1089
9631,12030,2399,0,GE-Phrase,206,11228,13092,1864
9631,12030,2399,0,NTB,que inclusive tô produzindo um,9631,12030,2399
12030,13506,1476,0,GE-Phrase,207,13092,14908,1816
12030,13506,1476,0,NTB,p' cê ver a dubiedade da coisa,12030,13506,1476
25187,26370,1183,0,GE-Phrase,212,23414,26572,3158
25187,26370,1183,0,NTB,se eu reproduzir meu método,25187,26370,1183
26370,27200,830,0,GE-Phrase,213,26572,28865,2293
26370,27200,830,0,NTB,tá ligado,26370,27200,830
27200,28048,848,0,GE-Phrase,213,26572,28865,2293
27200,28048,848,0,NTB,dentro da cultura,27200,28048,848
28048,29067,1019,0,GE-Phrase,214,28865,30267,1402
28048,29067,1019,0,NTB,e adequando e et cetera,28048,29067,1019
69285,70269,984,0,GE-Phrase,234,70078,71694,1616
69285,70269,984,0,NTB,o projeto é dela,69285,70269,984
123333,123678,345,0,GE-Phrase,261,123162,126484,3322
123333,123678,345,0,NTB,porque &n [/1],123333,123678,345
123678,123884,206,0,GE-Phrase,261,123162,126484,3322
123678,123884,206,0,NTB,né,123678,123884,206
123884,124797,913,0,GE-Phrase,261,123162,126484,3322
123884,124797,913,0,NTB,ia parar tudo,123884,124797,913
124797,126007,1210,0,GE-Phrase,261,123162,126484,3322
124797,126007,1210,0,NTB,então vou monitorar quem,124797,126007,1210
126007,127426,1419,0,NTB,et cetera,126007,127426,1419
131502,132715,1213,0,GE-Phrase,263,132202,134077,1875
131502,132715,1213,0,NTB,nũ tinha recebido nenhuma bolsa ainda né,131502,132715,1213
132715,134762,2047,0,GE-Phrase,264,134077,135782,1705
132715,134762,2047,0,NTB,tinha acabado de acontecer o processo,132715,134762,2047
136371,137155,784,0,GE-Phrase,265,135782,138288,2506
136371,137155,784,0,NTB,a minha tutora,136371,137155,784
137155,137394,239,0,GE-Phrase,265,135782,138288,2506
137155,137394,239,0,NTB,né,137155,137394,239
141078,143026,1948,0,GE-Phrase,268,142467,145380,2913
141078,143026,1948,0,NTB,e a gente volta quando retomar a aula,141078,143026,1948
149343,150432,1089,0,GE-Phrase,271,149490,151803,2313
149343,150432,1089,0,NTB,se cês concordarem,149343,150432,1089
9631,12030,2399,0,GE-Phrase,206,11228,13092,1864
9631,12030,2399,0,NTB,que inclusive tô produzindo um,9631,12030,2399
12030,13506,1476,0,GE-Phrase,207,13092,14908,1816
12030,13506,1476,0,NTB,p' cê ver a dubiedade da coisa,12030,13506,1476
25187,26370,1183,0,GE-Phrase,212,23414,26572,3158
25187,26370,1183,0,NTB,se eu reproduzir meu método,25187,26370,1183
26370,27200,830,0,GE-Phrase,213,26572,28865,2293
26370,27200,830,0,NTB,tá ligado,26370,27200,830
27200,28048,848,0,GE-Phrase,213,26572,28865,2293
27200,28048,848,0,NTB,dentro da cultura,27200,28048,848
28048,29067,1019,0,GE-Phrase,214,28865,30267,1402
28048,29067,1019,0,NTB,e adequando e et cetera,28048,29067,1019
69285,70269,984,0,GE-Phrase,234,70078,71694,1616
69285,70269,984,0,NTB,o projeto é dela,69285,70269,984
123333,123678,345,0,GE-Phrase,261,123162,126484,3322
123333,123678,345,0,NTB,porque &n [/1],123333,123678,345
123678,123884,206,0,GE-Phrase,261,123162,126484,3322
123678,123884,206,0,NTB,né,123678,123884,206
123884,124797,913,0,GE-Phrase,261,123162,126484,3322
123884,124797,913,0,NTB,ia parar tudo,123884,124797,913
124797,126007,1210,0,GE-Phrase,261,123162,126484,3322
124797,126007,1210,0,NTB,então vou monitorar quem,124797,126007,1210
126007,127426,1419,0,NTB,et cetera,126007,127426,1419
131502,132715,1213,0,GE-Phrase,263,132202,134077,1875
131502,132715,1213,0,NTB,nũ tinha recebido nenhuma bolsa ainda né,131502,132715,1213
132715,134762,2047,0,GE-Phrase,264,134077,135782,1705
132715,134762,2047,0,NTB,tinha acabado de acontecer o processo,132715,134762,2047
136371,137155,784,0,GE-Phrase,265,135782,138288,2506
136371,137155,784,0,NTB,a minha tutora,136371,137155,784
137155,137394,239,0,GE-Phrase,265,135782,138288,2506
137155,137394,239,0,NTB,né,137155,137394,239
141078,143026,1948,0,GE-Phrase,268,142467,145380,2913
141078,143026,1948,0,NTB,e a gente volta quando retomar a aula,141078,143026,1948
149343,150432,1089,0,GE-Phrase,271,149490,151803,2313
149343,150432,1089,0,NTB,se cês concordarem,149343,150432,1089
9631,12030,2399,0,GE-Phrase,206,11228,13092,1864
9631,12030,2399,0,NTB,que inclusive tô produzindo um,9631,12030,2399
12030,13506,1476,0,GE-Phrase,207,13092,14908,1816
12030,13506,1476,0,NTB,p' cê ver a dubiedade da coisa,12030,13506,1476
25187,26370,1183,0,GE-Phrase,212,23414,26572,3158
25187,26370,1183,0,NTB,se eu reproduzir meu método,25187,26370,1183
26370,27200,830,0,GE-Phrase,213,26572,28865,2293
26370,27200,830,0,NTB,tá ligado,26370,27200,830
27200,28048,848,0,GE-Phrase,213,26572,28865,2293
27200,28048,848,0,NTB,dentro da cultura,27200,28048,848
28048,29067,1019,0,GE-Phrase,214,28865,30267,1402
28048,29067,1019,0,NTB,e adequando e et cetera,28048,29067,1019
69285,70269,984,0,GE-Phrase,234,70078,71694,1616
69285,70269,984,0,NTB,o projeto é dela,69285,70269,984
123333,123678,345,0,GE-Phrase,261,123162,126484,3322
123333,123678,345,0,NTB,porque &n [/1],123333,123678,345
123678,123884,206,0,GE-Phrase,261,123162,126484,3322
123678,123884,206,0,NTB,né,123678,123884,206
123884,124797,913,0,GE-Phrase,261,123162,126484,3322
123884,124797,913,0,NTB,ia parar tudo,123884,124797,913
124797,126007,1210,0,GE-Phrase,261,123162,126484,3322
124797,126007,1210,0,NTB,então vou monitorar quem,124797,126007,1210
126007,127426,1419,0,NTB,et cetera,126007,127426,1419
131502,132715,1213,0,GE-Phrase,263,132202,134077,1875
131502,132715,1213,0,NTB,nũ tinha recebido nenhuma bolsa ainda né,131502,132715,1213
132715,134762,2047,0,GE-Phrase,264,134077,135782,1705
132715,134762,2047,0,NTB,tinha acabado de acontecer o processo,132715,134762,2047
136371,137155,784,0,GE-Phrase,265,135782,138288,2506
136371,137155,784,0,NTB,a minha tutora,136371,137155,784
137155,137394,239,0,GE-Phrase,265,135782,138288,2506
137155,137394,239,0,NTB,né,137155,137394,239
141078,143026,1948,0,GE-Phrase,268,142467,145380,2913
141078,143026,1948,0,NTB,e a gente volta quando retomar a aula,141078,143026,1948
149343,150432,1089,0,GE-Phrase,271,149490,151803,2313
149343,150432,1089,0,NTB,se cês concordarem,149343,150432,1089
9631,12030,2399,0,GE-Phrase,206,11228,13092,1864
9631,12030,2399,0,NTB,que inclusive tô produzindo um,9631,12030,2399
12030,13506,1476,0,GE-Phrase,207,13092,14908,1816
12030,13506,1476,0,NTB,p' cê ver a dubiedade da coisa,12030,13506,1476
25187,26370,1183,0,GE-Phrase,212,23414,26572,3158
25187,26370,1183,0,NTB,se eu reproduzir meu método,25187,26370,1183
26370,27200,830,0,GE-Phrase,213,26572,28865,2293
26370,27200,830,0,NTB,tá ligado,26370,27200,830
27200,28048,848,0,GE-Phrase,213,26572,28865,2293
27200,28048,848,0,NTB,dentro da cultura,27200,28048,848
28048,29067,1019,0,GE-Phrase,214,28865,30267,1402
28048,29067,1019,0,NTB,e adequando e et cetera,28048,29067,1019
69285,70269,984,0,GE-Phrase,234,70078,71694,1616
69285,70269,984,0,NTB,o projeto é dela,69285,70269,984
123333,123678,345,0,GE-Phrase,261,123162,126484,3322
123333,123678,345,0,NTB,porque &n [/1],123333,123678,345
123678,123884,206,0,GE-Phrase,261,123162,126484,3322
123678,123884,206,0,NTB,né,123678,123884,206
123884,124797,913,0,GE-Phrase,261,123162,126484,3322
123884,124797,913,0,NTB,ia parar tudo,123884,124797,913
124797,126007,1210,0,GE-Phrase,261,123162,126484,3322
124797,126007,1210,0,NTB,então vou monitorar quem,124797,126007,1210
126007,127426,1419,0,NTB,et cetera,126007,127426,1419
131502,132715,1213,0,GE-Phrase,263,132202,134077,1875
131502,132715,1213,0,NTB,nũ tinha recebido nenhuma bolsa ainda né,131502,132715,1213
132715,134762,2047,0,GE-Phrase,264,134077,135782,1705
132715,134762,2047,0,NTB,tinha acabado de acontecer o processo,132715,134762,2047
136371,137155,784,0,GE-Phrase,265,135782,138288,2506
136371,137155,784,0,NTB,a minha tutora,136371,137155,784
137155,137394,239,0,GE-Phrase,265,135782,138288,2506
137155,137394,239,0,NTB,né,137155,137394,239
141078,143026,1948,0,GE-Phrase,268,142467,145380,2913
141078,143026,1948,0,NTB,e a gente volta quando retomar a aula,141078,143026,1948
149343,150432,1089,0,GE-Phrase,271,149490,151803,2313
149343,150432,1089,0,NTB,se cês concordarem,149343,150432,1089
9631,12030,2399,0,GE-Phrase,206,11228,13092,1864
9631,12030,2399,0,NTB,que inclusive tô produzindo um,9631,12030,2399
12030,13506,1476,0,GE-Phrase,207,13092,14908,1816
12030,13506,1476,0,NTB,p' cê ver a dubiedade da coisa,12030,13506,1476
25187,26370,1183,0,GE-Phrase,212,23414,26572,3158
25187,26370,1183,0,NTB,se eu reproduzir meu método,25187,26370,1183
26370,27200,830,0,GE-Phrase,213,26572,28865,2293
26370,27200,830,0,NTB,tá ligado,26370,27200,830
27200,28048,848,0,GE-Phrase,213,26572,28865,2293
27200,28048,848,0,NTB,dentro da cultura,27200,28048,848
28048,29067,1019,0,GE-Phrase,214,28865,30267,1402
28048,29067,1019,0,NTB,e adequando e et cetera,28048,29067,1019
69285,70269,984,0,GE-Phrase,234,70078,71694,1616
69285,70269,984,0,NTB,o projeto é dela,69285,70269,984
123333,123678,345,0,GE-Phrase,261,123162,126484,3322
123333,123678,345,0,NTB,porque &n [/1],123333,123678,345
123678,123884,206,0,GE-Phrase,261,123162,126484,3322
123678,123884,206,0,NTB,né,123678,123884,206
123884,124797,913,0,GE-Phrase,261,123162,126484,3322
123884,124797,913,0,NTB,ia parar tudo,123884,124797,913
124797,126007,1210,0,GE-Phrase,261,123162,126484,3322
124797,126007,1210,0,NTB,então vou monitorar quem,124797,126007,1210
126007,127426,1419,0,NTB,et cetera,126007,127426,1419
131502,132715,1213,0,GE-Phrase,263,132202,134077,1875
131502,132715,1213,0,NTB,nũ tinha recebido nenhuma bolsa ainda né,131502,132715,1213
132715,134762,2047,0,GE-Phrase,264,134077,135782,1705
132715,134762,2047,0,NTB,tinha acabado de acontecer o processo,132715,134762,2047
136371,137155,784,0,GE-Phrase,265,135782,138288,2506
136371,137155,784,0,NTB,a minha tutora,136371,137155,784
137155,137394,239,0,GE-Phrase,265,135782,138288,2506
137155,137394,239,0,NTB,né,137155,137394,239
141078,143026,1948,0,GE-Phrase,268,142467,145380,2913
141078,143026,1948,0,NTB,e a gente volta quando retomar a aula,141078,143026,1948
149343,150432,1089,0,GE-Phrase,271,149490,151803,2313
149343,150432,1089,0,NTB,se cês concordarem,149343,150432,1089
9631,12030,2399,0,GE-Phrase,206,11228,13092,1864
9631,12030,2399,0,NTB,que inclusive tô produzindo um,9631,12030,2399
12030,13506,1476,0,GE-Phrase,207,13092,14908,1816
12030,13506,1476,0,NTB,p' cê ver a dubiedade da coisa,12030,13506,1476
25187,26370,1183,0,GE-Phrase,212,23414,26572,3158
25187,26370,1183,0,NTB,se eu reproduzir meu método,25187,26370,1183
26370,27200,830,0,GE-Phrase,213,26572,28865,2293
26370,27200,830,0,NTB,tá ligado,26370,27200,830
27200,28048,848,0,GE-Phrase,213,26572,28865,2293
27200,28048,848,0,NTB,dentro da cultura,27200,28048,848
28048,29067,1019,0,GE-Phrase,214,28865,30267,1402
28048,29067,1019,0,NTB,e adequando e et cetera,28048,29067,1019
69285,70269,984,0,GE-Phrase,234,70078,71694,1616
69285,70269,984,0,NTB,o projeto é dela,69285,70269,984
123333,123678,345,0,GE-Phrase,261,123162,126484,3322
123333,123678,345,0,NTB,porque &n [/1],123333,123678,345
123678,123884,206,0,GE-Phrase,261,123162,126484,3322
123678,123884,206,0,NTB,né,123678,123884,206
123884,124797,913,0,GE-Phrase,261,123162,126484,3322
123884,124797,913,0,NTB,ia parar tudo,123884,124797,913
124797,126007,1210,0,GE-Phrase,261,123162,126484,3322
124797,126007,1210,0,NTB,então vou monitorar quem,124797,126007,1210
126007,127426,1419,0,NTB,et cetera,126007,127426,1419
131502,132715,1213,0,GE-Phrase,263,132202,134077,1875
131502,132715,1213,0,NTB,nũ tinha recebido nenhuma bolsa ainda né,131502,132715,1213
132715,134762,2047,0,GE-Phrase,264,134077,135782,1705
132715,134762,2047,0,NTB,tinha acabado de acontecer o processo,132715,134762,2047
136371,137155,784,0,GE-Phrase,265,135782,138288,2506
136371,137155,784,0,NTB,a minha tutora,136371,137155,784
137155,137394,239,0,GE-Phrase,265,135782,138288,2506
137155,137394,239,0,NTB,né,137155,137394,239
141078,143026,1948,0,GE-Phrase,268,142467,145380,2913
141078,143026,1948,0,NTB,e a gente volta quando retomar a aula,141078,143026,1948
149343,150432,1089,0,GE-Phrase,271,149490,151803,2313
149343,150432,1089,0,NTB,se cês concordarem,149343,150432,1089
9631,12030,2399,0,GE-Phrase,206,11228,13092,1864
9631,12030,2399,0,NTB,que inclusive tô produzindo um,9631,12030,2399
12030,13506,1476,0,GE-Phrase,207,13092,14908,1816
12030,13506,1476,0,NTB,p' cê ver a dubiedade da coisa,12030,13506,1476
25187,26370,1183,0,GE-Phrase,212,23414,26572,3158
25187,26370,1183,0,NTB,se eu reproduzir meu método,25187,26370,1183
26370,27200,830,0,GE-Phrase,213,26572,28865,2293
26370,27200,830,0,NTB,tá ligado,26370,27200,830
27200,28048,848,0,GE-Phrase,213,26572,28865,2293
27200,28048,848,0,NTB,dentro da cultura,27200,28048,848
28048,29067,1019,0,GE-Phrase,214,28865,30267,1402
28048,29067,1019,0,NTB,e adequando e et cetera,28048,29067,1019
69285,70269,984,0,GE-Phrase,234,70078,71694,1616
69285,70269,984,0,NTB,o projeto é dela,69285,70269,984
123333,123678,345,0,GE-Phrase,261,123162,126484,3322
123333,123678,345,0,NTB,porque &n [/1],123333,123678,345
123678,123884,206,0,GE-Phrase,261,123162,126484,3322
123678,123884,206,0,NTB,né,123678,123884,206
123884,124797,913,0,GE-Phrase,261,123162,126484,3322
123884,124797,913,0,NTB,ia parar tudo,123884,124797,913
124797,126007,1210,0,GE-Phrase,261,123162,126484,3322
124797,126007,1210,0,NTB,então vou monitorar quem,124797,126007,1210
126007,127426,1419,0,NTB,et cetera,126007,127426,1419
131502,132715,1213,0,GE-Phrase,263,132202,134077,1875
131502,132715,1213,0,NTB,nũ tinha recebido nenhuma bolsa ainda né,131502,132715,1213
132715,134762,2047,0,GE-Phrase,264,134077,135782,1705
132715,134762,2047,0,NTB,tinha acabado de acontecer o processo,132715,134762,2047
136371,137155,784,0,GE-Phrase,265,135782,138288,2506
136371,137155,784,0,NTB,a minha tutora,136371,137155,784
137155,137394,239,0,GE-Phrase,265,135782,138288,2506
137155,137394,239,0,NTB,né,137155,137394,239
141078,143026,1948,0,GE-Phrase,268,142467,145380,2913
141078,143026,1948,0,NTB,e a gente volta quando retomar a aula,141078,143026,1948
149343,150432,1089,0,GE-Phrase,271,149490,151803,2313
149343,150432,1089,0,NTB,se cês concordarem,149343,150432,1089
9631,12030,2399,0,GE-Phrase,206,11228,13092,1864
9631,12030,2399,0,NTB,que inclusive tô produzindo um,9631,12030,2399
12030,13506,1476,0,GE-Phrase,207,13092,14908,1816
12030,13506,1476,0,NTB,p' cê ver a dubiedade da coisa,12030,13506,1476
25187,26370,1183,0,GE-Phrase,212,23414,26572,3158
25187,26370,1183,0,NTB,se eu reproduzir meu método,25187,26370,1183
26370,27200,830,0,GE-Phrase,213,26572,28865,2293
26370,27200,830,0,NTB,tá ligado,26370,27200,830
27200,28048,848,0,GE-Phrase,213,26572,28865,2293
27200,28048,848,0,NTB,dentro da cultura,27200,28048,848
28048,29067,1019,0,GE-Phrase,214,28865,30267,1402
28048,29067,1019,0,NTB,e adequando e et cetera,28048,29067,1019
69285,70269,984,0,GE-Phrase,234,70078,71694,1616
69285,70269,984,0,NTB,o projeto é dela,69285,70269,984
123333,123678,345,0,GE-Phrase,261,123162,126484,3322
123333,123678,345,0,NTB,porque &n [/1],123333,123678,345
123678,123884,206,0,GE-Phrase,261,123162,126484,3322
123678,123884,206,0,NTB,né,123678,123884,206
123884,124797,913,0,GE-Phrase,261,123162,126484,3322
123884,124797,913,0,NTB,ia parar tudo,123884,124797,913
124797,126007,1210,0,GE-Phrase,261,123162,126484,3322
124797,126007,1210,0,NTB,então vou monitorar quem,124797,126007,1210
126007,127426,1419,0,NTB,et cetera,126007,127426,1419
131502,132715,1213,0,GE-Phrase,263,132202,134077,1875
131502,132715,1213,0,NTB,nũ tinha recebido nenhuma bolsa ainda né,131502,132715,1213
132715,134762,2047,0,GE-Phrase,264,134077,135782,1705
132715,134762,2047,0,NTB,tinha acabado de acontecer o processo,132715,134762,2047
136371,137155,784,0,GE-Phrase,265,135782,138288,2506
136371,137155,784,0,NTB,a minha tutora,136371,137155,784
137155,137394,239,0,GE-Phrase,265,135782,138288,2506
137155,137394,239,0,NTB,né,137155,137394,239
141078,143026,1948,0,GE-Phrase,268,142467,145380,2913
141078,143026,1948,0,NTB,e a gente volta quando retomar a aula,141078,143026,1948
149343,150432,1089,0,GE-Phrase,271,149490,151803,2313
149343,150432,1089,0,NTB,se cês concordarem,149343,150432,1089
9631,12030,2399,0,GE-Phrase,206,11228,13092,1864
9631,12030,2399,0,NTB,que inclusive tô produzindo um,9631,12030,2399
12030,13506,1476,0,GE-Phrase,207,13092,14908,1816
12030,13506,1476,0,NTB,p' cê ver a dubiedade da coisa,12030,13506,1476
25187,26370,1183,0,GE-Phrase,212,23414,26572,3158
25187,26370,1183,0,NTB,se eu reproduzir meu método,25187,26370,1183
26370,27200,830,0,GE-Phrase,213,26572,28865,2293
26370,27200,830,0,NTB,tá ligado,26370,27200,830
27200,28048,848,0,GE-Phrase,213,26572,28865,2293
27200,28048,848,0,NTB,dentro da cultura,27200,28048,848
28048,29067,1019,0,GE-Phrase,214,28865,30267,1402
28048,29067,1019,0,NTB,e adequando e et cetera,28048,29067,1019
69285,70269,984,0,GE-Phrase,234,70078,71694,1616
69285,70269,984,0,NTB,o projeto é dela,69285,70269,984
123333,123678,345,0,GE-Phrase,261,123162,126484,3322
123333,123678,345,0,NTB,porque &n [/1],123333,123678,345
123678,123884,206,0,GE-Phrase,261,123162,126484,3322
123678,123884,206,0,NTB,né,123678,123884,206
123884,124797,913,0,GE-Phrase,261,123162,126484,3322
123884,124797,913,0,NTB,ia parar tudo,123884,124797,913
124797,126007,1210,0,GE-Phrase,261,123162,126484,3322
124797,126007,1210,0,NTB,então vou monitorar quem,124797,126007,1210
126007,127426,1419,0,NTB,et cetera,126007,127426,1419
131502,132715,1213,0,GE-Phrase,263,132202,134077,1875
131502,132715,1213,0,NTB,nũ tinha recebido nenhuma bolsa ainda né,131502,132715,1213
132715,134762,2047,0,GE-Phrase,264,134077,135782,1705
132715,134762,2047,0,NTB,tinha acabado de acontecer o processo,132715,134762,2047
136371,137155,784,0,GE-Phrase,265,135782,138288,2506
136371,137155,784,0,NTB,a minha tutora,136371,137155,784
137155,137394,239,0,GE-Phrase,265,135782,138288,2506
137155,137394,239,0,NTB,né,137155,137394,239
141078,143026,1948,0,GE-Phrase,268,142467,145380,2913
141078,143026,1948,0,NTB,e a gente volta quando retomar a aula,141078,143026,1948
149343,150432,1089,0,GE-Phrase,271,149490,151803,2313
149343,150432,1089,0,NTB,se cês concordarem,149343,150432,1089
9631,12030,2399,0,GE-Phrase,206,11228,13092,1864
9631,12030,2399,0,NTB,que inclusive tô produzindo um,9631,12030,2399
12030,13506,1476,0,GE-Phrase,207,13092,14908,1816
12030,13506,1476,0,NTB,p' cê ver a dubiedade da coisa,12030,13506,1476
25187,26370,1183,0,GE-Phrase,212,23414,26572,3158
25187,26370,1183,0,NTB,se eu reproduzir meu método,25187,26370,1183
26370,27200,830,0,GE-Phrase,213,26572,28865,2293
26370,27200,830,0,NTB,tá ligado,26370,27200,830
27200,28048,848,0,GE-Phrase,213,26572,28865,2293
27200,28048,848,0,NTB,dentro da cultura,27200,28048,848
28048,29067,1019,0,GE-Phrase,214,28865,30267,1402
28048,29067,1019,0,NTB,e adequando e et cetera,28048,29067,1019
69285,70269,984,0,GE-Phrase,234,70078,71694,1616
69285,70269,984,0,NTB,o projeto é dela,69285,70269,984
123333,123678,345,0,GE-Phrase,261,123162,126484,3322
123333,123678,345,0,NTB,porque &n [/1],123333,123678,345
123678,123884,206,0,GE-Phrase,261,123162,126484,3322
123678,123884,206,0,NTB,né,123678,123884,206
123884,124797,913,0,GE-Phrase,261,123162,126484,3322
123884,124797,913,0,NTB,ia parar tudo,123884,124797,913
124797,126007,1210,0,GE-Phrase,261,123162,126484,3322
124797,126007,1210,0,NTB,então vou monitorar quem,124797,126007,1210
126007,127426,1419,0,NTB,et cetera,126007,127426,1419
131502,132715,1213,0,GE-Phrase,263,132202,134077,1875
131502,132715,1213,0,NTB,nũ tinha recebido nenhuma bolsa ainda né,131502,132715,1213
132715,134762,2047,0,GE-Phrase,264,134077,135782,1705
132715,134762,2047,0,NTB,tinha acabado de acontecer o processo,132715,134762,2047
136371,137155,784,0,GE-Phrase,265,135782,138288,2506
136371,137155,784,0,NTB,a minha tutora,136371,137155,784
137155,137394,239,0,GE-Phrase,265,135782,138288,2506
137155,137394,239,0,NTB,né,137155,137394,239
141078,143026,1948,0,GE-Phrase,268,142467,145380,2913
141078,143026,1948,0,NTB,e a gente volta quando retomar a aula,141078,143026,1948
149343,150432,1089,0,GE-Phrase,271,149490,151803,2313
149343,150432,1089,0,NTB,se cês concordarem,149343,150432,1089
9631,12030,2399,0,GE-Phrase,206,11228,13092,1864
9631,12030,2399,0,NTB,que inclusive tô produzindo um,9631,12030,2399
12030,13506,1476,0,GE-Phrase,207,13092,14908,1816
12030,13506,1476,0,NTB,p' cê ver a dubiedade da coisa,12030,13506,1476
25187,26370,1183,0,GE-Phrase,212,23414,26572,3158
25187,26370,1183,0,NTB,se eu reproduzir meu método,25187,26370,1183
26370,27200,830,0,GE-Phrase,213,26572,28865,2293
26370,27200,830,0,NTB,tá ligado,26370,27200,830
27200,28048,848,0,GE-Phrase,213,26572,28865,2293
27200,28048,848,0,NTB,dentro da cultura,27200,28048,848
28048,29067,1019,0,GE-Phrase,214,28865,30267,1402
28048,29067,1019,0,NTB,e adequando e et cetera,28048,29067,1019
69285,70269,984,0,GE-Phrase,234,70078,71694,1616
69285,70269,984,0,NTB,o projeto é dela,69285,70269,984
123333,123678,345,0,GE-Phrase,261,123162,126484,3322
123333,123678,345,0,NTB,porque &n [/1],123333,123678,345
123678,123884,206,0,GE-Phrase,261,123162,126484,3322
123678,123884,206,0,NTB,né,123678,123884,206
123884,124797,913,0,GE-Phrase,261,123162,126484,3322
123884,124797,913,0,NTB,ia parar tudo,123884,124797,913
124797,126007,1210,0,GE-Phrase,261,123162,126484,3322
124797,126007,1210,0,NTB,então vou monitorar quem,124797,126007,1210
126007,127426,1419,0,NTB,et cetera,126007,127426,1419
131502,132715,1213,0,GE-Phrase,263,132202,134077,1875
131502,132715,1213,0,NTB,nũ tinha recebido nenhuma bolsa ainda né,131502,132715,1213
132715,134762,2047,0,GE-Phrase,264,134077,135782,1705
132715,134762,2047,0,NTB,tinha acabado de acontecer o processo,132715,134762,2047
136371,137155,784,0,GE-Phrase,265,135782,138288,2506
136371,137155,784,0,NTB,a minha tutora,136371,137155,784
137155,137394,239,0,GE-Phrase,265,135782,138288,2506
137155,137394,239,0,NTB,né,137155,137394,239
141078,143026,1948,0,GE-Phrase,268,142467,145380,2913
141078,143026,1948,0,NTB,e a gente volta quando retomar a aula,141078,143026,1948
149343,150432,1089,0,GE-Phrase,271,149490,151803,2313
149343,150432,1089,0,NTB,se cês concordarem,149343,150432,1089
9631,12030,2399,0,GE-Phrase,206,11228,13092,1864
9631,12030,2399,0,NTB,que inclusive tô produzindo um,9631,12030,2399
12030,13506,1476,0,GE-Phrase,207,13092,14908,1816
12030,13506,1476,0,NTB,p' cê ver a dubiedade da coisa,12030,13506,1476
25187,26370,1183,0,GE-Phrase,212,23414,26572,3158
25187,26370,1183,0,NTB,se eu reproduzir meu método,25187,26370,1183
26370,27200,830,0,GE-Phrase,213,26572,28865,2293
26370,27200,830,0,NTB,tá ligado,26370,27200,830
27200,28048,848,0,GE-Phrase,213,26572,28865,2293
27200,28048,848,0,NTB,dentro da cultura,27200,28048,848
28048,29067,1019,0,GE-Phrase,214,28865,30267,1402
28048,29067,1019,0,NTB,e adequando e et cetera,28048,29067,1019
69285,70269,984,0,GE-Phrase,234,70078,71694,1616
69285,70269,984,0,NTB,o projeto é dela,69285,70269,984
123333,123678,345,0,GE-Phrase,261,123162,126484,3322
123333,123678,345,0,NTB,porque &n [/1],123333,123678,345
123678,123884,206,0,GE-Phrase,261,123162,126484,3322
123678,123884,206,0,NTB,né,123678,123884,206
123884,124797,913,0,GE-Phrase,261,123162,126484,3322
123884,124797,913,0,NTB,ia parar tudo,123884,124797,913
124797,126007,1210,0,GE-Phrase,261,123162,126484,3322
124797,126007,1210,0,NTB,então vou monitorar quem,124797,126007,1210
126007,127426,1419,0,NTB,et cetera,126007,127426,1419
131502,132715,1213,0,GE-Phrase,263,132202,134077,1875
131502,132715,1213,0,NTB,nũ tinha recebido nenhuma bolsa ainda né,131502,132715,1213
132715,134762,2047,0,GE-Phrase,264,134077,135782,1705
132715,134762,2047,0,NTB,tinha acabado de acontecer o processo,132715,134762,2047
136371,137155,784,0,GE-Phrase,265,135782,138288,2506
136371,137155,784,0,NTB,a minha tutora,136371,137155,784
137155,137394,239,0,GE-Phrase,265,135782,138288,2506
137155,137394,239,0,NTB,né,137155,137394,239
141078,143026,1948,0,GE-Phrase,268,142467,145380,2913
141078,143026,1948,0,NTB,e a gente volta quando retomar a aula,141078,143026,1948
149343,150432,1089,0,GE-Phrase,271,149490,151803,2313
149343,150432,1089,0,NTB,se cês concordarem,149343,150432,1089
9631,12030,2399,0,GE-Phrase,206,11228,13092,1864
9631,12030,2399,0,NTB,que inclusive tô produzindo um,9631,12030,2399
12030,13506,1476,0,GE-Phrase,207,13092,14908,1816
12030,13506,1476,0,NTB,p' cê ver a dubiedade da coisa,12030,13506,1476
25187,26370,1183,0,GE-Phrase,212,23414,26572,3158
25187,26370,1183,0,NTB,se eu reproduzir meu método,25187,26370,1183
26370,27200,830,0,GE-Phrase,213,26572,28865,2293
26370,27200,830,0,NTB,tá ligado,26370,27200,830
27200,28048,848,0,GE-Phrase,213,26572,28865,2293
27200,28048,848,0,NTB,dentro da cultura,27200,28048,848
28048,29067,1019,0,GE-Phrase,214,28865,30267,1402
28048,29067,1019,0,NTB,e adequando e et cetera,28048,29067,1019
69285,70269,984,0,GE-Phrase,234,70078,71694,1616
69285,70269,984,0,NTB,o projeto é dela,69285,70269,984
123333,123678,345,0,GE-Phrase,261,123162,126484,3322
123333,123678,345,0,NTB,porque &n [/1],123333,123678,345
123678,123884,206,0,GE-Phrase,261,123162,126484,3322
123678,123884,206,0,NTB,né,123678,123884,206
123884,124797,913,0,GE-Phrase,261,123162,126484,3322
123884,124797,913,0,NTB,ia parar tudo,123884,124797,913
124797,126007,1210,0,GE-Phrase,261,123162,126484,3322
124797,126007,1210,0,NTB,então vou monitorar quem,124797,126007,1210
126007,127426,1419,0,NTB,et cetera,126007,127426,1419
131502,132715,1213,0,GE-Phrase,263,132202,134077,1875
131502,132715,1213,0,NTB,nũ tinha recebido nenhuma bolsa ainda né,131502,132715,1213
132715,134762,2047,0,GE-Phrase,264,134077,135782,1705
132715,134762,2047,0,NTB,tinha acabado de acontecer o processo,132715,134762,2047
136371,137155,784,0,GE-Phrase,265,135782,138288,2506
136371,137155,784,0,NTB,a minha tutora,136371,137155,784
137155,137394,239,0,GE-Phrase,265,135782,138288,2506
137155,137394,239,0,NTB,né,137155,137394,239
141078,143026,1948,0,GE-Phrase,268,142467,145380,2913
141078,143026,1948,0,NTB,e a gente volta quando retomar a aula,141078,143026,1948
149343,150432,1089,0,GE-Phrase,271,149490,151803,2313
149343,150432,1089,0,NTB,se cês concordarem,149343,150432,1089
9631,12030,2399,0,GE-Phrase,206,11228,13092,1864
9631,12030,2399,0,NTB,que inclusive tô produzindo um,9631,12030,2399
12030,13506,1476,0,GE-Phrase,207,13092,14908,1816
12030,13506,1476,0,NTB,p' cê ver a dubiedade da coisa,12030,13506,1476
25187,26370,1183,0,GE-Phrase,212,23414,26572,3158
25187,26370,1183,0,NTB,se eu reproduzir meu método,25187,26370,1183
26370,27200,830,0,GE-Phrase,213,26572,28865,2293
26370,27200,830,0,NTB,tá ligado,26370,27200,830
27200,28048,848,0,GE-Phrase,213,26572,28865,2293
27200,28048,848,0,NTB,dentro da cultura,27200,28048,848
28048,29067,1019,0,GE-Phrase,214,28865,30267,1402
28048,29067,1019,0,NTB,e adequando e et cetera,28048,29067,1019
69285,70269,984,0,GE-Phrase,234,70078,71694,1616
69285,70269,984,0,NTB,o projeto é dela,69285,70269,984
123333,123678,345,0,GE-Phrase,261,123162,126484,3322
123333,123678,345,0,NTB,porque &n [/1],123333,123678,345
123678,123884,206,0,GE-Phrase,261,123162,126484,3322
123678,123884,206,0,NTB,né,123678,123884,206
123884,124797,913,0,GE-Phrase,261,123162,126484,3322
123884,124797,913,0,NTB,ia parar tudo,123884,124797,913
124797,126007,1210,0,GE-Phrase,261,123162,126484,3322
124797,126007,1210,0,NTB,então vou monitorar quem,124797,126007,1210
126007,127426,1419,0,NTB,et cetera,126007,127426,1419
131502,132715,1213,0,GE-Phrase,263,132202,134077,1875
131502,132715,1213,0,NTB,nũ tinha recebido nenhuma bolsa ainda né,131502,132715,1213
132715,134762,2047,0,GE-Phrase,264,134077,135782,1705
132715,134762,2047,0,NTB,tinha acabado de acontecer o processo,132715,134762,2047
136371,137155,784,0,GE-Phrase,265,135782,138288,2506
136371,137155,784,0,NTB,a minha tutora,136371,137155,784
137155,137394,239,0,GE-Phrase,265,135782,138288,2506
137155,137394,239,0,NTB,né,137155,137394,239
141078,143026,1948,0,GE-Phrase,268,142467,145380,2913
141078,143026,1948,0,NTB,e a gente volta quando retomar a aula,141078,143026,1948
149343,150432,1089,0,GE-Phrase,271,149490,151803,2313
149343,150432,1089,0,NTB,se cês concordarem,149343,150432,1089
9631,12030,2399,0,GE-Phrase,206,11228,13092,1864
9631,12030,2399,0,NTB,que inclusive tô produzindo um,9631,12030,2399
12030,13506,1476,0,GE-Phrase,207,13092,14908,1816
12030,13506,1476,0,NTB,p' cê ver a dubiedade da coisa,12030,13506,1476
25187,26370,1183,0,GE-Phrase,212,23414,26572,3158
25187,26370,1183,0,NTB,se eu reproduzir meu método,25187,26370,1183
26370,27200,830,0,GE-Phrase,213,26572,28865,2293
26370,27200,830,0,NTB,tá ligado,26370,27200,830
27200,28048,848,0,GE-Phrase,213,26572,28865,2293
27200,28048,848,0,NTB,dentro da cultura,27200,28048,848
28048,29067,1019,0,GE-Phrase,214,28865,30267,1402
28048,29067,1019,0,NTB,e adequando e et cetera,28048,29067,1019
69285,70269,984,0,GE-Phrase,234,70078,71694,1616
69285,70269,984,0,NTB,o projeto é dela,69285,70269,984
123333,123678,345,0,GE-Phrase,261,123162,126484,3322
123333,123678,345,0,NTB,porque &n [/1],123333,123678,345
123678,123884,206,0,GE-Phrase,261,123162,126484,3322
123678,123884,206,0,NTB,né,123678,123884,206
123884,124797,913,0,GE-Phrase,261,123162,126484,3322
123884,124797,913,0,NTB,ia parar tudo,123884,124797,913
124797,126007,1210,0,GE-Phrase,261,123162,126484,3322
124797,126007,1210,0,NTB,então vou monitorar quem,124797,126007,1210
126007,127426,1419,0,NTB,et cetera,126007,127426,1419
131502,132715,1213,0,GE-Phrase,263,132202,134077,1875
131502,132715,1213,0,NTB,nũ tinha recebido nenhuma bolsa ainda né,131502,132715,1213
132715,134762,2047,0,GE-Phrase,264,134077,135782,1705
132715,134762,2047,0,NTB,tinha acabado de acontecer o processo,132715,134762,2047
136371,137155,784,0,GE-Phrase,265,135782,138288,2506
136371,137155,784,0,NTB,a minha tutora,136371,137155,784
137155,137394,239,0,GE-Phrase,265,135782,138288,2506
137155,137394,239,0,NTB,né,137155,137394,239
141078,143026,1948,0,GE-Phrase,268,142467,145380,2913
141078,143026,1948,0,NTB,e a gente volta quando retomar a aula,141078,143026,1948
149343,150432,1089,0,GE-Phrase,271,149490,151803,2313
149343,150432,1089,0,NTB,se cês concordarem,149343,150432,1089
9631,12030,2399,0,GE-Phrase,206,11228,13092,1864
9631,12030,2399,0,NTB,que inclusive tô produzindo um,9631,12030,2399
12030,13506,1476,0,GE-Phrase,207,13092,14908,1816
12030,13506,1476,0,NTB,p' cê ver a dubiedade da coisa,12030,13506,1476
25187,26370,1183,0,GE-Phrase,212,23414,26572,3158
25187,26370,1183,0,NTB,se eu reproduzir meu método,25187,26370,1183
26370,27200,830,0,GE-Phrase,213,26572,28865,2293
26370,27200,830,0,NTB,tá ligado,26370,27200,830
27200,28048,848,0,GE-Phrase,213,26572,28865,2293
27200,28048,848,0,NTB,dentro da cultura,27200,28048,848
28048,29067,1019,0,GE-Phrase,214,28865,30267,1402
28048,29067,1019,0,NTB,e adequando e et cetera,28048,29067,1019
69285,70269,984,0,GE-Phrase,234,70078,71694,1616
69285,70269,984,0,NTB,o projeto é dela,69285,70269,984
123333,123678,345,0,GE-Phrase,261,123162,126484,3322
123333,123678,345,0,NTB,porque &n [/1],123333,123678,345
123678,123884,206,0,GE-Phrase,261,123162,126484,3322
123678,123884,206,0,NTB,né,123678,123884,206
123884,124797,913,0,GE-Phrase,261,123162,126484,3322
123884,124797,913,0,NTB,ia parar tudo,123884,124797,913
124797,126007,1210,0,GE-Phrase,261,123162,126484,3322
124797,126007,1210,0,NTB,então vou monitorar quem,124797,126007,1210
126007,127426,1419,0,NTB,et cetera,126007,127426,1419
131502,132715,1213,0,GE-Phrase,263,132202,134077,1875
131502,132715,1213,0,NTB,nũ tinha recebido nenhuma bolsa ainda né,131502,132715,1213
132715,134762,2047,0,GE-Phrase,264,134077,135782,1705
132715,134762,2047,0,NTB,tinha acabado de acontecer o processo,132715,134762,2047
136371,137155,784,0,GE-Phrase,265,135782,138288,2506
136371,137155,784,0,NTB,a minha tutora,136371,137155,784
137155,137394,239,0,GE-Phrase,265,135782,138288,2506
137155,137394,239,0,NTB,né,137155,137394,239
141078,143026,1948,0,GE-Phrase,268,142467,145380,2913
141078,143026,1948,0,NTB,e a gente volta quando retomar a aula,141078,143026,1948
149343,150432,1089,0,GE-Phrase,271,149490,151803,2313
149343,150432,1089,0,NTB,se cês concordarem,149343,150432,1089
9631,12030,2399,0,GE-Phrase,206,11228,13092,1864
9631,12030,2399,0,NTB,que inclusive tô produzindo um,9631,12030,2399
12030,13506,1476,0,GE-Phrase,207,13092,14908,1816
12030,13506,1476,0,NTB,p' cê ver a dubiedade da coisa,12030,13506,1476
25187,26370,1183,0,GE-Phrase,212,23414,26572,3158
25187,26370,1183,0,NTB,se eu reproduzir meu método,25187,26370,1183
26370,27200,830,0,GE-Phrase,213,26572,28865,2293
26370,27200,830,0,NTB,tá ligado,26370,27200,830
27200,28048,848,0,GE-Phrase,213,26572,28865,2293
27200,28048,848,0,NTB,dentro da cultura,27200,28048,848
28048,29067,1019,0,GE-Phrase,214,28865,30267,1402
28048,29067,1019,0,NTB,e adequando e et cetera,28048,29067,1019
69285,70269,984,0,GE-Phrase,234,70078,71694,1616
69285,70269,984,0,NTB,o projeto é dela,69285,70269,984
123333,123678,345,0,GE-Phrase,261,123162,126484,3322
123333,123678,345,0,NTB,porque &n [/1],123333,123678,345
123678,123884,206,0,GE-Phrase,261,123162,126484,3322
123678,123884,206,0,NTB,né,123678,123884,206
123884,124797,913,0,GE-Phrase,261,123162,126484,3322
123884,124797,913,0,NTB,ia parar tudo,123884,124797,913
124797,126007,1210,0,GE-Phrase,261,123162,126484,3322
124797,126007,1210,0,NTB,então vou monitorar quem,124797,126007,1210
126007,127426,1419,0,NTB,et cetera,126007,127426,1419
131502,132715,1213,0,GE-Phrase,263,132202,134077,1875
131502,132715,1213,0,NTB,nũ tinha recebido nenhuma bolsa ainda né,131502,132715,1213
132715,134762,2047,0,GE-Phrase,264,134077,135782,1705
132715,134762,2047,0,NTB,tinha acabado de acontecer o processo,132715,134762,2047
136371,137155,784,0,GE-Phrase,265,135782,138288,2506
136371,137155,784,0,NTB,a minha tutora,136371,137155,784
137155,137394,239,0,GE-Phrase,265,135782,138288,2506
137155,137394,239,0,NTB,né,137155,137394,239
141078,143026,1948,0,GE-Phrase,268,142467,145380,2913
141078,143026,1948,0,NTB,e a gente volta quando retomar a aula,141078,143026,1948
149343,150432,1089,0,GE-Phrase,271,149490,151803,2313
149343,150432,1089,0,NTB,se cês concordarem,149343,150432,1089
9631,12030,2399,0,GE-Phrase,206,11228,13092,1864
9631,12030,2399,0,NTB,que inclusive tô produzindo um,9631,12030,2399
12030,13506,1476,0,GE-Phrase,207,13092,14908,1816
12030,13506,1476,0,NTB,p' cê ver a dubiedade da coisa,12030,13506,1476
25187,26370,1183,0,GE-Phrase,212,23414,26572,3158
25187,26370,1183,0,NTB,se eu reproduzir meu método,25187,26370,1183
26370,27200,830,0,GE-Phrase,213,26572,28865,2293
26370,27200,830,0,NTB,tá ligado,26370,27200,830
27200,28048,848,0,GE-Phrase,213,26572,28865,2293
27200,28048,848,0,NTB,dentro da cultura,27200,28048,848
28048,29067,1019,0,GE-Phrase,214,28865,30267,1402
28048,29067,1019,0,NTB,e adequando e et cetera,28048,29067,1019
69285,70269,984,0,GE-Phrase,234,70078,71694,1616
69285,70269,984,0,NTB,o projeto é dela,69285,70269,984
123333,123678,345,0,GE-Phrase,261,123162,126484,3322
123333,123678,345,0,NTB,porque &n [/1],123333,123678,345
123678,123884,206,0,GE-Phrase,261,123162,126484,3322
123678,123884,206,0,NTB,né,123678,123884,206
123884,124797,913,0,GE-Phrase,261,123162,126484,3322
123884,124797,913,0,NTB,ia parar tudo,123884,124797,913
124797,126007,1210,0,GE-Phrase,261,123162,126484,3322
124797,126007,1210,0,NTB,então vou monitorar quem,124797,126007,1210
126007,127426,1419,0,NTB,et cetera,126007,127426,1419
131502,132715,1213,0,GE-Phrase,263,132202,134077,1875
131502,132715,1213,0,NTB,nũ tinha recebido nenhuma bolsa ainda né,131502,132715,1213
132715,134762,2047,0,GE-Phrase,264,134077,135782,1705
132715,134762,2047,0,NTB,tinha acabado de acontecer o processo,132715,134762,2047
136371,137155,784,0,GE-Phrase,265,135782,138288,2506
136371,137155,784,0,NTB,a minha tutora,136371,137155,784
137155,137394,239,0,GE-Phrase,265,135782,138288,2506
137155,137394,239,0,NTB,né,137155,137394,239
141078,143026,1948,0,GE-Phrase,268,142467,145380,2913
141078,143026,1948,0,NTB,e a gente volta quando retomar a aula,141078,143026,1948
149343,150432,1089,0,GE-Phrase,271,149490,151803,2313
149343,150432,1089,0,NTB,se cês concordarem,149343,150432,1089
9631,12030,2399,0,GE-Phrase,206,11228,13092,1864
9631,12030,2399,0,NTB,que inclusive tô produzindo um,9631,12030,2399
12030,13506,1476,0,GE-Phrase,207,13092,14908,1816
12030,13506,1476,0,NTB,p' cê ver a dubiedade da coisa,12030,13506,1476
25187,26370,1183,0,GE-Phrase,212,23414,26572,3158
25187,26370,1183,0,NTB,se eu reproduzir meu método,25187,26370,1183
26370,27200,830,0,GE-Phrase,213,26572,28865,2293
26370,27200,830,0,NTB,tá ligado,26370,27200,830
27200,28048,848,0,GE-Phrase,213,26572,28865,2293
27200,28048,848,0,NTB,dentro da cultura,27200,28048,848
28048,29067,1019,0,GE-Phrase,214,28865,30267,1402
28048,29067,1019,0,NTB,e adequando e et cetera,28048,29067,1019
69285,70269,984,0,GE-Phrase,234,70078,71694,1616
69285,70269,984,0,NTB,o projeto é dela,69285,70269,984
123333,123678,345,0,GE-Phrase,261,123162,126484,3322
123333,123678,345,0,NTB,porque &n [/1],123333,123678,345
123678,123884,206,0,GE-Phrase,261,123162,126484,3322
123678,123884,206,0,NTB,né,123678,123884,206
123884,124797,913,0,GE-Phrase,261,123162,126484,3322
123884,124797,913,0,NTB,ia parar tudo,123884,124797,913
124797,126007,1210,0,GE-Phrase,261,123162,126484,3322
124797,126007,1210,0,NTB,então vou monitorar quem,124797,126007,1210
126007,127426,1419,0,NTB,et cetera,126007,127426,1419
131502,132715,1213,0,GE-Phrase,263,132202,134077,1875
131502,132715,1213,0,NTB,nũ tinha recebido nenhuma bolsa ainda né,131502,132715,1213
132715,134762,2047,0,GE-Phrase,264,134077,135782,1705
132715,134762,2047,0,NTB,tinha acabado de acontecer o processo,132715,134762,2047
136371,137155,784,0,GE-Phrase,265,135782,138288,2506
136371,137155,784,0,NTB,a minha tutora,136371,137155,784
137155,137394,239,0,GE-Phrase,265,135782,138288,2506
137155,137394,239,0,NTB,né,137155,137394,239
141078,143026,1948,0,GE-Phrase,268,142467,145380,2913
141078,143026,1948,0,NTB,e a gente volta quando retomar a aula,141078,143026,1948
149343,150432,1089,0,GE-Phrase,271,149490,151803,2313
149343,150432,1089,0,NTB,se cês concordarem,149343,150432,1089
9631,12030,2399,0,GE-Phrase,206,11228,13092,1864
9631,12030,2399,0,NTB,que inclusive tô produzindo um,9631,12030,2399
12030,13506,1476,0,GE-Phrase,207,13092,14908,1816
12030,13506,1476,0,NTB,p' cê ver a dubiedade da coisa,12030,13506,1476
25187,26370,1183,0,GE-Phrase,212,23414,26572,3158
25187,26370,1183,0,NTB,se eu reproduzir meu método,25187,26370,1183
26370,27200,830,0,GE-Phrase,213,26572,28865,2293
26370,27200,830,0,NTB,tá ligado,26370,27200,830
27200,28048,848,0,GE-Phrase,213,26572,28865,2293
27200,28048,848,0,NTB,dentro da cultura,27200,28048,848
28048,29067,1019,0,GE-Phrase,214,28865,30267,1402
28048,29067,1019,0,NTB,e adequando e et cetera,28048,29067,1019
69285,70269,984,0,GE-Phrase,234,70078,71694,1616
69285,70269,984,0,NTB,o projeto é dela,69285,70269,984
123333,123678,345,0,GE-Phrase,261,123162,126484,3322
123333,123678,345,0,NTB,porque &n [/1],123333,123678,345
123678,123884,206,0,GE-Phrase,261,123162,126484,3322
123678,123884,206,0,NTB,né,123678,123884,206
123884,124797,913,0,GE-Phrase,261,123162,126484,3322
123884,124797,913,0,NTB,ia parar tudo,123884,124797,913
124797,126007,1210,0,GE-Phrase,261,123162,126484,3322
124797,126007,1210,0,NTB,então vou monitorar quem,124797,126007,1210
126007,127426,1419,0,NTB,et cetera,126007,127426,1419
131502,132715,1213,0,GE-Phrase,263,132202,134077,1875
131502,132715,1213,0,NTB,nũ tinha recebido nenhuma bolsa ainda né,131502,132715,1213
132715,134762,2047,0,GE-Phrase,264,134077,135782,1705
132715,134762,2047,0,NTB,tinha acabado de acontecer o processo,132715,134762,2047
136371,137155,784,0,GE-Phrase,265,135782,138288,2506
136371,137155,784,0,NTB,a minha tutora,136371,137155,784
137155,137394,239,0,GE-Phrase,265,135782,138288,2506
137155,137394,239,0,NTB,né,137155,137394,239
141078,143026,1948,0,GE-Phrase,268,142467,145380,2913
141078,143026,1948,0,NTB,e a gente volta quando retomar a aula,141078,143026,1948
149343,150432,1089,0,GE-Phrase,271,149490,151803,2313
149343,150432,1089,0,NTB,se cês concordarem,149343,150432,1089
9631,12030,2399,0,GE-Phrase,206,11228,13092,1864
9631,12030,2399,0,NTB,que inclusive tô produzindo um,9631,12030,2399
12030,13506,1476,0,GE-Phrase,207,13092,14908,1816
12030,13506,1476,0,NTB,p' cê ver a dubiedade da coisa,12030,13506,1476
25187,26370,1183,0,GE-Phrase,212,23414,26572,3158
25187,26370,1183,0,NTB,se eu reproduzir meu método,25187,26370,1183
26370,27200,830,0,GE-Phrase,213,26572,28865,2293
26370,27200,830,0,NTB,tá ligado,26370,27200,830
27200,28048,848,0,GE-Phrase,213,26572,28865,2293
27200,28048,848,0,NTB,dentro da cultura,27200,28048,848
28048,29067,1019,0,GE-Phrase,214,28865,30267,1402
28048,29067,1019,0,NTB,e adequando e et cetera,28048,29067,1019
69285,70269,984,0,GE-Phrase,234,70078,71694,1616
69285,70269,984,0,NTB,o projeto é dela,69285,70269,984
123333,123678,345,0,GE-Phrase,261,123162,126484,3322
123333,123678,345,0,NTB,porque &n [/1],123333,123678,345
123678,123884,206,0,GE-Phrase,261,123162,126484,3322
123678,123884,206,0,NTB,né,123678,123884,206
123884,124797,913,0,GE-Phrase,261,123162,126484,3322
123884,124797,913,0,NTB,ia parar tudo,123884,124797,913
124797,126007,1210,0,GE-Phrase,261,123162,126484,3322
124797,126007,1210,0,NTB,então vou monitorar quem,124797,126007,1210
126007,127426,1419,0,NTB,et cetera,126007,127426,1419
131502,132715,1213,0,GE-Phrase,263,132202,134077,1875
131502,132715,1213,0,NTB,nũ tinha recebido nenhuma bolsa ainda né,131502,132715,1213
132715,134762,2047,0,GE-Phrase,264,134077,135782,1705
132715,134762,2047,0,NTB,tinha acabado de acontecer o processo,132715,134762,2047
136371,137155,784,0,GE-Phrase,265,135782,138288,2506
136371,137155,784,0,NTB,a minha tutora,136371,137155,784
137155,137394,239,0,GE-Phrase,265,135782,138288,2506
137155,137394,239,0,NTB,né,137155,137394,239
141078,143026,1948,0,GE-Phrase,268,142467,145380,2913
141078,143026,1948,0,NTB,e a gente volta quando retomar a aula,141078,143026,1948
149343,150432,1089,0,GE-Phrase,271,149490,151803,2313
149343,150432,1089,0,NTB,se cês concordarem,149343,150432,1089
9631,12030,2399,0,GE-Phrase,206,11228,13092,1864
9631,12030,2399,0,NTB,que inclusive tô produzindo um,9631,12030,2399
12030,13506,1476,0,GE-Phrase,207,13092,14908,1816
12030,13506,1476,0,NTB,p' cê ver a dubiedade da coisa,12030,13506,1476
25187,26370,1183,0,GE-Phrase,212,23414,26572,3158
25187,26370,1183,0,NTB,se eu reproduzir meu método,25187,26370,1183
26370,27200,830,0,GE-Phrase,213,26572,28865,2293
26370,27200,830,0,NTB,tá ligado,26370,27200,830
27200,28048,848,0,GE-Phrase,213,26572,28865,2293
27200,28048,848,0,NTB,dentro da cultura,27200,28048,848
28048,29067,1019,0,GE-Phrase,214,28865,30267,1402
28048,29067,1019,0,NTB,e adequando e et cetera,28048,29067,1019
69285,70269,984,0,GE-Phrase,234,70078,71694,1616
69285,70269,984,0,NTB,o projeto é dela,69285,70269,984
123333,123678,345,0,GE-Phrase,261,123162,126484,3322
123333,123678,345,0,NTB,porque &n [/1],123333,123678,345
123678,123884,206,0,GE-Phrase,261,123162,126484,3322
123678,123884,206,0,NTB,né,123678,123884,206
123884,124797,913,0,GE-Phrase,261,123162,126484,3322
123884,124797,913,0,NTB,ia parar tudo,123884,124797,913
124797,126007,1210,0,GE-Phrase,261,123162,126484,3322
124797,126007,1210,0,NTB,então vou monitorar quem,124797,126007,1210
126007,127426,1419,0,NTB,et cetera,126007,127426,1419
131502,132715,1213,0,GE-Phrase,263,132202,134077,1875
131502,132715,1213,0,NTB,nũ tinha recebido nenhuma bolsa ainda né,131502,132715,1213
132715,134762,2047,0,GE-Phrase,264,134077,135782,1705
132715,134762,2047,0,NTB,tinha acabado de acontecer o processo,132715,134762,2047
136371,137155,784,0,GE-Phrase,265,135782,138288,2506
136371,137155,784,0,NTB,a minha tutora,136371,137155,784
137155,137394,239,0,GE-Phrase,265,135782,138288,2506
137155,137394,239,0,NTB,né,137155,137394,239
141078,143026,1948,0,GE-Phrase,268,142467,145380,2913
141078,143026,1948,0,NTB,e a gente volta quando retomar a aula,141078,143026,1948
149343,150432,1089,0,GE-Phrase,271,149490,151803,2313
149343,150432,1089,0,NTB,se cês concordarem,149343,150432,1089
9631,12030,2399,0,GE-Phrase,206,11228,13092,1864
9631,12030,2399,0,NTB,que inclusive tô produzindo um,9631,12030,2399
12030,13506,1476,0,GE-Phrase,207,13092,14908,1816
12030,13506,1476,0,NTB,p' cê ver a dubiedade da coisa,12030,13506,1476
25187,26370,1183,0,GE-Phrase,212,23414,26572,3158
25187,26370,1183,0,NTB,se eu reproduzir meu método,25187,26370,1183
26370,27200,830,0,GE-Phrase,213,26572,28865,2293
26370,27200,830,0,NTB,tá ligado,26370,27200,830
27200,28048,848,0,GE-Phrase,213,26572,28865,2293
27200,28048,848,0,NTB,dentro da cultura,27200,28048,848
28048,29067,1019,0,GE-Phrase,214,28865,30267,1402
28048,29067,1019,0,NTB,e adequando e et cetera,28048,29067,1019
69285,70269,984,0,GE-Phrase,234,70078,71694,1616
69285,70269,984,0,NTB,o projeto é dela,69285,70269,984
123333,123678,345,0,GE-Phrase,261,123162,126484,3322
123333,123678,345,0,NTB,porque &n [/1],123333,123678,345
123678,123884,206,0,GE-Phrase,261,123162,126484,3322
123678,123884,206,0,NTB,né,123678,123884,206
123884,124797,913,0,GE-Phrase,261,123162,126484,3322
123884,124797,913,0,NTB,ia parar tudo,123884,124797,913
124797,126007,1210,0,GE-Phrase,261,123162,126484,3322
124797,126007,1210,0,NTB,então vou monitorar quem,124797,126007,1210
126007,127426,1419,0,NTB,et cetera,126007,127426,1419
131502,132715,1213,0,GE-Phrase,263,132202,134077,1875
131502,132715,1213,0,NTB,nũ tinha recebido nenhuma bolsa ainda né,131502,132715,1213
132715,134762,2047,0,GE-Phrase,264,134077,135782,1705
132715,134762,2047,0,NTB,tinha acabado de acontecer o processo,132715,134762,2047
136371,137155,784,0,GE-Phrase,265,135782,138288,2506
136371,137155,784,0,NTB,a minha tutora,136371,137155,784
137155,137394,239,0,GE-Phrase,265,135782,138288,2506
137155,137394,239,0,NTB,né,137155,137394,239
141078,143026,1948,0,GE-Phrase,268,142467,145380,2913
141078,143026,1948,0,NTB,e a gente volta quando retomar a aula,141078,143026,1948
149343,150432,1089,0,GE-Phrase,271,149490,151803,2313
149343,150432,1089,0,NTB,se cês concordarem,149343,150432,1089
9631,12030,2399,0,GE-Phrase,206,11228,13092,1864
9631,12030,2399,0,NTB,que inclusive tô produzindo um,9631,12030,2399
12030,13506,1476,0,GE-Phrase,207,13092,14908,1816
12030,13506,1476,0,NTB,p' cê ver a dubiedade da coisa,12030,13506,1476
25187,26370,1183,0,GE-Phrase,212,23414,26572,3158
25187,26370,1183,0,NTB,se eu reproduzir meu método,25187,26370,1183
26370,27200,830,0,GE-Phrase,213,26572,28865,2293
26370,27200,830,0,NTB,tá ligado,26370,27200,830
27200,28048,848,0,GE-Phrase,213,26572,28865,2293
27200,28048,848,0,NTB,dentro da cultura,27200,28048,848
28048,29067,1019,0,GE-Phrase,214,28865,30267,1402
28048,29067,1019,0,NTB,e adequando e et cetera,28048,29067,1019
69285,70269,984,0,GE-Phrase,234,70078,71694,1616
69285,70269,984,0,NTB,o projeto é dela,69285,70269,984
123333,123678,345,0,GE-Phrase,261,123162,126484,3322
123333,123678,345,0,NTB,porque &n [/1],123333,123678,345
123678,123884,206,0,GE-Phrase,261,123162,126484,3322
123678,123884,206,0,NTB,né,123678,123884,206
123884,124797,913,0,GE-Phrase,261,123162,126484,3322
123884,124797,913,0,NTB,ia parar tudo,123884,124797,913
124797,126007,1210,0,GE-Phrase,261,123162,126484,3322
124797,126007,1210,0,NTB,então vou monitorar quem,124797,126007,1210
126007,127426,1419,0,NTB,et cetera,126007,127426,1419
131502,132715,1213,0,GE-Phrase,263,132202,134077,1875
131502,132715,1213,0,NTB,nũ tinha recebido nenhuma bolsa ainda né,131502,132715,1213
132715,134762,2047,0,GE-Phrase,264,134077,135782,1705
132715,134762,2047,0,NTB,tinha acabado de acontecer o processo,132715,134762,2047
136371,137155,784,0,GE-Phrase,265,135782,138288,2506
136371,137155,784,0,NTB,a minha tutora,136371,137155,784
137155,137394,239,0,GE-Phrase,265,135782,138288,2506
137155,137394,239,0,NTB,né,137155,137394,239
141078,143026,1948,0,GE-Phrase,268,142467,145380,2913
141078,143026,1948,0,NTB,e a gente volta quando retomar a aula,141078,143026,1948
149343,150432,1089,0,GE-Phrase,271,149490,151803,2313
149343,150432,1089,0,NTB,se cês concordarem,149343,150432,1089
9631,12030,2399,0,GE-Phrase,206,11228,13092,1864
9631,12030,2399,0,NTB,que inclusive tô produzindo um,9631,12030,2399
12030,13506,1476,0,GE-Phrase,207,13092,14908,1816
12030,13506,1476,0,NTB,p' cê ver a dubiedade da coisa,12030,13506,1476
25187,26370,1183,0,GE-Phrase,212,23414,26572,3158
25187,26370,1183,0,NTB,se eu reproduzir meu método,25187,26370,1183
26370,27200,830,0,GE-Phrase,213,26572,28865,2293
26370,27200,830,0,NTB,tá ligado,26370,27200,830
27200,28048,848,0,GE-Phrase,213,26572,28865,2293
27200,28048,848,0,NTB,dentro da cultura,27200,28048,848
28048,29067,1019,0,GE-Phrase,214,28865,30267,1402
28048,29067,1019,0,NTB,e adequando e et cetera,28048,29067,1019
69285,70269,984,0,GE-Phrase,234,70078,71694,1616
69285,70269,984,0,NTB,o projeto é dela,69285,70269,984
123333,123678,345,0,GE-Phrase,261,123162,126484,3322
123333,123678,345,0,NTB,porque &n [/1],123333,123678,345
123678,123884,206,0,GE-Phrase,261,123162,126484,3322
123678,123884,206,0,NTB,né,123678,123884,206
123884,124797,913,0,GE-Phrase,261,123162,126484,3322
123884,124797,913,0,NTB,ia parar tudo,123884,124797,913
124797,126007,1210,0,GE-Phrase,261,123162,126484,3322
124797,126007,1210,0,NTB,então vou monitorar quem,124797,126007,1210
126007,127426,1419,0,NTB,et cetera,126007,127426,1419
131502,132715,1213,0,GE-Phrase,263,132202,134077,1875
131502,132715,1213,0,NTB,nũ tinha recebido nenhuma bolsa ainda né,131502,132715,1213
132715,134762,2047,0,GE-Phrase,264,134077,135782,1705
132715,134762,2047,0,NTB,tinha acabado de acontecer o processo,132715,134762,2047
136371,137155,784,0,GE-Phrase,265,135782,138288,2506
136371,137155,784,0,NTB,a minha tutora,136371,137155,784
137155,137394,239,0,GE-Phrase,265,135782,138288,2506
137155,137394,239,0,NTB,né,137155,137394,239
141078,143026,1948,0,GE-Phrase,268,142467,145380,2913
141078,143026,1948,0,NTB,e a gente volta quando retomar a aula,141078,143026,1948
149343,150432,1089,0,GE-Phrase,271,149490,151803,2313
149343,150432,1089,0,NTB,se cês concordarem,149343,150432,1089
9631,12030,2399,0,GE-Phrase,206,11228,13092,1864
9631,12030,2399,0,NTB,que inclusive tô produzindo um,9631,12030,2399
12030,13506,1476,0,GE-Phrase,207,13092,14908,1816
12030,13506,1476,0,NTB,p' cê ver a dubiedade da coisa,12030,13506,1476
25187,26370,1183,0,GE-Phrase,212,23414,26572,3158
25187,26370,1183,0,NTB,se eu reproduzir meu método,25187,26370,1183
26370,27200,830,0,GE-Phrase,213,26572,28865,2293
26370,27200,830,0,NTB,tá ligado,26370,27200,830
27200,28048,848,0,GE-Phrase,213,26572,28865,2293
27200,28048,848,0,NTB,dentro da cultura,27200,28048,848
28048,29067,1019,0,GE-Phrase,214,28865,30267,1402
28048,29067,1019,0,NTB,e adequando e et cetera,28048,29067,1019
69285,70269,984,0,GE-Phrase,234,70078,71694,1616
69285,70269,984,0,NTB,o projeto é dela,69285,70269,984
123333,123678,345,0,GE-Phrase,261,123162,126484,3322
123333,123678,345,0,NTB,porque &n [/1],123333,123678,345
123678,123884,206,0,GE-Phrase,261,123162,126484,3322
123678,123884,206,0,NTB,né,123678,123884,206
123884,124797,913,0,GE-Phrase,261,123162,126484,3322
123884,124797,913,0,NTB,ia parar tudo,123884,124797,913
124797,126007,1210,0,GE-Phrase,261,123162,126484,3322
124797,126007,1210,0,NTB,então vou monitorar quem,124797,126007,1210
126007,127426,1419,0,NTB,et cetera,126007,127426,1419
131502,132715,1213,0,GE-Phrase,263,132202,134077,1875
131502,132715,1213,0,NTB,nũ tinha recebido nenhuma bolsa ainda né,131502,132715,1213
132715,134762,2047,0,GE-Phrase,264,134077,135782,1705
132715,134762,2047,0,NTB,tinha acabado de acontecer o processo,132715,134762,2047
136371,137155,784,0,GE-Phrase,265,135782,138288,2506
136371,137155,784,0,NTB,a minha tutora,136371,137155,784
137155,137394,239,0,GE-Phrase,265,135782,138288,2506
137155,137394,239,0,NTB,né,137155,137394,239
141078,143026,1948,0,GE-Phrase,268,142467,145380,2913
141078,143026,1948,0,NTB,e a gente volta quando retomar a aula,141078,143026,1948
149343,150432,1089,0,GE-Phrase,271,149490,151803,2313
149343,150432,1089,0,NTB,se cês concordarem,149343,150432,1089
9631,12030,2399,0,GE-Phrase,206,11228,13092,1864
9631,12030,2399,0,NTB,que inclusive tô produzindo um,9631,12030,2399
12030,13506,1476,0,GE-Phrase,207,13092,14908,1816
12030,13506,1476,0,NTB,p' cê ver a dubiedade da coisa,12030,13506,1476
25187,26370,1183,0,GE-Phrase,212,23414,26572,3158
25187,26370,1183,0,NTB,se eu reproduzir meu método,25187,26370,1183
26370,27200,830,0,GE-Phrase,213,26572,28865,2293
26370,27200,830,0,NTB,tá ligado,26370,27200,830
27200,28048,848,0,GE-Phrase,213,26572,28865,2293
27200,28048,848,0,NTB,dentro da cultura,27200,28048,848
28048,29067,1019,0,GE-Phrase,214,28865,30267,1402
28048,29067,1019,0,NTB,e adequando e et cetera,28048,29067,1019
69285,70269,984,0,GE-Phrase,234,70078,71694,1616
69285,70269,984,0,NTB,o projeto é dela,69285,70269,984
123333,123678,345,0,GE-Phrase,261,123162,126484,3322
123333,123678,345,0,NTB,porque &n [/1],123333,123678,345
123678,123884,206,0,GE-Phrase,261,123162,126484,3322
123678,123884,206,0,NTB,né,123678,123884,206
123884,124797,913,0,GE-Phrase,261,123162,126484,3322
123884,124797,913,0,NTB,ia parar tudo,123884,124797,913
124797,126007,1210,0,GE-Phrase,261,123162,126484,3322
124797,126007,1210,0,NTB,então vou monitorar quem,124797,126007,1210
126007,127426,1419,0,NTB,et cetera,126007,127426,1419
131502,132715,1213,0,GE-Phrase,263,132202,134077,1875
131502,132715,1213,0,NTB,nũ tinha recebido nenhuma bolsa ainda né,131502,132715,1213
132715,134762,2047,0,GE-Phrase,264,134077,135782,1705
132715,134762,2047,0,NTB,tinha acabado de acontecer o processo,132715,134762,2047
136371,137155,784,0,GE-Phrase,265,135782,138288,2506
136371,137155,784,0,NTB,a minha tutora,136371,137155,784
137155,137394,239,0,GE-Phrase,265,135782,138288,2506
137155,137394,239,0,NTB,né,137155,137394,239
141078,143026,1948,0,GE-Phrase,268,142467,145380,2913
141078,143026,1948,0,NTB,e a gente volta quando retomar a aula,141078,143026,1948
149343,150432,1089,0,GE-Phrase,271,149490,151803,2313
149343,150432,1089,0,NTB,se cês concordarem,149343,150432,1089
9631,12030,2399,0,GE-Phrase,206,11228,13092,1864
9631,12030,2399,0,NTB,que inclusive tô produzindo um,9631,12030,2399
12030,13506,1476,0,GE-Phrase,207,13092,14908,1816
12030,13506,1476,0,NTB,p' cê ver a dubiedade da coisa,12030,13506,1476
25187,26370,1183,0,GE-Phrase,212,23414,26572,3158
25187,26370,1183,0,NTB,se eu reproduzir meu método,25187,26370,1183
26370,27200,830,0,GE-Phrase,213,26572,28865,2293
26370,27200,830,0,NTB,tá ligado,26370,27200,830
27200,28048,848,0,GE-Phrase,213,26572,28865,2293
27200,28048,848,0,NTB,dentro da cultura,27200,28048,848
28048,29067,1019,0,GE-Phrase,214,28865,30267,1402
28048,29067,1019,0,NTB,e adequando e et cetera,28048,29067,1019
69285,70269,984,0,GE-Phrase,234,70078,71694,1616
69285,70269,984,0,NTB,o projeto é dela,69285,70269,984
123333,123678,345,0,GE-Phrase,261,123162,126484,3322
123333,123678,345,0,NTB,porque &n [/1],123333,123678,345
123678,123884,206,0,GE-Phrase,261,123162,126484,3322
123678,123884,206,0,NTB,né,123678,123884,206
123884,124797,913,0,GE-Phrase,261,123162,126484,3322
123884,124797,913,0,NTB,ia parar tudo,123884,124797,913
124797,126007,1210,0,GE-Phrase,261,123162,126484,3322
124797,126007,1210,0,NTB,então vou monitorar quem,124797,126007,1210
126007,127426,1419,0,NTB,et cetera,126007,127426,1419
131502,132715,1213,0,GE-Phrase,263,132202,134077,1875
131502,132715,1213,0,NTB,nũ tinha recebido nenhuma bolsa ainda né,131502,132715,1213
132715,134762,2047,0,GE-Phrase,264,134077,135782,1705
132715,134762,2047,0,NTB,tinha acabado de acontecer o processo,132715,134762,2047
136371,137155,784,0,GE-Phrase,265,135782,138288,2506
136371,137155,784,0,NTB,a minha tutora,136371,137155,784
137155,137394,239,0,GE-Phrase,265,135782,138288,2506
137155,137394,239,0,NTB,né,137155,137394,239
141078,143026,1948,0,GE-Phrase,268,142467,145380,2913
141078,143026,1948,0,NTB,e a gente volta quando retomar a aula,141078,143026,1948
149343,150432,1089,0,GE-Phrase,271,149490,151803,2313
149343,150432,1089,0,NTB,se cês concordarem,149343,150432,1089
9631,12030,2399,0,GE-Phrase,206,11228,13092,1864
9631,12030,2399,0,NTB,que inclusive tô produzindo um,9631,12030,2399
12030,13506,1476,0,GE-Phrase,207,13092,14908,1816
12030,13506,1476,0,NTB,p' cê ver a dubiedade da coisa,12030,13506,1476
25187,26370,1183,0,GE-Phrase,212,23414,26572,3158
25187,26370,1183,0,NTB,se eu reproduzir meu método,25187,26370,1183
26370,27200,830,0,GE-Phrase,213,26572,28865,2293
26370,27200,830,0,NTB,tá ligado,26370,27200,830
27200,28048,848,0,GE-Phrase,213,26572,28865,2293
27200,28048,848,0,NTB,dentro da cultura,27200,28048,848
28048,29067,1019,0,GE-Phrase,214,28865,30267,1402
28048,29067,1019,0,NTB,e adequando e et cetera,28048,29067,1019
69285,70269,984,0,GE-Phrase,234,70078,71694,1616
69285,70269,984,0,NTB,o projeto é dela,69285,70269,984
123333,123678,345,0,GE-Phrase,261,123162,126484,3322
123333,123678,345,0,NTB,porque &n [/1],123333,123678,345
123678,123884,206,0,GE-Phrase,261,123162,126484,3322
123678,123884,206,0,NTB,né,123678,123884,206
123884,124797,913,0,GE-Phrase,261,123162,126484,3322
123884,124797,913,0,NTB,ia parar tudo,123884,124797,913
124797,126007,1210,0,GE-Phrase,261,123162,126484,3322
124797,126007,1210,0,NTB,então vou monitorar quem,124797,126007,1210
126007,127426,1419,0,NTB,et cetera,126007,127426,1419
131502,132715,1213,0,GE-Phrase,263,132202,134077,1875
131502,132715,1213,0,NTB,nũ tinha recebido nenhuma bolsa ainda né,131502,132715,1213
132715,134762,2047,0,GE-Phrase,264,134077,135782,1705
132715,134762,2047,0,NTB,tinha acabado de acontecer o processo,132715,134762,2047
136371,137155,784,0,GE-Phrase,265,135782,138288,2506
136371,137155,784,0,NTB,a minha tutora,136371,137155,784
137155,137394,239,0,GE-Phrase,265,135782,138288,2506
137155,137394,239,0,NTB,né,137155,137394,239
141078,143026,1948,0,GE-Phrase,268,142467,145380,2913
141078,143026,1948,0,NTB,e a gente volta quando retomar a aula,141078,143026,1948
149343,150432,1089,0,GE-Phrase,271,149490,151803,2313
149343,150432,1089,0,NTB,se cês concordarem,149343,150432,1089
9631,12030,2399,0,GE-Phrase,206,11228,13092,1864
9631,12030,2399,0,NTB,que inclusive tô produzindo um,9631,12030,2399
12030,13506,1476,0,GE-Phrase,207,13092,14908,1816
12030,13506,1476,0,NTB,p' cê ver a dubiedade da coisa,12030,13506,1476
25187,26370,1183,0,GE-Phrase,212,23414,26572,3158
25187,26370,1183,0,NTB,se eu reproduzir meu método,25187,26370,1183
26370,27200,830,0,GE-Phrase,213,26572,28865,2293
26370,27200,830,0,NTB,tá ligado,26370,27200,830
27200,28048,848,0,GE-Phrase,213,26572,28865,2293
27200,28048,848,0,NTB,dentro da cultura,27200,28048,848
28048,29067,1019,0,GE-Phrase,214,28865,30267,1402
28048,29067,1019,0,NTB,e adequando e et cetera,28048,29067,1019
69285,70269,984,0,GE-Phrase,234,70078,71694,1616
69285,70269,984,0,NTB,o projeto é dela,69285,70269,984
123333,123678,345,0,GE-Phrase,261,123162,126484,3322
123333,123678,345,0,NTB,porque &n [/1],123333,123678,345
123678,123884,206,0,GE-Phrase,261,123162,126484,3322
123678,123884,206,0,NTB,né,123678,123884,206
123884,124797,913,0,GE-Phrase,261,123162,126484,3322
123884,124797,913,0,NTB,ia parar tudo,123884,124797,913
124797,126007,1210,0,GE-Phrase,261,123162,126484,3322
124797,126007,1210,0,NTB,então vou monitorar quem,124797,126007,1210
126007,127426,1419,0,NTB,et cetera,126007,127426,1419
131502,132715,1213,0,GE-Phrase,263,132202,134077,1875
131502,132715,1213,0,NTB,nũ tinha recebido nenhuma bolsa ainda né,131502,132715,1213
132715,134762,2047,0,GE-Phrase,264,134077,135782,1705
132715,134762,2047,0,NTB,tinha acabado de acontecer o processo,132715,134762,2047
136371,137155,784,0,GE-Phrase,265,135782,138288,2506
136371,137155,784,0,NTB,a minha tutora,136371,137155,784
137155,137394,239,0,GE-Phrase,265,135782,138288,2506
137155,137394,239,0,NTB,né,137155,137394,239
141078,143026,1948,0,GE-Phrase,268,142467,145380,2913
141078,143026,1948,0,NTB,e a gente volta quando retomar a aula,141078,143026,1948
149343,150432,1089,0,GE-Phrase,271,149490,151803,2313
149343,150432,1089,0,NTB,se cês concordarem,149343,150432,1089
9631,12030,2399,0,GE-Phrase,206,11228,13092,1864
9631,12030,2399,0,NTB,que inclusive tô produzindo um,9631,12030,2399
12030,13506,1476,0,GE-Phrase,207,13092,14908,1816
12030,13506,1476,0,NTB,p' cê ver a dubiedade da coisa,12030,13506,1476
25187,26370,1183,0,GE-Phrase,212,23414,26572,3158
25187,26370,1183,0,NTB,se eu reproduzir meu método,25187,26370,1183
26370,27200,830,0,GE-Phrase,213,26572,28865,2293
26370,27200,830,0,NTB,tá ligado,26370,27200,830
27200,28048,848,0,GE-Phrase,213,26572,28865,2293
27200,28048,848,0,NTB,dentro da cultura,27200,28048,848
28048,29067,1019,0,GE-Phrase,214,28865,30267,1402
28048,29067,1019,0,NTB,e adequando e et cetera,28048,29067,1019
69285,70269,984,0,GE-Phrase,234,70078,71694,1616
69285,70269,984,0,NTB,o projeto é dela,69285,70269,984
123333,123678,345,0,GE-Phrase,261,123162,126484,3322
123333,123678,345,0,NTB,porque &n [/1],123333,123678,345
123678,123884,206,0,GE-Phrase,261,123162,126484,3322
123678,123884,206,0,NTB,né,123678,123884,206
123884,124797,913,0,GE-Phrase,261,123162,126484,3322
123884,124797,913,0,NTB,ia parar tudo,123884,124797,913
124797,126007,1210,0,GE-Phrase,261,123162,126484,3322
124797,126007,1210,0,NTB,então vou monitorar quem,124797,126007,1210
126007,127426,1419,0,NTB,et cetera,126007,127426,1419
131502,132715,1213,0,GE-Phrase,263,132202,134077,1875
131502,132715,1213,0,NTB,nũ tinha recebido nenhuma bolsa ainda né,131502,132715,1213
132715,134762,2047,0,GE-Phrase,264,134077,135782,1705
132715,134762,2047,0,NTB,tinha acabado de acontecer o processo,132715,134762,2047
136371,137155,784,0,GE-Phrase,265,135782,138288,2506
136371,137155,784,0,NTB,a minha tutora,136371,137155,784
137155,137394,239,0,GE-Phrase,265,135782,138288,2506
137155,137394,239,0,NTB,né,137155,137394,239
141078,143026,1948,0,GE-Phrase,268,142467,145380,2913
141078,143026,1948,0,NTB,e a gente volta quando retomar a aula,141078,143026,1948
149343,150432,1089,0,GE-Phrase,271,149490,151803,2313
149343,150432,1089,0,NTB,se cês concordarem,149343,150432,1089
9631,12030,2399,0,GE-Phrase,206,11228,13092,1864
9631,12030,2399,0,NTB,que inclusive tô produzindo um,9631,12030,2399
12030,13506,1476,0,GE-Phrase,207,13092,14908,1816
12030,13506,1476,0,NTB,p' cê ver a dubiedade da coisa,12030,13506,1476
25187,26370,1183,0,GE-Phrase,212,23414,26572,3158
25187,26370,1183,0,NTB,se eu reproduzir meu método,25187,26370,1183
26370,27200,830,0,GE-Phrase,213,26572,28865,2293
26370,27200,830,0,NTB,tá ligado,26370,27200,830
27200,28048,848,0,GE-Phrase,213,26572,28865,2293
27200,28048,848,0,NTB,dentro da cultura,27200,28048,848
28048,29067,1019,0,GE-Phrase,214,28865,30267,1402
28048,29067,1019,0,NTB,e adequando e et cetera,28048,29067,1019
69285,70269,984,0,GE-Phrase,234,70078,71694,1616
69285,70269,984,0,NTB,o projeto é dela,69285,70269,984
123333,123678,345,0,GE-Phrase,261,123162,126484,3322
123333,123678,345,0,NTB,porque &n [/1],123333,123678,345
123678,123884,206,0,GE-Phrase,261,123162,126484,3322
123678,123884,206,0,NTB,né,123678,123884,206
123884,124797,913,0,GE-Phrase,261,123162,126484,3322
123884,124797,913,0,NTB,ia parar tudo,123884,124797,913
124797,126007,1210,0,GE-Phrase,261,123162,126484,3322
124797,126007,1210,0,NTB,então vou monitorar quem,124797,126007,1210
126007,127426,1419,0,NTB,et cetera,126007,127426,1419
131502,132715,1213,0,GE-Phrase,263,132202,134077,1875
131502,132715,1213,0,NTB,nũ tinha recebido nenhuma bolsa ainda né,131502,132715,1213
132715,134762,2047,0,GE-Phrase,264,134077,135782,1705
132715,134762,2047,0,NTB,tinha acabado de acontecer o processo,132715,134762,2047
136371,137155,784,0,GE-Phrase,265,135782,138288,2506
136371,137155,784,0,NTB,a minha tutora,136371,137155,784
137155,137394,239,0,GE-Phrase,265,135782,138288,2506
137155,137394,239,0,NTB,né,137155,137394,239
141078,143026,1948,0,GE-Phrase,268,142467,145380,2913
141078,143026,1948,0,NTB,e a gente volta quando retomar a aula,141078,143026,1948
149343,150432,1089,0,GE-Phrase,271,149490,151803,2313
149343,150432,1089,0,NTB,se cês concordarem,149343,150432,1089
9631,12030,2399,0,GE-Phrase,206,11228,13092,1864
9631,12030,2399,0,NTB,que inclusive tô produzindo um,9631,12030,2399
12030,13506,1476,0,GE-Phrase,207,13092,14908,1816
12030,13506,1476,0,NTB,p' cê ver a dubiedade da coisa,12030,13506,1476
25187,26370,1183,0,GE-Phrase,212,23414,26572,3158
25187,26370,1183,0,NTB,se eu reproduzir meu método,25187,26370,1183
26370,27200,830,0,GE-Phrase,213,26572,28865,2293
26370,27200,830,0,NTB,tá ligado,26370,27200,830
27200,28048,848,0,GE-Phrase,213,26572,28865,2293
27200,28048,848,0,NTB,dentro da cultura,27200,28048,848
28048,29067,1019,0,GE-Phrase,214,28865,30267,1402
28048,29067,1019,0,NTB,e adequando e et cetera,28048,29067,1019
69285,70269,984,0,GE-Phrase,234,70078,71694,1616
69285,70269,984,0,NTB,o projeto é dela,69285,70269,984
123333,123678,345,0,GE-Phrase,261,123162,126484,3322
123333,123678,345,0,NTB,porque &n [/1],123333,123678,345
123678,123884,206,0,GE-Phrase,261,123162,126484,3322
123678,123884,206,0,NTB,né,123678,123884,206
123884,124797,913,0,GE-Phrase,261,123162,126484,3322
123884,124797,913,0,NTB,ia parar tudo,123884,124797,913
124797,126007,1210,0,GE-Phrase,261,123162,126484,3322
124797,126007,1210,0,NTB,então vou monitorar quem,124797,126007,1210
126007,127426,1419,0,NTB,et cetera,126007,127426,1419
131502,132715,1213,0,GE-Phrase,263,132202,134077,1875
131502,132715,1213,0,NTB,nũ tinha recebido nenhuma bolsa ainda né,131502,132715,1213
132715,134762,2047,0,GE-Phrase,264,134077,135782,1705
132715,134762,2047,0,NTB,tinha acabado de acontecer o processo,132715,134762,2047
136371,137155,784,0,GE-Phrase,265,135782,138288,2506
136371,137155,784,0,NTB,a minha tutora,136371,137155,784
137155,137394,239,0,GE-Phrase,265,135782,138288,2506
137155,137394,239,0,NTB,né,137155,137394,239
141078,143026,1948,0,GE-Phrase,268,142467,145380,2913
141078,143026,1948,0,NTB,e a gente volta quando retomar a aula,141078,143026,1948
149343,150432,1089,0,GE-Phrase,271,149490,151803,2313
149343,150432,1089,0,NTB,se cês concordarem,149343,150432,1089
9631,12030,2399,0,GE-Phrase,206,11228,13092,1864
9631,12030,2399,0,NTB,que inclusive tô produzindo um,9631,12030,2399
12030,13506,1476,0,GE-Phrase,207,13092,14908,1816
12030,13506,1476,0,NTB,p' cê ver a dubiedade da coisa,12030,13506,1476
25187,26370,1183,0,GE-Phrase,212,23414,26572,3158
25187,26370,1183,0,NTB,se eu reproduzir meu método,25187,26370,1183
26370,27200,830,0,GE-Phrase,213,26572,28865,2293
26370,27200,830,0,NTB,tá ligado,26370,27200,830
27200,28048,848,0,GE-Phrase,213,26572,28865,2293
27200,28048,848,0,NTB,dentro da cultura,27200,28048,848
28048,29067,1019,0,GE-Phrase,214,28865,30267,1402
28048,29067,1019,0,NTB,e adequando e et cetera,28048,29067,1019
69285,70269,984,0,GE-Phrase,234,70078,71694,1616
69285,70269,984,0,NTB,o projeto é dela,69285,70269,984
123333,123678,345,0,GE-Phrase,261,123162,126484,3322
123333,123678,345,0,NTB,porque &n [/1],123333,123678,345
123678,123884,206,0,GE-Phrase,261,123162,126484,3322
123678,123884,206,0,NTB,né,123678,123884,206
123884,124797,913,0,GE-Phrase,261,123162,126484,3322
123884,124797,913,0,NTB,ia parar tudo,123884,124797,913
124797,126007,1210,0,GE-Phrase,261,123162,126484,3322
124797,126007,1210,0,NTB,então vou monitorar quem,124797,126007,1210
126007,127426,1419,0,NTB,et cetera,126007,127426,1419
131502,132715,1213,0,GE-Phrase,263,132202,134077,1875
131502,132715,1213,0,NTB,nũ tinha recebido nenhuma bolsa ainda né,131502,132715,1213
132715,134762,2047,0,GE-Phrase,264,134077,135782,1705
132715,134762,2047,0,NTB,tinha acabado de acontecer o processo,132715,134762,2047
136371,137155,784,0,GE-Phrase,265,135782,138288,2506
136371,137155,784,0,NTB,a minha tutora,136371,137155,784
137155,137394,239,0,GE-Phrase,265,135782,138288,2506
137155,137394,239,0,NTB,né,137155,137394,239
141078,143026,1948,0,GE-Phrase,268,142467,145380,2913
141078,143026,1948,0,NTB,e a gente volta quando retomar a aula,141078,143026,1948
149343,150432,1089,0,GE-Phrase,271,149490,151803,2313
149343,150432,1089,0,NTB,se cês concordarem,149343,150432,1089
9631,12030,2399,0,GE-Phrase,206,11228,13092,1864
9631,12030,2399,0,NTB,que inclusive tô produzindo um,9631,12030,2399
12030,13506,1476,0,GE-Phrase,207,13092,14908,1816
12030,13506,1476,0,NTB,p' cê ver a dubiedade da coisa,12030,13506,1476
25187,26370,1183,0,GE-Phrase,212,23414,26572,3158
25187,26370,1183,0,NTB,se eu reproduzir meu método,25187,26370,1183
26370,27200,830,0,GE-Phrase,213,26572,28865,2293
26370,27200,830,0,NTB,tá ligado,26370,27200,830
27200,28048,848,0,GE-Phrase,213,26572,28865,2293
27200,28048,848,0,NTB,dentro da cultura,27200,28048,848
28048,29067,1019,0,GE-Phrase,214,28865,30267,1402
28048,29067,1019,0,NTB,e adequando e et cetera,28048,29067,1019
69285,70269,984,0,GE-Phrase,234,70078,71694,1616
69285,70269,984,0,NTB,o projeto é dela,69285,70269,984
123333,123678,345,0,GE-Phrase,261,123162,126484,3322
123333,123678,345,0,NTB,porque &n [/1],123333,123678,345
123678,123884,206,0,GE-Phrase,261,123162,126484,3322
123678,123884,206,0,NTB,né,123678,123884,206
123884,124797,913,0,GE-Phrase,261,123162,126484,3322
123884,124797,913,0,NTB,ia parar tudo,123884,124797,913
124797,126007,1210,0,GE-Phrase,261,123162,126484,3322
124797,126007,1210,0,NTB,então vou monitorar quem,124797,126007,1210
126007,127426,1419,0,NTB,et cetera,126007,127426,1419
131502,132715,1213,0,GE-Phrase,263,132202,134077,1875
131502,132715,1213,0,NTB,nũ tinha recebido nenhuma bolsa ainda né,131502,132715,1213
132715,134762,2047,0,GE-Phrase,264,134077,135782,1705
132715,134762,2047,0,NTB,tinha acabado de acontecer o processo,132715,134762,2047
136371,137155,784,0,GE-Phrase,265,135782,138288,2506
136371,137155,784,0,NTB,a minha tutora,136371,137155,784
137155,137394,239,0,GE-Phrase,265,135782,138288,2506
137155,137394,239,0,NTB,né,137155,137394,239
141078,143026,1948,0,GE-Phrase,268,142467,145380,2913
141078,143026,1948,0,NTB,e a gente volta quando retomar a aula,141078,143026,1948
149343,150432,1089,0,GE-Phrase,271,149490,151803,2313
149343,150432,1089,0,NTB,se cês concordarem,149343,150432,1089
9631,12030,2399,0,GE-Phrase,206,11228,13092,1864
9631,12030,2399,0,NTB,que inclusive tô produzindo um,9631,12030,2399
12030,13506,1476,0,GE-Phrase,207,13092,14908,1816
12030,13506,1476,0,NTB,p' cê ver a dubiedade da coisa,12030,13506,1476
25187,26370,1183,0,GE-Phrase,212,23414,26572,3158
25187,26370,1183,0,NTB,se eu reproduzir meu método,25187,26370,1183
26370,27200,830,0,GE-Phrase,213,26572,28865,2293
26370,27200,830,0,NTB,tá ligado,26370,27200,830
27200,28048,848,0,GE-Phrase,213,26572,28865,2293
27200,28048,848,0,NTB,dentro da cultura,27200,28048,848
28048,29067,1019,0,GE-Phrase,214,28865,30267,1402
28048,29067,1019,0,NTB,e adequando e et cetera,28048,29067,1019
69285,70269,984,0,GE-Phrase,234,70078,71694,1616
69285,70269,984,0,NTB,o projeto é dela,69285,70269,984
123333,123678,345,0,GE-Phrase,261,123162,126484,3322
123333,123678,345,0,NTB,porque &n [/1],123333,123678,345
123678,123884,206,0,GE-Phrase,261,123162,126484,3322
123678,123884,206,0,NTB,né,123678,123884,206
123884,124797,913,0,GE-Phrase,261,123162,126484,3322
123884,124797,913,0,NTB,ia parar tudo,123884,124797,913
124797,126007,1210,0,GE-Phrase,261,123162,126484,3322
124797,126007,1210,0,NTB,então vou monitorar quem,124797,126007,1210
126007,127426,1419,0,NTB,et cetera,126007,127426,1419
131502,132715,1213,0,GE-Phrase,263,132202,134077,1875
131502,132715,1213,0,NTB,nũ tinha recebido nenhuma bolsa ainda né,131502,132715,1213
132715,134762,2047,0,GE-Phrase,264,134077,135782,1705
132715,134762,2047,0,NTB,tinha acabado de acontecer o processo,132715,134762,2047
136371,137155,784,0,GE-Phrase,265,135782,138288,2506
136371,137155,784,0,NTB,a minha tutora,136371,137155,784
137155,137394,239,0,GE-Phrase,265,135782,138288,2506
137155,137394,239,0,NTB,né,137155,137394,239
141078,143026,1948,0,GE-Phrase,268,142467,145380,2913
141078,143026,1948,0,NTB,e a gente volta quando retomar a aula,141078,143026,1948
149343,150432,1089,0,GE-Phrase,271,149490,151803,2313
149343,150432,1089,0,NTB,se cês concordarem,149343,150432,1089
9631,12030,2399,0,GE-Phrase,206,11228,13092,1864
9631,12030,2399,0,NTB,que inclusive tô produzindo um,9631,12030,2399
12030,13506,1476,0,GE-Phrase,207,13092,14908,1816
12030,13506,1476,0,NTB,p' cê ver a dubiedade da coisa,12030,13506,1476
25187,26370,1183,0,GE-Phrase,212,23414,26572,3158
25187,26370,1183,0,NTB,se eu reproduzir meu método,25187,26370,1183
26370,27200,830,0,GE-Phrase,213,26572,28865,2293
26370,27200,830,0,NTB,tá ligado,26370,27200,830
27200,28048,848,0,GE-Phrase,213,26572,28865,2293
27200,28048,848,0,NTB,dentro da cultura,27200,28048,848
28048,29067,1019,0,GE-Phrase,214,28865,30267,1402
28048,29067,1019,0,NTB,e adequando e et cetera,28048,29067,1019
69285,70269,984,0,GE-Phrase,234,70078,71694,1616
69285,70269,984,0,NTB,o projeto é dela,69285,70269,984
123333,123678,345,0,GE-Phrase,261,123162,126484,3322
123333,123678,345,0,NTB,porque &n [/1],123333,123678,345
123678,123884,206,0,GE-Phrase,261,123162,126484,3322
123678,123884,206,0,NTB,né,123678,123884,206
123884,124797,913,0,GE-Phrase,261,123162,126484,3322
123884,124797,913,0,NTB,ia parar tudo,123884,124797,913
124797,126007,1210,0,GE-Phrase,261,123162,126484,3322
124797,126007,1210,0,NTB,então vou monitorar quem,124797,126007,1210
126007,127426,1419,0,NTB,et cetera,126007,127426,1419
131502,132715,1213,0,GE-Phrase,263,132202,134077,1875
131502,132715,1213,0,NTB,nũ tinha recebido nenhuma bolsa ainda né,131502,132715,1213
132715,134762,2047,0,GE-Phrase,264,134077,135782,1705
132715,134762,2047,0,NTB,tinha acabado de acontecer o processo,132715,134762,2047
136371,137155,784,0,GE-Phrase,265,135782,138288,2506
136371,137155,784,0,NTB,a minha tutora,136371,137155,784
137155,137394,239,0,GE-Phrase,265,135782,138288,2506
137155,137394,239,0,NTB,né,137155,137394,239
141078,143026,1948,0,GE-Phrase,268,142467,145380,2913
141078,143026,1948,0,NTB,e a gente volta quando retomar a aula,141078,143026,1948
149343,150432,1089,0,GE-Phrase,271,149490,151803,2313
149343,150432,1089,0,NTB,se cês concordarem,149343,150432,1089
9631,12030,2399,0,GE-Phrase,206,11228,13092,1864
9631,12030,2399,0,NTB,que inclusive tô produzindo um,9631,12030,2399
12030,13506,1476,0,GE-Phrase,207,13092,14908,1816
12030,13506,1476,0,NTB,p' cê ver a dubiedade da coisa,12030,13506,1476
25187,26370,1183,0,GE-Phrase,212,23414,26572,3158
25187,26370,1183,0,NTB,se eu reproduzir meu método,25187,26370,1183
26370,27200,830,0,GE-Phrase,213,26572,28865,2293
26370,27200,830,0,NTB,tá ligado,26370,27200,830
27200,28048,848,0,GE-Phrase,213,26572,28865,2293
27200,28048,848,0,NTB,dentro da cultura,27200,28048,848
28048,29067,1019,0,GE-Phrase,214,28865,30267,1402
28048,29067,1019,0,NTB,e adequando e et cetera,28048,29067,1019
69285,70269,984,0,GE-Phrase,234,70078,71694,1616
69285,70269,984,0,NTB,o projeto é dela,69285,70269,984
123333,123678,345,0,GE-Phrase,261,123162,126484,3322
123333,123678,345,0,NTB,porque &n [/1],123333,123678,345
123678,123884,206,0,GE-Phrase,261,123162,126484,3322
123678,123884,206,0,NTB,né,123678,123884,206
123884,124797,913,0,GE-Phrase,261,123162,126484,3322
123884,124797,913,0,NTB,ia parar tudo,123884,124797,913
124797,126007,1210,0,GE-Phrase,261,123162,126484,3322
124797,126007,1210,0,NTB,então vou monitorar quem,124797,126007,1210
126007,127426,1419,0,NTB,et cetera,126007,127426,1419
131502,132715,1213,0,GE-Phrase,263,132202,134077,1875
131502,132715,1213,0,NTB,nũ tinha recebido nenhuma bolsa ainda né,131502,132715,1213
132715,134762,2047,0,GE-Phrase,264,134077,135782,1705
132715,134762,2047,0,NTB,tinha acabado de acontecer o processo,132715,134762,2047
136371,137155,784,0,GE-Phrase,265,135782,138288,2506
136371,137155,784,0,NTB,a minha tutora,136371,137155,784
137155,137394,239,0,GE-Phrase,265,135782,138288,2506
137155,137394,239,0,NTB,né,137155,137394,239
141078,143026,1948,0,GE-Phrase,268,142467,145380,2913
141078,143026,1948,0,NTB,e a gente volta quando retomar a aula,141078,143026,1948
149343,150432,1089,0,GE-Phrase,271,149490,151803,2313
149343,150432,1089,0,NTB,se cês concordarem,149343,150432,1089
9631,12030,2399,0,GE-Phrase,206,11228,13092,1864
9631,12030,2399,0,NTB,que inclusive tô produzindo um,9631,12030,2399
12030,13506,1476,0,GE-Phrase,207,13092,14908,1816
12030,13506,1476,0,NTB,p' cê ver a dubiedade da coisa,12030,13506,1476
25187,26370,1183,0,GE-Phrase,212,23414,26572,3158
25187,26370,1183,0,NTB,se eu reproduzir meu método,25187,26370,1183
26370,27200,830,0,GE-Phrase,213,26572,28865,2293
26370,27200,830,0,NTB,tá ligado,26370,27200,830
27200,28048,848,0,GE-Phrase,213,26572,28865,2293
27200,28048,848,0,NTB,dentro da cultura,27200,28048,848
28048,29067,1019,0,GE-Phrase,214,28865,30267,1402
28048,29067,1019,0,NTB,e adequando e et cetera,28048,29067,1019
69285,70269,984,0,GE-Phrase,234,70078,71694,1616
69285,70269,984,0,NTB,o projeto é dela,69285,70269,984
123333,123678,345,0,GE-Phrase,261,123162,126484,3322
123333,123678,345,0,NTB,porque &n [/1],123333,123678,345
123678,123884,206,0,GE-Phrase,261,123162,126484,3322
123678,123884,206,0,NTB,né,123678,123884,206
123884,124797,913,0,GE-Phrase,261,123162,126484,3322
123884,124797,913,0,NTB,ia parar tudo,123884,124797,913
124797,126007,1210,0,GE-Phrase,261,123162,126484,3322
124797,126007,1210,0,NTB,então vou monitorar quem,124797,126007,1210
126007,127426,1419,0,NTB,et cetera,126007,127426,1419
131502,132715,1213,0,GE-Phrase,263,132202,134077,1875
131502,132715,1213,0,NTB,nũ tinha recebido nenhuma bolsa ainda né,131502,132715,1213
132715,134762,2047,0,GE-Phrase,264,134077,135782,1705
132715,134762,2047,0,NTB,tinha acabado de acontecer o processo,132715,134762,2047
136371,137155,784,0,GE-Phrase,265,135782,138288,2506
136371,137155,784,0,NTB,a minha tutora,136371,137155,784
137155,137394,239,0,GE-Phrase,265,135782,138288,2506
137155,137394,239,0,NTB,né,137155,137394,239
141078,143026,1948,0,GE-Phrase,268,142467,145380,2913
141078,143026,1948,0,NTB,e a gente volta quando retomar a aula,141078,143026,1948
149343,150432,1089,0,GE-Phrase,271,149490,151803,2313
149343,150432,1089,0,NTB,se cês concordarem,149343,150432,1089
9631,12030,2399,0,GE-Phrase,206,11228,13092,1864
9631,12030,2399,0,NTB,que inclusive tô produzindo um,9631,12030,2399
12030,13506,1476,0,GE-Phrase,207,13092,14908,1816
12030,13506,1476,0,NTB,p' cê ver a dubiedade da coisa,12030,13506,1476
25187,26370,1183,0,GE-Phrase,212,23414,26572,3158
25187,26370,1183,0,NTB,se eu reproduzir meu método,25187,26370,1183
26370,27200,830,0,GE-Phrase,213,26572,28865,2293
26370,27200,830,0,NTB,tá ligado,26370,27200,830
27200,28048,848,0,GE-Phrase,213,26572,28865,2293
27200,28048,848,0,NTB,dentro da cultura,27200,28048,848
28048,29067,1019,0,GE-Phrase,214,28865,30267,1402
28048,29067,1019,0,NTB,e adequando e et cetera,28048,29067,1019
69285,70269,984,0,GE-Phrase,234,70078,71694,1616
69285,70269,984,0,NTB,o projeto é dela,69285,70269,984
123333,123678,345,0,GE-Phrase,261,123162,126484,3322
123333,123678,345,0,NTB,porque &n [/1],123333,123678,345
123678,123884,206,0,GE-Phrase,261,123162,126484,3322
123678,123884,206,0,NTB,né,123678,123884,206
123884,124797,913,0,GE-Phrase,261,123162,126484,3322
123884,124797,913,0,NTB,ia parar tudo,123884,124797,913
124797,126007,1210,0,GE-Phrase,261,123162,126484,3322
124797,126007,1210,0,NTB,então vou monitorar quem,124797,126007,1210
126007,127426,1419,0,NTB,et cetera,126007,127426,1419
131502,132715,1213,0,GE-Phrase,263,132202,134077,1875
131502,132715,1213,0,NTB,nũ tinha recebido nenhuma bolsa ainda né,131502,132715,1213
132715,134762,2047,0,GE-Phrase,264,134077,135782,1705
132715,134762,2047,0,NTB,tinha acabado de acontecer o processo,132715,134762,2047
136371,137155,784,0,GE-Phrase,265,135782,138288,2506
136371,137155,784,0,NTB,a minha tutora,136371,137155,784
137155,137394,239,0,GE-Phrase,265,135782,138288,2506
137155,137394,239,0,NTB,né,137155,137394,239
141078,143026,1948,0,GE-Phrase,268,142467,145380,2913
141078,143026,1948,0,NTB,e a gente volta quando retomar a aula,141078,143026,1948
149343,150432,1089,0,GE-Phrase,271,149490,151803,2313
149343,150432,1089,0,NTB,se cês concordarem,149343,150432,1089
9631,12030,2399,0,GE-Phrase,206,11228,13092,1864
9631,12030,2399,0,NTB,que inclusive tô produzindo um,9631,12030,2399
12030,13506,1476,0,GE-Phrase,207,13092,14908,1816
12030,13506,1476,0,NTB,p' cê ver a dubiedade da coisa,12030,13506,1476
25187,26370,1183,0,GE-Phrase,212,23414,26572,3158
25187,26370,1183,0,NTB,se eu reproduzir meu método,25187,26370,1183
26370,27200,830,0,GE-Phrase,213,26572,28865,2293
26370,27200,830,0,NTB,tá ligado,26370,27200,830
27200,28048,848,0,GE-Phrase,213,26572,28865,2293
27200,28048,848,0,NTB,dentro da cultura,27200,28048,848
28048,29067,1019,0,GE-Phrase,214,28865,30267,1402
28048,29067,1019,0,NTB,e adequando e et cetera,28048,29067,1019
69285,70269,984,0,GE-Phrase,234,70078,71694,1616
69285,70269,984,0,NTB,o projeto é dela,69285,70269,984
123333,123678,345,0,GE-Phrase,261,123162,126484,3322
123333,123678,345,0,NTB,porque &n [/1],123333,123678,345
123678,123884,206,0,GE-Phrase,261,123162,126484,3322
123678,123884,206,0,NTB,né,123678,123884,206
123884,124797,913,0,GE-Phrase,261,123162,126484,3322
123884,124797,913,0,NTB,ia parar tudo,123884,124797,913
124797,126007,1210,0,GE-Phrase,261,123162,126484,3322
124797,126007,1210,0,NTB,então vou monitorar quem,124797,126007,1210
126007,127426,1419,0,NTB,et cetera,126007,127426,1419
131502,132715,1213,0,GE-Phrase,263,132202,134077,1875
131502,132715,1213,0,NTB,nũ tinha recebido nenhuma bolsa ainda né,131502,132715,1213
132715,134762,2047,0,GE-Phrase,264,134077,135782,1705
132715,134762,2047,0,NTB,tinha acabado de acontecer o processo,132715,134762,2047
136371,137155,784,0,GE-Phrase,265,135782,138288,2506
136371,137155,784,0,NTB,a minha tutora,136371,137155,784
137155,137394,239,0,GE-Phrase,265,135782,138288,2506
137155,137394,239,0,NTB,né,137155,137394,239
141078,143026,1948,0,GE-Phrase,268,142467,145380,2913
141078,143026,1948,0,NTB,e a gente volta quando retomar a aula,141078,143026,1948
149343,150432,1089,0,GE-Phrase,271,149490,151803,2313
149343,150432,1089,0,NTB,se cês concordarem,149343,150432,1089
9631,12030,2399,0,GE-Phrase,206,11228,13092,1864
9631,12030,2399,0,NTB,que inclusive tô produzindo um,9631,12030,2399
12030,13506,1476,0,GE-Phrase,207,13092,14908,1816
12030,13506,1476,0,NTB,p' cê ver a dubiedade da coisa,12030,13506,1476
25187,26370,1183,0,GE-Phrase,212,23414,26572,3158
25187,26370,1183,0,NTB,se eu reproduzir meu método,25187,26370,1183
26370,27200,830,0,GE-Phrase,213,26572,28865,2293
26370,27200,830,0,NTB,tá ligado,26370,27200,830
27200,28048,848,0,GE-Phrase,213,26572,28865,2293
27200,28048,848,0,NTB,dentro da cultura,27200,28048,848
28048,29067,1019,0,GE-Phrase,214,28865,30267,1402
28048,29067,1019,0,NTB,e adequando e et cetera,28048,29067,1019
69285,70269,984,0,GE-Phrase,234,70078,71694,1616
69285,70269,984,0,NTB,o projeto é dela,69285,70269,984
123333,123678,345,0,GE-Phrase,261,123162,126484,3322
123333,123678,345,0,NTB,porque &n [/1],123333,123678,345
123678,123884,206,0,GE-Phrase,261,123162,126484,3322
123678,123884,206,0,NTB,né,123678,123884,206
123884,124797,913,0,GE-Phrase,261,123162,126484,3322
123884,124797,913,0,NTB,ia parar tudo,123884,124797,913
124797,126007,1210,0,GE-Phrase,261,123162,126484,3322
124797,126007,1210,0,NTB,então vou monitorar quem,124797,126007,1210
126007,127426,1419,0,NTB,et cetera,126007,127426,1419
131502,132715,1213,0,GE-Phrase,263,132202,134077,1875
131502,132715,1213,0,NTB,nũ tinha recebido nenhuma bolsa ainda né,131502,132715,1213
132715,134762,2047,0,GE-Phrase,264,134077,135782,1705
132715,134762,2047,0,NTB,tinha acabado de acontecer o processo,132715,134762,2047
136371,137155,784,0,GE-Phrase,265,135782,138288,2506
136371,137155,784,0,NTB,a minha tutora,136371,137155,784
137155,137394,239,0,GE-Phrase,265,135782,138288,2506
137155,137394,239,0,NTB,né,137155,137394,239
141078,143026,1948,0,GE-Phrase,268,142467,145380,2913
141078,143026,1948,0,NTB,e a gente volta quando retomar a aula,141078,143026,1948
149343,150432,1089,0,GE-Phrase,271,149490,151803,2313
149343,150432,1089,0,NTB,se cês concordarem,149343,150432,1089
9631,12030,2399,0,GE-Phrase,206,11228,13092,1864
9631,12030,2399,0,NTB,que inclusive tô produzindo um,9631,12030,2399
12030,13506,1476,0,GE-Phrase,207,13092,14908,1816
12030,13506,1476,0,NTB,p' cê ver a dubiedade da coisa,12030,13506,1476
25187,26370,1183,0,GE-Phrase,212,23414,26572,3158
25187,26370,1183,0,NTB,se eu reproduzir meu método,25187,26370,1183
26370,27200,830,0,GE-Phrase,213,26572,28865,2293
26370,27200,830,0,NTB,tá ligado,26370,27200,830
27200,28048,848,0,GE-Phrase,213,26572,28865,2293
27200,28048,848,0,NTB,dentro da cultura,27200,28048,848
28048,29067,1019,0,GE-Phrase,214,28865,30267,1402
28048,29067,1019,0,NTB,e adequando e et cetera,28048,29067,1019
69285,70269,984,0,GE-Phrase,234,70078,71694,1616
69285,70269,984,0,NTB,o projeto é dela,69285,70269,984
123333,123678,345,0,GE-Phrase,261,123162,126484,3322
123333,123678,345,0,NTB,porque &n [/1],123333,123678,345
123678,123884,206,0,GE-Phrase,261,123162,126484,3322
123678,123884,206,0,NTB,né,123678,123884,206
123884,124797,913,0,GE-Phrase,261,123162,126484,3322
123884,124797,913,0,NTB,ia parar tudo,123884,124797,913
124797,126007,1210,0,GE-Phrase,261,123162,126484,3322
124797,126007,1210,0,NTB,então vou monitorar quem,124797,126007,1210
126007,127426,1419,0,NTB,et cetera,126007,127426,1419
131502,132715,1213,0,GE-Phrase,263,132202,134077,1875
131502,132715,1213,0,NTB,nũ tinha recebido nenhuma bolsa ainda né,131502,132715,1213
132715,134762,2047,0,GE-Phrase,264,134077,135782,1705
132715,134762,2047,0,NTB,tinha acabado de acontecer o processo,132715,134762,2047
136371,137155,784,0,GE-Phrase,265,135782,138288,2506
136371,137155,784,0,NTB,a minha tutora,136371,137155,784
137155,137394,239,0,GE-Phrase,265,135782,138288,2506
137155,137394,239,0,NTB,né,137155,137394,239
141078,143026,1948,0,GE-Phrase,268,142467,145380,2913
141078,143026,1948,0,NTB,e a gente volta quando retomar a aula,141078,143026,1948
149343,150432,1089,0,GE-Phrase,271,149490,151803,2313
149343,150432,1089,0,NTB,se cês concordarem,149343,150432,1089
9631,12030,2399,0,GE-Phrase,206,11228,13092,1864
9631,12030,2399,0,NTB,que inclusive tô produzindo um,9631,12030,2399
12030,13506,1476,0,GE-Phrase,207,13092,14908,1816
12030,13506,1476,0,NTB,p' cê ver a dubiedade da coisa,12030,13506,1476
25187,26370,1183,0,GE-Phrase,212,23414,26572,3158
25187,26370,1183,0,NTB,se eu reproduzir meu método,25187,26370,1183
26370,27200,830,0,GE-Phrase,213,26572,28865,2293
26370,27200,830,0,NTB,tá ligado,26370,27200,830
27200,28048,848,0,GE-Phrase,213,26572,28865,2293
27200,28048,848,0,NTB,dentro da cultura,27200,28048,848
28048,29067,1019,0,GE-Phrase,214,28865,30267,1402
28048,29067,1019,0,NTB,e adequando e et cetera,28048,29067,1019
69285,70269,984,0,GE-Phrase,234,70078,71694,1616
69285,70269,984,0,NTB,o projeto é dela,69285,70269,984
123333,123678,345,0,GE-Phrase,261,123162,126484,3322
123333,123678,345,0,NTB,porque &n [/1],123333,123678,345
123678,123884,206,0,GE-Phrase,261,123162,126484,3322
123678,123884,206,0,NTB,né,123678,123884,206
123884,124797,913,0,GE-Phrase,261,123162,126484,3322
123884,124797,913,0,NTB,ia parar tudo,123884,124797,913
124797,126007,1210,0,GE-Phrase,261,123162,126484,3322
124797,126007,1210,0,NTB,então vou monitorar quem,124797,126007,1210
126007,127426,1419,0,NTB,et cetera,126007,127426,1419
131502,132715,1213,0,GE-Phrase,263,132202,134077,1875
131502,132715,1213,0,NTB,nũ tinha recebido nenhuma bolsa ainda né,131502,132715,1213
132715,134762,2047,0,GE-Phrase,264,134077,135782,1705
132715,134762,2047,0,NTB,tinha acabado de acontecer o processo,132715,134762,2047
136371,137155,784,0,GE-Phrase,265,135782,138288,2506
136371,137155,784,0,NTB,a minha tutora,136371,137155,784
137155,137394,239,0,GE-Phrase,265,135782,138288,2506
137155,137394,239,0,NTB,né,137155,137394,239
141078,143026,1948,0,GE-Phrase,268,142467,145380,2913
141078,143026,1948,0,NTB,e a gente volta quando retomar a aula,141078,143026,1948
149343,150432,1089,0,GE-Phrase,271,149490,151803,2313
149343,150432,1089,0,NTB,se cês concordarem,149343,150432,1089
9631,12030,2399,0,GE-Phrase,206,11228,13092,1864
9631,12030,2399,0,NTB,que inclusive tô produzindo um,9631,12030,2399
12030,13506,1476,0,GE-Phrase,207,13092,14908,1816
12030,13506,1476,0,NTB,p' cê ver a dubiedade da coisa,12030,13506,1476
25187,26370,1183,0,GE-Phrase,212,23414,26572,3158
25187,26370,1183,0,NTB,se eu reproduzir meu método,25187,26370,1183
26370,27200,830,0,GE-Phrase,213,26572,28865,2293
26370,27200,830,0,NTB,tá ligado,26370,27200,830
27200,28048,848,0,GE-Phrase,213,26572,28865,2293
27200,28048,848,0,NTB,dentro da cultura,27200,28048,848
28048,29067,1019,0,GE-Phrase,214,28865,30267,1402
28048,29067,1019,0,NTB,e adequando e et cetera,28048,29067,1019
69285,70269,984,0,GE-Phrase,234,70078,71694,1616
69285,70269,984,0,NTB,o projeto é dela,69285,70269,984
123333,123678,345,0,GE-Phrase,261,123162,126484,3322
123333,123678,345,0,NTB,porque &n [/1],123333,123678,345
123678,123884,206,0,GE-Phrase,261,123162,126484,3322
123678,123884,206,0,NTB,né,123678,123884,206
123884,124797,913,0,GE-Phrase,261,123162,126484,3322
123884,124797,913,0,NTB,ia parar tudo,123884,124797,913
124797,126007,1210,0,GE-Phrase,261,123162,126484,3322
124797,126007,1210,0,NTB,então vou monitorar quem,124797,126007,1210
126007,127426,1419,0,NTB,et cetera,126007,127426,1419
131502,132715,1213,0,GE-Phrase,263,132202,134077,1875
131502,132715,1213,0,NTB,nũ tinha recebido nenhuma bolsa ainda né,131502,132715,1213
132715,134762,2047,0,GE-Phrase,264,134077,135782,1705
132715,134762,2047,0,NTB,tinha acabado de acontecer o processo,132715,134762,2047
136371,137155,784,0,GE-Phrase,265,135782,138288,2506
136371,137155,784,0,NTB,a minha tutora,136371,137155,784
137155,137394,239,0,GE-Phrase,265,135782,138288,2506
137155,137394,239,0,NTB,né,137155,137394,239
141078,143026,1948,0,GE-Phrase,268,142467,145380,2913
141078,143026,1948,0,NTB,e a gente volta quando retomar a aula,141078,143026,1948
149343,150432,1089,0,GE-Phrase,271,149490,151803,2313
149343,150432,1089,0,NTB,se cês concordarem,149343,150432,1089
9631,12030,2399,0,GE-Phrase,206,11228,13092,1864
9631,12030,2399,0,NTB,que inclusive tô produzindo um,9631,12030,2399
12030,13506,1476,0,GE-Phrase,207,13092,14908,1816
12030,13506,1476,0,NTB,p' cê ver a dubiedade da coisa,12030,13506,1476
25187,26370,1183,0,GE-Phrase,212,23414,26572,3158
25187,26370,1183,0,NTB,se eu reproduzir meu método,25187,26370,1183
26370,27200,830,0,GE-Phrase,213,26572,28865,2293
26370,27200,830,0,NTB,tá ligado,26370,27200,830
27200,28048,848,0,GE-Phrase,213,26572,28865,2293
27200,28048,848,0,NTB,dentro da cultura,27200,28048,848
28048,29067,1019,0,GE-Phrase,214,28865,30267,1402
28048,29067,1019,0,NTB,e adequando e et cetera,28048,29067,1019
69285,70269,984,0,GE-Phrase,234,70078,71694,1616
69285,70269,984,0,NTB,o projeto é dela,69285,70269,984
123333,123678,345,0,GE-Phrase,261,123162,126484,3322
123333,123678,345,0,NTB,porque &n [/1],123333,123678,345
123678,123884,206,0,GE-Phrase,261,123162,126484,3322
123678,123884,206,0,NTB,né,123678,123884,206
123884,124797,913,0,GE-Phrase,261,123162,126484,3322
123884,124797,913,0,NTB,ia parar tudo,123884,124797,913
124797,126007,1210,0,GE-Phrase,261,123162,126484,3322
124797,126007,1210,0,NTB,então vou monitorar quem,124797,126007,1210
126007,127426,1419,0,NTB,et cetera,126007,127426,1419
131502,132715,1213,0,GE-Phrase,263,132202,134077,1875
131502,132715,1213,0,NTB,nũ tinha recebido nenhuma bolsa ainda né,131502,132715,1213
132715,134762,2047,0,GE-Phrase,264,134077,135782,1705
132715,134762,2047,0,NTB,tinha acabado de acontecer o processo,132715,134762,2047
136371,137155,784,0,GE-Phrase,265,135782,138288,2506
136371,137155,784,0,NTB,a minha tutora,136371,137155,784
137155,137394,239,0,GE-Phrase,265,135782,138288,2506
137155,137394,239,0,NTB,né,137155,137394,239
141078,143026,1948,0,GE-Phrase,268,142467,145380,2913
141078,143026,1948,0,NTB,e a gente volta quando retomar a aula,141078,143026,1948
149343,150432,1089,0,GE-Phrase,271,149490,151803,2313
149343,150432,1089,0,NTB,se cês concordarem,149343,150432,1089
9631,12030,2399,0,GE-Phrase,206,11228,13092,1864
9631,12030,2399,0,NTB,que inclusive tô produzindo um,9631,12030,2399
12030,13506,1476,0,GE-Phrase,207,13092,14908,1816
12030,13506,1476,0,NTB,p' cê ver a dubiedade da coisa,12030,13506,1476
25187,26370,1183,0,GE-Phrase,212,23414,26572,3158
25187,26370,1183,0,NTB,se eu reproduzir meu método,25187,26370,1183
26370,27200,830,0,GE-Phrase,213,26572,28865,2293
26370,27200,830,0,NTB,tá ligado,26370,27200,830
27200,28048,848,0,GE-Phrase,213,26572,28865,2293
27200,28048,848,0,NTB,dentro da cultura,27200,28048,848
28048,29067,1019,0,GE-Phrase,214,28865,30267,1402
28048,29067,1019,0,NTB,e adequando e et cetera,28048,29067,1019
69285,70269,984,0,GE-Phrase,234,70078,71694,1616
69285,70269,984,0,NTB,o projeto é dela,69285,70269,984
123333,123678,345,0,GE-Phrase,261,123162,126484,3322
123333,123678,345,0,NTB,porque &n [/1],123333,123678,345
123678,123884,206,0,GE-Phrase,261,123162,126484,3322
123678,123884,206,0,NTB,né,123678,123884,206
123884,124797,913,0,GE-Phrase,261,123162,126484,3322
123884,124797,913,0,NTB,ia parar tudo,123884,124797,913
124797,126007,1210,0,GE-Phrase,261,123162,126484,3322
124797,126007,1210,0,NTB,então vou monitorar quem,124797,126007,1210
126007,127426,1419,0,NTB,et cetera,126007,127426,1419
131502,132715,1213,0,GE-Phrase,263,132202,134077,1875
131502,132715,1213,0,NTB,nũ tinha recebido nenhuma bolsa ainda né,131502,132715,1213
132715,134762,2047,0,GE-Phrase,264,134077,135782,1705
132715,134762,2047,0,NTB,tinha acabado de acontecer o processo,132715,134762,2047
136371,137155,784,0,GE-Phrase,265,135782,138288,2506
136371,137155,784,0,NTB,a minha tutora,136371,137155,784
137155,137394,239,0,GE-Phrase,265,135782,138288,2506
137155,137394,239,0,NTB,né,137155,137394,239
141078,143026,1948,0,GE-Phrase,268,142467,145380,2913
141078,143026,1948,0,NTB,e a gente volta quando retomar a aula,141078,143026,1948
149343,150432,1089,0,GE-Phrase,271,149490,151803,2313
149343,150432,1089,0,NTB,se cês concordarem,149343,150432,1089
9631,12030,2399,0,GE-Phrase,206,11228,13092,1864
9631,12030,2399,0,NTB,que inclusive tô produzindo um,9631,12030,2399
12030,13506,1476,0,GE-Phrase,207,13092,14908,1816
12030,13506,1476,0,NTB,p' cê ver a dubiedade da coisa,12030,13506,1476
25187,26370,1183,0,GE-Phrase,212,23414,26572,3158
25187,26370,1183,0,NTB,se eu reproduzir meu método,25187,26370,1183
26370,27200,830,0,GE-Phrase,213,26572,28865,2293
26370,27200,830,0,NTB,tá ligado,26370,27200,830
27200,28048,848,0,GE-Phrase,213,26572,28865,2293
27200,28048,848,0,NTB,dentro da cultura,27200,28048,848
28048,29067,1019,0,GE-Phrase,214,28865,30267,1402
28048,29067,1019,0,NTB,e adequando e et cetera,28048,29067,1019
69285,70269,984,0,GE-Phrase,234,70078,71694,1616
69285,70269,984,0,NTB,o projeto é dela,69285,70269,984
123333,123678,345,0,GE-Phrase,261,123162,126484,3322
123333,123678,345,0,NTB,porque &n [/1],123333,123678,345
123678,123884,206,0,GE-Phrase,261,123162,126484,3322
123678,123884,206,0,NTB,né,123678,123884,206
123884,124797,913,0,GE-Phrase,261,123162,126484,3322
123884,124797,913,0,NTB,ia parar tudo,123884,124797,913
124797,126007,1210,0,GE-Phrase,261,123162,126484,3322
124797,126007,1210,0,NTB,então vou monitorar quem,124797,126007,1210
126007,127426,1419,0,NTB,et cetera,126007,127426,1419
131502,132715,1213,0,GE-Phrase,263,132202,134077,1875
131502,132715,1213,0,NTB,nũ tinha recebido nenhuma bolsa ainda né,131502,132715,1213
132715,134762,2047,0,GE-Phrase,264,134077,135782,1705
132715,134762,2047,0,NTB,tinha acabado de acontecer o processo,132715,134762,2047
136371,137155,784,0,GE-Phrase,265,135782,138288,2506
136371,137155,784,0,NTB,a minha tutora,136371,137155,784
137155,137394,239,0,GE-Phrase,265,135782,138288,2506
137155,137394,239,0,NTB,né,137155,137394,239
141078,143026,1948,0,GE-Phrase,268,142467,145380,2913
141078,143026,1948,0,NTB,e a gente volta quando retomar a aula,141078,143026,1948
149343,150432,1089,0,GE-Phrase,271,149490,151803,2313
149343,150432,1089,0,NTB,se cês concordarem,149343,150432,1089
9631,12030,2399,0,GE-Phrase,206,11228,13092,1864
9631,12030,2399,0,NTB,que inclusive tô produzindo um,9631,12030,2399
12030,13506,1476,0,GE-Phrase,207,13092,14908,1816
12030,13506,1476,0,NTB,p' cê ver a dubiedade da coisa,12030,13506,1476
25187,26370,1183,0,GE-Phrase,212,23414,26572,3158
25187,26370,1183,0,NTB,se eu reproduzir meu método,25187,26370,1183
26370,27200,830,0,GE-Phrase,213,26572,28865,2293
26370,27200,830,0,NTB,tá ligado,26370,27200,830
27200,28048,848,0,GE-Phrase,213,26572,28865,2293
27200,28048,848,0,NTB,dentro da cultura,27200,28048,848
28048,29067,1019,0,GE-Phrase,214,28865,30267,1402
28048,29067,1019,0,NTB,e adequando e et cetera,28048,29067,1019
69285,70269,984,0,GE-Phrase,234,70078,71694,1616
69285,70269,984,0,NTB,o projeto é dela,69285,70269,984
123333,123678,345,0,GE-Phrase,261,123162,126484,3322
123333,123678,345,0,NTB,porque &n [/1],123333,123678,345
123678,123884,206,0,GE-Phrase,261,123162,126484,3322
123678,123884,206,0,NTB,né,123678,123884,206
123884,124797,913,0,GE-Phrase,261,123162,126484,3322
123884,124797,913,0,NTB,ia parar tudo,123884,124797,913
124797,126007,1210,0,GE-Phrase,261,123162,126484,3322
124797,126007,1210,0,NTB,então vou monitorar quem,124797,126007,1210
126007,127426,1419,0,NTB,et cetera,126007,127426,1419
131502,132715,1213,0,GE-Phrase,263,132202,134077,1875
131502,132715,1213,0,NTB,nũ tinha recebido nenhuma bolsa ainda né,131502,132715,1213
132715,134762,2047,0,GE-Phrase,264,134077,135782,1705
132715,134762,2047,0,NTB,tinha acabado de acontecer o processo,132715,134762,2047
136371,137155,784,0,GE-Phrase,265,135782,138288,2506
136371,137155,784,0,NTB,a minha tutora,136371,137155,784
137155,137394,239,0,GE-Phrase,265,135782,138288,2506
137155,137394,239,0,NTB,né,137155,137394,239
141078,143026,1948,0,GE-Phrase,268,142467,145380,2913
141078,143026,1948,0,NTB,e a gente volta quando retomar a aula,141078,143026,1948
149343,150432,1089,0,GE-Phrase,271,149490,151803,2313
149343,150432,1089,0,NTB,se cês concordarem,149343,150432,1089
9631,12030,2399,0,GE-Phrase,206,11228,13092,1864
9631,12030,2399,0,NTB,que inclusive tô produzindo um,9631,12030,2399
12030,13506,1476,0,GE-Phrase,207,13092,14908,1816
12030,13506,1476,0,NTB,p' cê ver a dubiedade da coisa,12030,13506,1476
25187,26370,1183,0,GE-Phrase,212,23414,26572,3158
25187,26370,1183,0,NTB,se eu reproduzir meu método,25187,26370,1183
26370,27200,830,0,GE-Phrase,213,26572,28865,2293
26370,27200,830,0,NTB,tá ligado,26370,27200,830
27200,28048,848,0,GE-Phrase,213,26572,28865,2293
27200,28048,848,0,NTB,dentro da cultura,27200,28048,848
28048,29067,1019,0,GE-Phrase,214,28865,30267,1402
28048,29067,1019,0,NTB,e adequando e et cetera,28048,29067,1019
69285,70269,984,0,GE-Phrase,234,70078,71694,1616
69285,70269,984,0,NTB,o projeto é dela,69285,70269,984
123333,123678,345,0,GE-Phrase,261,123162,126484,3322
123333,123678,345,0,NTB,porque &n [/1],123333,123678,345
123678,123884,206,0,GE-Phrase,261,123162,126484,3322
123678,123884,206,0,NTB,né,123678,123884,206
123884,124797,913,0,GE-Phrase,261,123162,126484,3322
123884,124797,913,0,NTB,ia parar tudo,123884,124797,913
124797,126007,1210,0,GE-Phrase,261,123162,126484,3322
124797,126007,1210,0,NTB,então vou monitorar quem,124797,126007,1210
126007,127426,1419,0,NTB,et cetera,126007,127426,1419
131502,132715,1213,0,GE-Phrase,263,132202,134077,1875
131502,132715,1213,0,NTB,nũ tinha recebido nenhuma bolsa ainda né,131502,132715,1213
132715,134762,2047,0,GE-Phrase,264,134077,135782,1705
132715,134762,2047,0,NTB,tinha acabado de acontecer o processo,132715,134762,2047
136371,137155,784,0,GE-Phrase,265,135782,138288,2506
136371,137155,784,0,NTB,a minha tutora,136371,137155,784
137155,137394,239,0,GE-Phrase,265,135782,138288,2506
137155,137394,239,0,NTB,né,137155,137394,239
141078,143026,1948,0,GE-Phrase,268,142467,145380,2913
141078,143026,1948,0,NTB,e a gente volta quando retomar a aula,141078,143026,1948
149343,150432,1089,0,GE-Phrase,271,149490,151803,2313
149343,150432,1089,0,NTB,se cês concordarem,149343,150432,1089
9631,12030,2399,0,GE-Phrase,206,11228,13092,1864
9631,12030,2399,0,NTB,que inclusive tô produzindo um,9631,12030,2399
12030,13506,1476,0,GE-Phrase,207,13092,14908,1816
12030,13506,1476,0,NTB,p' cê ver a dubiedade da coisa,12030,13506,1476
25187,26370,1183,0,GE-Phrase,212,23414,26572,3158
25187,26370,1183,0,NTB,se eu reproduzir meu método,25187,26370,1183
26370,27200,830,0,GE-Phrase,213,26572,28865,2293
26370,27200,830,0,NTB,tá ligado,26370,27200,830
27200,28048,848,0,GE-Phrase,213,26572,28865,2293
27200,28048,848,0,NTB,dentro da cultura,27200,28048,848
28048,29067,1019,0,GE-Phrase,214,28865,30267,1402
28048,29067,1019,0,NTB,e adequando e et cetera,28048,29067,1019
69285,70269,984,0,GE-Phrase,234,70078,71694,1616
69285,70269,984,0,NTB,o projeto é dela,69285,70269,984
123333,123678,345,0,GE-Phrase,261,123162,126484,3322
123333,123678,345,0,NTB,porque &n [/1],123333,123678,345
123678,123884,206,0,GE-Phrase,261,123162,126484,3322
123678,123884,206,0,NTB,né,123678,123884,206
123884,124797,913,0,GE-Phrase,261,123162,126484,3322
123884,124797,913,0,NTB,ia parar tudo,123884,124797,913
124797,126007,1210,0,GE-Phrase,261,123162,126484,3322
124797,126007,1210,0,NTB,então vou monitorar quem,124797,126007,1210
126007,127426,1419,0,NTB,et cetera,126007,127426,1419
131502,132715,1213,0,GE-Phrase,263,132202,134077,1875
131502,132715,1213,0,NTB,nũ tinha recebido nenhuma bolsa ainda né,131502,132715,1213
132715,134762,2047,0,GE-Phrase,264,134077,135782,1705
132715,134762,2047,0,NTB,tinha acabado de acontecer o processo,132715,134762,2047
136371,137155,784,0,GE-Phrase,265,135782,138288,2506
136371,137155,784,0,NTB,a minha tutora,136371,137155,784
137155,137394,239,0,GE-Phrase,265,135782,138288,2506
137155,137394,239,0,NTB,né,137155,137394,239
141078,143026,1948,0,GE-Phrase,268,142467,145380,2913
141078,143026,1948,0,NTB,e a gente volta quando retomar a aula,141078,143026,1948
149343,150432,1089,0,GE-Phrase,271,149490,151803,2313
149343,150432,1089,0,NTB,se cês concordarem,149343,150432,1089
9631,12030,2399,0,GE-Phrase,206,11228,13092,1864
9631,12030,2399,0,NTB,que inclusive tô produzindo um,9631,12030,2399
12030,13506,1476,0,GE-Phrase,207,13092,14908,1816
12030,13506,1476,0,NTB,p' cê ver a dubiedade da coisa,12030,13506,1476
25187,26370,1183,0,GE-Phrase,212,23414,26572,3158
25187,26370,1183,0,NTB,se eu reproduzir meu método,25187,26370,1183
26370,27200,830,0,GE-Phrase,213,26572,28865,2293
26370,27200,830,0,NTB,tá ligado,26370,27200,830
27200,28048,848,0,GE-Phrase,213,26572,28865,2293
27200,28048,848,0,NTB,dentro da cultura,27200,28048,848
28048,29067,1019,0,GE-Phrase,214,28865,30267,1402
28048,29067,1019,0,NTB,e adequando e et cetera,28048,29067,1019
69285,70269,984,0,GE-Phrase,234,70078,71694,1616
69285,70269,984,0,NTB,o projeto é dela,69285,70269,984
123333,123678,345,0,GE-Phrase,261,123162,126484,3322
123333,123678,345,0,NTB,porque &n [/1],123333,123678,345
123678,123884,206,0,GE-Phrase,261,123162,126484,3322
123678,123884,206,0,NTB,né,123678,123884,206
123884,124797,913,0,GE-Phrase,261,123162,126484,3322
123884,124797,913,0,NTB,ia parar tudo,123884,124797,913
124797,126007,1210,0,GE-Phrase,261,123162,126484,3322
124797,126007,1210,0,NTB,então vou monitorar quem,124797,126007,1210
126007,127426,1419,0,NTB,et cetera,126007,127426,1419
131502,132715,1213,0,GE-Phrase,263,132202,134077,1875
131502,132715,1213,0,NTB,nũ tinha recebido nenhuma bolsa ainda né,131502,132715,1213
132715,134762,2047,0,GE-Phrase,264,134077,135782,1705
132715,134762,2047,0,NTB,tinha acabado de acontecer o processo,132715,134762,2047
136371,137155,784,0,GE-Phrase,265,135782,138288,2506
136371,137155,784,0,NTB,a minha tutora,136371,137155,784
137155,137394,239,0,GE-Phrase,265,135782,138288,2506
137155,137394,239,0,NTB,né,137155,137394,239
141078,143026,1948,0,GE-Phrase,268,142467,145380,2913
141078,143026,1948,0,NTB,e a gente volta quando retomar a aula,141078,143026,1948
149343,150432,1089,0,GE-Phrase,271,149490,151803,2313
149343,150432,1089,0,NTB,se cês concordarem,149343,150432,1089
9631,12030,2399,0,GE-Phrase,206,11228,13092,1864
9631,12030,2399,0,NTB,que inclusive tô produzindo um,9631,12030,2399
12030,13506,1476,0,GE-Phrase,207,13092,14908,1816
12030,13506,1476,0,NTB,p' cê ver a dubiedade da coisa,12030,13506,1476
25187,26370,1183,0,GE-Phrase,212,23414,26572,3158
25187,26370,1183,0,NTB,se eu reproduzir meu método,25187,26370,1183
26370,27200,830,0,GE-Phrase,213,26572,28865,2293
26370,27200,830,0,NTB,tá ligado,26370,27200,830
27200,28048,848,0,GE-Phrase,213,26572,28865,2293
27200,28048,848,0,NTB,dentro da cultura,27200,28048,848
28048,29067,1019,0,GE-Phrase,214,28865,30267,1402
28048,29067,1019,0,NTB,e adequando e et cetera,28048,29067,1019
69285,70269,984,0,GE-Phrase,234,70078,71694,1616
69285,70269,984,0,NTB,o projeto é dela,69285,70269,984
123333,123678,345,0,GE-Phrase,261,123162,126484,3322
123333,123678,345,0,NTB,porque &n [/1],123333,123678,345
123678,123884,206,0,GE-Phrase,261,123162,126484,3322
123678,123884,206,0,NTB,né,123678,123884,206
123884,124797,913,0,GE-Phrase,261,123162,126484,3322
123884,124797,913,0,NTB,ia parar tudo,123884,124797,913
124797,126007,1210,0,GE-Phrase,261,123162,126484,3322
124797,126007,1210,0,NTB,então vou monitorar quem,124797,126007,1210
126007,127426,1419,0,NTB,et cetera,126007,127426,1419
131502,132715,1213,0,GE-Phrase,263,132202,134077,1875
131502,132715,1213,0,NTB,nũ tinha recebido nenhuma bolsa ainda né,131502,132715,1213
132715,134762,2047,0,GE-Phrase,264,134077,135782,1705
132715,134762,2047,0,NTB,tinha acabado de acontecer o processo,132715,134762,2047
136371,137155,784,0,GE-Phrase,265,135782,138288,2506
136371,137155,784,0,NTB,a minha tutora,136371,137155,784
137155,137394,239,0,GE-Phrase,265,135782,138288,2506
137155,137394,239,0,NTB,né,137155,137394,239
141078,143026,1948,0,GE-Phrase,268,142467,145380,2913
141078,143026,1948,0,NTB,e a gente volta quando retomar a aula,141078,143026,1948
149343,150432,1089,0,GE-Phrase,271,149490,151803,2313
149343,150432,1089,0,NTB,se cês concordarem,149343,150432,1089
9631,12030,2399,0,GE-Phrase,206,11228,13092,1864
9631,12030,2399,0,NTB,que inclusive tô produzindo um,9631,12030,2399
12030,13506,1476,0,GE-Phrase,207,13092,14908,1816
12030,13506,1476,0,NTB,p' cê ver a dubiedade da coisa,12030,13506,1476
25187,26370,1183,0,GE-Phrase,212,23414,26572,3158
25187,26370,1183,0,NTB,se eu reproduzir meu método,25187,26370,1183
26370,27200,830,0,GE-Phrase,213,26572,28865,2293
26370,27200,830,0,NTB,tá ligado,26370,27200,830
27200,28048,848,0,GE-Phrase,213,26572,28865,2293
27200,28048,848,0,NTB,dentro da cultura,27200,28048,848
28048,29067,1019,0,GE-Phrase,214,28865,30267,1402
28048,29067,1019,0,NTB,e adequando e et cetera,28048,29067,1019
69285,70269,984,0,GE-Phrase,234,70078,71694,1616
69285,70269,984,0,NTB,o projeto é dela,69285,70269,984
123333,123678,345,0,GE-Phrase,261,123162,126484,3322
123333,123678,345,0,NTB,porque &n [/1],123333,123678,345
123678,123884,206,0,GE-Phrase,261,123162,126484,3322
123678,123884,206,0,NTB,né,123678,123884,206
123884,124797,913,0,GE-Phrase,261,123162,126484,3322
123884,124797,913,0,NTB,ia parar tudo,123884,124797,913
124797,126007,1210,0,GE-Phrase,261,123162,126484,3322
124797,126007,1210,0,NTB,então vou monitorar quem,124797,126007,1210
126007,127426,1419,0,NTB,et cetera,126007,127426,1419
131502,132715,1213,0,GE-Phrase,263,132202,134077,1875
131502,132715,1213,0,NTB,nũ tinha recebido nenhuma bolsa ainda né,131502,132715,1213
132715,134762,2047,0,GE-Phrase,264,134077,135782,1705
132715,134762,2047,0,NTB,tinha acabado de acontecer o processo,132715,134762,2047
136371,137155,784,0,GE-Phrase,265,135782,138288,2506
136371,137155,784,0,NTB,a minha tutora,136371,137155,784
137155,137394,239,0,GE-Phrase,265,135782,138288,2506
137155,137394,239,0,NTB,né,137155,137394,239
141078,143026,1948,0,GE-Phrase,268,142467,145380,2913
141078,143026,1948,0,NTB,e a gente volta quando retomar a aula,141078,143026,1948
149343,150432,1089,0,GE-Phrase,271,149490,151803,2313
149343,150432,1089,0,NTB,se cês concordarem,149343,150432,1089
9631,12030,2399,0,GE-Phrase,206,11228,13092,1864
9631,12030,2399,0,NTB,que inclusive tô produzindo um,9631,12030,2399
12030,13506,1476,0,GE-Phrase,207,13092,14908,1816
12030,13506,1476,0,NTB,p' cê ver a dubiedade da coisa,12030,13506,1476
25187,26370,1183,0,GE-Phrase,212,23414,26572,3158
25187,26370,1183,0,NTB,se eu reproduzir meu método,25187,26370,1183
26370,27200,830,0,GE-Phrase,213,26572,28865,2293
26370,27200,830,0,NTB,tá ligado,26370,27200,830
27200,28048,848,0,GE-Phrase,213,26572,28865,2293
27200,28048,848,0,NTB,dentro da cultura,27200,28048,848
28048,29067,1019,0,GE-Phrase,214,28865,30267,1402
28048,29067,1019,0,NTB,e adequando e et cetera,28048,29067,1019
69285,70269,984,0,GE-Phrase,234,70078,71694,1616
69285,70269,984,0,NTB,o projeto é dela,69285,70269,984
123333,123678,345,0,GE-Phrase,261,123162,126484,3322
123333,123678,345,0,NTB,porque &n [/1],123333,123678,345
123678,123884,206,0,GE-Phrase,261,123162,126484,3322
123678,123884,206,0,NTB,né,123678,123884,206
123884,124797,913,0,GE-Phrase,261,123162,126484,3322
123884,124797,913,0,NTB,ia parar tudo,123884,124797,913
124797,126007,1210,0,GE-Phrase,261,123162,126484,3322
124797,126007,1210,0,NTB,então vou monitorar quem,124797,126007,1210
126007,127426,1419,0,NTB,et cetera,126007,127426,1419
131502,132715,1213,0,GE-Phrase,263,132202,134077,1875
131502,132715,1213,0,NTB,nũ tinha recebido nenhuma bolsa ainda né,131502,132715,1213
132715,134762,2047,0,GE-Phrase,264,134077,135782,1705
132715,134762,2047,0,NTB,tinha acabado de acontecer o processo,132715,134762,2047
136371,137155,784,0,GE-Phrase,265,135782,138288,2506
136371,137155,784,0,NTB,a minha tutora,136371,137155,784
137155,137394,239,0,GE-Phrase,265,135782,138288,2506
137155,137394,239,0,NTB,né,137155,137394,239
141078,143026,1948,0,GE-Phrase,268,142467,145380,2913
141078,143026,1948,0,NTB,e a gente volta quando retomar a aula,141078,143026,1948
149343,150432,1089,0,GE-Phrase,271,149490,151803,2313
149343,150432,1089,0,NTB,se cês concordarem,149343,150432,1089
9631,12030,2399,0,GE-Phrase,206,11228,13092,1864
9631,12030,2399,0,NTB,que inclusive tô produzindo um,9631,12030,2399
12030,13506,1476,0,GE-Phrase,207,13092,14908,1816
12030,13506,1476,0,NTB,p' cê ver a dubiedade da coisa,12030,13506,1476
25187,26370,1183,0,GE-Phrase,212,23414,26572,3158
25187,26370,1183,0,NTB,se eu reproduzir meu método,25187,26370,1183
26370,27200,830,0,GE-Phrase,213,26572,28865,2293
26370,27200,830,0,NTB,tá ligado,26370,27200,830
27200,28048,848,0,GE-Phrase,213,26572,28865,2293
27200,28048,848,0,NTB,dentro da cultura,27200,28048,848
28048,29067,1019,0,GE-Phrase,214,28865,30267,1402
28048,29067,1019,0,NTB,e adequando e et cetera,28048,29067,1019
69285,70269,984,0,GE-Phrase,234,70078,71694,1616
69285,70269,984,0,NTB,o projeto é dela,69285,70269,984
123333,123678,345,0,GE-Phrase,261,123162,126484,3322
123333,123678,345,0,NTB,porque &n [/1],123333,123678,345
123678,123884,206,0,GE-Phrase,261,123162,126484,3322
123678,123884,206,0,NTB,né,123678,123884,206
123884,124797,913,0,GE-Phrase,261,123162,126484,3322
123884,124797,913,0,NTB,ia parar tudo,123884,124797,913
124797,126007,1210,0,GE-Phrase,261,123162,126484,3322
124797,126007,1210,0,NTB,então vou monitorar quem,124797,126007,1210
126007,127426,1419,0,NTB,et cetera,126007,127426,1419
131502,132715,1213,0,GE-Phrase,263,132202,134077,1875
131502,132715,1213,0,NTB,nũ tinha recebido nenhuma bolsa ainda né,131502,132715,1213
132715,134762,2047,0,GE-Phrase,264,134077,135782,1705
132715,134762,2047,0,NTB,tinha acabado de acontecer o processo,132715,134762,2047
136371,137155,784,0,GE-Phrase,265,135782,138288,2506
136371,137155,784,0,NTB,a minha tutora,136371,137155,784
137155,137394,239,0,GE-Phrase,265,135782,138288,2506
137155,137394,239,0,NTB,né,137155,137394,239
141078,143026,1948,0,GE-Phrase,268,142467,145380,2913
141078,143026,1948,0,NTB,e a gente volta quando retomar a aula,141078,143026,1948
149343,150432,1089,0,GE-Phrase,271,149490,151803,2313
149343,150432,1089,0,NTB,se cês concordarem,149343,150432,1089
9631,12030,2399,0,GE-Phrase,206,11228,13092,1864
9631,12030,2399,0,NTB,que inclusive tô produzindo um,9631,12030,2399
12030,13506,1476,0,GE-Phrase,207,13092,14908,1816
12030,13506,1476,0,NTB,p' cê ver a dubiedade da coisa,12030,13506,1476
25187,26370,1183,0,GE-Phrase,212,23414,26572,3158
25187,26370,1183,0,NTB,se eu reproduzir meu método,25187,26370,1183
26370,27200,830,0,GE-Phrase,213,26572,28865,2293
26370,27200,830,0,NTB,tá ligado,26370,27200,830
27200,28048,848,0,GE-Phrase,213,26572,28865,2293
27200,28048,848,0,NTB,dentro da cultura,27200,28048,848
28048,29067,1019,0,GE-Phrase,214,28865,30267,1402
28048,29067,1019,0,NTB,e adequando e et cetera,28048,29067,1019
69285,70269,984,0,GE-Phrase,234,70078,71694,1616
69285,70269,984,0,NTB,o projeto é dela,69285,70269,984
123333,123678,345,0,GE-Phrase,261,123162,126484,3322
123333,123678,345,0,NTB,porque &n [/1],123333,123678,345
123678,123884,206,0,GE-Phrase,261,123162,126484,3322
123678,123884,206,0,NTB,né,123678,123884,206
123884,124797,913,0,GE-Phrase,261,123162,126484,3322
123884,124797,913,0,NTB,ia parar tudo,123884,124797,913
124797,126007,1210,0,GE-Phrase,261,123162,126484,3322
124797,126007,1210,0,NTB,então vou monitorar quem,124797,126007,1210
126007,127426,1419,0,NTB,et cetera,126007,127426,1419
131502,132715,1213,0,GE-Phrase,263,132202,134077,1875
131502,132715,1213,0,NTB,nũ tinha recebido nenhuma bolsa ainda né,131502,132715,1213
132715,134762,2047,0,GE-Phrase,264,134077,135782,1705
132715,134762,2047,0,NTB,tinha acabado de acontecer o processo,132715,134762,2047
136371,137155,784,0,GE-Phrase,265,135782,138288,2506
136371,137155,784,0,NTB,a minha tutora,136371,137155,784
137155,137394,239,0,GE-Phrase,265,135782,138288,2506
137155,137394,239,0,NTB,né,137155,137394,239
141078,143026,1948,0,GE-Phrase,268,142467,145380,2913
141078,143026,1948,0,NTB,e a gente volta quando retomar a aula,141078,143026,1948
149343,150432,1089,0,GE-Phrase,271,149490,151803,2313
149343,150432,1089,0,NTB,se cês concordarem,149343,150432,1089
9631,12030,2399,0,GE-Phrase,206,11228,13092,1864
9631,12030,2399,0,NTB,que inclusive tô produzindo um,9631,12030,2399
12030,13506,1476,0,GE-Phrase,207,13092,14908,1816
12030,13506,1476,0,NTB,p' cê ver a dubiedade da coisa,12030,13506,1476
25187,26370,1183,0,GE-Phrase,212,23414,26572,3158
25187,26370,1183,0,NTB,se eu reproduzir meu método,25187,26370,1183
26370,27200,830,0,GE-Phrase,213,26572,28865,2293
26370,27200,830,0,NTB,tá ligado,26370,27200,830
27200,28048,848,0,GE-Phrase,213,26572,28865,2293
27200,28048,848,0,NTB,dentro da cultura,27200,28048,848
28048,29067,1019,0,GE-Phrase,214,28865,30267,1402
28048,29067,1019,0,NTB,e adequando e et cetera,28048,29067,1019
69285,70269,984,0,GE-Phrase,234,70078,71694,1616
69285,70269,984,0,NTB,o projeto é dela,69285,70269,984
123333,123678,345,0,GE-Phrase,261,123162,126484,3322
123333,123678,345,0,NTB,porque &n [/1],123333,123678,345
123678,123884,206,0,GE-Phrase,261,123162,126484,3322
123678,123884,206,0,NTB,né,123678,123884,206
123884,124797,913,0,GE-Phrase,261,123162,126484,3322
123884,124797,913,0,NTB,ia parar tudo,123884,124797,913
124797,126007,1210,0,GE-Phrase,261,123162,126484,3322
124797,126007,1210,0,NTB,então vou monitorar quem,124797,126007,1210
126007,127426,1419,0,NTB,et cetera,126007,127426,1419
131502,132715,1213,0,GE-Phrase,263,132202,134077,1875
131502,132715,1213,0,NTB,nũ tinha recebido nenhuma bolsa ainda né,131502,132715,1213
132715,134762,2047,0,GE-Phrase,264,134077,135782,1705
132715,134762,2047,0,NTB,tinha acabado de acontecer o processo,132715,134762,2047
136371,137155,784,0,GE-Phrase,265,135782,138288,2506
136371,137155,784,0,NTB,a minha tutora,136371,137155,784
137155,137394,239,0,GE-Phrase,265,135782,138288,2506
137155,137394,239,0,NTB,né,137155,137394,239
141078,143026,1948,0,GE-Phrase,268,142467,145380,2913
141078,143026,1948,0,NTB,e a gente volta quando retomar a aula,141078,143026,1948
149343,150432,1089,0,GE-Phrase,271,149490,151803,2313
149343,150432,1089,0,NTB,se cês concordarem,149343,150432,1089
9631,12030,2399,0,GE-Phrase,206,11228,13092,1864
9631,12030,2399,0,NTB,que inclusive tô produzindo um,9631,12030,2399
12030,13506,1476,0,GE-Phrase,207,13092,14908,1816
12030,13506,1476,0,NTB,p' cê ver a dubiedade da coisa,12030,13506,1476
25187,26370,1183,0,GE-Phrase,212,23414,26572,3158
25187,26370,1183,0,NTB,se eu reproduzir meu método,25187,26370,1183
26370,27200,830,0,GE-Phrase,213,26572,28865,2293
26370,27200,830,0,NTB,tá ligado,26370,27200,830
27200,28048,848,0,GE-Phrase,213,26572,28865,2293
27200,28048,848,0,NTB,dentro da cultura,27200,28048,848
28048,29067,1019,0,GE-Phrase,214,28865,30267,1402
28048,29067,1019,0,NTB,e adequando e et cetera,28048,29067,1019
69285,70269,984,0,GE-Phrase,234,70078,71694,1616
69285,70269,984,0,NTB,o projeto é dela,69285,70269,984
123333,123678,345,0,GE-Phrase,261,123162,126484,3322
123333,123678,345,0,NTB,porque &n [/1],123333,123678,345
123678,123884,206,0,GE-Phrase,261,123162,126484,3322
123678,123884,206,0,NTB,né,123678,123884,206
123884,124797,913,0,GE-Phrase,261,123162,126484,3322
123884,124797,913,0,NTB,ia parar tudo,123884,124797,913
124797,126007,1210,0,GE-Phrase,261,123162,126484,3322
124797,126007,1210,0,NTB,então vou monitorar quem,124797,126007,1210
126007,127426,1419,0,NTB,et cetera,126007,127426,1419
131502,132715,1213,0,GE-Phrase,263,132202,134077,1875
131502,132715,1213,0,NTB,nũ tinha recebido nenhuma bolsa ainda né,131502,132715,1213
132715,134762,2047,0,GE-Phrase,264,134077,135782,1705
132715,134762,2047,0,NTB,tinha acabado de acontecer o processo,132715,134762,2047
136371,137155,784,0,GE-Phrase,265,135782,138288,2506
136371,137155,784,0,NTB,a minha tutora,136371,137155,784
137155,137394,239,0,GE-Phrase,265,135782,138288,2506
137155,137394,239,0,NTB,né,137155,137394,239
141078,143026,1948,0,GE-Phrase,268,142467,145380,2913
141078,143026,1948,0,NTB,e a gente volta quando retomar a aula,141078,143026,1948
149343,150432,1089,0,GE-Phrase,271,149490,151803,2313
149343,150432,1089,0,NTB,se cês concordarem,149343,150432,1089
9631,12030,2399,0,GE-Phrase,206,11228,13092,1864
9631,12030,2399,0,NTB,que inclusive tô produzindo um,9631,12030,2399
12030,13506,1476,0,GE-Phrase,207,13092,14908,1816
12030,13506,1476,0,NTB,p' cê ver a dubiedade da coisa,12030,13506,1476
25187,26370,1183,0,GE-Phrase,212,23414,26572,3158
25187,26370,1183,0,NTB,se eu reproduzir meu método,25187,26370,1183
26370,27200,830,0,GE-Phrase,213,26572,28865,2293
26370,27200,830,0,NTB,tá ligado,26370,27200,830
27200,28048,848,0,GE-Phrase,213,26572,28865,2293
27200,28048,848,0,NTB,dentro da cultura,27200,28048,848
28048,29067,1019,0,GE-Phrase,214,28865,30267,1402
28048,29067,1019,0,NTB,e adequando e et cetera,28048,29067,1019
69285,70269,984,0,GE-Phrase,234,70078,71694,1616
69285,70269,984,0,NTB,o projeto é dela,69285,70269,984
123333,123678,345,0,GE-Phrase,261,123162,126484,3322
123333,123678,345,0,NTB,porque &n [/1],123333,123678,345
123678,123884,206,0,GE-Phrase,261,123162,126484,3322
123678,123884,206,0,NTB,né,123678,123884,206
123884,124797,913,0,GE-Phrase,261,123162,126484,3322
123884,124797,913,0,NTB,ia parar tudo,123884,124797,913
124797,126007,1210,0,GE-Phrase,261,123162,126484,3322
124797,126007,1210,0,NTB,então vou monitorar quem,124797,126007,1210
126007,127426,1419,0,NTB,et cetera,126007,127426,1419
131502,132715,1213,0,GE-Phrase,263,132202,134077,1875
131502,132715,1213,0,NTB,nũ tinha recebido nenhuma bolsa ainda né,131502,132715,1213
132715,134762,2047,0,GE-Phrase,264,134077,135782,1705
132715,134762,2047,0,NTB,tinha acabado de acontecer o processo,132715,134762,2047
136371,137155,784,0,GE-Phrase,265,135782,138288,2506
136371,137155,784,0,NTB,a minha tutora,136371,137155,784
137155,137394,239,0,GE-Phrase,265,135782,138288,2506
137155,137394,239,0,NTB,né,137155,137394,239
141078,143026,1948,0,GE-Phrase,268,142467,145380,2913
141078,143026,1948,0,NTB,e a gente volta quando retomar a aula,141078,143026,1948
149343,150432,1089,0,GE-Phrase,271,149490,151803,2313
149343,150432,1089,0,NTB,se cês concordarem,149343,150432,1089
9631,12030,2399,0,GE-Phrase,206,11228,13092,1864
9631,12030,2399,0,NTB,que inclusive tô produzindo um,9631,12030,2399
12030,13506,1476,0,GE-Phrase,207,13092,14908,1816
12030,13506,1476,0,NTB,p' cê ver a dubiedade da coisa,12030,13506,1476
25187,26370,1183,0,GE-Phrase,212,23414,26572,3158
25187,26370,1183,0,NTB,se eu reproduzir meu método,25187,26370,1183
26370,27200,830,0,GE-Phrase,213,26572,28865,2293
26370,27200,830,0,NTB,tá ligado,26370,27200,830
27200,28048,848,0,GE-Phrase,213,26572,28865,2293
27200,28048,848,0,NTB,dentro da cultura,27200,28048,848
28048,29067,1019,0,GE-Phrase,214,28865,30267,1402
28048,29067,1019,0,NTB,e adequando e et cetera,28048,29067,1019
69285,70269,984,0,GE-Phrase,234,70078,71694,1616
69285,70269,984,0,NTB,o projeto é dela,69285,70269,984
123333,123678,345,0,GE-Phrase,261,123162,126484,3322
123333,123678,345,0,NTB,porque &n [/1],123333,123678,345
123678,123884,206,0,GE-Phrase,261,123162,126484,3322
123678,123884,206,0,NTB,né,123678,123884,206
123884,124797,913,0,GE-Phrase,261,123162,126484,3322
123884,124797,913,0,NTB,ia parar tudo,123884,124797,913
124797,126007,1210,0,GE-Phrase,261,123162,126484,3322
124797,126007,1210,0,NTB,então vou monitorar quem,124797,126007,1210
126007,127426,1419,0,NTB,et cetera,126007,127426,1419
131502,132715,1213,0,GE-Phrase,263,132202,134077,1875
131502,132715,1213,0,NTB,nũ tinha recebido nenhuma bolsa ainda né,131502,132715,1213
132715,134762,2047,0,GE-Phrase,264,134077,135782,1705
132715,134762,2047,0,NTB,tinha acabado de acontecer o processo,132715,134762,2047
136371,137155,784,0,GE-Phrase,265,135782,138288,2506
136371,137155,784,0,NTB,a minha tutora,136371,137155,784
137155,137394,239,0,GE-Phrase,265,135782,138288,2506
137155,137394,239,0,NTB,né,137155,137394,239
141078,143026,1948,0,GE-Phrase,268,142467,145380,2913
141078,143026,1948,0,NTB,e a gente volta quando retomar a aula,141078,143026,1948
149343,150432,1089,0,GE-Phrase,271,149490,151803,2313
149343,150432,1089,0,NTB,se cês concordarem,149343,150432,1089
9631,12030,2399,0,GE-Phrase,206,11228,13092,1864
9631,12030,2399,0,NTB,que inclusive tô produzindo um,9631,12030,2399
12030,13506,1476,0,GE-Phrase,207,13092,14908,1816
12030,13506,1476,0,NTB,p' cê ver a dubiedade da coisa,12030,13506,1476
25187,26370,1183,0,GE-Phrase,212,23414,26572,3158
25187,26370,1183,0,NTB,se eu reproduzir meu método,25187,26370,1183
26370,27200,830,0,GE-Phrase,213,26572,28865,2293
26370,27200,830,0,NTB,tá ligado,26370,27200,830
27200,28048,848,0,GE-Phrase,213,26572,28865,2293
27200,28048,848,0,NTB,dentro da cultura,27200,28048,848
28048,29067,1019,0,GE-Phrase,214,28865,30267,1402
28048,29067,1019,0,NTB,e adequando e et cetera,28048,29067,1019
69285,70269,984,0,GE-Phrase,234,70078,71694,1616
69285,70269,984,0,NTB,o projeto é dela,69285,70269,984
123333,123678,345,0,GE-Phrase,261,123162,126484,3322
123333,123678,345,0,NTB,porque &n [/1],123333,123678,345
123678,123884,206,0,GE-Phrase,261,123162,126484,3322
123678,123884,206,0,NTB,né,123678,123884,206
123884,124797,913,0,GE-Phrase,261,123162,126484,3322
123884,124797,913,0,NTB,ia parar tudo,123884,124797,913
124797,126007,1210,0,GE-Phrase,261,123162,126484,3322
124797,126007,1210,0,NTB,então vou monitorar quem,124797,126007,1210
126007,127426,1419,0,NTB,et cetera,126007,127426,1419
131502,132715,1213,0,GE-Phrase,263,132202,134077,1875
131502,132715,1213,0,NTB,nũ tinha recebido nenhuma bolsa ainda né,131502,132715,1213
132715,134762,2047,0,GE-Phrase,264,134077,135782,1705
132715,134762,2047,0,NTB,tinha acabado de acontecer o processo,132715,134762,2047
136371,137155,784,0,GE-Phrase,265,135782,138288,2506
136371,137155,784,0,NTB,a minha tutora,136371,137155,784
137155,137394,239,0,GE-Phrase,265,135782,138288,2506
137155,137394,239,0,NTB,né,137155,137394,239
141078,143026,1948,0,GE-Phrase,268,142467,145380,2913
141078,143026,1948,0,NTB,e a gente volta quando retomar a aula,141078,143026,1948
149343,150432,1089,0,GE-Phrase,271,149490,151803,2313
149343,150432,1089,0,NTB,se cês concordarem,149343,150432,1089
9631,12030,2399,0,GE-Phrase,206,11228,13092,1864
9631,12030,2399,0,NTB,que inclusive tô produzindo um,9631,12030,2399
12030,13506,1476,0,GE-Phrase,207,13092,14908,1816
12030,13506,1476,0,NTB,p' cê ver a dubiedade da coisa,12030,13506,1476
25187,26370,1183,0,GE-Phrase,212,23414,26572,3158
25187,26370,1183,0,NTB,se eu reproduzir meu método,25187,26370,1183
26370,27200,830,0,GE-Phrase,213,26572,28865,2293
26370,27200,830,0,NTB,tá ligado,26370,27200,830
27200,28048,848,0,GE-Phrase,213,26572,28865,2293
27200,28048,848,0,NTB,dentro da cultura,27200,28048,848
28048,29067,1019,0,GE-Phrase,214,28865,30267,1402
28048,29067,1019,0,NTB,e adequando e et cetera,28048,29067,1019
69285,70269,984,0,GE-Phrase,234,70078,71694,1616
69285,70269,984,0,NTB,o projeto é dela,69285,70269,984
123333,123678,345,0,GE-Phrase,261,123162,126484,3322
123333,123678,345,0,NTB,porque &n [/1],123333,123678,345
123678,123884,206,0,GE-Phrase,261,123162,126484,3322
123678,123884,206,0,NTB,né,123678,123884,206
123884,124797,913,0,GE-Phrase,261,123162,126484,3322
123884,124797,913,0,NTB,ia parar tudo,123884,124797,913
124797,126007,1210,0,GE-Phrase,261,123162,126484,3322
124797,126007,1210,0,NTB,então vou monitorar quem,124797,126007,1210
126007,127426,1419,0,NTB,et cetera,126007,127426,1419
131502,132715,1213,0,GE-Phrase,263,132202,134077,1875
131502,132715,1213,0,NTB,nũ tinha recebido nenhuma bolsa ainda né,131502,132715,1213
132715,134762,2047,0,GE-Phrase,264,134077,135782,1705
132715,134762,2047,0,NTB,tinha acabado de acontecer o processo,132715,134762,2047
136371,137155,784,0,GE-Phrase,265,135782,138288,2506
136371,137155,784,0,NTB,a minha tutora,136371,137155,784
137155,137394,239,0,GE-Phrase,265,135782,138288,2506
137155,137394,239,0,NTB,né,137155,137394,239
141078,143026,1948,0,GE-Phrase,268,142467,145380,2913
141078,143026,1948,0,NTB,e a gente volta quando retomar a aula,141078,143026,1948
149343,150432,1089,0,GE-Phrase,271,149490,151803,2313
149343,150432,1089,0,NTB,se cês concordarem,149343,150432,1089
9631,12030,2399,0,GE-Phrase,206,11228,13092,1864
9631,12030,2399,0,NTB,que inclusive tô produzindo um,9631,12030,2399
12030,13506,1476,0,GE-Phrase,207,13092,14908,1816
12030,13506,1476,0,NTB,p' cê ver a dubiedade da coisa,12030,13506,1476
25187,26370,1183,0,GE-Phrase,212,23414,26572,3158
25187,26370,1183,0,NTB,se eu reproduzir meu método,25187,26370,1183
26370,27200,830,0,GE-Phrase,213,26572,28865,2293
26370,27200,830,0,NTB,tá ligado,26370,27200,830
27200,28048,848,0,GE-Phrase,213,26572,28865,2293
27200,28048,848,0,NTB,dentro da cultura,27200,28048,848
28048,29067,1019,0,GE-Phrase,214,28865,30267,1402
28048,29067,1019,0,NTB,e adequando e et cetera,28048,29067,1019
69285,70269,984,0,GE-Phrase,234,70078,71694,1616
69285,70269,984,0,NTB,o projeto é dela,69285,70269,984
123333,123678,345,0,GE-Phrase,261,123162,126484,3322
123333,123678,345,0,NTB,porque &n [/1],123333,123678,345
123678,123884,206,0,GE-Phrase,261,123162,126484,3322
123678,123884,206,0,NTB,né,123678,123884,206
123884,124797,913,0,GE-Phrase,261,123162,126484,3322
123884,124797,913,0,NTB,ia parar tudo,123884,124797,913
124797,126007,1210,0,GE-Phrase,261,123162,126484,3322
124797,126007,1210,0,NTB,então vou monitorar quem,124797,126007,1210
126007,127426,1419,0,NTB,et cetera,126007,127426,1419
131502,132715,1213,0,GE-Phrase,263,132202,134077,1875
131502,132715,1213,0,NTB,nũ tinha recebido nenhuma bolsa ainda né,131502,132715,1213
132715,134762,2047,0,GE-Phrase,264,134077,135782,1705
132715,134762,2047,0,NTB,tinha acabado de acontecer o processo,132715,134762,2047
136371,137155,784,0,GE-Phrase,265,135782,138288,2506
136371,137155,784,0,NTB,a minha tutora,136371,137155,784
137155,137394,239,0,GE-Phrase,265,135782,138288,2506
137155,137394,239,0,NTB,né,137155,137394,239
141078,143026,1948,0,GE-Phrase,268,142467,145380,2913
141078,143026,1948,0,NTB,e a gente volta quando retomar a aula,141078,143026,1948
149343,150432,1089,0,GE-Phrase,271,149490,151803,2313
149343,150432,1089,0,NTB,se cês concordarem,149343,150432,1089
9631,12030,2399,0,GE-Phrase,206,11228,13092,1864
9631,12030,2399,0,NTB,que inclusive tô produzindo um,9631,12030,2399
12030,13506,1476,0,GE-Phrase,207,13092,14908,1816
12030,13506,1476,0,NTB,p' cê ver a dubiedade da coisa,12030,13506,1476
25187,26370,1183,0,GE-Phrase,212,23414,26572,3158
25187,26370,1183,0,NTB,se eu reproduzir meu método,25187,26370,1183
26370,27200,830,0,GE-Phrase,213,26572,28865,2293
26370,27200,830,0,NTB,tá ligado,26370,27200,830
27200,28048,848,0,GE-Phrase,213,26572,28865,2293
27200,28048,848,0,NTB,dentro da cultura,27200,28048,848
28048,29067,1019,0,GE-Phrase,214,28865,30267,1402
28048,29067,1019,0,NTB,e adequando e et cetera,28048,29067,1019
69285,70269,984,0,GE-Phrase,234,70078,71694,1616
69285,70269,984,0,NTB,o projeto é dela,69285,70269,984
123333,123678,345,0,GE-Phrase,261,123162,126484,3322
123333,123678,345,0,NTB,porque &n [/1],123333,123678,345
123678,123884,206,0,GE-Phrase,261,123162,126484,3322
123678,123884,206,0,NTB,né,123678,123884,206
123884,124797,913,0,GE-Phrase,261,123162,126484,3322
123884,124797,913,0,NTB,ia parar tudo,123884,124797,913
124797,126007,1210,0,GE-Phrase,261,123162,126484,3322
124797,126007,1210,0,NTB,então vou monitorar quem,124797,126007,1210
126007,127426,1419,0,NTB,et cetera,126007,127426,1419
131502,132715,1213,0,GE-Phrase,263,132202,134077,1875
131502,132715,1213,0,NTB,nũ tinha recebido nenhuma bolsa ainda né,131502,132715,1213
132715,134762,2047,0,GE-Phrase,264,134077,135782,1705
132715,134762,2047,0,NTB,tinha acabado de acontecer o processo,132715,134762,2047
136371,137155,784,0,GE-Phrase,265,135782,138288,2506
136371,137155,784,0,NTB,a minha tutora,136371,137155,784
137155,137394,239,0,GE-Phrase,265,135782,138288,2506
137155,137394,239,0,NTB,né,137155,137394,239
141078,143026,1948,0,GE-Phrase,268,142467,145380,2913
141078,143026,1948,0,NTB,e a gente volta quando retomar a aula,141078,143026,1948
149343,150432,1089,0,GE-Phrase,271,149490,151803,2313
149343,150432,1089,0,NTB,se cês concordarem,149343,150432,1089
9631,12030,2399,0,GE-Phrase,206,11228,13092,1864
9631,12030,2399,0,NTB,que inclusive tô produzindo um,9631,12030,2399
12030,13506,1476,0,GE-Phrase,207,13092,14908,1816
12030,13506,1476,0,NTB,p' cê ver a dubiedade da coisa,12030,13506,1476
25187,26370,1183,0,GE-Phrase,212,23414,26572,3158
25187,26370,1183,0,NTB,se eu reproduzir meu método,25187,26370,1183
26370,27200,830,0,GE-Phrase,213,26572,28865,2293
26370,27200,830,0,NTB,tá ligado,26370,27200,830
27200,28048,848,0,GE-Phrase,213,26572,28865,2293
27200,28048,848,0,NTB,dentro da cultura,27200,28048,848
28048,29067,1019,0,GE-Phrase,214,28865,30267,1402
28048,29067,1019,0,NTB,e adequando e et cetera,28048,29067,1019
69285,70269,984,0,GE-Phrase,234,70078,71694,1616
69285,70269,984,0,NTB,o projeto é dela,69285,70269,984
123333,123678,345,0,GE-Phrase,261,123162,126484,3322
123333,123678,345,0,NTB,porque &n [/1],123333,123678,345
123678,123884,206,0,GE-Phrase,261,123162,126484,3322
123678,123884,206,0,NTB,né,123678,123884,206
123884,124797,913,0,GE-Phrase,261,123162,126484,3322
123884,124797,913,0,NTB,ia parar tudo,123884,124797,913
124797,126007,1210,0,GE-Phrase,261,123162,126484,3322
124797,126007,1210,0,NTB,então vou monitorar quem,124797,126007,1210
126007,127426,1419,0,NTB,et cetera,126007,127426,1419
131502,132715,1213,0,GE-Phrase,263,132202,134077,1875
131502,132715,1213,0,NTB,nũ tinha recebido nenhuma bolsa ainda né,131502,132715,1213
132715,134762,2047,0,GE-Phrase,264,134077,135782,1705
132715,134762,2047,0,NTB,tinha acabado de acontecer o processo,132715,134762,2047
136371,137155,784,0,GE-Phrase,265,135782,138288,2506
136371,137155,784,0,NTB,a minha tutora,136371,137155,784
137155,137394,239,0,GE-Phrase,265,135782,138288,2506
137155,137394,239,0,NTB,né,137155,137394,239
141078,143026,1948,0,GE-Phrase,268,142467,145380,2913
141078,143026,1948,0,NTB,e a gente volta quando retomar a aula,141078,143026,1948
149343,150432,1089,0,GE-Phrase,271,149490,151803,2313
149343,150432,1089,0,NTB,se cês concordarem,149343,150432,1089
9631,12030,2399,0,GE-Phrase,206,11228,13092,1864
9631,12030,2399,0,NTB,que inclusive tô produzindo um,9631,12030,2399
12030,13506,1476,0,GE-Phrase,207,13092,14908,1816
12030,13506,1476,0,NTB,p' cê ver a dubiedade da coisa,12030,13506,1476
25187,26370,1183,0,GE-Phrase,212,23414,26572,3158
25187,26370,1183,0,NTB,se eu reproduzir meu método,25187,26370,1183
26370,27200,830,0,GE-Phrase,213,26572,28865,2293
26370,27200,830,0,NTB,tá ligado,26370,27200,830
27200,28048,848,0,GE-Phrase,213,26572,28865,2293
27200,28048,848,0,NTB,dentro da cultura,27200,28048,848
28048,29067,1019,0,GE-Phrase,214,28865,30267,1402
28048,29067,1019,0,NTB,e adequando e et cetera,28048,29067,1019
69285,70269,984,0,GE-Phrase,234,70078,71694,1616
69285,70269,984,0,NTB,o projeto é dela,69285,70269,984
123333,123678,345,0,GE-Phrase,261,123162,126484,3322
123333,123678,345,0,NTB,porque &n [/1],123333,123678,345
123678,123884,206,0,GE-Phrase,261,123162,126484,3322
123678,123884,206,0,NTB,né,123678,123884,206
123884,124797,913,0,GE-Phrase,261,123162,126484,3322
123884,124797,913,0,NTB,ia parar tudo,123884,124797,913
124797,126007,1210,0,GE-Phrase,261,123162,126484,3322
124797,126007,1210,0,NTB,então vou monitorar quem,124797,126007,1210
126007,127426,1419,0,NTB,et cetera,126007,127426,1419
131502,132715,1213,0,GE-Phrase,263,132202,134077,1875
131502,132715,1213,0,NTB,nũ tinha recebido nenhuma bolsa ainda né,131502,132715,1213
132715,134762,2047,0,GE-Phrase,264,134077,135782,1705
132715,134762,2047,0,NTB,tinha acabado de acontecer o processo,132715,134762,2047
136371,137155,784,0,GE-Phrase,265,135782,138288,2506
136371,137155,784,0,NTB,a minha tutora,136371,137155,784
137155,137394,239,0,GE-Phrase,265,135782,138288,2506
137155,137394,239,0,NTB,né,137155,137394,239
141078,143026,1948,0,GE-Phrase,268,142467,145380,2913
141078,143026,1948,0,NTB,e a gente volta quando retomar a aula,141078,143026,1948
149343,150432,1089,0,GE-Phrase,271,149490,151803,2313
149343,150432,1089,0,NTB,se cês concordarem,149343,150432,1089
9631,12030,2399,0,GE-Phrase,206,11228,13092,1864
9631,12030,2399,0,NTB,que inclusive tô produzindo um,9631,12030,2399
12030,13506,1476,0,GE-Phrase,207,13092,14908,1816
12030,13506,1476,0,NTB,p' cê ver a dubiedade da coisa,12030,13506,1476
25187,26370,1183,0,GE-Phrase,212,23414,26572,3158
25187,26370,1183,0,NTB,se eu reproduzir meu método,25187,26370,1183
26370,27200,830,0,GE-Phrase,213,26572,28865,2293
26370,27200,830,0,NTB,tá ligado,26370,27200,830
27200,28048,848,0,GE-Phrase,213,26572,28865,2293
27200,28048,848,0,NTB,dentro da cultura,27200,28048,848
28048,29067,1019,0,GE-Phrase,214,28865,30267,1402
28048,29067,1019,0,NTB,e adequando e et cetera,28048,29067,1019
69285,70269,984,0,GE-Phrase,234,70078,71694,1616
69285,70269,984,0,NTB,o projeto é dela,69285,70269,984
123333,123678,345,0,GE-Phrase,261,123162,126484,3322
123333,123678,345,0,NTB,porque &n [/1],123333,123678,345
123678,123884,206,0,GE-Phrase,261,123162,126484,3322
123678,123884,206,0,NTB,né,123678,123884,206
123884,124797,913,0,GE-Phrase,261,123162,126484,3322
123884,124797,913,0,NTB,ia parar tudo,123884,124797,913
124797,126007,1210,0,GE-Phrase,261,123162,126484,3322
124797,126007,1210,0,NTB,então vou monitorar quem,124797,126007,1210
126007,127426,1419,0,NTB,et cetera,126007,127426,1419
131502,132715,1213,0,GE-Phrase,263,132202,134077,1875
131502,132715,1213,0,NTB,nũ tinha recebido nenhuma bolsa ainda né,131502,132715,1213
132715,134762,2047,0,GE-Phrase,264,134077,135782,1705
132715,134762,2047,0,NTB,tinha acabado de acontecer o processo,132715,134762,2047
136371,137155,784,0,GE-Phrase,265,135782,138288,2506
136371,137155,784,0,NTB,a minha tutora,136371,137155,784
137155,137394,239,0,GE-Phrase,265,135782,138288,2506
137155,137394,239,0,NTB,né,137155,137394,239
141078,143026,1948,0,GE-Phrase,268,142467,145380,2913
141078,143026,1948,0,NTB,e a gente volta quando retomar a aula,141078,143026,1948
149343,150432,1089,0,GE-Phrase,271,149490,151803,2313
149343,150432,1089,0,NTB,se cês concordarem,149343,150432,1089
9631,12030,2399,0,GE-Phrase,206,11228,13092,1864
9631,12030,2399,0,NTB,que inclusive tô produzindo um,9631,12030,2399
12030,13506,1476,0,GE-Phrase,207,13092,14908,1816
12030,13506,1476,0,NTB,p' cê ver a dubiedade da coisa,12030,13506,1476
25187,26370,1183,0,GE-Phrase,212,23414,26572,3158
25187,26370,1183,0,NTB,se eu reproduzir meu método,25187,26370,1183
26370,27200,830,0,GE-Phrase,213,26572,28865,2293
26370,27200,830,0,NTB,tá ligado,26370,27200,830
27200,28048,848,0,GE-Phrase,213,26572,28865,2293
27200,28048,848,0,NTB,dentro da cultura,27200,28048,848
28048,29067,1019,0,GE-Phrase,214,28865,30267,1402
28048,29067,1019,0,NTB,e adequando e et cetera,28048,29067,1019
69285,70269,984,0,GE-Phrase,234,70078,71694,1616
69285,70269,984,0,NTB,o projeto é dela,69285,70269,984
123333,123678,345,0,GE-Phrase,261,123162,126484,3322
123333,123678,345,0,NTB,porque &n [/1],123333,123678,345
123678,123884,206,0,GE-Phrase,261,123162,126484,3322
123678,123884,206,0,NTB,né,123678,123884,206
123884,124797,913,0,GE-Phrase,261,123162,126484,3322
123884,124797,913,0,NTB,ia parar tudo,123884,124797,913
124797,126007,1210,0,GE-Phrase,261,123162,126484,3322
124797,126007,1210,0,NTB,então vou monitorar quem,124797,126007,1210
126007,127426,1419,0,NTB,et cetera,126007,127426,1419
131502,132715,1213,0,GE-Phrase,263,132202,134077,1875
131502,132715,1213,0,NTB,nũ tinha recebido nenhuma bolsa ainda né,131502,132715,1213
132715,134762,2047,0,GE-Phrase,264,134077,135782,1705
132715,134762,2047,0,NTB,tinha acabado de acontecer o processo,132715,134762,2047
136371,137155,784,0,GE-Phrase,265,135782,138288,2506
136371,137155,784,0,NTB,a minha tutora,136371,137155,784
137155,137394,239,0,GE-Phrase,265,135782,138288,2506
137155,137394,239,0,NTB,né,137155,137394,239
141078,143026,1948,0,GE-Phrase,268,142467,145380,2913
141078,143026,1948,0,NTB,e a gente volta quando retomar a aula,141078,143026,1948
149343,150432,1089,0,GE-Phrase,271,149490,151803,2313
149343,150432,1089,0,NTB,se cês concordarem,149343,150432,1089
9631,12030,2399,0,GE-Phrase,206,11228,13092,1864
9631,12030,2399,0,NTB,que inclusive tô produzindo um,9631,12030,2399
12030,13506,1476,0,GE-Phrase,207,13092,14908,1816
12030,13506,1476,0,NTB,p' cê ver a dubiedade da coisa,12030,13506,1476
25187,26370,1183,0,GE-Phrase,212,23414,26572,3158
25187,26370,1183,0,NTB,se eu reproduzir meu método,25187,26370,1183
26370,27200,830,0,GE-Phrase,213,26572,28865,2293
26370,27200,830,0,NTB,tá ligado,26370,27200,830
27200,28048,848,0,GE-Phrase,213,26572,28865,2293
27200,28048,848,0,NTB,dentro da cultura,27200,28048,848
28048,29067,1019,0,GE-Phrase,214,28865,30267,1402
28048,29067,1019,0,NTB,e adequando e et cetera,28048,29067,1019
69285,70269,984,0,GE-Phrase,234,70078,71694,1616
69285,70269,984,0,NTB,o projeto é dela,69285,70269,984
123333,123678,345,0,GE-Phrase,261,123162,126484,3322
123333,123678,345,0,NTB,porque &n [/1],123333,123678,345
123678,123884,206,0,GE-Phrase,261,123162,126484,3322
123678,123884,206,0,NTB,né,123678,123884,206
123884,124797,913,0,GE-Phrase,261,123162,126484,3322
123884,124797,913,0,NTB,ia parar tudo,123884,124797,913
124797,126007,1210,0,GE-Phrase,261,123162,126484,3322
124797,126007,1210,0,NTB,então vou monitorar quem,124797,126007,1210
126007,127426,1419,0,NTB,et cetera,126007,127426,1419
131502,132715,1213,0,GE-Phrase,263,132202,134077,1875
131502,132715,1213,0,NTB,nũ tinha recebido nenhuma bolsa ainda né,131502,132715,1213
132715,134762,2047,0,GE-Phrase,264,134077,135782,1705
132715,134762,2047,0,NTB,tinha acabado de acontecer o processo,132715,134762,2047
136371,137155,784,0,GE-Phrase,265,135782,138288,2506
136371,137155,784,0,NTB,a minha tutora,136371,137155,784
137155,137394,239,0,GE-Phrase,265,135782,138288,2506
137155,137394,239,0,NTB,né,137155,137394,239
141078,143026,1948,0,GE-Phrase,268,142467,145380,2913
141078,143026,1948,0,NTB,e a gente volta quando retomar a aula,141078,143026,1948
149343,150432,1089,0,GE-Phrase,271,149490,151803,2313
149343,150432,1089,0,NTB,se cês concordarem,149343,150432,1089
9631,12030,2399,0,GE-Phrase,206,11228,13092,1864
9631,12030,2399,0,NTB,que inclusive tô produzindo um,9631,12030,2399
12030,13506,1476,0,GE-Phrase,207,13092,14908,1816
12030,13506,1476,0,NTB,p' cê ver a dubiedade da coisa,12030,13506,1476
25187,26370,1183,0,GE-Phrase,212,23414,26572,3158
25187,26370,1183,0,NTB,se eu reproduzir meu método,25187,26370,1183
26370,27200,830,0,GE-Phrase,213,26572,28865,2293
26370,27200,830,0,NTB,tá ligado,26370,27200,830
27200,28048,848,0,GE-Phrase,213,26572,28865,2293
27200,28048,848,0,NTB,dentro da cultura,27200,28048,848
28048,29067,1019,0,GE-Phrase,214,28865,30267,1402
28048,29067,1019,0,NTB,e adequando e et cetera,28048,29067,1019
69285,70269,984,0,GE-Phrase,234,70078,71694,1616
69285,70269,984,0,NTB,o projeto é dela,69285,70269,984
123333,123678,345,0,GE-Phrase,261,123162,126484,3322
123333,123678,345,0,NTB,porque &n [/1],123333,123678,345
123678,123884,206,0,GE-Phrase,261,123162,126484,3322
123678,123884,206,0,NTB,né,123678,123884,206
123884,124797,913,0,GE-Phrase,261,123162,126484,3322
123884,124797,913,0,NTB,ia parar tudo,123884,124797,913
124797,126007,1210,0,GE-Phrase,261,123162,126484,3322
124797,126007,1210,0,NTB,então vou monitorar quem,124797,126007,1210
126007,127426,1419,0,NTB,et cetera,126007,127426,1419
131502,132715,1213,0,GE-Phrase,263,132202,134077,1875
131502,132715,1213,0,NTB,nũ tinha recebido nenhuma bolsa ainda né,131502,132715,1213
132715,134762,2047,0,GE-Phrase,264,134077,135782,1705
132715,134762,2047,0,NTB,tinha acabado de acontecer o processo,132715,134762,2047
136371,137155,784,0,GE-Phrase,265,135782,138288,2506
136371,137155,784,0,NTB,a minha tutora,136371,137155,784
137155,137394,239,0,GE-Phrase,265,135782,138288,2506
137155,137394,239,0,NTB,né,137155,137394,239
141078,143026,1948,0,GE-Phrase,268,142467,145380,2913
141078,143026,1948,0,NTB,e a gente volta quando retomar a aula,141078,143026,1948
149343,150432,1089,0,GE-Phrase,271,149490,151803,2313
149343,150432,1089,0,NTB,se cês concordarem,149343,150432,1089
9631,12030,2399,0,GE-Phrase,206,11228,13092,1864
9631,12030,2399,0,NTB,que inclusive tô produzindo um,9631,12030,2399
12030,13506,1476,0,GE-Phrase,207,13092,14908,1816
12030,13506,1476,0,NTB,p' cê ver a dubiedade da coisa,12030,13506,1476
25187,26370,1183,0,GE-Phrase,212,23414,26572,3158
25187,26370,1183,0,NTB,se eu reproduzir meu método,25187,26370,1183
26370,27200,830,0,GE-Phrase,213,26572,28865,2293
26370,27200,830,0,NTB,tá ligado,26370,27200,830
27200,28048,848,0,GE-Phrase,213,26572,28865,2293
27200,28048,848,0,NTB,dentro da cultura,27200,28048,848
28048,29067,1019,0,GE-Phrase,214,28865,30267,1402
28048,29067,1019,0,NTB,e adequando e et cetera,28048,29067,1019
69285,70269,984,0,GE-Phrase,234,70078,71694,1616
69285,70269,984,0,NTB,o projeto é dela,69285,70269,984
123333,123678,345,0,GE-Phrase,261,123162,126484,3322
123333,123678,345,0,NTB,porque &n [/1],123333,123678,345
123678,123884,206,0,GE-Phrase,261,123162,126484,3322
123678,123884,206,0,NTB,né,123678,123884,206
123884,124797,913,0,GE-Phrase,261,123162,126484,3322
123884,124797,913,0,NTB,ia parar tudo,123884,124797,913
124797,126007,1210,0,GE-Phrase,261,123162,126484,3322
124797,126007,1210,0,NTB,então vou monitorar quem,124797,126007,1210
126007,127426,1419,0,NTB,et cetera,126007,127426,1419
131502,132715,1213,0,GE-Phrase,263,132202,134077,1875
131502,132715,1213,0,NTB,nũ tinha recebido nenhuma bolsa ainda né,131502,132715,1213
132715,134762,2047,0,GE-Phrase,264,134077,135782,1705
132715,134762,2047,0,NTB,tinha acabado de acontecer o processo,132715,134762,2047
136371,137155,784,0,GE-Phrase,265,135782,138288,2506
136371,137155,784,0,NTB,a minha tutora,136371,137155,784
137155,137394,239,0,GE-Phrase,265,135782,138288,2506
137155,137394,239,0,NTB,né,137155,137394,239
141078,143026,1948,0,GE-Phrase,268,142467,145380,2913
141078,143026,1948,0,NTB,e a gente volta quando retomar a aula,141078,143026,1948
149343,150432,1089,0,GE-Phrase,271,149490,151803,2313
149343,150432,1089,0,NTB,se cês concordarem,149343,150432,1089
9631,12030,2399,0,GE-Phrase,206,11228,13092,1864
9631,12030,2399,0,NTB,que inclusive tô produzindo um,9631,12030,2399
12030,13506,1476,0,GE-Phrase,207,13092,14908,1816
12030,13506,1476,0,NTB,p' cê ver a dubiedade da coisa,12030,13506,1476
25187,26370,1183,0,GE-Phrase,212,23414,26572,3158
25187,26370,1183,0,NTB,se eu reproduzir meu método,25187,26370,1183
26370,27200,830,0,GE-Phrase,213,26572,28865,2293
26370,27200,830,0,NTB,tá ligado,26370,27200,830
27200,28048,848,0,GE-Phrase,213,26572,28865,2293
27200,28048,848,0,NTB,dentro da cultura,27200,28048,848
28048,29067,1019,0,GE-Phrase,214,28865,30267,1402
28048,29067,1019,0,NTB,e adequando e et cetera,28048,29067,1019
69285,70269,984,0,GE-Phrase,234,70078,71694,1616
69285,70269,984,0,NTB,o projeto é dela,69285,70269,984
123333,123678,345,0,GE-Phrase,261,123162,126484,3322
123333,123678,345,0,NTB,porque &n [/1],123333,123678,345
123678,123884,206,0,GE-Phrase,261,123162,126484,3322
123678,123884,206,0,NTB,né,123678,123884,206
123884,124797,913,0,GE-Phrase,261,123162,126484,3322
123884,124797,913,0,NTB,ia parar tudo,123884,124797,913
124797,126007,1210,0,GE-Phrase,261,123162,126484,3322
124797,126007,1210,0,NTB,então vou monitorar quem,124797,126007,1210
126007,127426,1419,0,NTB,et cetera,126007,127426,1419
131502,132715,1213,0,GE-Phrase,263,132202,134077,1875
131502,132715,1213,0,NTB,nũ tinha recebido nenhuma bolsa ainda né,131502,132715,1213
132715,134762,2047,0,GE-Phrase,264,134077,135782,1705
132715,134762,2047,0,NTB,tinha acabado de acontecer o processo,132715,134762,2047
136371,137155,784,0,GE-Phrase,265,135782,138288,2506
136371,137155,784,0,NTB,a minha tutora,136371,137155,784
137155,137394,239,0,GE-Phrase,265,135782,138288,2506
137155,137394,239,0,NTB,né,137155,137394,239
141078,143026,1948,0,GE-Phrase,268,142467,145380,2913
141078,143026,1948,0,NTB,e a gente volta quando retomar a aula,141078,143026,1948
149343,150432,1089,0,GE-Phrase,271,149490,151803,2313
149343,150432,1089,0,NTB,se cês concordarem,149343,150432,1089
9631,12030,2399,0,GE-Phrase,206,11228,13092,1864
9631,12030,2399,0,NTB,que inclusive tô produzindo um,9631,12030,2399
12030,13506,1476,0,GE-Phrase,207,13092,14908,1816
12030,13506,1476,0,NTB,p' cê ver a dubiedade da coisa,12030,13506,1476
25187,26370,1183,0,GE-Phrase,212,23414,26572,3158
25187,26370,1183,0,NTB,se eu reproduzir meu método,25187,26370,1183
26370,27200,830,0,GE-Phrase,213,26572,28865,2293
26370,27200,830,0,NTB,tá ligado,26370,27200,830
27200,28048,848,0,GE-Phrase,213,26572,28865,2293
27200,28048,848,0,NTB,dentro da cultura,27200,28048,848
28048,29067,1019,0,GE-Phrase,214,28865,30267,1402
28048,29067,1019,0,NTB,e adequando e et cetera,28048,29067,1019
69285,70269,984,0,GE-Phrase,234,70078,71694,1616
69285,70269,984,0,NTB,o projeto é dela,69285,70269,984
123333,123678,345,0,GE-Phrase,261,123162,126484,3322
123333,123678,345,0,NTB,porque &n [/1],123333,123678,345
123678,123884,206,0,GE-Phrase,261,123162,126484,3322
123678,123884,206,0,NTB,né,123678,123884,206
123884,124797,913,0,GE-Phrase,261,123162,126484,3322
123884,124797,913,0,NTB,ia parar tudo,123884,124797,913
124797,126007,1210,0,GE-Phrase,261,123162,126484,3322
124797,126007,1210,0,NTB,então vou monitorar quem,124797,126007,1210
126007,127426,1419,0,NTB,et cetera,126007,127426,1419
131502,132715,1213,0,GE-Phrase,263,132202,134077,1875
131502,132715,1213,0,NTB,nũ tinha recebido nenhuma bolsa ainda né,131502,132715,1213
132715,134762,2047,0,GE-Phrase,264,134077,135782,1705
132715,134762,2047,0,NTB,tinha acabado de acontecer o processo,132715,134762,2047
136371,137155,784,0,GE-Phrase,265,135782,138288,2506
136371,137155,784,0,NTB,a minha tutora,136371,137155,784
137155,137394,239,0,GE-Phrase,265,135782,138288,2506
137155,137394,239,0,NTB,né,137155,137394,239
141078,143026,1948,0,GE-Phrase,268,142467,145380,2913
141078,143026,1948,0,NTB,e a gente volta quando retomar a aula,141078,143026,1948
149343,150432,1089,0,GE-Phrase,271,149490,151803,2313
149343,150432,1089,0,NTB,se cês concordarem,149343,150432,1089
9631,12030,2399,0,GE-Phrase,206,11228,13092,1864
9631,12030,2399,0,NTB,que inclusive tô produzindo um,9631,12030,2399
12030,13506,1476,0,GE-Phrase,207,13092,14908,1816
12030,13506,1476,0,NTB,p' cê ver a dubiedade da coisa,12030,13506,1476
25187,26370,1183,0,GE-Phrase,212,23414,26572,3158
25187,26370,1183,0,NTB,se eu reproduzir meu método,25187,26370,1183
26370,27200,830,0,GE-Phrase,213,26572,28865,2293
26370,27200,830,0,NTB,tá ligado,26370,27200,830
27200,28048,848,0,GE-Phrase,213,26572,28865,2293
27200,28048,848,0,NTB,dentro da cultura,27200,28048,848
28048,29067,1019,0,GE-Phrase,214,28865,30267,1402
28048,29067,1019,0,NTB,e adequando e et cetera,28048,29067,1019
69285,70269,984,0,GE-Phrase,234,70078,71694,1616
69285,70269,984,0,NTB,o projeto é dela,69285,70269,984
123333,123678,345,0,GE-Phrase,261,123162,126484,3322
123333,123678,345,0,NTB,porque &n [/1],123333,123678,345
123678,123884,206,0,GE-Phrase,261,123162,126484,3322
123678,123884,206,0,NTB,né,123678,123884,206
123884,124797,913,0,GE-Phrase,261,123162,126484,3322
123884,124797,913,0,NTB,ia parar tudo,123884,124797,913
124797,126007,1210,0,GE-Phrase,261,123162,126484,3322
124797,126007,1210,0,NTB,então vou monitorar quem,124797,126007,1210
126007,127426,1419,0,NTB,et cetera,126007,127426,1419
131502,132715,1213,0,GE-Phrase,263,132202,134077,1875
131502,132715,1213,0,NTB,nũ tinha recebido nenhuma bolsa ainda né,131502,132715,1213
132715,134762,2047,0,GE-Phrase,264,134077,135782,1705
132715,134762,2047,0,NTB,tinha acabado de acontecer o processo,132715,134762,2047
136371,137155,784,0,GE-Phrase,265,135782,138288,2506
136371,137155,784,0,NTB,a minha tutora,136371,137155,784
137155,137394,239,0,GE-Phrase,265,135782,138288,2506
137155,137394,239,0,NTB,né,137155,137394,239
141078,143026,1948,0,GE-Phrase,268,142467,145380,2913
141078,143026,1948,0,NTB,e a gente volta quando retomar a aula,141078,143026,1948
149343,150432,1089,0,GE-Phrase,271,149490,151803,2313
149343,150432,1089,0,NTB,se cês concordarem,149343,150432,1089
9631,12030,2399,0,GE-Phrase,206,11228,13092,1864
9631,12030,2399,0,NTB,que inclusive tô produzindo um,9631,12030,2399
12030,13506,1476,0,GE-Phrase,207,13092,14908,1816
12030,13506,1476,0,NTB,p' cê ver a dubiedade da coisa,12030,13506,1476
25187,26370,1183,0,GE-Phrase,212,23414,26572,3158
25187,26370,1183,0,NTB,se eu reproduzir meu método,25187,26370,1183
26370,27200,830,0,GE-Phrase,213,26572,28865,2293
26370,27200,830,0,NTB,tá ligado,26370,27200,830
27200,28048,848,0,GE-Phrase,213,26572,28865,2293
27200,28048,848,0,NTB,dentro da cultura,27200,28048,848
28048,29067,1019,0,GE-Phrase,214,28865,30267,1402
28048,29067,1019,0,NTB,e adequando e et cetera,28048,29067,1019
69285,70269,984,0,GE-Phrase,234,70078,71694,1616
69285,70269,984,0,NTB,o projeto é dela,69285,70269,984
123333,123678,345,0,GE-Phrase,261,123162,126484,3322
123333,123678,345,0,NTB,porque &n [/1],123333,123678,345
123678,123884,206,0,GE-Phrase,261,123162,126484,3322
123678,123884,206,0,NTB,né,123678,123884,206
123884,124797,913,0,GE-Phrase,261,123162,126484,3322
123884,124797,913,0,NTB,ia parar tudo,123884,124797,913
124797,126007,1210,0,GE-Phrase,261,123162,126484,3322
124797,126007,1210,0,NTB,então vou monitorar quem,124797,126007,1210
126007,127426,1419,0,NTB,et cetera,126007,127426,1419
131502,132715,1213,0,GE-Phrase,263,132202,134077,1875
131502,132715,1213,0,NTB,nũ tinha recebido nenhuma bolsa ainda né,131502,132715,1213
132715,134762,2047,0,GE-Phrase,264,134077,135782,1705
132715,134762,2047,0,NTB,tinha acabado de acontecer o processo,132715,134762,2047
136371,137155,784,0,GE-Phrase,265,135782,138288,2506
136371,137155,784,0,NTB,a minha tutora,136371,137155,784
137155,137394,239,0,GE-Phrase,265,135782,138288,2506
137155,137394,239,0,NTB,né,137155,137394,239
141078,143026,1948,0,GE-Phrase,268,142467,145380,2913
141078,143026,1948,0,NTB,e a gente volta quando retomar a aula,141078,143026,1948
149343,150432,1089,0,GE-Phrase,271,149490,151803,2313
149343,150432,1089,0,NTB,se cês concordarem,149343,150432,1089
9631,12030,2399,0,GE-Phrase,206,11228,13092,1864
9631,12030,2399,0,NTB,que inclusive tô produzindo um,9631,12030,2399
12030,13506,1476,0,GE-Phrase,207,13092,14908,1816
12030,13506,1476,0,NTB,p' cê ver a dubiedade da coisa,12030,13506,1476
25187,26370,1183,0,GE-Phrase,212,23414,26572,3158
25187,26370,1183,0,NTB,se eu reproduzir meu método,25187,26370,1183
26370,27200,830,0,GE-Phrase,213,26572,28865,2293
26370,27200,830,0,NTB,tá ligado,26370,27200,830
27200,28048,848,0,GE-Phrase,213,26572,28865,2293
27200,28048,848,0,NTB,dentro da cultura,27200,28048,848
28048,29067,1019,0,GE-Phrase,214,28865,30267,1402
28048,29067,1019,0,NTB,e adequando e et cetera,28048,29067,1019
69285,70269,984,0,GE-Phrase,234,70078,71694,1616
69285,70269,984,0,NTB,o projeto é dela,69285,70269,984
123333,123678,345,0,GE-Phrase,261,123162,126484,3322
123333,123678,345,0,NTB,porque &n [/1],123333,123678,345
123678,123884,206,0,GE-Phrase,261,123162,126484,3322
123678,123884,206,0,NTB,né,123678,123884,206
123884,124797,913,0,GE-Phrase,261,123162,126484,3322
123884,124797,913,0,NTB,ia parar tudo,123884,124797,913
124797,126007,1210,0,GE-Phrase,261,123162,126484,3322
124797,126007,1210,0,NTB,então vou monitorar quem,124797,126007,1210
126007,127426,1419,0,NTB,et cetera,126007,127426,1419
131502,132715,1213,0,GE-Phrase,263,132202,134077,1875
131502,132715,1213,0,NTB,nũ tinha recebido nenhuma bolsa ainda né,131502,132715,1213
132715,134762,2047,0,GE-Phrase,264,134077,135782,1705
132715,134762,2047,0,NTB,tinha acabado de acontecer o processo,132715,134762,2047
136371,137155,784,0,GE-Phrase,265,135782,138288,2506
136371,137155,784,0,NTB,a minha tutora,136371,137155,784
137155,137394,239,0,GE-Phrase,265,135782,138288,2506
137155,137394,239,0,NTB,né,137155,137394,239
141078,143026,1948,0,GE-Phrase,268,142467,145380,2913
141078,143026,1948,0,NTB,e a gente volta quando retomar a aula,141078,143026,1948
149343,150432,1089,0,GE-Phrase,271,149490,151803,2313
149343,150432,1089,0,NTB,se cês concordarem,149343,150432,1089
9631,12030,2399,0,GE-Phrase,206,11228,13092,1864
9631,12030,2399,0,NTB,que inclusive tô produzindo um,9631,12030,2399
12030,13506,1476,0,GE-Phrase,207,13092,14908,1816
12030,13506,1476,0,NTB,p' cê ver a dubiedade da coisa,12030,13506,1476
25187,26370,1183,0,GE-Phrase,212,23414,26572,3158
25187,26370,1183,0,NTB,se eu reproduzir meu método,25187,26370,1183
26370,27200,830,0,GE-Phrase,213,26572,28865,2293
26370,27200,830,0,NTB,tá ligado,26370,27200,830
27200,28048,848,0,GE-Phrase,213,26572,28865,2293
27200,28048,848,0,NTB,dentro da cultura,27200,28048,848
28048,29067,1019,0,GE-Phrase,214,28865,30267,1402
28048,29067,1019,0,NTB,e adequando e et cetera,28048,29067,1019
69285,70269,984,0,GE-Phrase,234,70078,71694,1616
69285,70269,984,0,NTB,o projeto é dela,69285,70269,984
123333,123678,345,0,GE-Phrase,261,123162,126484,3322
123333,123678,345,0,NTB,porque &n [/1],123333,123678,345
123678,123884,206,0,GE-Phrase,261,123162,126484,3322
123678,123884,206,0,NTB,né,123678,123884,206
123884,124797,913,0,GE-Phrase,261,123162,126484,3322
123884,124797,913,0,NTB,ia parar tudo,123884,124797,913
124797,126007,1210,0,GE-Phrase,261,123162,126484,3322
124797,126007,1210,0,NTB,então vou monitorar quem,124797,126007,1210
126007,127426,1419,0,NTB,et cetera,126007,127426,1419
131502,132715,1213,0,GE-Phrase,263,132202,134077,1875
131502,132715,1213,0,NTB,nũ tinha recebido nenhuma bolsa ainda né,131502,132715,1213
132715,134762,2047,0,GE-Phrase,264,134077,135782,1705
132715,134762,2047,0,NTB,tinha acabado de acontecer o processo,132715,134762,2047
136371,137155,784,0,GE-Phrase,265,135782,138288,2506
136371,137155,784,0,NTB,a minha tutora,136371,137155,784
137155,137394,239,0,GE-Phrase,265,135782,138288,2506
137155,137394,239,0,NTB,né,137155,137394,239
141078,143026,1948,0,GE-Phrase,268,142467,145380,2913
141078,143026,1948,0,NTB,e a gente volta quando retomar a aula,141078,143026,1948
149343,150432,1089,0,GE-Phrase,271,149490,151803,2313
149343,150432,1089,0,NTB,se cês concordarem,149343,150432,1089
9631,12030,2399,0,GE-Phrase,206,11228,13092,1864
9631,12030,2399,0,NTB,que inclusive tô produzindo um,9631,12030,2399
12030,13506,1476,0,GE-Phrase,207,13092,14908,1816
12030,13506,1476,0,NTB,p' cê ver a dubiedade da coisa,12030,13506,1476
25187,26370,1183,0,GE-Phrase,212,23414,26572,3158
25187,26370,1183,0,NTB,se eu reproduzir meu método,25187,26370,1183
26370,27200,830,0,GE-Phrase,213,26572,28865,2293
26370,27200,830,0,NTB,tá ligado,26370,27200,830
27200,28048,848,0,GE-Phrase,213,26572,28865,2293
27200,28048,848,0,NTB,dentro da cultura,27200,28048,848
28048,29067,1019,0,GE-Phrase,214,28865,30267,1402
28048,29067,1019,0,NTB,e adequando e et cetera,28048,29067,1019
69285,70269,984,0,GE-Phrase,234,70078,71694,1616
69285,70269,984,0,NTB,o projeto é dela,69285,70269,984
123333,123678,345,0,GE-Phrase,261,123162,126484,3322
123333,123678,345,0,NTB,porque &n [/1],123333,123678,345
123678,123884,206,0,GE-Phrase,261,123162,126484,3322
123678,123884,206,0,NTB,né,123678,123884,206
123884,124797,913,0,GE-Phrase,261,123162,126484,3322
123884,124797,913,0,NTB,ia parar tudo,123884,124797,913
124797,126007,1210,0,GE-Phrase,261,123162,126484,3322
124797,126007,1210,0,NTB,então vou monitorar quem,124797,126007,1210
126007,127426,1419,0,NTB,et cetera,126007,127426,1419
131502,132715,1213,0,GE-Phrase,263,132202,134077,1875
131502,132715,1213,0,NTB,nũ tinha recebido nenhuma bolsa ainda né,131502,132715,1213
132715,134762,2047,0,GE-Phrase,264,134077,135782,1705
132715,134762,2047,0,NTB,tinha acabado de acontecer o processo,132715,134762,2047
136371,137155,784,0,GE-Phrase,265,135782,138288,2506
136371,137155,784,0,NTB,a minha tutora,136371,137155,784
137155,137394,239,0,GE-Phrase,265,135782,138288,2506
137155,137394,239,0,NTB,né,137155,137394,239
141078,143026,1948,0,GE-Phrase,268,142467,145380,2913
141078,143026,1948,0,NTB,e a gente volta quando retomar a aula,141078,143026,1948
149343,150432,1089,0,GE-Phrase,271,149490,151803,2313
149343,150432,1089,0,NTB,se cês concordarem,149343,150432,1089
9631,12030,2399,0,GE-Phrase,206,11228,13092,1864
9631,12030,2399,0,NTB,que inclusive tô produzindo um,9631,12030,2399
12030,13506,1476,0,GE-Phrase,207,13092,14908,1816
12030,13506,1476,0,NTB,p' cê ver a dubiedade da coisa,12030,13506,1476
25187,26370,1183,0,GE-Phrase,212,23414,26572,3158
25187,26370,1183,0,NTB,se eu reproduzir meu método,25187,26370,1183
26370,27200,830,0,GE-Phrase,213,26572,28865,2293
26370,27200,830,0,NTB,tá ligado,26370,27200,830
27200,28048,848,0,GE-Phrase,213,26572,28865,2293
27200,28048,848,0,NTB,dentro da cultura,27200,28048,848
28048,29067,1019,0,GE-Phrase,214,28865,30267,1402
28048,29067,1019,0,NTB,e adequando e et cetera,28048,29067,1019
69285,70269,984,0,GE-Phrase,234,70078,71694,1616
69285,70269,984,0,NTB,o projeto é dela,69285,70269,984
123333,123678,345,0,GE-Phrase,261,123162,126484,3322
123333,123678,345,0,NTB,porque &n [/1],123333,123678,345
123678,123884,206,0,GE-Phrase,261,123162,126484,3322
123678,123884,206,0,NTB,né,123678,123884,206
123884,124797,913,0,GE-Phrase,261,123162,126484,3322
123884,124797,913,0,NTB,ia parar tudo,123884,124797,913
124797,126007,1210,0,GE-Phrase,261,123162,126484,3322
124797,126007,1210,0,NTB,então vou monitorar quem,124797,126007,1210
126007,127426,1419,0,NTB,et cetera,126007,127426,1419
131502,132715,1213,0,GE-Phrase,263,132202,134077,1875
131502,132715,1213,0,NTB,nũ tinha recebido nenhuma bolsa ainda né,131502,132715,1213
132715,134762,2047,0,GE-Phrase,264,134077,135782,1705
132715,134762,2047,0,NTB,tinha acabado de acontecer o processo,132715,134762,2047
136371,137155,784,0,GE-Phrase,265,135782,138288,2506
136371,137155,784,0,NTB,a minha tutora,136371,137155,784
137155,137394,239,0,GE-Phrase,265,135782,138288,2506
137155,137394,239,0,NTB,né,137155,137394,239
141078,143026,1948,0,GE-Phrase,268,142467,145380,2913
141078,143026,1948,0,NTB,e a gente volta quando retomar a aula,141078,143026,1948
149343,150432,1089,0,GE-Phrase,271,149490,151803,2313
149343,150432,1089,0,NTB,se cês concordarem,149343,150432,1089
9631,12030,2399,0,GE-Phrase,206,11228,13092,1864
9631,12030,2399,0,NTB,que inclusive tô produzindo um,9631,12030,2399
12030,13506,1476,0,GE-Phrase,207,13092,14908,1816
12030,13506,1476,0,NTB,p' cê ver a dubiedade da coisa,12030,13506,1476
25187,26370,1183,0,GE-Phrase,212,23414,26572,3158
25187,26370,1183,0,NTB,se eu reproduzir meu método,25187,26370,1183
26370,27200,830,0,GE-Phrase,213,26572,28865,2293
26370,27200,830,0,NTB,tá ligado,26370,27200,830
27200,28048,848,0,GE-Phrase,213,26572,28865,2293
27200,28048,848,0,NTB,dentro da cultura,27200,28048,848
28048,29067,1019,0,GE-Phrase,214,28865,30267,1402
28048,29067,1019,0,NTB,e adequando e et cetera,28048,29067,1019
69285,70269,984,0,GE-Phrase,234,70078,71694,1616
69285,70269,984,0,NTB,o projeto é dela,69285,70269,984
123333,123678,345,0,GE-Phrase,261,123162,126484,3322
123333,123678,345,0,NTB,porque &n [/1],123333,123678,345
123678,123884,206,0,GE-Phrase,261,123162,126484,3322
123678,123884,206,0,NTB,né,123678,123884,206
123884,124797,913,0,GE-Phrase,261,123162,126484,3322
123884,124797,913,0,NTB,ia parar tudo,123884,124797,913
124797,126007,1210,0,GE-Phrase,261,123162,126484,3322
124797,126007,1210,0,NTB,então vou monitorar quem,124797,126007,1210
126007,127426,1419,0,NTB,et cetera,126007,127426,1419
131502,132715,1213,0,GE-Phrase,263,132202,134077,1875
131502,132715,1213,0,NTB,nũ tinha recebido nenhuma bolsa ainda né,131502,132715,1213
132715,134762,2047,0,GE-Phrase,264,134077,135782,1705
132715,134762,2047,0,NTB,tinha acabado de acontecer o processo,132715,134762,2047
136371,137155,784,0,GE-Phrase,265,135782,138288,2506
136371,137155,784,0,NTB,a minha tutora,136371,137155,784
137155,137394,239,0,GE-Phrase,265,135782,138288,2506
137155,137394,239,0,NTB,né,137155,137394,239
141078,143026,1948,0,GE-Phrase,268,142467,145380,2913
141078,143026,1948,0,NTB,e a gente volta quando retomar a aula,141078,143026,1948
149343,150432,1089,0,GE-Phrase,271,149490,151803,2313
149343,150432,1089,0,NTB,se cês concordarem,149343,150432,1089
9631,12030,2399,0,GE-Phrase,206,11228,13092,1864
9631,12030,2399,0,NTB,que inclusive tô produzindo um,9631,12030,2399
12030,13506,1476,0,GE-Phrase,207,13092,14908,1816
12030,13506,1476,0,NTB,p' cê ver a dubiedade da coisa,12030,13506,1476
25187,26370,1183,0,GE-Phrase,212,23414,26572,3158
25187,26370,1183,0,NTB,se eu reproduzir meu método,25187,26370,1183
26370,27200,830,0,GE-Phrase,213,26572,28865,2293
26370,27200,830,0,NTB,tá ligado,26370,27200,830
27200,28048,848,0,GE-Phrase,213,26572,28865,2293
27200,28048,848,0,NTB,dentro da cultura,27200,28048,848
28048,29067,1019,0,GE-Phrase,214,28865,30267,1402
28048,29067,1019,0,NTB,e adequando e et cetera,28048,29067,1019
69285,70269,984,0,GE-Phrase,234,70078,71694,1616
69285,70269,984,0,NTB,o projeto é dela,69285,70269,984
123333,123678,345,0,GE-Phrase,261,123162,126484,3322
123333,123678,345,0,NTB,porque &n [/1],123333,123678,345
123678,123884,206,0,GE-Phrase,261,123162,126484,3322
123678,123884,206,0,NTB,né,123678,123884,206
123884,124797,913,0,GE-Phrase,261,123162,126484,3322
123884,124797,913,0,NTB,ia parar tudo,123884,124797,913
124797,126007,1210,0,GE-Phrase,261,123162,126484,3322
124797,126007,1210,0,NTB,então vou monitorar quem,124797,126007,1210
126007,127426,1419,0,NTB,et cetera,126007,127426,1419
131502,132715,1213,0,GE-Phrase,263,132202,134077,1875
131502,132715,1213,0,NTB,nũ tinha recebido nenhuma bolsa ainda né,131502,132715,1213
132715,134762,2047,0,GE-Phrase,264,134077,135782,1705
132715,134762,2047,0,NTB,tinha acabado de acontecer o processo,132715,134762,2047
136371,137155,784,0,GE-Phrase,265,135782,138288,2506
136371,137155,784,0,NTB,a minha tutora,136371,137155,784
137155,137394,239,0,GE-Phrase,265,135782,138288,2506
137155,137394,239,0,NTB,né,137155,137394,239
141078,143026,1948,0,GE-Phrase,268,142467,145380,2913
141078,143026,1948,0,NTB,e a gente volta quando retomar a aula,141078,143026,1948
149343,150432,1089,0,GE-Phrase,271,149490,151803,2313
149343,150432,1089,0,NTB,se cês concordarem,149343,150432,1089
9631,12030,2399,0,GE-Phrase,206,11228,13092,1864
9631,12030,2399,0,NTB,que inclusive tô produzindo um,9631,12030,2399
12030,13506,1476,0,GE-Phrase,207,13092,14908,1816
12030,13506,1476,0,NTB,p' cê ver a dubiedade da coisa,12030,13506,1476
25187,26370,1183,0,GE-Phrase,212,23414,26572,3158
25187,26370,1183,0,NTB,se eu reproduzir meu método,25187,26370,1183
26370,27200,830,0,GE-Phrase,213,26572,28865,2293
26370,27200,830,0,NTB,tá ligado,26370,27200,830
27200,28048,848,0,GE-Phrase,213,26572,28865,2293
27200,28048,848,0,NTB,dentro da cultura,27200,28048,848
28048,29067,1019,0,GE-Phrase,214,28865,30267,1402
28048,29067,1019,0,NTB,e adequando e et cetera,28048,29067,1019
69285,70269,984,0,GE-Phrase,234,70078,71694,1616
69285,70269,984,0,NTB,o projeto é dela,69285,70269,984
123333,123678,345,0,GE-Phrase,261,123162,126484,3322
123333,123678,345,0,NTB,porque &n [/1],123333,123678,345
123678,123884,206,0,GE-Phrase,261,123162,126484,3322
123678,123884,206,0,NTB,né,123678,123884,206
123884,124797,913,0,GE-Phrase,261,123162,126484,3322
123884,124797,913,0,NTB,ia parar tudo,123884,124797,913
124797,126007,1210,0,GE-Phrase,261,123162,126484,3322
124797,126007,1210,0,NTB,então vou monitorar quem,124797,126007,1210
126007,127426,1419,0,NTB,et cetera,126007,127426,1419
131502,132715,1213,0,GE-Phrase,263,132202,134077,1875
131502,132715,1213,0,NTB,nũ tinha recebido nenhuma bolsa ainda né,131502,132715,1213
132715,134762,2047,0,GE-Phrase,264,134077,135782,1705
132715,134762,2047,0,NTB,tinha acabado de acontecer o processo,132715,134762,2047
136371,137155,784,0,GE-Phrase,265,135782,138288,2506
136371,137155,784,0,NTB,a minha tutora,136371,137155,784
137155,137394,239,0,GE-Phrase,265,135782,138288,2506
137155,137394,239,0,NTB,né,137155,137394,239
141078,143026,1948,0,GE-Phrase,268,142467,145380,2913
141078,143026,1948,0,NTB,e a gente volta quando retomar a aula,141078,143026,1948
149343,150432,1089,0,GE-Phrase,271,149490,151803,2313
149343,150432,1089,0,NTB,se cês concordarem,149343,150432,1089
9631,12030,2399,0,GE-Phrase,206,11228,13092,1864
9631,12030,2399,0,NTB,que inclusive tô produzindo um,9631,12030,2399
12030,13506,1476,0,GE-Phrase,207,13092,14908,1816
12030,13506,1476,0,NTB,p' cê ver a dubiedade da coisa,12030,13506,1476
25187,26370,1183,0,GE-Phrase,212,23414,26572,3158
25187,26370,1183,0,NTB,se eu reproduzir meu método,25187,26370,1183
26370,27200,830,0,GE-Phrase,213,26572,28865,2293
26370,27200,830,0,NTB,tá ligado,26370,27200,830
27200,28048,848,0,GE-Phrase,213,26572,28865,2293
27200,28048,848,0,NTB,dentro da cultura,27200,28048,848
28048,29067,1019,0,GE-Phrase,214,28865,30267,1402
28048,29067,1019,0,NTB,e adequando e et cetera,28048,29067,1019
69285,70269,984,0,GE-Phrase,234,70078,71694,1616
69285,70269,984,0,NTB,o projeto é dela,69285,70269,984
123333,123678,345,0,GE-Phrase,261,123162,126484,3322
123333,123678,345,0,NTB,porque &n [/1],123333,123678,345
123678,123884,206,0,GE-Phrase,261,123162,126484,3322
123678,123884,206,0,NTB,né,123678,123884,206
123884,124797,913,0,GE-Phrase,261,123162,126484,3322
123884,124797,913,0,NTB,ia parar tudo,123884,124797,913
124797,126007,1210,0,GE-Phrase,261,123162,126484,3322
124797,126007,1210,0,NTB,então vou monitorar quem,124797,126007,1210
126007,127426,1419,0,NTB,et cetera,126007,127426,1419
131502,132715,1213,0,GE-Phrase,263,132202,134077,1875
131502,132715,1213,0,NTB,nũ tinha recebido nenhuma bolsa ainda né,131502,132715,1213
132715,134762,2047,0,GE-Phrase,264,134077,135782,1705
132715,134762,2047,0,NTB,tinha acabado de acontecer o processo,132715,134762,2047
136371,137155,784,0,GE-Phrase,265,135782,138288,2506
136371,137155,784,0,NTB,a minha tutora,136371,137155,784
137155,137394,239,0,GE-Phrase,265,135782,138288,2506
137155,137394,239,0,NTB,né,137155,137394,239
141078,143026,1948,0,GE-Phrase,268,142467,145380,2913
141078,143026,1948,0,NTB,e a gente volta quando retomar a aula,141078,143026,1948
149343,150432,1089,0,GE-Phrase,271,149490,151803,2313
149343,150432,1089,0,NTB,se cês concordarem,149343,150432,1089
