GE-Phase_stroke_start_ms,GE-Phase_stroke_end_ms,GE-Phase_stroke_duration,Buffer_ms,Tier,Value,Begin_ms,End_ms,Duration,Overlap_time,Overlap_ratio,Diff_start,Diff_end
5497,5597,100,0,GE-Phrase,201,5298,6216,918,100,1.0,199,-619
5497,5597,100,0,InfoStructure,COB,5486,6644,1158,100,1.0,11,-1047
6762,7229,467,0,GE-Phrase,202,6216,7612,1396,467,1.0,546,-383
6762,7229,467,0,InfoStructure,COB,6644,7782,1138,467,1.0,118,-553
8445,8879,434,0,GE-Phrase,203,7612,9471,1859,434,1.0,833,-592
8445,8879,434,0,InfoStructure,SCA,8039,9626,1587,434,1.0,406,-747
9938,11306,1368,0,GE-Phrase,204,9471,12020,2549,1368,1.0,467,-714
9938,11306,1368,0,InfoStructure,SCA,9626,10619,993,681,0.498,312,687
9938,11306,1368,0,InfoStructure,COB,10619,11522,903,687,0.502,-681,-216
15034,15468,434,0,GE-Phrase,205,13467,16449,2982,434,1.0,1567,-981
15034,15468,434,0,InfoStructure,TOP,14475,17254,2779,434,1.0,559,-1786
17115,17983,868,0,GE-Phrase,206,16449,17983,1534,868,1.0,666,0
17115,17983,868,0,InfoStructure,TOP,14475,17254,2779,139,0.16,2640,729
17115,17983,868,0,InfoStructure,TOP,17254,18257,1003,729,0.84,-139,-274
18550,19317,767,0,GE-Phrase,207,17983,19317,1334,767,1.0,567,0
18550,19317,767,0,InfoStructure,SCA,18257,18986,729,436,0.568,293,331
18550,19317,767,0,InfoStructure,TOP,18986,21358,2372,331,0.432,-436,-2041
19817,20417,600,0,GE-Phrase,208,19317,20687,1370,600,1.0,500,-270
19817,20417,600,0,InfoStructure,TOP,18986,21358,2372,600,1.0,831,-941
23638,24372,734,0,GE-Phrase,209,23217,24642,1425,734,1.0,421,-270
23638,24372,734,0,InfoStructure,PAR,23217,24876,1659,734,1.0,421,-504
25190,25844,654,0,GE-Phrase,210,24642,25844,1202,654,1.0,548,0
25190,25844,654,0,InfoStructure,TOP,24876,26224,1348,654,1.0,314,-380
25844,26986,1142,0,GE-Phrase,211,25844,28868,3024,1142,1.0,0,-1882
25844,26986,1142,0,InfoStructure,TOP,24876,26224,1348,380,0.333,968,762
25844,26986,1142,0,InfoStructure,EMP,26224,26615,391,391,0.342,-380,371
25844,26986,1142,0,InfoStructure,COM,26615,29137,2522,371,0.325,-771,-2151
29246,29529,283,0,GE-Phrase,212,28868,30163,1295,283,1.0,378,-634
29246,29529,283,0,InfoStructure,SCA,29137,32623,3486,283,1.0,109,-3094
34333,35024,691,0,GE-Phrase,213,33633,35467,1834,691,1.0,700,-443
34333,35024,691,0,InfoStructure,COB,34199,35962,1763,691,1.0,134,-938
35633,36100,467,0,GE-Phrase,214,35467,36402,935,467,1.0,166,-302
35633,36100,467,0,InfoStructure,COB,34199,35962,1763,329,0.704,1434,138
35633,36100,467,0,InfoStructure,SCA,35962,36289,327,138,0.296,-329,-189
41211,41745,534,0,GE-Phrase,215,40911,42170,1259,534,1.0,300,-425
41211,41745,534,0,InfoStructure,SCA,40668,41332,664,121,0.227,543,413
41211,41745,534,0,InfoStructure,COM,41332,42909,1577,413,0.773,-121,-1164
46903,47304,401,0,GE-Phrase,216,46604,47703,1099,401,1.0,299,-399
46903,47304,401,0,InfoStructure,COM,46583,48256,1673,401,1.0,320,-952
54274,54908,634,0,GE-Phrase,217,53807,55335,1528,634,1.0,467,-427
54274,54908,634,0,InfoStructure,COM,53575,55454,1879,634,1.0,699,-546
60507,60941,434,0,GE-Phrase,218,59974,60941,967,434,1.0,533,0
60507,60941,434,0,InfoStructure,COB,59567,60769,1202,262,0.604,940,172
60507,60941,434,0,InfoStructure,AUX,60769,61119,350,172,0.396,-262,-178
61141,61538,397,0,GE-Phrase,219,60941,62246,1305,397,1.0,200,-708
61141,61538,397,0,InfoStructure,SCA,61119,61878,759,397,1.0,22,-340
64222,64522,300,0,GE-Phrase,220,63655,64929,1274,300,1.0,567,-407
64222,64522,300,0,InfoStructure,COB,62775,65247,2472,300,1.0,1447,-725
65362,66609,1247,0,GE-Phrase,221,64929,67032,2103,1247,1.0,433,-423
65362,66609,1247,0,InfoStructure,COM,65247,66284,1037,922,0.739,115,325
65362,66609,1247,0,InfoStructure,SCA,66284,67570,1286,325,0.261,-922,-961
72750,73497,747,0,GE-Phrase,222,72217,74052,1835,747,1.0,533,-555
72750,73497,747,0,InfoStructure,COB,71939,72978,1039,228,0.305,811,519
72750,73497,747,0,InfoStructure,EMP,72978,73497,519,519,0.695,-228,0
77928,78329,401,0,GE-Phrase,223,76839,78607,1768,401,1.0,1089,-278
77928,78329,401,0,InfoStructure,COB,76970,79218,2248,401,1.0,958,-889
88703,89371,668,0,GE-Phrase,224,88270,90113,1843,668,1.0,433,-742
88703,89371,668,0,InfoStructure,COM,88568,89410,842,668,1.0,135,-39
90446,91281,835,0,GE-Phrase,225,90113,92132,2019,835,1.0,333,-851
90446,91281,835,0,InfoStructure,SCA,90328,91366,1038,835,1.0,118,-85
92266,93453,1187,0,GE-Phrase,226,92132,94618,2486,1187,1.0,134,-1165
92266,93453,1187,0,InfoStructure,COB,91366,92825,1459,559,0.471,900,628
92266,93453,1187,0,InfoStructure,COB,92825,94401,1576,628,0.529,-559,-948
95085,96453,1368,0,GE-Phrase,227,94618,96453,1835,1368,1.0,467,0
95085,96453,1368,0,InfoStructure,COB,94401,95942,1541,857,0.626,684,511
95085,96453,1368,0,InfoStructure,COB,95942,96835,893,511,0.374,-857,-382
96719,97046,327,0,GE-Phrase,228,96453,97547,1094,327,1.0,266,-501
96719,97046,327,0,InfoStructure,COB,95942,96835,893,116,0.355,777,211
96719,97046,327,0,InfoStructure,COM,96835,97540,705,211,0.645,-116,-494
100226,100434,208,0,GE-Phrase,229,99759,100667,908,208,1.0,467,-233
100226,100434,208,0,InfoStructure,COM,100303,101138,835,131,0.63,-77,-704
105966,106513,547,0,GE-Phrase,230,105600,106722,1122,547,1.0,366,-209
105966,106513,547,0,InfoStructure,COB,105821,106851,1030,547,1.0,145,-338
109397,110395,998,0,GE-Phrase,232,108708,110395,1687,998,1.0,689,0
109397,110395,998,0,InfoStructure,TOP,109300,111080,1780,998,1.0,97,-685
110561,111156,595,0,GE-Phrase,233,110395,111156,761,595,1.0,166,0
110561,111156,595,0,InfoStructure,TOP,109300,111080,1780,519,0.872,1261,76
110561,111156,595,0,InfoStructure,PAR,111080,111933,853,76,0.128,-519,-777
111611,111929,318,0,GE-Phrase,234,111156,111929,773,318,1.0,455,0
111611,111929,318,0,InfoStructure,PAR,111080,111933,853,318,1.0,531,-4
112681,113499,818,0,GE-Phrase,236,112681,114133,1452,818,1.0,0,-634
112681,113499,818,0,InfoStructure,TOP,111933,112746,813,65,0.079,748,753
112681,113499,818,0,InfoStructure,EMP,112746,114643,1897,753,0.921,-65,-1144
114766,115598,832,0,GE-Phrase,237,114133,116060,1927,832,1.0,633,-462
114766,115598,832,0,InfoStructure,COB,114643,116238,1595,832,1.0,123,-640
116060,116561,501,0,GE-Phrase,238,116060,116561,501,501,1.0,0,0
116060,116561,501,0,InfoStructure,COB,114643,116238,1595,178,0.355,1417,323
116060,116561,501,0,InfoStructure,UNC,116238,116571,333,323,0.645,-178,-10
116827,117311,484,0,GE-Phrase,239,116561,117311,750,484,1.0,266,0
116827,117311,484,0,InfoStructure,SCA,116571,117341,770,484,1.0,256,-30
117311,118074,763,0,GE-Phrase,240,117311,118321,1010,763,1.0,0,-247
117311,118074,763,0,InfoStructure,SCA,116571,117341,770,30,0.039,740,733
117311,118074,763,0,InfoStructure,CMM,117341,118182,841,733,0.961,-30,-108
118751,119133,382,0,GE-Phrase,241,118321,119455,1134,382,1.0,430,-322
118751,119133,382,0,InfoStructure,CMM,118182,118917,735,166,0.435,569,216
118751,119133,382,0,InfoStructure,CMM,118917,119457,540,216,0.565,-166,-324
120222,120587,365,0,GE-Phrase,242,119455,120587,1132,365,1.0,767,0
120222,120587,365,0,InfoStructure,SCA,119457,120726,1269,365,1.0,765,-139
121087,121688,601,0,GE-Phrase,243,120587,121688,1101,601,1.0,500,0
121087,121688,601,0,InfoStructure,COB,120726,122483,1757,601,1.0,361,-795
122321,122525,204,0,GE-Phrase,244,121688,123689,2001,204,1.0,633,-1164
122321,122525,204,0,InfoStructure,COB,120726,122483,1757,162,0.794,1595,42
122321,122525,204,0,InfoStructure,COB,122483,123738,1255,42,0.206,-162,-1213
124156,124823,667,0,GE-Phrase,245,123689,125019,1330,667,1.0,467,-196
124156,124823,667,0,InfoStructure,COM,123738,124858,1120,667,1.0,418,-35
126854,127187,333,0,GE-Phrase,246,126588,127438,850,333,1.0,266,-251
126854,127187,333,0,InfoStructure,COB,126614,127898,1284,333,1.0,240,-711
14903,15374,471,0,GE-Phrase,201,14551,15962,1411,471,1.0,352,-588
14903,15374,471,0,InfoStructure,PAR,14522,15590,1068,471,1.0,381,-216
19801,20304,503,0,GE-Phrase,202,19225,21244,2019,503,1.0,576,-940
19801,20304,503,0,InfoStructure,COM,19206,20615,1409,503,1.0,595,-311
21244,22444,1200,0,GE-Phrase,203,21244,23590,2346,1200,1.0,0,-1146
21244,22444,1200,0,InfoStructure,TOP,21560,22015,455,455,0.379,-316,429
21244,22444,1200,0,InfoStructure,COB,22015,23045,1030,429,0.357,-771,-601
23590,24657,1067,0,GE-Phrase,204,23590,25583,1993,1067,1.0,0,-926
23590,24657,1067,0,InfoStructure,PAR,23045,24645,1600,1055,0.989,545,12
23590,24657,1067,0,InfoStructure,PAR,24645,25227,582,12,0.011,-1055,-570
26149,26650,501,0,GE-Phrase,205,25583,27102,1519,501,1.0,566,-452
26149,26650,501,0,InfoStructure,PAR,25227,26200,973,51,0.102,922,450
26149,26650,501,0,InfoStructure,PAR,26200,26302,102,102,0.204,-51,348
26149,26650,501,0,InfoStructure,PAR,26302,27144,842,348,0.695,-153,-494
27102,27573,471,0,GE-Phrase,206,27102,28175,1073,471,1.0,0,-602
27102,27573,471,0,InfoStructure,PAR,26302,27144,842,42,0.089,800,429
27102,27573,471,0,InfoStructure,PAR,27144,28520,1376,429,0.911,-42,-947
29662,30211,549,0,GE-Phrase,207,28909,30211,1302,549,1.0,753,0
29662,30211,549,0,InfoStructure,COM,29239,29821,582,159,0.29,423,390
29662,30211,549,0,InfoStructure,CMM,29821,31127,1306,390,0.71,-159,-916
30535,31227,692,0,GE-Phrase,208,30211,31227,1016,692,1.0,324,0
30535,31227,692,0,InfoStructure,CMM,29821,31127,1306,592,0.855,714,100
30535,31227,692,0,InfoStructure,CMM,31127,32422,1295,100,0.145,-592,-1195
31227,31563,336,0,GE-Phrase,209,31227,32180,953,336,1.0,0,-617
31227,31563,336,0,InfoStructure,CMM,31127,32422,1295,336,1.0,100,-859
34420,35220,800,0,GE-Phrase,210,33386,35977,2591,800,1.0,1034,-757
34420,35220,800,0,InfoStructure,COM,34139,35470,1331,800,1.0,281,-250
35977,36656,679,0,GE-Phrase,211,35977,36656,679,679,1.0,0,0
35977,36656,679,0,InfoStructure,TOP,35923,36395,472,418,0.616,54,261
35977,36656,679,0,InfoStructure,APT,36395,36691,296,261,0.384,-418,-35
37311,37748,437,0,GE-Phrase,212,36656,38111,1455,437,1.0,655,-363
37311,37748,437,0,InfoStructure,TOP,36691,37919,1228,437,1.0,620,-171
38578,39165,587,0,GE-Phrase,213,38111,40273,2162,587,1.0,467,-1108
38578,39165,587,0,InfoStructure,COM,37919,40341,2422,587,1.0,659,-1176
40749,41072,323,0,GE-Phrase,214,40273,41072,799,323,1.0,476,0
40749,41072,323,0,InfoStructure,SCA,40341,41383,1042,323,1.0,408,-311
41478,41994,516,0,GE-Phrase,215,41072,41994,922,516,1.0,406,0
41478,41994,516,0,InfoStructure,COB,41383,43541,2158,516,1.0,95,-1547
42181,43134,953,0,GE-Phrase,216,41994,43251,1257,953,1.0,187,-117
42181,43134,953,0,InfoStructure,COB,41383,43541,2158,953,1.0,798,-407
43910,44383,473,0,GE-Phrase,217,43251,44383,1132,473,1.0,659,0
43910,44383,473,0,InfoStructure,PAR,43541,44810,1269,473,1.0,369,-427
44772,47057,2285,0,GE-Phrase,218,44383,47057,2674,2285,1.0,389,0
44772,47057,2285,0,InfoStructure,PAR,43541,44810,1269,38,0.017,1231,2247
44772,47057,2285,0,InfoStructure,PAR,44810,45700,890,890,0.389,-38,1357
44772,47057,2285,0,InfoStructure,PAR,45700,46309,609,609,0.267,-928,748
44772,47057,2285,0,InfoStructure,PAR,46309,47266,957,748,0.327,-1537,-209
47057,47597,540,0,GE-Phrase,219,47057,48898,1841,540,1.0,0,-1301
47057,47597,540,0,InfoStructure,PAR,46309,47266,957,209,0.387,748,331
47057,47597,540,0,InfoStructure,COM,47266,47986,720,331,0.613,-209,-389
49364,51790,2426,0,GE-Phrase,220,48898,51790,2892,2426,1.0,466,0
49364,51790,2426,0,InfoStructure,COM,48470,50460,1990,1096,0.452,894,1330
49364,51790,2426,0,InfoStructure,AUX,50460,50682,222,222,0.092,-1096,1108
49364,51790,2426,0,InfoStructure,COM,50682,53234,2552,1108,0.457,-1318,-1444
52195,52715,520,0,GE-Phrase,221,51790,54858,3068,520,1.0,405,-2143
52195,52715,520,0,InfoStructure,COM,50682,53234,2552,520,1.0,1513,-519
54858,56163,1305,0,GE-Phrase,222,54858,56457,1599,1305,1.0,0,-294
54858,56163,1305,0,InfoStructure,TOP,54779,57526,2747,1305,1.0,79,-1363
59862,60458,596,0,GE-Phrase,223,58999,60458,1459,596,1.0,863,0
59862,60458,596,0,InfoStructure,TOP,58812,60426,1614,564,0.946,1050,32
59862,60458,596,0,InfoStructure,COM,60426,62199,1773,32,0.054,-564,-1741
60458,61351,893,0,GE-Phrase,224,60458,61917,1459,893,1.0,0,-566
60458,61351,893,0,InfoStructure,COM,60426,62199,1773,893,1.0,32,-848
62688,63532,844,0,GE-Phrase,225,62325,63532,1207,844,1.0,363,0
62688,63532,844,0,InfoStructure,COM,62199,65120,2921,844,1.0,489,-1588
63532,64608,1076,0,GE-Phrase,226,63532,65097,1565,1076,1.0,0,-489
63532,64608,1076,0,InfoStructure,COM,62199,65120,2921,1076,1.0,1333,-512
65513,65945,432,0,GE-Phrase,227,65097,66460,1363,432,1.0,416,-515
65513,65945,432,0,InfoStructure,COB,65446,66585,1139,432,1.0,67,-640
69674,70150,476,0,GE-Phrase,228,69194,71142,1948,476,1.0,480,-992
69674,70150,476,0,InfoStructure,COB,69277,69701,424,27,0.057,397,449
69674,70150,476,0,InfoStructure,COM,69701,70723,1022,449,0.943,-27,-573
72169,73817,1648,0,GE-Phrase,229,71142,73817,2675,1648,1.0,1027,0
72169,73817,1648,0,InfoStructure,CMM,71559,72826,1267,657,0.399,610,991
72169,73817,1648,0,InfoStructure,CMM,72826,73776,950,950,0.576,-657,41
74276,74781,505,0,GE-Phrase,230,73817,75411,1594,505,1.0,459,-630
74276,74781,505,0,InfoStructure,COM,74202,75455,1253,505,1.0,74,-674
90723,91096,373,0,GE-Phrase,231,90374,91461,1087,373,1.0,349,-365
90723,91096,373,0,InfoStructure,CMM,90513,91807,1294,373,1.0,210,-711
91820,92300,480,0,GE-Phrase,232,91461,93385,1924,480,1.0,359,-1085
91820,92300,480,0,InfoStructure,SCA,91807,92060,253,240,0.5,13,240
91820,92300,480,0,InfoStructure,CMM,92060,92852,792,240,0.5,-240,-552
137959,138132,173,0,GE-Phrase,233,137568,138392,824,173,1.0,391,-260
137959,138132,173,0,InfoStructure,CMM,137618,138505,887,173,1.0,341,-373
138392,138993,601,0,GE-Phrase,234,138392,139746,1354,601,1.0,0,-753
138392,138993,601,0,InfoStructure,CMM,137618,138505,887,113,0.188,774,488
138392,138993,601,0,InfoStructure,COM,138505,139374,869,488,0.812,-113,-381
142010,143130,1120,0,GE-Phrase,235,141650,143730,2080,1120,1.0,360,-600
142010,143130,1120,0,InfoStructure,COB,141963,142950,987,940,0.839,47,180
142010,143130,1120,0,InfoStructure,COM,142950,143993,1043,180,0.161,-940,-863
44631,45605,974,0,GE-Phrase,201,43285,46196,2911,974,1.0,1346,-591
44631,45605,974,0,InfoStructure,COB,44405,45843,1438,974,1.0,226,-238
47482,50132,2650,0,GE-Phrase,202,46196,50278,4082,2650,1.0,1286,-146
47482,50132,2650,0,InfoStructure,PAR,46185,48237,2052,755,0.285,1297,1895
47482,50132,2650,0,InfoStructure,SCA,48237,48982,745,745,0.281,-755,1150
47482,50132,2650,0,InfoStructure,PAR,48982,50259,1277,1150,0.434,-1500,-127
50744,51271,527,0,GE-Phrase,203,50278,51271,993,527,1.0,466,0
50744,51271,527,0,InfoStructure,CMM,50259,51271,1012,527,1.0,485,0
51271,52394,1123,0,GE-Phrase,204,51271,53518,2247,1123,1.0,0,-1124
51271,52394,1123,0,InfoStructure,CMM,51271,52642,1371,1123,1.0,0,-248
54284,54753,469,0,GE-Phrase,205,53518,55040,1522,469,1.0,766,-287
54284,54753,469,0,InfoStructure,COB,53942,54947,1005,469,1.0,342,-194
55792,58003,2211,0,GE-Phrase,206,55040,58003,2963,2211,1.0,752,0
55792,58003,2211,0,InfoStructure,COB,54947,55821,874,29,0.013,845,2182
55792,58003,2211,0,InfoStructure,COB,55821,56890,1069,1069,0.483,-29,1113
55792,58003,2211,0,InfoStructure,COB,56890,58110,1220,1113,0.503,-1098,-107
58322,59925,1603,0,GE-Phrase,207,58003,59925,1922,1603,1.0,319,0
58322,59925,1603,0,InfoStructure,SCA,58110,59074,964,752,0.469,212,851
58322,59925,1603,0,InfoStructure,COB,59074,59981,907,851,0.531,-752,-56
59925,61026,1101,0,GE-Phrase,208,59925,61026,1101,1101,1.0,0,0
59925,61026,1101,0,InfoStructure,COB,59074,59981,907,56,0.051,851,1045
59925,61026,1101,0,InfoStructure,COB,59981,61771,1790,1045,0.949,-56,-745
61425,62083,658,0,GE-Phrase,209,61026,62083,1057,658,1.0,399,0
61425,62083,658,0,InfoStructure,COB,59981,61771,1790,346,0.526,1444,312
61425,62083,658,0,InfoStructure,SCA,61771,63790,2019,312,0.474,-346,-1707
62698,63623,925,0,GE-Phrase,210,62083,63623,1540,925,1.0,615,0
62698,63623,925,0,InfoStructure,SCA,61771,63790,2019,925,1.0,927,-167
64705,65766,1061,0,GE-Phrase,211,63623,66401,2778,1061,1.0,1082,-635
64705,65766,1061,0,InfoStructure,AUX,64155,64831,676,126,0.119,550,935
64705,65766,1061,0,InfoStructure,COM,64831,66124,1293,935,0.881,-126,-358
66401,67067,666,0,GE-Phrase,212,66401,68193,1792,666,1.0,0,-1126
66401,67067,666,0,InfoStructure,INT,66498,66888,390,390,0.586,-97,179
66401,67067,666,0,InfoStructure,EMP,66888,68043,1155,179,0.269,-487,-976
68193,69230,1037,0,GE-Phrase,213,68193,69655,1462,1037,1.0,0,-425
68193,69230,1037,0,InfoStructure,EMP,68043,68208,165,15,0.014,150,1022
68193,69230,1037,0,InfoStructure,COM,68208,69184,976,976,0.941,-15,46
68193,69230,1037,0,InfoStructure,COB,69184,69893,709,46,0.044,-991,-663
69955,70863,908,0,GE-Phrase,214,69655,70863,1208,908,1.0,300,0
69955,70863,908,0,InfoStructure,AUX,69893,70203,310,248,0.273,62,660
69955,70863,908,0,InfoStructure,SCA,70203,71406,1203,660,0.727,-248,-543
71163,72000,837,0,GE-Phrase,215,70863,72000,1137,837,1.0,300,0
71163,72000,837,0,InfoStructure,SCA,70203,71406,1203,243,0.29,960,594
71163,72000,837,0,InfoStructure,COB,71406,71934,528,528,0.631,-243,66
71163,72000,837,0,InfoStructure,SCA,71934,73731,1797,66,0.079,-771,-1731
72000,73157,1157,0,GE-Phrase,216,72000,73608,1608,1157,1.0,0,-451
72000,73157,1157,0,InfoStructure,SCA,71934,73731,1797,1157,1.0,66,-574
74399,76198,1799,0,GE-Phrase,217,73608,76500,2892,1799,1.0,791,-302
74399,76198,1799,0,InfoStructure,COB,73731,75149,1418,750,0.417,668,1049
74399,76198,1799,0,InfoStructure,COB,75149,76387,1238,1049,0.583,-750,-189
76500,76849,349,0,GE-Phrase,218,76500,76849,349,349,1.0,0,0
76500,76849,349,0,InfoStructure,EMP,76387,76633,246,133,0.381,113,216
76500,76849,349,0,InfoStructure,COM,76633,76873,240,216,0.619,-133,-24
80988,82104,1116,0,GE-Phrase,219,79726,83210,3484,1116,1.0,1262,-1106
80988,82104,1116,0,InfoStructure,SCA,80088,82648,2560,1116,1.0,900,-544
84794,85160,366,0,GE-Phrase,220,84115,87494,3379,366,1.0,679,-2334
84794,85160,366,0,InfoStructure,COB,84712,85912,1200,366,1.0,82,-752
87494,88651,1157,0,GE-Phrase,221,87494,88651,1157,1157,1.0,0,0
87494,88651,1157,0,InfoStructure,TMT,86937,87743,806,249,0.215,557,908
87494,88651,1157,0,InfoStructure,COB,87743,88708,965,908,0.785,-249,-57
88651,89435,784,0,GE-Phrase,222,88651,89435,784,784,1.0,0,0
88651,89435,784,0,InfoStructure,COB,87743,88708,965,57,0.073,908,727
88651,89435,784,0,InfoStructure,COM,88708,89733,1025,727,0.927,-57,-298
89435,90262,827,0,GE-Phrase,223,89435,91263,1828,827,1.0,0,-1001
89435,90262,827,0,InfoStructure,COM,88708,89733,1025,298,0.36,727,529
89435,90262,827,0,InfoStructure,PAR,89733,90527,794,529,0.64,-298,-265
94886,96186,1300,0,GE-Phrase,224,94242,96652,2410,1300,1.0,644,-466
94886,96186,1300,0,InfoStructure,SCA,94457,95603,1146,717,0.552,429,583
94886,96186,1300,0,InfoStructure,COM,95603,96958,1355,583,0.448,-717,-772
100023,101601,1578,0,GE-Phrase,225,99263,101601,2338,1578,1.0,760,0
100023,101601,1578,0,InfoStructure,EMP,99310,100379,1069,356,0.226,713,1222
100023,101601,1578,0,InfoStructure,TMT,100379,100723,344,344,0.218,-356,878
100023,101601,1578,0,InfoStructure,COM,100723,101430,707,707,0.448,-700,171
100023,101601,1578,0,InfoStructure,TMT,101430,101775,345,171,0.108,-1407,-174
101601,102234,633,0,GE-Phrase,226,101601,103369,1768,633,1.0,0,-1135
101601,102234,633,0,InfoStructure,TMT,101430,101775,345,174,0.275,171,459
101601,102234,633,0,InfoStructure,PAR,101775,103364,1589,459,0.725,-174,-1130
103369,103770,401,0,GE-Phrase,227,103369,104184,815,401,1.0,0,-414
103369,103770,401,0,InfoStructure,COM,103364,104271,907,401,1.0,5,-501
104584,104918,334,0,GE-Phrase,228,104184,105764,1580,334,1.0,400,-846
104584,104918,334,0,InfoStructure,TOP,104500,105269,769,334,1.0,84,-351
105764,107960,2196,0,GE-Phrase,229,105764,107960,2196,2196,1.0,0,0
105764,107960,2196,0,InfoStructure,COB,105269,106867,1598,1103,0.502,495,1093
105764,107960,2196,0,InfoStructure,PAR,106867,108194,1327,1093,0.498,-1103,-234
107960,110406,2446,0,GE-Phrase,230,107960,110406,2446,2446,1.0,0,0
107960,110406,2446,0,InfoStructure,PAR,106867,108194,1327,234,0.096,1093,2212
107960,110406,2446,0,InfoStructure,PAR,108194,108671,477,477,0.195,-234,1735
107960,110406,2446,0,InfoStructure,PAR,108671,109369,698,698,0.285,-711,1037
107960,110406,2446,0,InfoStructure,PAR,109369,110382,1013,1013,0.414,-1409,24
107960,110406,2446,0,InfoStructure,EMP,110382,111370,988,24,0.01,-2422,-964
110406,111344,938,0,GE-Phrase,231,110406,111344,938,938,1.0,0,0
110406,111344,938,0,InfoStructure,EMP,110382,111370,988,938,1.0,24,-26
111344,112091,747,0,GE-Phrase,232,111344,112091,747,747,1.0,0,0
111344,112091,747,0,InfoStructure,EMP,110382,111370,988,26,0.035,962,721
111344,112091,747,0,InfoStructure,PAR,111370,113448,2078,721,0.965,-26,-1357
112091,112627,536,0,GE-Phrase,233,112091,112627,536,536,1.0,0,0
112091,112627,536,0,InfoStructure,PAR,111370,113448,2078,536,1.0,721,-821
113297,113705,408,0,GE-Phrase,234,112627,113705,1078,408,1.0,670,0
113297,113705,408,0,InfoStructure,PAR,111370,113448,2078,151,0.37,1927,257
113297,113705,408,0,InfoStructure,COM,113448,115859,2411,257,0.63,-151,-2154
114029,114639,610,0,GE-Phrase,235,113705,116309,2604,610,1.0,324,-1670
114029,114639,610,0,InfoStructure,COM,113448,115859,2411,610,1.0,581,-1220
116693,117316,623,0,GE-Phrase,236,116309,117316,1007,623,1.0,384,0
116693,117316,623,0,InfoStructure,COM,116340,117593,1253,623,1.0,353,-277
117916,118895,979,0,GE-Phrase,237,117316,119130,1814,979,1.0,600,-235
117916,118895,979,0,InfoStructure,COM,117974,119138,1164,921,0.941,-58,-243
119432,119946,514,0,GE-Phrase,238,119130,119946,816,514,1.0,302,0
119432,119946,514,0,InfoStructure,COB,119138,119876,738,444,0.864,294,70
119432,119946,514,0,InfoStructure,COM,119876,120820,944,70,0.136,-444,-874
120181,120781,600,0,GE-Phrase,239,119946,121040,1094,600,1.0,235,-259
120181,120781,600,0,InfoStructure,COM,119876,120820,944,600,1.0,305,-39
121354,121878,524,0,GE-Phrase,240,121040,121878,838,524,1.0,314,0
121354,121878,524,0,InfoStructure,AUX,121144,121940,796,524,1.0,210,-62
122442,125705,3263,0,GE-Phrase,241,121878,125705,3827,3263,1.0,564,0
122442,125705,3263,0,InfoStructure,SCA,121940,122922,982,480,0.147,502,2783
122442,125705,3263,0,InfoStructure,COB,122922,123827,905,905,0.277,-480,1878
122442,125705,3263,0,InfoStructure,SCA,123827,124510,683,683,0.209,-1385,1195
122442,125705,3263,0,InfoStructure,PAR,124510,125198,688,688,0.211,-2068,507
122442,125705,3263,0,InfoStructure,PAR,125198,125513,315,315,0.097,-2756,192
122442,125705,3263,0,InfoStructure,INT,125513,125980,467,192,0.059,-3071,-275
126365,127379,1014,0,GE-Phrase,242,125705,127850,2145,1014,1.0,660,-471
126365,127379,1014,0,InfoStructure,COM,125980,127823,1843,1014,1.0,385,-444
128237,128749,512,0,GE-Phrase,243,127850,129473,1623,512,1.0,387,-724
128237,128749,512,0,InfoStructure,COB,128259,129412,1153,490,0.957,-22,-663
130308,131437,1129,0,GE-Phrase,244,129473,132311,2838,1129,1.0,835,-874
130308,131437,1129,0,InfoStructure,COB,130180,132230,2050,1129,1.0,128,-793
133011,134284,1273,0,GE-Phrase,245,132311,134865,2554,1273,1.0,700,-581
133011,134284,1273,0,InfoStructure,COM,132837,134624,1787,1273,1.0,174,-340
135806,137083,1277,0,GE-Phrase,246,134865,137083,2218,1277,1.0,941,0
135806,137083,1277,0,InfoStructure,CMM,135857,137069,1212,1212,0.949,-51,14
135806,137083,1277,0,InfoStructure,CMM,137069,138608,1539,14,0.011,-1263,-1525
137516,138318,802,0,GE-Phrase,247,137083,138775,1692,802,1.0,433,-457
137516,138318,802,0,InfoStructure,CMM,137069,138608,1539,802,1.0,447,-290
138775,139626,851,0,GE-Phrase,248,138775,139626,851,851,1.0,0,0
138775,139626,851,0,InfoStructure,TOP,139010,139630,620,616,0.724,-235,-4
139626,140595,969,0,GE-Phrase,249,139626,140827,1201,969,1.0,0,-232
139626,140595,969,0,InfoStructure,TOP,139010,139630,620,4,0.004,616,965
139626,140595,969,0,InfoStructure,COB,139630,140668,1038,965,0.996,-4,-73
141843,142545,702,0,GE-Phrase,250,140827,143453,2626,702,1.0,1016,-908
141843,142545,702,0,InfoStructure,SCA,141300,142049,749,206,0.293,543,496
141843,142545,702,0,InfoStructure,COB,142049,143133,1084,496,0.707,-206,-588
144186,144811,625,0,GE-Phrase,251,143453,144811,1358,625,1.0,733,0
144186,144811,625,0,InfoStructure,SCA,143133,144211,1078,25,0.04,1053,600
144186,144811,625,0,InfoStructure,COB,144211,145463,1252,600,0.96,-25,-652
144811,145384,573,0,GE-Phrase,252,144811,145384,573,573,1.0,0,0
144811,145384,573,0,InfoStructure,COB,144211,145463,1252,573,1.0,600,-79
145702,149873,4171,0,GE-Phrase,253,145384,150461,5077,4171,1.0,318,-588
145702,149873,4171,0,InfoStructure,COB,145463,146445,982,743,0.178,239,3428
145702,149873,4171,0,InfoStructure,AUX,146445,146643,198,198,0.047,-743,3230
145702,149873,4171,0,InfoStructure,EMP,146643,147356,713,713,0.171,-941,2517
145702,149873,4171,0,InfoStructure,COB,147356,148829,1473,1473,0.353,-1654,1044
145702,149873,4171,0,InfoStructure,COB,148829,150179,1350,1044,0.25,-3127,-306
151007,152765,1758,0,GE-Phrase,254,150461,153224,2763,1758,1.0,546,-459
151007,152765,1758,0,InfoStructure,APC,150179,151170,991,163,0.093,828,1595
151007,152765,1758,0,InfoStructure,AUX,151170,151697,527,527,0.3,-163,1068
151007,152765,1758,0,InfoStructure,COB,151697,152875,1178,1068,0.608,-690,-110
153224,154190,966,0,GE-Phrase,255,153224,154757,1533,966,1.0,0,-567
153224,154190,966,0,InfoStructure,AUX,152875,153346,471,122,0.126,349,844
153224,154190,966,0,InfoStructure,SCA,153346,154881,1535,844,0.874,-122,-691
157557,157877,320,0,GE-Phrase,256,156947,158316,1369,320,1.0,610,-439
157557,157877,320,0,InfoStructure,SCA,156262,158049,1787,320,1.0,1295,-172
158758,159358,600,0,GE-Phrase,257,158316,159967,1651,600,1.0,442,-609
600,1160,560,0,GE-Phrase,201,0,2350,2350,560,1.0,600,-1190
600,1160,560,0,InfoStructure,EMP,366,784,418,184,0.329,234,376
600,1160,560,0,InfoStructure,COM,784,1953,1169,376,0.671,-184,-793
10681,11709,1028,0,GE-Phrase,204,10681,11709,1028,1028,1.0,0,0
10681,11709,1028,0,InfoStructure,TMT,10148,10765,617,84,0.082,533,944
10681,11709,1028,0,InfoStructure,PAR,10765,11888,1123,944,0.918,-84,-179
11709,12745,1036,0,GE-Phrase,205,11709,12745,1036,1036,1.0,0,0
11709,12745,1036,0,InfoStructure,PAR,10765,11888,1123,179,0.173,944,857
11709,12745,1036,0,InfoStructure,COB,11888,12998,1110,857,0.827,-179,-253
12745,14308,1563,0,GE-Phrase,206,12745,15828,3083,1563,1.0,0,-1520
12745,14308,1563,0,InfoStructure,COB,11888,12998,1110,253,0.162,857,1310
12745,14308,1563,0,InfoStructure,COB,12998,14587,1589,1310,0.838,-253,-279
16148,17061,913,0,GE-Phrase,207,15828,17061,1233,913,1.0,320,0
16148,17061,913,0,InfoStructure,COB,15964,17041,1077,893,0.978,184,20
16148,17061,913,0,InfoStructure,COM,17041,19014,1973,20,0.022,-893,-1953
17061,18579,1518,0,GE-Phrase,208,17061,19196,2135,1518,1.0,0,-617
17061,18579,1518,0,InfoStructure,COM,17041,19014,1973,1518,1.0,20,-435
23133,23986,853,0,GE-Phrase,209,23133,25933,2800,853,1.0,0,-1947
23133,23986,853,0,InfoStructure,PAR,22557,25674,3117,853,1.0,576,-1688
26485,27493,1008,0,GE-Phrase,210,25933,27493,1560,1008,1.0,552,0
26485,27493,1008,0,InfoStructure,PAR,26022,27563,1541,1008,1.0,463,-70
27493,28197,704,0,GE-Phrase,211,27493,29702,2209,704,1.0,0,-1505
27493,28197,704,0,InfoStructure,PAR,26022,27563,1541,70,0.099,1471,634
27493,28197,704,0,InfoStructure,SCA,27563,29529,1966,634,0.901,-70,-1332
31886,32366,480,0,GE-Phrase,212,31566,32366,800,480,1.0,320,0
31886,32366,480,0,InfoStructure,SCA,31755,33285,1530,480,1.0,131,-919
32790,33932,1142,0,GE-Phrase,213,32366,34665,2299,1142,1.0,424,-733
32790,33932,1142,0,InfoStructure,SCA,31755,33285,1530,495,0.433,1035,647
32790,33932,1142,0,InfoStructure,PAR,33285,34491,1206,647,0.567,-495,-559
34665,35145,480,0,GE-Phrase,214,34665,35637,972,480,1.0,0,-492
34665,35145,480,0,InfoStructure,COM,34491,35254,763,480,1.0,174,-109
36814,37938,1124,0,GE-Phrase,215,35637,38692,3055,1124,1.0,1177,-754
36814,37938,1124,0,InfoStructure,COB,36443,38901,2458,1124,1.0,371,-963
39460,40198,738,0,GE-Phrase,216,38692,40783,2091,738,1.0,768,-585
39460,40198,738,0,InfoStructure,EMP,38901,39682,781,222,0.301,559,516
39460,40198,738,0,InfoStructure,COM,39682,40532,850,516,0.699,-222,-334
41183,41503,320,0,GE-Phrase,217,40783,41811,1028,320,1.0,400,-308
41183,41503,320,0,InfoStructure,COB,41039,42329,1290,320,1.0,144,-826
42630,43055,425,0,GE-Phrase,218,41811,44649,2838,425,1.0,819,-1594
42630,43055,425,0,InfoStructure,COB,42329,42953,624,323,0.76,301,102
42630,43055,425,0,InfoStructure,EMP,42953,44028,1075,102,0.24,-323,-973
45632,46266,634,0,GE-Phrase,219,44649,47269,2620,634,1.0,983,-1003
45632,46266,634,0,InfoStructure,COB,45402,47445,2043,634,1.0,230,-1179
48014,49804,1790,0,GE-Phrase,220,47269,49804,2535,1790,1.0,745,0
48014,49804,1790,0,InfoStructure,COB,47981,49490,1509,1476,0.825,33,314
48014,49804,1790,0,InfoStructure,EMP,49490,50217,727,314,0.175,-1476,-413
50351,51136,785,0,GE-Phrase,221,49804,51662,1858,785,1.0,547,-526
50351,51136,785,0,InfoStructure,PAR,50217,51572,1355,785,1.0,134,-436
52379,53217,838,0,GE-Phrase,222,51662,55065,3403,838,1.0,717,-1848
52379,53217,838,0,InfoStructure,COM,52345,54476,2131,838,1.0,34,-1259
61609,62322,713,0,GE-Phrase,223,61143,62322,1179,713,1.0,466,0
61609,62322,713,0,InfoStructure,COB,60966,61939,973,330,0.463,643,383
61609,62322,713,0,InfoStructure,SCA,61939,62628,689,383,0.537,-330,-306
62322,63055,733,0,GE-Phrase,224,62322,63789,1467,733,1.0,0,-734
62322,63055,733,0,InfoStructure,SCA,61939,62628,689,306,0.417,383,427
62322,63055,733,0,InfoStructure,PAR,62628,63778,1150,427,0.583,-306,-723
63789,64277,488,0,GE-Phrase,225,63789,64734,945,488,1.0,0,-457
63789,64277,488,0,InfoStructure,PAR,63778,65033,1255,488,1.0,11,-756
65047,65779,732,0,GE-Phrase,226,64734,66622,1888,732,1.0,313,-843
65047,65779,732,0,InfoStructure,EMP,65033,65263,230,216,0.295,14,516
65047,65779,732,0,InfoStructure,COM,65263,66249,986,516,0.705,-216,-470
66622,66991,369,0,GE-Phrase,227,66622,70088,3466,369,1.0,0,-3097
66622,66991,369,0,InfoStructure,SCA,66249,66641,392,19,0.051,373,350
66622,66991,369,0,InfoStructure,COB,66641,67102,461,350,0.949,-19,-111
72665,74619,1954,0,GE-Phrase,228,72112,75445,3333,1954,1.0,553,-826
72665,74619,1954,0,InfoStructure,AUX,72569,73163,594,498,0.255,96,1456
72665,74619,1954,0,InfoStructure,CMM,73163,73975,812,812,0.416,-498,644
72665,74619,1954,0,InfoStructure,CMM,73975,74796,821,644,0.33,-1310,-177
76355,76666,311,0,GE-Phrase,229,75445,76666,1221,311,1.0,910,0
76355,76666,311,0,InfoStructure,COB,75817,76679,862,311,1.0,538,-13
76746,77538,792,0,GE-Phrase,230,76666,77782,1116,792,1.0,80,-244
76746,77538,792,0,InfoStructure,COB,76679,78053,1374,792,1.0,67,-515
77782,78471,689,0,GE-Phrase,231,77782,80361,2579,689,1.0,0,-1890
77782,78471,689,0,InfoStructure,COB,76679,78053,1374,271,0.393,1103,418
77782,78471,689,0,InfoStructure,COB,78053,79895,1842,418,0.607,-271,-1424
85578,86171,593,0,GE-Phrase,232,85578,87969,2391,593,1.0,0,-1798
85578,86171,593,0,InfoStructure,CMM,85234,85979,745,401,0.676,344,192
85578,86171,593,0,InfoStructure,CMM,85979,86506,527,192,0.324,-401,-335
91368,91784,416,0,GE-Phrase,233,91106,92493,1387,416,1.0,262,-709
91368,91784,416,0,InfoStructure,AUX,91250,92348,1098,416,1.0,118,-564
97699,99143,1444,0,GE-Phrase,234,97206,100372,3166,1444,1.0,493,-1229
97699,99143,1444,0,InfoStructure,COM,97535,99953,2418,1444,1.0,164,-810
104141,105648,1507,0,GE-Phrase,235,102686,107303,4617,1507,1.0,1455,-1655
104141,105648,1507,0,InfoStructure,TMT,103589,104361,772,220,0.146,552,1287
104141,105648,1507,0,InfoStructure,TOP,104361,105278,917,917,0.608,-220,370
104141,105648,1507,0,InfoStructure,COB,105278,106627,1349,370,0.246,-1137,-979
108397,109081,684,0,GE-Phrase,236,107303,109081,1778,684,1.0,1094,0
108397,109081,684,0,InfoStructure,SCA,108188,109699,1511,684,1.0,209,-618
109081,109991,910,0,GE-Phrase,237,109081,109991,910,910,1.0,0,0
109081,109991,910,0,InfoStructure,SCA,108188,109699,1511,618,0.679,893,292
109081,109991,910,0,InfoStructure,COB,109699,110335,636,292,0.321,-618,-344
110491,111061,570,0,GE-Phrase,238,109991,111631,1640,570,1.0,500,-570
110491,111061,570,0,InfoStructure,COM,110335,113134,2799,570,1.0,156,-2073
112044,112727,683,0,GE-Phrase,239,111631,113339,1708,683,1.0,413,-612
112044,112727,683,0,InfoStructure,COM,110335,113134,2799,683,1.0,1709,-407
113339,114490,1151,0,GE-Phrase,240,113339,116596,3257,1151,1.0,0,-2106
113339,114490,1151,0,InfoStructure,AUX,113614,114223,609,609,0.529,-275,267
113339,114490,1151,0,InfoStructure,SCA,114223,115156,933,267,0.232,-884,-666
116596,117920,1324,0,GE-Phrase,241,116596,118636,2040,1324,1.0,0,-716
116596,117920,1324,0,InfoStructure,EMP,116531,117077,546,481,0.363,65,843
116596,117920,1324,0,InfoStructure,SCA,117077,118337,1260,843,0.637,-481,-417
122293,122865,572,0,GE-Phrase,242,121769,123750,1981,572,1.0,524,-885
122293,122865,572,0,InfoStructure,SCA,121573,124169,2596,572,1.0,720,-1304
129073,131306,2233,0,GE-Phrase,243,128206,131306,3100,2233,1.0,867,0
129073,131306,2233,0,InfoStructure,COM,127207,130079,2872,1006,0.451,1866,1227
129073,131306,2233,0,InfoStructure,COM,130079,131307,1228,1227,0.549,-1006,-1
786,1695,909,0,GE-Phrase,201,258,1695,1437,909,1.0,528,0
786,1695,909,0,InfoStructure,COM,0,1635,1635,849,0.934,786,60
786,1695,909,0,InfoStructure,SCA,1635,3936,2301,60,0.066,-849,-2241
2557,4292,1735,0,GE-Phrase,202,1695,5261,3566,1735,1.0,862,-969
2557,4292,1735,0,InfoStructure,SCA,1635,3936,2301,1379,0.795,922,356
2557,4292,1735,0,InfoStructure,SCA,3936,4993,1057,356,0.205,-1379,-701
6655,7722,1067,0,GE-Phrase,203,5261,8664,3403,1067,1.0,1394,-942
6655,7722,1067,0,InfoStructure,INT,6027,6750,723,95,0.089,628,972
6655,7722,1067,0,InfoStructure,COB,6750,7466,716,716,0.671,-95,256
6655,7722,1067,0,InfoStructure,SCA,7466,9883,2417,256,0.24,-811,-2161
9704,10705,1001,0,GE-Phrase,204,8664,11402,2738,1001,1.0,1040,-697
9704,10705,1001,0,InfoStructure,SCA,7466,9883,2417,179,0.179,2238,822
9704,10705,1001,0,InfoStructure,COM,9883,10694,811,811,0.81,-179,11
9704,10705,1001,0,InfoStructure,APC,10694,11246,552,11,0.011,-990,-541
15773,16407,634,0,GE-Phrase,205,14806,22678,7872,634,1.0,967,-6271
15773,16407,634,0,InfoStructure,COB,14726,18122,3396,634,1.0,1047,-1715
23045,23578,533,0,GE-Phrase,206,22678,24234,1556,533,1.0,367,-656
23045,23578,533,0,InfoStructure,TOP,22614,24066,1452,533,1.0,431,-488
24500,25034,534,0,GE-Phrase,207,24234,26587,2353,534,1.0,266,-1553
24500,25034,534,0,InfoStructure,APT,24066,25382,1316,534,1.0,434,-348
27221,28154,933,0,GE-Phrase,208,26587,29024,2437,933,1.0,634,-870
27221,28154,933,0,InfoStructure,COM,26587,28404,1817,933,1.0,634,-250
29318,30251,933,0,GE-Phrase,209,29024,30453,1429,933,1.0,294,-202
29318,30251,933,0,InfoStructure,COM,29130,31483,2353,933,1.0,188,-1232
30453,30987,534,0,GE-Phrase,210,30453,32756,2303,534,1.0,0,-1769
30453,30987,534,0,InfoStructure,COM,29130,31483,2353,534,1.0,1323,-496
33792,34358,566,0,GE-Phrase,211,33507,35358,1851,566,1.0,285,-1000
33792,34358,566,0,InfoStructure,SCA,33648,34712,1064,566,1.0,144,-354
35995,36728,733,0,GE-Phrase,212,35358,37130,1772,733,1.0,637,-402
35995,36728,733,0,InfoStructure,SCA,35901,36747,846,733,1.0,94,-19
39239,40340,1101,0,GE-Phrase,213,38622,41036,2414,1101,1.0,617,-696
39239,40340,1101,0,InfoStructure,COM,38657,40016,1359,777,0.706,582,324
39239,40340,1101,0,InfoStructure,AUX,40016,40391,375,324,0.294,-777,-51
50413,50747,334,0,GE-Phrase,214,49516,51760,2244,334,1.0,897,-1013
50413,50747,334,0,InfoStructure,COB,49741,51380,1639,334,1.0,672,-633
52966,53582,616,0,GE-Phrase,215,52378,53582,1204,616,1.0,588,0
52966,53582,616,0,InfoStructure,COB,51768,53249,1481,283,0.459,1198,333
52966,53582,616,0,InfoStructure,SCA,53249,54343,1094,333,0.541,-283,-761
53972,54796,824,0,GE-Phrase,216,53582,55190,1608,824,1.0,390,-394
53972,54796,824,0,InfoStructure,SCA,53249,54343,1094,371,0.45,723,453
53972,54796,824,0,InfoStructure,COB,54343,55214,871,453,0.55,-371,-418
55414,55754,340,0,GE-Phrase,217,55190,55949,759,340,1.0,224,-195
55414,55754,340,0,InfoStructure,CMM,55214,57143,1929,340,1.0,200,-1389
56479,57312,833,0,GE-Phrase,218,55949,57977,2028,833,1.0,530,-665
56479,57312,833,0,InfoStructure,CMM,55214,57143,1929,664,0.797,1265,169
56479,57312,833,0,InfoStructure,CMM,57143,57849,706,169,0.203,-664,-537
58621,59021,400,0,GE-Phrase,219,57977,59440,1463,400,1.0,644,-419
58621,59021,400,0,InfoStructure,INT,58201,59518,1317,400,1.0,420,-497
59608,59973,365,0,GE-Phrase,220,59440,59973,533,365,1.0,168,0
59608,59973,365,0,InfoStructure,COB,59518,59868,350,260,0.712,90,105
59608,59973,365,0,InfoStructure,COB,59868,61292,1424,105,0.288,-260,-1319
61305,62453,1148,0,GE-Phrase,221,59973,62901,2928,1148,1.0,1332,-448
61305,62453,1148,0,InfoStructure,COM,61292,62612,1320,1148,1.0,13,-159
64568,66234,1666,0,GE-Phrase,222,62901,66856,3955,1666,1.0,1667,-622
64568,66234,1666,0,InfoStructure,COM,64567,65627,1060,1059,0.636,1,607
67355,68586,1231,0,GE-Phrase,223,66856,69432,2576,1231,1.0,499,-846
67355,68586,1231,0,InfoStructure,SCA,66447,68239,1792,884,0.718,908,347
67355,68586,1231,0,InfoStructure,COB,68239,69144,905,347,0.282,-884,-558
69432,70051,619,0,GE-Phrase,224,69432,70574,1142,619,1.0,0,-523
69432,70051,619,0,InfoStructure,COM,69144,70181,1037,619,1.0,288,-130
71689,72289,600,0,GE-Phrase,225,70574,72859,2285,600,1.0,1115,-570
71689,72289,600,0,InfoStructure,COM,71434,72924,1490,600,1.0,255,-635
76709,77480,771,0,GE-Phrase,226,75818,77480,1662,771,1.0,891,0
76709,77480,771,0,InfoStructure,COB,75973,77016,1043,307,0.398,736,464
76709,77480,771,0,InfoStructure,SCA,77016,78670,1654,464,0.602,-307,-1190
77480,78353,873,0,GE-Phrase,227,77480,78739,1259,873,1.0,0,-386
77480,78353,873,0,InfoStructure,SCA,77016,78670,1654,873,1.0,464,-317
78739,79601,862,0,GE-Phrase,228,78739,80038,1299,862,1.0,0,-437
78739,79601,862,0,InfoStructure,SCA,78670,80109,1439,862,1.0,69,-508
80371,80702,331,0,GE-Phrase,229,80038,81632,1594,331,1.0,333,-930
80371,80702,331,0,InfoStructure,COM,80109,80651,542,280,0.846,262,51
80371,80702,331,0,InfoStructure,AUX,80651,81026,375,51,0.154,-280,-324
82053,82703,650,0,GE-Phrase,230,81632,82920,1288,650,1.0,421,-217
82053,82703,650,0,InfoStructure,COB,81779,83284,1505,650,1.0,274,-581
84210,84544,334,0,GE-Phrase,231,82920,84544,1624,334,1.0,1290,0
84210,84544,334,0,InfoStructure,,83284,85329,2045,334,1.0,926,-785
84544,85300,756,0,GE-Phrase,232,84544,85300,756,756,1.0,0,0
84544,85300,756,0,InfoStructure,,83284,85329,2045,756,1.0,1260,-29
85900,86352,452,0,GE-Phrase,233,85300,86352,1052,452,1.0,600,0
85900,86352,452,0,InfoStructure,PAR,85824,88041,2217,452,1.0,76,-1689
86779,87587,808,0,GE-Phrase,234,86352,87587,1235,808,1.0,427,0
86779,87587,808,0,InfoStructure,PAR,85824,88041,2217,808,1.0,955,-454
88111,88480,369,0,GE-Phrase,235,87587,88868,1281,369,1.0,524,-388
88111,88480,369,0,InfoStructure,PAR,88041,89282,1241,369,1.0,70,-802
92027,92778,751,0,GE-Phrase,236,91524,93287,1763,751,1.0,503,-509
92027,92778,751,0,InfoStructure,COM,91550,92684,1134,657,0.875,477,94
92027,92778,751,0,InfoStructure,AUX,92684,93078,394,94,0.125,-657,-300
94521,95832,1311,0,GE-Phrase,237,93287,97522,4235,1311,1.0,1234,-1690
94521,95832,1311,0,InfoStructure,SCA,94142,97359,3217,1311,1.0,379,-1527
97522,98230,708,0,GE-Phrase,238,97522,99461,1939,708,1.0,0,-1231
97522,98230,708,0,InfoStructure,COB,97359,98828,1469,708,1.0,163,-598
100037,101131,1094,0,GE-Phrase,239,99461,102171,2710,1094,1.0,576,-1040
100037,101131,1094,0,InfoStructure,EMP,99868,100294,426,257,0.235,169,837
100037,101131,1094,0,InfoStructure,PAR,100294,101506,1212,837,0.765,-257,-375
102490,102813,323,0,GE-Phrase,240,102171,104002,1831,323,1.0,319,-1189
102490,102813,323,0,InfoStructure,PAR,102256,103393,1137,323,1.0,234,-580
112566,113292,726,0,GE-Phrase,241,111522,113521,1999,726,1.0,1044,-229
112566,113292,726,0,InfoStructure,PAR,112081,113696,1615,726,1.0,485,-404
113978,114582,604,0,GE-Phrase,242,113521,115411,1890,604,1.0,457,-829
113978,114582,604,0,InfoStructure,PAR,113696,114860,1164,604,1.0,282,-278
2772,9088,6316,0,GE-Phrase,201,2608,9088,6480,6316,1.0,164,0
2772,9088,6316,0,InfoStructure,TOP,2600,4370,1770,1598,0.253,172,4718
2772,9088,6316,0,InfoStructure,PAR,4370,5588,1218,1218,0.193,-1598,3500
2772,9088,6316,0,InfoStructure,PAR,5588,7444,1856,1856,0.294,-2816,1644
2772,9088,6316,0,InfoStructure,SCA,7444,9404,1960,1644,0.26,-4672,-316
9568,10128,560,0,GE-Phrase,202,9088,10347,1259,560,1.0,480,-219
9568,10128,560,0,InfoStructure,COM,9404,10345,941,560,1.0,164,-217
10667,11194,527,0,GE-Phrase,203,10347,12187,1840,527,1.0,320,-993
10667,11194,527,0,InfoStructure,COM,10345,12203,1858,527,1.0,322,-1009
12827,13507,680,0,GE-Phrase,204,12187,14987,2800,680,1.0,640,-1480
12827,13507,680,0,InfoStructure,SCA,12592,13870,1278,680,1.0,235,-363
17277,18017,740,0,GE-Phrase,205,16652,18017,1365,740,1.0,625,0
17277,18017,740,0,InfoStructure,TOP,16715,18080,1365,740,1.0,562,-63
18497,20037,1540,0,GE-Phrase,206,18017,22757,4740,1540,1.0,480,-2720
18497,20037,1540,0,InfoStructure,COM,18080,20601,2521,1540,1.0,417,-564
31993,32742,749,0,GE-Phrase,207,30475,33515,3040,749,1.0,1518,-773
31993,32742,749,0,InfoStructure,TOP,31904,33622,1718,749,1.0,89,-880
34142,35491,1349,0,GE-Phrase,208,33515,35835,2320,1349,1.0,627,-344
34142,35491,1349,0,InfoStructure,COM,33622,35306,1684,1164,0.863,520,185
34142,35491,1349,0,InfoStructure,AUX,35306,35953,647,185,0.137,-1164,-462
35835,37108,1273,0,GE-Phrase,209,35835,38235,2400,1273,1.0,0,-1127
35835,37108,1273,0,InfoStructure,AUX,35306,35953,647,118,0.093,529,1155
35835,37108,1273,0,InfoStructure,SCA,35953,36583,630,630,0.495,-118,525
35835,37108,1273,0,InfoStructure,EMP,36583,36783,200,200,0.157,-748,325
35835,37108,1273,0,InfoStructure,COM,36783,37971,1188,325,0.255,-948,-863
38615,39488,873,0,GE-Phrase,210,38235,40635,2400,873,1.0,380,-1147
38615,39488,873,0,InfoStructure,COM,38286,40078,1792,873,1.0,329,-590
41029,42087,1058,0,GE-Phrase,211,40635,42555,1920,1058,1.0,394,-468
41029,42087,1058,0,InfoStructure,TOP,40934,43434,2500,1058,1.0,95,-1347
43681,44506,825,0,GE-Phrase,212,42555,45475,2920,825,1.0,1126,-969
43681,44506,825,0,InfoStructure,COB,43434,44780,1346,825,1.0,247,-274
46947,47595,648,0,GE-Phrase,213,46515,47595,1080,648,1.0,432,0
46947,47595,648,0,InfoStructure,TOP,46572,47773,1201,648,1.0,375,-178
48675,49209,534,0,GE-Phrase,214,47595,50235,2640,534,1.0,1080,-1026
48675,49209,534,0,InfoStructure,SCA,48556,49370,814,534,1.0,119,-161
55119,55997,878,0,GE-Phrase,215,54565,55997,1432,878,1.0,554,0
55119,55997,878,0,InfoStructure,COB,54643,56227,1584,878,1.0,476,-230
56247,56756,509,0,GE-Phrase,216,55997,57367,1370,509,1.0,250,-611
56247,56756,509,0,InfoStructure,COM,56227,57050,823,509,1.0,20,-294
58061,58501,440,0,GE-Phrase,217,57367,58501,1134,440,1.0,694,0
58061,58501,440,0,InfoStructure,EMP,57832,58837,1005,440,1.0,229,-336
58821,59087,266,0,GE-Phrase,218,58501,59087,586,266,1.0,320,0
58821,59087,266,0,InfoStructure,EMP,57832,58837,1005,16,0.06,989,250
58821,59087,266,0,InfoStructure,COB,58837,60272,1435,250,0.94,-16,-1185
59247,59407,160,0,GE-Phrase,219,59087,59727,640,160,1.0,160,-320
59247,59407,160,0,InfoStructure,COB,58837,60272,1435,160,1.0,410,-865
60397,60927,530,0,GE-Phrase,220,59727,60927,1200,530,1.0,670,0
60397,60927,530,0,InfoStructure,COB,60272,61330,1058,530,1.0,125,-403
61831,63287,1456,0,GE-Phrase,221,60927,63287,2360,1456,1.0,904,0
61831,63287,1456,0,InfoStructure,COM,61499,63128,1629,1297,0.891,332,159
61831,63287,1456,0,InfoStructure,INT,63128,63798,670,159,0.109,-1297,-511
63767,64327,560,0,GE-Phrase,222,63287,64327,1040,560,1.0,480,0
63767,64327,560,0,InfoStructure,INT,63128,63798,670,31,0.055,639,529
63767,64327,560,0,InfoStructure,COM,63798,64320,522,522,0.932,-31,7
63767,64327,560,0,InfoStructure,COM,64320,65270,950,7,0.013,-553,-943
64607,64927,320,0,GE-Phrase,223,64327,65287,960,320,1.0,280,-360
64607,64927,320,0,InfoStructure,COM,64320,65270,950,320,1.0,287,-343
65527,66007,480,0,GE-Phrase,224,65287,66967,1680,480,1.0,240,-960
65527,66007,480,0,InfoStructure,SCA,65270,66759,1489,480,1.0,257,-752
74950,75616,666,0,GE-Phrase,225,74390,76279,1889,666,1.0,560,-663
74950,75616,666,0,InfoStructure,TOP,74495,76336,1841,666,1.0,455,-720
76512,76980,468,0,GE-Phrase,226,76279,77639,1360,468,1.0,233,-659
76512,76980,468,0,InfoStructure,PAR,76336,77920,1584,468,1.0,176,-940
77999,78319,320,0,GE-Phrase,227,77639,79279,1640,320,1.0,360,-960
77999,78319,320,0,InfoStructure,PAR,77920,79367,1447,320,1.0,79,-1048
79501,79868,367,0,GE-Phrase,228,79279,80954,1675,367,1.0,222,-1086
79501,79868,367,0,InfoStructure,PAR,79367,79692,325,191,0.52,134,176
79501,79868,367,0,InfoStructure,PAR,79692,81357,1665,176,0.48,-191,-1489
81451,81891,440,0,GE-Phrase,229,80954,82638,1684,440,1.0,497,-747
81451,81891,440,0,InfoStructure,SCA,81357,82056,699,440,1.0,94,-165
98286,98526,240,0,GE-Phrase,230,97846,98708,862,240,1.0,440,-182
98286,98526,240,0,InfoStructure,PAR,98199,98848,649,240,1.0,87,-322
98708,99217,509,0,GE-Phrase,231,98708,100412,1704,509,1.0,0,-1195
98708,99217,509,0,InfoStructure,PAR,98199,98848,649,140,0.275,509,369
98708,99217,509,0,InfoStructure,PAR,98848,100935,2087,369,0.725,-140,-1718
116319,116792,473,0,GE-Phrase,232,115758,117322,1564,473,1.0,561,-530
116319,116792,473,0,InfoStructure,COB,116021,117131,1110,473,1.0,298,-339
131479,132039,560,0,GE-Phrase,233,130801,133593,2792,560,1.0,678,-1554
131479,132039,560,0,InfoStructure,COB,131417,132728,1311,560,1.0,62,-689
134473,136803,2330,0,GE-Phrase,234,133993,136803,2810,2330,1.0,480,0
134473,136803,2330,0,InfoStructure,COB,134099,137105,3006,2330,1.0,374,-302
136963,137483,520,0,GE-Phrase,235,136803,138001,1198,520,1.0,160,-518
136963,137483,520,0,InfoStructure,COB,134099,137105,3006,142,0.273,2864,378
136963,137483,520,0,InfoStructure,PAR,137105,138339,1234,378,0.727,-142,-856
138475,139096,621,0,GE-Phrase,236,138001,139371,1370,621,1.0,474,-275
138475,139096,621,0,InfoStructure,PAR,138339,139647,1308,621,1.0,136,-551
140340,143181,2841,0,GE-Phrase,237,139371,143181,3810,2841,1.0,969,0
140340,143181,2841,0,InfoStructure,SCA,139647,141245,1598,905,0.319,693,1936
140340,143181,2841,0,InfoStructure,SCA,141245,142082,837,837,0.295,-905,1099
140340,143181,2841,0,InfoStructure,COM,142082,143110,1028,1028,0.362,-1742,71
143181,143901,720,0,GE-Phrase,238,143181,145083,1902,720,1.0,0,-1182
143181,143901,720,0,InfoStructure,EMP,143309,144587,1278,592,0.822,-128,-686
147434,148267,833,0,GE-Phrase,239,147434,149980,2546,833,1.0,0,-1713
147434,148267,833,0,InfoStructure,COM,147432,148736,1304,833,1.0,2,-469
149980,150503,523,0,GE-Phrase,240,149980,151218,1238,523,1.0,0,-715
149980,150503,523,0,InfoStructure,COM,150117,150998,881,386,0.738,-137,-495
151218,151583,365,0,GE-Phrase,241,151218,154074,2856,365,1.0,0,-2491
151218,151583,365,0,InfoStructure,COM,151274,151974,700,309,0.847,-56,-391
3473,4043,570,0,GE-Phrase,201,2987,4043,1056,570,1.0,486,0
4966,6126,1160,0,GE-Phrase,202,4043,6740,2697,1160,1.0,923,-614
8514,9547,1033,0,GE-Phrase,203,7703,9547,1844,1033,1.0,811,0
9547,10299,752,0,GE-Phrase,204,9547,12780,3233,752,1.0,0,-2481
12780,13179,399,0,GE-Phrase,205,12780,13614,834,399,1.0,0,-435
15197,15933,736,0,GE-Phrase,206,14778,16398,1620,736,1.0,419,-465
16398,16860,462,0,GE-Phrase,207,16398,17231,833,462,1.0,0,-371
17381,18116,735,0,GE-Phrase,208,17231,18613,1382,735,1.0,150,-497
18879,19412,533,0,GE-Phrase,209,18613,20081,1468,533,1.0,266,-669
22933,23366,433,0,GE-Phrase,210,22182,24153,1971,433,1.0,751,-787
24534,24856,322,0,GE-Phrase,211,24153,25283,1130,322,1.0,381,-427
25283,25826,543,0,GE-Phrase,212,25283,26449,1166,543,1.0,0,-623
26682,27124,442,0,GE-Phrase,213,26449,27441,992,442,1.0,233,-317
31495,31925,430,0,GE-Phrase,214,31036,31925,889,430,1.0,459,0
33731,34268,537,0,GE-Phrase,215,33357,34268,911,537,1.0,374,0
34566,35333,767,0,GE-Phrase,216,34268,35727,1459,767,1.0,298,-394
44550,45037,487,0,GE-Phrase,217,44209,45219,1010,487,1.0,341,-182
45613,46633,1020,0,GE-Phrase,218,45219,47221,2002,1020,1.0,394,-588
49529,49973,444,0,GE-Phrase,219,49185,50170,985,444,1.0,344,-197
50260,50783,523,0,GE-Phrase,220,50170,51020,850,523,1.0,90,-237
51373,52022,649,0,GE-Phrase,221,51020,53094,2074,649,1.0,353,-1072
53850,55066,1216,0,GE-Phrase,222,53094,56433,3339,1216,1.0,756,-1367
56631,57097,466,0,GE-Phrase,223,56433,58070,1637,466,1.0,198,-973
58849,59433,584,0,GE-Phrase,224,58070,60019,1949,584,1.0,779,-586
60642,61088,446,0,GE-Phrase,225,60019,61392,1373,446,1.0,623,-304
61691,62699,1008,0,GE-Phrase,226,61392,64369,2977,1008,1.0,299,-1670
64693,65356,663,0,GE-Phrase,227,64369,65566,1197,663,1.0,324,-210
66200,66669,469,0,GE-Phrase,228,65566,66900,1334,469,1.0,634,-231
66900,67670,770,0,GE-Phrase,229,66900,68445,1545,770,1.0,0,-775
71207,71542,335,0,GE-Phrase,230,70945,72104,1159,335,1.0,262,-562
75999,77003,1004,0,GE-Phrase,231,75468,77678,2210,1004,1.0,531,-675
80593,81366,773,0,GE-Phrase,232,79771,82089,2318,773,1.0,822,-723
82489,83144,655,0,GE-Phrase,233,82089,84065,1976,655,1.0,400,-921
87966,88805,839,0,GE-Phrase,234,87258,90062,2804,839,1.0,708,-1257
90626,91369,743,0,GE-Phrase,235,90062,91831,1769,743,1.0,564,-462
92504,93217,713,0,GE-Phrase,236,91831,93333,1502,713,1.0,673,-116
93706,94140,434,0,GE-Phrase,237,93333,94899,1566,434,1.0,373,-759
96556,97599,1043,0,GE-Phrase,238,94899,98304,3405,1043,1.0,1657,-705
101064,101966,902,0,GE-Phrase,239,98304,102783,4479,902,1.0,2760,-817
103036,103303,267,0,GE-Phrase,240,102783,103625,842,267,1.0,253,-322
105638,105992,354,0,GE-Phrase,241,105023,105992,969,354,1.0,615,0
106195,106491,296,0,GE-Phrase,242,105992,107233,1241,296,1.0,203,-742
107466,110658,3192,0,GE-Phrase,243,107233,113333,6100,3192,1.0,233,-2675
117153,117595,442,0,GE-Phrase,244,116617,117595,978,442,1.0,536,0
117926,119980,2054,0,GE-Phrase,245,117595,120666,3071,2054,1.0,331,-686
121480,121831,351,0,GE-Phrase,246,120666,122158,1492,351,1.0,814,-327
122302,122668,366,0,GE-Phrase,247,122158,123368,1210,366,1.0,144,-700
123632,124086,454,0,GE-Phrase,248,123368,124547,1179,454,1.0,264,-461
126026,126462,436,0,GE-Phrase,249,124547,127723,3176,436,1.0,1479,-1261
128017,128638,621,0,GE-Phrase,250,127723,129004,1281,621,1.0,294,-366
129237,129866,629,0,GE-Phrase,251,129004,130404,1400,629,1.0,233,-538
131184,132799,1615,0,GE-Phrase,252,130404,133766,3362,1615,1.0,780,-967
134275,134866,591,0,GE-Phrase,253,133766,135577,1811,591,1.0,509,-711
137917,138451,534,0,GE-Phrase,254,137516,139540,2024,534,1.0,401,-1089
140821,142191,1370,0,GE-Phrase,255,139540,142191,2651,1370,1.0,1281,0
143063,144529,1466,0,GE-Phrase,256,142191,146166,3975,1466,1.0,872,-1637
152749,153501,752,0,GE-Phrase,257,152032,153501,1469,752,1.0,717,0
153501,154819,1318,0,GE-Phrase,258,153501,155679,2178,1318,1.0,0,-860
22200,23600,1400,0,GE-Phrase,201,21741,26246,4505,1400,1.0,459,-2646
26818,29753,2935,0,GE-Phrase,202,26246,31776,5530,2935,1.0,572,-2023
32291,32731,440,0,GE-Phrase,203,31776,33450,1674,440,1.0,515,-719
33641,34081,440,0,GE-Phrase,204,33450,34467,1017,440,1.0,191,-386
41773,42216,443,0,GE-Phrase,205,40919,42682,1763,443,1.0,854,-466
43876,44676,800,0,GE-Phrase,206,42682,45633,2951,800,1.0,1194,-957
46548,49633,3085,0,GE-Phrase,207,45633,50262,4629,3085,1.0,915,-629
52696,53456,760,0,GE-Phrase,208,50262,54168,3906,760,1.0,2434,-712
54168,55768,1600,0,GE-Phrase,209,54168,56339,2171,1600,1.0,0,-571
56339,58435,2096,0,GE-Phrase,210,56339,59062,2723,2096,1.0,0,-627
60180,63144,2964,0,GE-Phrase,211,59062,63144,4082,2964,1.0,1118,0
63144,63674,530,0,GE-Phrase,212,63144,63674,530,530,1.0,0,0
63674,64625,951,0,GE-Phrase,213,63674,65469,1795,951,1.0,0,-844
65727,66647,920,0,GE-Phrase,214,65469,68076,2607,920,1.0,258,-1429
69881,71172,1291,0,GE-Phrase,215,69547,71964,2417,1291,1.0,334,-792
72585,73344,759,0,GE-Phrase,216,71964,74244,2280,759,1.0,621,-900
75204,76804,1600,0,GE-Phrase,217,74244,77654,3410,1600,1.0,960,-850
77991,80271,2280,0,GE-Phrase,218,77654,80791,3137,2280,1.0,337,-520
81431,83136,1705,0,GE-Phrase,219,80791,83136,2345,1705,1.0,640,0
83136,84139,1003,0,GE-Phrase,220,83136,84139,1003,1003,1.0,0,0
84939,88042,3103,0,GE-Phrase,221,84139,91180,7041,3103,1.0,800,-3138
97221,98036,815,0,GE-Phrase,222,96160,99128,2968,815,1.0,1061,-1092
101935,103091,1156,0,GE-Phrase,223,101257,103759,2502,1156,1.0,678,-668
105018,106316,1298,0,GE-Phrase,224,103759,109504,5745,1298,1.0,1259,-3188
111054,111811,757,0,GE-Phrase,225,109504,112551,3047,757,1.0,1550,-740
113880,116577,2697,0,GE-Phrase,226,112551,117231,4680,2697,1.0,1329,-654
117856,118997,1141,0,GE-Phrase,227,117231,119677,2446,1141,1.0,625,-680
120757,122037,1280,0,GE-Phrase,228,119677,124094,4417,1280,1.0,1080,-2057
1415,1838,423,0,GE-Phrase,201,775,3090,2315,423,1.0,640,-1252
1415,1838,423,0,InfoStructure,SCA,837,2050,1213,423,1.0,578,-212
3689,4649,960,0,GE-Phrase,202,3090,5147,2057,960,1.0,599,-498
3689,4649,960,0,InfoStructure,INT,3382,5062,1680,960,1.0,307,-413
5793,6814,1021,0,GE-Phrase,203,5147,7548,2401,1021,1.0,646,-734
5793,6814,1021,0,InfoStructure,,5062,5907,845,114,0.112,731,907
5793,6814,1021,0,InfoStructure,INT,5907,6341,434,434,0.425,-114,473
5793,6814,1021,0,InfoStructure,TOP,6341,6928,587,473,0.463,-548,-114
8353,8753,400,0,GE-Phrase,204,7548,9104,1556,400,1.0,805,-351
8353,8753,400,0,InfoStructure,COM,7884,8935,1051,400,1.0,469,-182
10503,10898,395,0,GE-Phrase,205,9104,11228,2124,395,1.0,1399,-330
10503,10898,395,0,InfoStructure,PAR,9631,12030,2399,395,1.0,872,-1132
11616,12216,600,0,GE-Phrase,206,11228,13092,1864,600,1.0,388,-876
11616,12216,600,0,InfoStructure,PAR,9631,12030,2399,414,0.69,1985,186
11616,12216,600,0,InfoStructure,PAR,12030,13506,1476,186,0.31,-414,-1290
13708,14576,868,0,GE-Phrase,207,13092,14908,1816,868,1.0,616,-332
13708,14576,868,0,InfoStructure,COM,13506,16418,2912,868,1.0,202,-1842
15081,15761,680,0,GE-Phrase,208,14908,16388,1480,680,1.0,173,-627
15081,15761,680,0,InfoStructure,COM,13506,16418,2912,680,1.0,1575,-657
17273,18214,941,0,GE-Phrase,209,16388,18214,1826,941,1.0,885,0
17273,18214,941,0,InfoStructure,COM,16418,18201,1783,928,0.986,855,13
18881,20041,1160,0,GE-Phrase,210,18214,21954,3740,1160,1.0,667,-1913
18881,20041,1160,0,InfoStructure,SCA,18727,19439,712,558,0.481,154,602
18881,20041,1160,0,InfoStructure,CMM,19439,21320,1881,602,0.519,-558,-1279
22725,23109,384,0,GE-Phrase,211,21954,23414,1460,384,1.0,771,-305
22725,23109,384,0,InfoStructure,CMM,21953,23636,1683,384,1.0,772,-527
23890,25250,1360,0,GE-Phrase,212,23414,26572,3158,1360,1.0,476,-1322
23890,25250,1360,0,InfoStructure,CMM,23636,25187,1551,1297,0.954,254,63
23890,25250,1360,0,InfoStructure,PAR,25187,26370,1183,63,0.046,-1297,-1120
27305,28425,1120,0,GE-Phrase,213,26572,28865,2293,1120,1.0,733,-440
27305,28425,1120,0,InfoStructure,PAR,27200,28048,848,743,0.663,105,377
27305,28425,1120,0,InfoStructure,PAR,28048,29067,1019,377,0.337,-743,-642
29147,29347,200,0,GE-Phrase,214,28865,30267,1402,200,1.0,282,-920
29147,29347,200,0,InfoStructure,CMM,29067,29721,654,200,1.0,80,-374
31027,32067,1040,0,GE-Phrase,215,30267,32498,2231,1040,1.0,760,-431
31027,32067,1040,0,InfoStructure,COB,30583,32769,2186,1040,1.0,444,-702
32498,33005,507,0,GE-Phrase,216,32498,33698,1200,507,1.0,0,-693
32498,33005,507,0,InfoStructure,COB,30583,32769,2186,271,0.535,1915,236
32498,33005,507,0,InfoStructure,SCA,32769,33965,1196,236,0.465,-271,-960
33892,35750,1858,0,GE-Phrase,217,33698,35750,2052,1858,1.0,194,0
33892,35750,1858,0,InfoStructure,SCA,32769,33965,1196,73,0.039,1123,1785
33892,35750,1858,0,InfoStructure,INT,33965,34582,617,617,0.332,-73,1168
33892,35750,1858,0,InfoStructure,COB,34582,35920,1338,1168,0.629,-690,-170
36123,37119,996,0,GE-Phrase,218,35750,37119,1369,996,1.0,373,0
36123,37119,996,0,InfoStructure,AUX,35920,36331,411,208,0.209,203,788
36123,37119,996,0,InfoStructure,COB,36331,37360,1029,788,0.791,-208,-241
37119,37515,396,0,GE-Phrase,219,37119,38166,1047,396,1.0,0,-651
37119,37515,396,0,InfoStructure,COB,36331,37360,1029,241,0.609,788,155
37119,37515,396,0,InfoStructure,COM,37360,38258,898,155,0.391,-241,-743
39080,41856,2776,0,GE-Phrase,220,38166,41856,3690,2776,1.0,914,0
39080,41856,2776,0,InfoStructure,COB,38701,39703,1002,623,0.224,379,2153
39080,41856,2776,0,InfoStructure,COB,39703,40576,873,873,0.314,-623,1280
39080,41856,2776,0,InfoStructure,COB,40576,41972,1396,1280,0.461,-1496,-116
41856,42668,812,0,GE-Phrase,221,41856,43989,2133,812,1.0,0,-1321
41856,42668,812,0,InfoStructure,COB,40576,41972,1396,116,0.143,1280,696
41856,42668,812,0,InfoStructure,COB,41972,42354,382,382,0.47,-116,314
41856,42668,812,0,InfoStructure,SCA,42354,43456,1102,314,0.387,-498,-788
45035,46490,1455,0,GE-Phrase,222,43989,47684,3695,1455,1.0,1046,-1194
45035,46490,1455,0,InfoStructure,SCA,43456,45850,2394,815,0.56,1579,640
45035,46490,1455,0,InfoStructure,,45850,46653,803,640,0.44,-815,-163
51557,52801,1244,0,GE-Phrase,223,51145,53707,2562,1244,1.0,412,-906
51557,52801,1244,0,InfoStructure,TOP,51048,52497,1449,940,0.756,509,304
51557,52801,1244,0,InfoStructure,COM,52497,53402,905,304,0.244,-940,-601
56362,57457,1095,0,GE-Phrase,224,53707,59015,5308,1095,1.0,2655,-1558
56362,57457,1095,0,InfoStructure,COB,55679,57555,1876,1095,1.0,683,-98
60245,60773,528,0,GE-Phrase,225,59015,60773,1758,528,1.0,1230,0
60245,60773,528,0,InfoStructure,COM,59821,61678,1857,528,1.0,424,-905
60773,61487,714,0,GE-Phrase,226,60773,61487,714,714,1.0,0,0
60773,61487,714,0,InfoStructure,COM,59821,61678,1857,714,1.0,952,-191
61487,62271,784,0,GE-Phrase,227,61487,62271,784,784,1.0,0,0
61487,62271,784,0,InfoStructure,COM,59821,61678,1857,191,0.244,1666,593
61487,62271,784,0,InfoStructure,TOP,61678,62426,748,593,0.756,-191,-155
62271,63151,880,0,GE-Phrase,228,62271,63151,880,880,1.0,0,0
62271,63151,880,0,InfoStructure,TOP,61678,62426,748,155,0.176,593,725
62271,63151,880,0,InfoStructure,INT,62426,62814,388,388,0.441,-155,337
62271,63151,880,0,InfoStructure,COM,62814,63449,635,337,0.383,-543,-298
64021,64941,920,0,GE-Phrase,229,63151,64941,1790,920,1.0,870,0
64021,64941,920,0,InfoStructure,COB,63449,64387,938,366,0.398,572,554
64021,64941,920,0,InfoStructure,APC,64387,65316,929,554,0.602,-366,-375
65429,66067,638,0,GE-Phrase,230,64941,66067,1126,638,1.0,488,0
65429,66067,638,0,InfoStructure,COB,65316,66257,941,638,1.0,113,-190
66358,67075,717,0,GE-Phrase,231,66067,67075,1008,717,1.0,291,0
66358,67075,717,0,InfoStructure,INT,66257,66429,172,71,0.099,101,646
66358,67075,717,0,InfoStructure,COM,66429,66980,551,551,0.768,-71,95
67722,69124,1402,0,GE-Phrase,232,67075,69124,2049,1402,1.0,647,0
67722,69124,1402,0,InfoStructure,COB,67548,69028,1480,1306,0.932,174,96
67722,69124,1402,0,InfoStructure,AUX,69028,69285,257,96,0.068,-1306,-161
69404,70078,674,0,GE-Phrase,233,69124,70078,954,674,1.0,280,0
69404,70078,674,0,InfoStructure,PAR,69285,70269,984,674,1.0,119,-191
70626,71415,789,0,GE-Phrase,234,70078,71694,1616,789,1.0,548,-279
70626,71415,789,0,InfoStructure,COB,70269,72901,2632,789,1.0,357,-1486
71694,72912,1218,0,GE-Phrase,235,71694,73762,2068,1218,1.0,0,-850
71694,72912,1218,0,InfoStructure,COB,70269,72901,2632,1207,0.991,1425,11
71694,72912,1218,0,InfoStructure,COM,72901,73414,513,11,0.009,-1207,-502
74303,75009,706,0,GE-Phrase,236,73762,75009,1247,706,1.0,541,0
74303,75009,706,0,InfoStructure,COB,73865,74742,877,439,0.622,438,267
74303,75009,706,0,InfoStructure,INT,74742,75653,911,267,0.378,-439,-644
75009,75819,810,0,GE-Phrase,237,75009,75819,810,810,1.0,0,0
75009,75819,810,0,InfoStructure,INT,74742,75653,911,644,0.795,267,166
75009,75819,810,0,InfoStructure,COM,75653,76513,860,166,0.205,-644,-694
75819,76484,665,0,GE-Phrase,238,75819,77216,1397,665,1.0,0,-732
75819,76484,665,0,InfoStructure,COM,75653,76513,860,665,1.0,166,-29
78759,81294,2535,0,GE-Phrase,239,78317,81294,2977,2535,1.0,442,0
78759,81294,2535,0,InfoStructure,COB,78503,78989,486,230,0.091,256,2305
78759,81294,2535,0,InfoStructure,COB,78989,80561,1572,1572,0.62,-230,733
78759,81294,2535,0,InfoStructure,COB,80561,83244,2683,733,0.289,-1802,-1950
81849,82796,947,0,GE-Phrase,240,81294,83492,2198,947,1.0,555,-696
81849,82796,947,0,InfoStructure,COB,80561,83244,2683,947,1.0,1288,-448
84721,87460,2739,0,GE-Phrase,241,83492,88086,4594,2739,1.0,1229,-626
84721,87460,2739,0,InfoStructure,COB,83244,85110,1866,389,0.142,1477,2350
84721,87460,2739,0,InfoStructure,COM,85110,87543,2433,2350,0.858,-389,-83
88086,90150,2064,0,GE-Phrase,242,88086,90150,2064,2064,1.0,0,0
88086,90150,2064,0,InfoStructure,TOP,89047,89913,866,866,0.42,-961,237
88086,90150,2064,0,InfoStructure,COB,89913,91343,1430,237,0.115,-1827,-1193
90527,91106,579,0,GE-Phrase,243,90150,91779,1629,579,1.0,377,-673
90527,91106,579,0,InfoStructure,COB,89913,91343,1430,579,1.0,614,-237
92219,92767,548,0,GE-Phrase,244,91779,92767,988,548,1.0,440,0
92219,92767,548,0,InfoStructure,COM,92140,92888,748,548,1.0,79,-121
93320,94054,734,0,GE-Phrase,245,92767,94054,1287,734,1.0,553,0
93320,94054,734,0,InfoStructure,COM,92888,94180,1292,734,1.0,432,-126
94677,95892,1215,0,GE-Phrase,246,94054,96105,2051,1215,1.0,623,-213
94677,95892,1215,0,InfoStructure,COB,94623,96254,1631,1215,1.0,54,-362
96105,97004,899,0,GE-Phrase,247,96105,97925,1820,899,1.0,0,-921
96105,97004,899,0,InfoStructure,COB,94623,96254,1631,149,0.166,1482,750
96105,97004,899,0,InfoStructure,SCA,96254,97376,1122,750,0.834,-149,-372
101856,102665,809,0,GE-Phrase,248,99999,102665,2666,809,1.0,1857,0
101856,102665,809,0,InfoStructure,COB,100915,102900,1985,809,1.0,941,-235
103225,105016,1791,0,GE-Phrase,249,102665,105016,2351,1791,1.0,560,0
103225,105016,1791,0,InfoStructure,INT,102900,103344,444,119,0.066,325,1672
103225,105016,1791,0,InfoStructure,COB,103344,103679,335,335,0.187,-119,1337
103225,105016,1791,0,InfoStructure,COB,103679,104757,1078,1078,0.602,-454,259
103225,105016,1791,0,InfoStructure,COB,104757,106130,1373,259,0.145,-1532,-1114
105016,106042,1026,0,GE-Phrase,250,105016,106042,1026,1026,1.0,0,0
105016,106042,1026,0,InfoStructure,COB,104757,106130,1373,1026,1.0,259,-88
106466,107751,1285,0,GE-Phrase,251,106042,107751,1709,1285,1.0,424,0
106466,107751,1285,0,InfoStructure,SCA,106130,106712,582,246,0.191,336,1039
106466,107751,1285,0,InfoStructure,COB,106712,107141,429,429,0.334,-246,610
106466,107751,1285,0,InfoStructure,CMM,107141,107721,580,580,0.451,-675,30
106466,107751,1285,0,InfoStructure,CMM,107721,108332,611,30,0.023,-1255,-581
107751,108288,537,0,GE-Phrase,252,107751,108288,537,537,1.0,0,0
107751,108288,537,0,InfoStructure,CMM,107721,108332,611,537,1.0,30,-44
108288,108743,455,0,GE-Phrase,253,108288,109302,1014,455,1.0,0,-559
108288,108743,455,0,InfoStructure,CMM,107721,108332,611,44,0.097,567,411
108288,108743,455,0,InfoStructure,COM,108332,108795,463,411,0.903,-44,-52
109847,110838,991,0,GE-Phrase,254,109302,110838,1536,991,1.0,545,0
109847,110838,991,0,InfoStructure,COB,109324,111392,2068,991,1.0,523,-554
111271,112665,1394,0,GE-Phrase,255,110838,112804,1966,1394,1.0,433,-139
111271,112665,1394,0,InfoStructure,COB,109324,111392,2068,121,0.087,1947,1273
111271,112665,1394,0,InfoStructure,COB,111392,112120,728,728,0.522,-121,545
111271,112665,1394,0,InfoStructure,,112120,112547,427,427,0.306,-849,118
111271,112665,1394,0,InfoStructure,AUX,112547,112850,303,118,0.085,-1276,-185
113158,113509,351,0,GE-Phrase,256,112804,115094,2290,351,1.0,354,-1585
113158,113509,351,0,InfoStructure,COB,112850,114072,1222,351,1.0,308,-563
115734,116783,1049,0,GE-Phrase,257,115094,116783,1689,1049,1.0,640,0
115734,116783,1049,0,InfoStructure,AUX,115690,116850,1160,1049,1.0,44,-67
117353,118033,680,0,GE-Phrase,258,116783,118584,1801,680,1.0,570,-551
117353,118033,680,0,InfoStructure,COM,116850,118470,1620,680,1.0,503,-437
119278,120248,970,0,GE-Phrase,259,118584,120891,2307,970,1.0,694,-643
119278,120248,970,0,InfoStructure,COM,118470,120327,1857,970,1.0,808,-79
121408,122859,1451,0,GE-Phrase,260,120891,123162,2271,1451,1.0,517,-303
121408,122859,1451,0,InfoStructure,TOP,120955,123333,2378,1451,1.0,453,-474
123543,125275,1732,0,GE-Phrase,261,123162,126484,3322,1732,1.0,381,-1209
123543,125275,1732,0,InfoStructure,PAR,123333,123678,345,135,0.078,210,1597
123543,125275,1732,0,InfoStructure,PAR,123678,123884,206,206,0.119,-135,1391
123543,125275,1732,0,InfoStructure,PAR,123884,124797,913,913,0.527,-341,478
123543,125275,1732,0,InfoStructure,PAR,124797,126007,1210,478,0.276,-1254,-732
131270,132202,932,0,GE-Phrase,262,128821,132202,3381,932,1.0,2449,0
131270,132202,932,0,InfoStructure,COB,130503,131502,999,232,0.249,767,700
131270,132202,932,0,InfoStructure,PAR,131502,132715,1213,700,0.751,-232,-513
132712,133300,588,0,GE-Phrase,263,132202,134077,1875,588,1.0,510,-777
132712,133300,588,0,InfoStructure,PAR,131502,132715,1213,3,0.005,1210,585
132712,133300,588,0,InfoStructure,PAR,132715,134762,2047,585,0.995,-3,-1462
134927,135782,855,0,GE-Phrase,264,134077,135782,1705,855,1.0,850,0
134927,135782,855,0,InfoStructure,COB,134762,136371,1609,855,1.0,165,-589
136557,137175,618,0,GE-Phrase,265,135782,138288,2506,618,1.0,775,-1113
136557,137175,618,0,InfoStructure,PAR,136371,137155,784,598,0.968,186,20
136557,137175,618,0,InfoStructure,PAR,137155,137394,239,20,0.032,-598,-219
139895,141167,1272,0,GE-Phrase,266,138288,141167,2879,1272,1.0,1607,0
139895,141167,1272,0,InfoStructure,COB,139845,141078,1233,1183,0.93,50,89
139895,141167,1272,0,InfoStructure,PAR,141078,143026,1948,89,0.07,-1183,-1859
141167,142045,878,0,GE-Phrase,267,141167,142467,1300,878,1.0,0,-422
141167,142045,878,0,InfoStructure,PAR,141078,143026,1948,878,1.0,89,-981
143704,144762,1058,0,GE-Phrase,268,142467,145380,2913,1058,1.0,1237,-618
143704,144762,1058,0,InfoStructure,COB,143026,145482,2456,1058,1.0,678,-720
145380,146062,682,0,GE-Phrase,269,145380,147413,2033,682,1.0,0,-1351
145380,146062,682,0,InfoStructure,COB,143026,145482,2456,102,0.15,2354,580
145380,146062,682,0,InfoStructure,COM,145482,147406,1924,580,0.85,-102,-1344
147967,148742,775,0,GE-Phrase,270,147413,149490,2077,775,1.0,554,-748
147967,148742,775,0,InfoStructure,COB,147685,149343,1658,775,1.0,282,-601
150125,151219,1094,0,GE-Phrase,271,149490,151803,2313,1094,1.0,635,-584
150125,151219,1094,0,InfoStructure,PAR,149343,150432,1089,307,0.281,782,787
150125,151219,1094,0,InfoStructure,COM,150838,152126,1288,381,0.348,-713,-907
152269,152957,688,0,GE-Phrase,272,151803,152957,1154,688,1.0,466,0
152269,152957,688,0,InfoStructure,COM,152126,152802,676,533,0.775,143,155
153754,154804,1050,0,GE-Phrase,273,152957,155850,2893,1050,1.0,797,-1046
153754,154804,1050,0,InfoStructure,COM,153731,154046,315,292,0.278,23,758
153754,154804,1050,0,InfoStructure,COM,154046,155515,1469,758,0.722,-292,-711
156577,158207,1630,0,GE-Phrase,274,155850,158207,2357,1630,1.0,727,0
156577,158207,1630,0,InfoStructure,SCA,156081,157470,1389,893,0.548,496,737
156577,158207,1630,0,InfoStructure,COM,157470,158208,738,737,0.452,-893,-1
12418,13226,808,0,GE-Phrase,201,10096,15895,5799,808,1.0,2322,-2669
16645,17651,1006,0,GE-Phrase,202,15895,18456,2561,1006,1.0,750,-805
18456,19037,581,0,GE-Phrase,203,18456,20099,1643,581,1.0,0,-1062
21238,24524,3286,0,GE-Phrase,204,20099,25335,5236,3286,1.0,1139,-811
25972,26716,744,0,GE-Phrase,205,25335,28020,2685,744,1.0,637,-1304
36785,37576,791,0,GE-Phrase,206,35999,40113,4114,791,1.0,786,-2537
41560,42418,858,0,GE-Phrase,207,40113,42418,2305,858,1.0,1447,0
42418,43624,1206,0,GE-Phrase,208,42418,44412,1994,1206,1.0,0,-788
46121,46251,130,0,GE-Phrase,209,44412,46251,1839,130,1.0,1709,0
46251,47867,1616,0,GE-Phrase,210,46251,51709,5458,1616,1.0,0,-3842
63328,64370,1042,0,GE-Phrase,211,62257,65386,3129,1042,1.0,1071,-1016
81436,82836,1400,0,GE-Phrase,212,80290,82836,2546,1400,1.0,1146,0
82836,84829,1993,0,GE-Phrase,213,82836,85414,2578,1993,1.0,0,-585
85414,86507,1093,0,GE-Phrase,214,85414,86507,1093,1093,1.0,0,0
87662,88250,588,0,GE-Phrase,215,86507,88778,2271,588,1.0,1155,-528
89329,90131,802,0,GE-Phrase,216,88778,90860,2082,802,1.0,551,-729
91989,93966,1977,0,GE-Phrase,217,90860,95040,4180,1977,1.0,1129,-1074
95874,96212,338,0,GE-Phrase,218,95040,96841,1801,338,1.0,834,-629
98451,99474,1023,0,GE-Phrase,219,96841,99474,2633,1023,1.0,1610,0
100224,100638,414,0,GE-Phrase,220,99474,101052,1578,414,1.0,750,-414
101341,102117,776,0,GE-Phrase,221,101052,102768,1716,776,1.0,289,-651
103257,103943,686,0,GE-Phrase,222,102768,103943,1175,686,1.0,489,0
103943,104750,807,0,GE-Phrase,223,103943,105912,1969,807,1.0,0,-1162
109435,110415,980,0,GE-Phrase,224,108166,110415,2249,980,1.0,1269,0
110739,111504,765,0,GE-Phrase,225,110415,111999,1584,765,1.0,324,-495
111999,112384,385,0,GE-Phrase,226,111999,113239,1240,385,1.0,0,-855
126183,127695,1512,0,GE-Phrase,227,125225,128489,3264,1512,1.0,958,-794
128634,128800,166,0,GE-Phrase,228,128489,129290,801,166,1.0,145,-490
129782,130588,806,0,GE-Phrase,229,129290,131192,1902,806,1.0,492,-604
131192,132802,1610,0,GE-Phrase,230,131192,135194,4002,1610,1.0,0,-2392
143636,144245,609,0,GE-Phrase,231,143032,144677,1645,609,1.0,604,-432
145434,146175,741,0,GE-Phrase,232,144677,147741,3064,741,1.0,757,-1566
